4 2298150987840 2298.15098784
6 2298646595104 2298.646595104
36 2306150642272 2306.1506422720004
37 2306401120576 2306.4011205760003
38 2306650468288 2306.650468288
39 2306900162400 2306.9001624
40 2307150566144 2307.150566144
41 2307400683360 2307.40068336
42 2307649406816 2307.649406816
43 2307900139872 2307.900139872
44 2308150494848 2308.150494848
45 2308399452512 2308.399452512
46 2308647951648 2308.6479516480003
47 2308899216064 2308.899216064
48 2309150450560 2309.15045056
52 2310150231616 2310.150231616
58 2311646187136 2311.646187136
