25 3369610254912 3369.610254912
26 3369855339840 3369.8553398400004
27 3370105452320 3370.10545232
28 3370355207232 3370.3552072320003
29 3370605417152 3370.6054171520004
30 3370855011776 3370.855011776
31 3371105311488 3371.105311488
32 3371355009216 3371.3550092160003
33 3371605991328 3371.605991328
34 3371855236512 3371.8552365120004
35 3372105341184 3372.1053411840003
36 3372355327200 3372.3553272000004
37 3372605595136 3372.6055951360004
38 3372855415616 3372.8554156160003
39 3373105803936 3373.105803936
41 3373605977280 3373.6059772800004
42 3373855131136 3373.855131136
