2 1791398139360 1791.3981393600002
9 1793150906048 1793.150906048
33 1799150468320 1799.15046832
34 1799400940288 1799.4009402880001
35 1799650682400 1799.6506824
36 1799900400608 1799.9004006080002
37 1800150849440 1800.15084944
38 1800400884640 1800.4008846400002
40 1800900771104 1800.9007711040001
41 1801151664640 1801.15166464
42 1801400801216 1801.4008012160002
43 1801648273984 1801.648273984
44 1801899410432 1801.8994104320002
45 1802150668864 1802.1506688640002
48 1802898453568 1802.8984535680001
49 1803150658912 1803.1506589120002
50 1803398117056 1803.398117056
