23 3271105212672 3271.105212672
24 3271355229472 3271.3552294720002
25 3271605741984 3271.6057419840004
26 3271855258944 3271.855258944
27 3272105175200 3272.1051752000003
28 3272355252960 3272.35525296
29 3272605195040 3272.60519504
30 3272855110912 3272.8551109120003
31 3273105126432 3273.1051264320004
32 3273355298208 3273.355298208
33 3273605051872 3273.6050518720003
34 3273855153504 3273.855153504
35 3274105100928 3274.1051009280004
36 3274355173536 3274.355173536
37 3274605223840 3274.6052238400002
38 3274855448416 3274.8554484160004
40 3275355552800 3275.3555528
41 3275605181376 3275.605181376
42 3275855216128 3275.8552161280004
