3 1296266654976 1296.2666549760002
4 1296515996384 1296.5159963840001
5 1296762073216 1296.762073216
7 1297266692064 1297.2666920640002
9 1297761845632 1297.7618456320001
10 1298016540320 1298.01654032
11 1298266457824 1298.266457824
31 1303266346400 1303.2663464
35 1304266693984 1304.266693984
36 1304516307744 1304.5163077440002
38 1305017154752 1305.0171547520001
39 1305266269728 1305.266269728
40 1305516284096 1305.5162840960002
42 1306016832960 1306.01683296
43 1306266551968 1306.2665519680002
44 1306516511040 1306.51651104
46 1307016327264 1307.016327264
47 1307266564608 1307.2665646080002
48 1307516294400 1307.5162944
50 1308016148064 1308.0161480640002
51 1308266606976 1308.266606976
52 1308516016000 1308.516016
54 1309016465600 1309.0164656000002
