3400.702574272 0.000000000 -0.000000000 1.000000000 -0.707106781 0.000000000 0.000000000 0.707106781
3401.074089600 0.011397626 0.259824166 1.022552756 -0.697444951 0.007925030 0.018999958 0.716342611
3401.261677024 0.006800552 0.613624397 1.034417726 -0.685838545 -0.002366886 0.014630402 0.727602803
3401.448784768 0.020249541 1.077022044 1.064753622 -0.697085742 0.000645508 0.009644054 0.716922621
3401.574030528 0.027512005 1.433938759 1.082873867 -0.695208350 -0.001382432 0.006166475 0.718780505
3401.699875776 0.039793570 1.791535878 1.109887564 -0.696072556 0.002144538 0.003793345 0.717958222
3401.823891520 0.052058756 2.184044163 1.128446150 -0.700532583 0.006992367 -0.000057991 0.713586157
3401.949675520 0.064940313 2.595192248 1.144705983 -0.706500917 0.000976787 -0.001729184 0.707709341
3402.073989536 0.068688516 3.012909181 1.151031960 -0.711716857 -0.012143590 0.006779732 0.702328757
3402.199045280 0.070707054 3.436580670 1.162277977 -0.707540599 -0.006191157 -0.008037646 0.706599863
3402.324328320 0.090298704 3.881452196 1.172249158 -0.709445686 0.006623080 -0.007472627 0.704689373
3402.449148160 0.110989234 4.330432207 1.183750230 -0.714485631 0.010392044 -0.003772395 0.699562762
3402.573995008 0.130395843 4.781305816 1.199756185 -0.710297086 0.011517486 -0.002477298 0.703803425
3402.699069568 0.169000322 5.221502501 1.194022042 -0.711654040 0.001616962 0.004490893 0.702513875
3402.825858720 0.152826346 5.669047207 1.198593837 -0.705388309 -0.010561738 0.002150789 0.708739132
3402.949993152 0.147032933 6.154463794 1.213128190 -0.708066258 -0.022750719 -0.000861014 0.705778887
3403.074018848 0.161825662 6.676499557 1.239771815 -0.711501390 -0.013774857 -0.011707501 0.702452105
3403.198991776 0.147804006 7.156103896 1.255126597 -0.699543319 -0.012413842 -0.012875574 0.714366335
3403.324265792 0.170383080 7.665061611 1.284587008 -0.701541644 -0.001266698 -0.026740488 0.712125455
3403.449122400 0.206647103 8.163588414 1.295897469 -0.700566663 0.011610826 -0.024156320 0.713083454
3403.573938944 0.234836978 8.666114428 1.321006966 -0.703048617 0.008462668 -0.023650578 0.710698020
3403.699079328 0.270568861 9.172790422 1.335214333 -0.709013834 0.000079126 -0.022812715 0.704825480
3403.824027264 0.296126374 9.680743817 1.339832050 -0.716194294 -0.003349047 -0.031868596 0.697164909
3403.952427200 0.329414708 10.222456464 1.329940778 -0.731722018 -0.003822701 -0.046629577 0.679995557
3404.073729344 0.358327287 10.722651664 1.324274506 -0.710389477 -0.003515978 -0.050536126 0.701983282
3404.198950656 0.400455050 11.252896156 1.336579836 -0.709591546 0.005622311 -0.046585033 0.703049118
3404.324423776 0.469696604 11.781529306 1.355031848 -0.700011143 0.032949747 -0.050781254 0.711561647
3404.449145568 0.540754295 12.315257689 1.374050092 -0.702325929 0.036010643 -0.051709707 0.709061090
3404.574011584 0.626699087 12.844118006 1.389815214 -0.706844387 0.049592948 -0.049580959 0.703884423
3404.699106208 0.704976005 13.370732281 1.399847566 -0.709358335 0.039191909 -0.042651200 0.702463965
3404.824738592 0.784762324 13.911181097 1.400694059 -0.717534320 0.039788453 -0.046336108 0.693840287
3404.949013984 0.875742101 14.444634235 1.403855217 -0.715091682 0.059286866 -0.045312861 0.695036472
3405.073999712 0.955490229 14.984806846 1.410099238 -0.707564373 0.052653996 -0.069869842 0.701212108
3405.198990368 1.045168909 15.512890671 1.444142209 -0.689464629 0.046617537 -0.058547753 0.720442566
3405.324861600 1.166957041 16.071539845 1.435123146 -0.730176064 0.091090805 -0.034160581 0.676297594
3405.449660128 1.259222601 16.566840096 1.468950549 -0.676046020 0.085146945 -0.068511459 0.728709788
3405.574418400 1.389040959 17.105176356 1.475130724 -0.720310703 0.095741240 -0.043978699 0.685603370
3405.702172896 1.514441199 17.650244804 1.460926799 -0.714473035 0.091484584 -0.052243756 0.691685942
3405.824053664 1.634453090 18.173865943 1.471096812 -0.705108648 0.085244751 -0.060301507 0.701369271
3405.949705664 1.757626282 18.721106455 1.488157525 -0.704895825 0.078803941 -0.063077234 0.702091929
3406.074031488 1.864945652 19.263164880 1.508007517 -0.705098724 0.065533178 -0.058193536 0.703672299
3406.199660352 1.970782469 19.828877071 1.520327232 -0.712658511 0.061400096 -0.060096042 0.696230092
3406.324772352 2.086718817 20.394328670 1.527540273 -0.711493000 0.064936397 -0.059266147 0.697171786
3406.512783328 2.241472106 21.232786446 1.547008354 -0.703656511 0.057963458 -0.063008025 0.705363553
3406.636596832 2.285726799 21.557625319 1.542522587 -0.700175813 0.059088315 -0.060555293 0.708939672
3406.761891936 2.295712422 21.702257094 1.560630833 -0.704116009 0.054739745 -0.066522276 0.704839693
3406.886404192 2.345926052 22.171941571 1.576902131 -0.700323411 0.035561568 -0.058026082 0.710574042
3407.012784192 2.448699823 22.705310341 1.602853298 -0.699767116 0.031545093 -0.053198677 0.711688690
3407.141872832 2.543305668 23.280956974 1.642584186 -0.698666030 0.028362449 -0.051431241 0.713033083
3407.261846976 2.648555998 23.834274025 1.670722765 -0.701229076 0.026522887 -0.046137265 0.710947025
3407.386713280 2.727923873 24.403434086 1.707625529 -0.698717840 0.021778222 -0.046497506 0.713552431
3407.511966432 2.818016479 24.980474557 1.741512426 -0.700705446 0.024935123 -0.049158205 0.711318205
3407.637851840 2.891901147 25.563500960 1.784911731 -0.694688921 0.025900073 -0.047100479 0.717299125
3407.763192192 2.943955167 26.122328669 1.830012152 -0.697222854 0.023922480 -0.047205005 0.714898380
3407.886930592 2.829506508 26.574174932 1.862489814 -0.697893257 0.029685478 -0.063748267 0.712741140
3408.011940864 2.744552279 27.023476256 1.902826220 -0.703032119 0.037144663 -0.079824832 0.705686978
3408.136535648 2.702453713 27.514715823 1.920051060 -0.700557043 0.054191119 -0.108479407 0.703217869
3408.261809600 2.758132837 28.044999759 1.934968141 -0.697294513 0.055830329 -0.115331510 0.705238952
3408.386544352 2.909577310 28.618183408 1.958679599 -0.700370300 0.057452519 -0.111820419 0.702621409
3408.512633280 3.065759730 29.092902532 2.000782353 -0.699982117 0.055584896 -0.108641498 0.703656437
3408.639164064 3.209051935 29.596879235 2.055628940 -0.699298837 0.054603456 -0.107749183 0.704549298
3408.761727456 3.390080596 30.064172649 2.100557684 -0.696539079 0.062071792 -0.111365963 0.706100578
3408.886511360 3.575903146 30.635274657 2.134821113 -0.694521351 0.074563059 -0.111526118 0.706853852
3409.012572832 3.732556555 31.189406604 2.168373423 -0.694015642 0.072517331 -0.106314437 0.708364854
3409.136683936 3.893433601 31.734125337 2.210296960 -0.692338034 0.071702284 -0.103318843 0.710529413
3409.261658656 4.042130738 32.259184529 2.257424885 -0.686596628 0.071081483 -0.101759075 0.716364142
3409.386662272 4.100391394 32.887547873 2.312698901 -0.679631847 0.068582296 -0.106716464 0.722501638
3409.515226432 4.237949805 33.423359472 2.362966948 -0.685941568 0.064229894 -0.107247200 0.716838004
3409.637407776 4.371365767 33.957670433 2.407499729 -0.689336508 0.060781646 -0.103199178 0.714472323
3409.762375040 4.490487607 34.288400462 2.442482679 -0.689555614 0.052080856 -0.107218089 0.714356298
3409.886822016 4.609515878 34.708964127 2.484132871 -0.689208077 0.045516428 -0.107680448 0.715070208
3410.012325248 4.726521494 35.202509771 2.551399082 -0.668876920 0.040091990 -0.113588085 0.733548939
3410.137292096 4.825964483 35.626526655 2.566694897 -0.719802654 0.038071345 -0.118581131 0.682915242
3410.262121600 4.976385452 36.118951059 2.574274632 -0.714308319 0.075557302 -0.134087192 0.682697110
3410.387090176 5.175167648 36.577231631 2.584355038 -0.708252403 0.111696821 -0.148656709 0.681031231
3410.512611424 5.403755323 36.999554566 2.561923995 -0.721946786 0.127237046 -0.176024902 0.656977021
3410.636887552 5.635357139 37.425764016 2.568454250 -0.687792305 0.149730009 -0.201619900 0.681081555
3410.761562240 5.872059854 37.780068898 2.645888113 -0.626938458 0.172847004 -0.248001111 0.718030314
3410.886520160 6.206514558 38.207643754 2.713346592 -0.659942616 0.206920812 -0.253373373 0.676358969
3411.011568672 6.471527522 38.488559444 2.752503888 -0.653034592 0.220764053 -0.256268513 0.677595383
3411.135915712 6.697735650 38.645318830 2.734731150 -0.655760990 0.218690558 -0.251605549 0.677382176
3411.259519136 6.994174068 38.986271413 2.781964577 -0.656409194 0.221178272 -0.268483280 0.669420548
3411.384426816 7.337861804 39.344921515 2.839017338 -0.639315857 0.231719270 -0.285598491 0.675288765
3411.509798144 7.678505880 39.699323711 2.875873452 -0.649992757 0.232161075 -0.283234413 0.665874552
3411.634071968 8.033020875 40.042695253 2.907500723 -0.656765948 0.251029764 -0.265333924 0.659727562
3411.758867488 8.380924894 40.389461451 2.938009945 -0.641732624 0.264079387 -0.264208219 0.669802459
3411.885951744 8.740344269 40.736955083 2.976629929 -0.636590197 0.273158798 -0.270324212 0.668626961
3412.011729216 9.080193645 41.081123382 3.005707757 -0.641786090 0.250909252 -0.281547979 0.667746882
3412.134663168 9.429687453 41.428456919 3.047223940 -0.648722976 0.246949953 -0.279275798 0.663460060
3412.259349984 9.766313207 41.777116864 3.077682840 -0.644132731 0.236697380 -0.290331237 0.666914648
3412.385351232 10.108403186 42.110619511 3.128059867 -0.640927922 0.244303563 -0.282360729 0.670670998
3412.514011456 10.472305468 42.453317521 3.156432784 -0.651344557 0.264166710 -0.277283146 0.655042193
3412.636620960 10.797788569 42.771489194 3.193554761 -0.647578777 0.243218155 -0.281470797 0.665026952
3412.761564896 11.133106533 43.102652101 3.224088196 -0.650619121 0.238548230 -0.265913667 0.670133885
3412.886683072 11.459997896 43.446409502 3.257759075 -0.654451651 0.228522280 -0.272509804 0.667239845
3413.011806208 11.791244430 43.786131570 3.289428736 -0.659423870 0.244996472 -0.278505815 0.653889440
3413.136637056 12.113293050 44.125332881 3.324678569 -0.653277810 0.249156595 -0.284750525 0.655794352
3413.261516448 12.441385293 44.430082257 3.360192555 -0.634511684 0.269627523 -0.297237215 0.660564879
3413.386591104 12.787017078 44.725015468 3.405804396 -0.632569737 0.281480915 -0.300987707 0.655767049
3413.511872384 13.149076953 45.005456917 3.438212754 -0.625404786 0.296584512 -0.303977123 0.654602467
3413.636784896 13.505617852 45.273993223 3.476254627 -0.625710144 0.298797867 -0.296919558 0.656540499
3413.761434464 13.839345581 45.540471571 3.518160974 -0.616315122 0.289617199 -0.314957148 0.661119916
3413.886606016 14.158985871 45.780787961 3.537008144 -0.626569792 0.305502706 -0.315246241 0.643970652
3414.011812000 14.396673256 45.957991438 3.558565751 -0.631088003 0.325172588 -0.315319311 0.629733636
3414.136661536 14.570595719 46.088517476 3.563998649 -0.626738510 0.324803094 -0.327491626 0.628053362
3414.261706112 14.685042305 46.174520822 3.578252572 -0.624026524 0.316159277 -0.329418521 0.634127469
3414.511862112 14.819977187 46.273682689 3.590392486 -0.624836102 0.315409250 -0.324379045 0.636297953
3415.012484672 14.890799850 46.321924113 3.595422269 -0.624985708 0.315074278 -0.317876297 0.639590278
