1084.611259584 0.000000000 -0.000000000 1.000000000 -0.707106781 0.000000000 0.000000000 0.707106781
1085.360318720 -0.040576526 0.873032120 1.004828147 -0.716298236 0.017110858 -0.020412590 0.697285724
1085.859762880 0.009378763 2.131973474 1.071449307 -0.706239220 -0.025075747 0.036388450 0.706592705
1086.359663232 -0.208450369 3.591882551 1.088799504 -0.710714822 -0.026455051 0.085998632 0.697702520
1086.860214208 -0.409883586 5.255213135 1.130384780 -0.658563531 -0.004270686 0.079507349 0.748301021
1087.361648960 -0.572566147 7.050995425 1.331689714 -0.689810854 -0.002687836 0.088516442 0.718553130
1087.862149344 -0.712754446 8.014612140 1.330920129 -0.714004140 -0.024186199 0.077876373 0.695376435
1088.362383616 -0.906449679 9.073152856 1.299152541 -0.728900362 -0.035855713 0.067427660 0.680347074
1088.862181248 -0.961060717 9.944261090 1.296152872 -0.725546869 -0.042718762 0.064053406 0.683852330
1089.362186080 -1.254802590 10.852411919 1.145290792 -0.715518163 -0.034725411 0.057652881 0.695344554
1089.862339072 -1.254802590 10.852411919 1.145290792 -0.715518163 -0.034725411 0.057652881 0.695344554
1090.362212128 -1.254802590 10.852411919 1.145290792 -0.715518163 -0.034725411 0.057652881 0.695344554
1090.862143104 -1.254802590 10.852411919 1.145290792 -0.715518163 -0.034725411 0.057652881 0.695344554
1091.112225248 -1.254802590 10.852411919 1.145290792 -0.715518163 -0.034725411 0.057652881 0.695344554
1091.362342624 -1.254802590 10.852411919 1.145290792 -0.715518163 -0.034725411 0.057652881 0.695344554
1092.112178240 -1.254802590 10.852411919 1.145290792 -0.715518163 -0.034725411 0.057652881 0.695344554
1092.612214464 -1.468495558 11.275676900 1.184801860 -0.705819931 -0.005015927 0.060495693 0.705785616
1093.112201120 -1.799341960 12.188053822 0.953203817 -0.676163365 0.010202330 0.070791581 0.733271824
1093.612789216 -2.068065254 12.926190715 1.049184920 -0.688277059 0.022130123 0.062783035 0.722387180
1094.112271488 -1.963492033 12.077406731 0.888116304 -0.691324604 0.010651714 0.066568195 0.719392458
1094.612531584 -2.216642366 14.072002765 1.064177338 -0.679860911 -0.016625820 0.086829665 0.727992673
1095.112464288 -2.508925429 16.098904033 1.245872837 -0.694198621 -0.033832673 0.080942643 0.714417185
1095.613129088 -2.762597759 17.795144763 1.379991565 -0.687568504 -0.045596632 0.078528460 0.720419170
1096.112592768 -3.061270743 19.747147113 1.472493494 -0.709290808 -0.026792273 0.075216901 0.700379285
1096.612782336 -3.332066340 21.103094396 1.512595966 -0.714368353 -0.023111496 0.067513408 0.696121868
1097.113143072 -3.401396009 21.633388581 1.535015302 -0.707612018 -0.024213286 0.072262032 0.702479286
1098.862341536 -3.427199527 21.907007277 1.548970362 -0.705189751 -0.019398701 0.076176675 0.704647585
