4007.313985472 0.000000000 -0.000000000 1.000000000 -0.707106781 0.000000000 0.000000000 0.707106781
4007.444893280 0.000415254 0.001198619 1.001181571 -0.705203280 0.001174259 0.001157597 0.709003255
4007.636166272 -0.019419023 0.100113390 1.005542353 -0.710857698 -0.023516496 0.028794309 0.702352615
4007.811380832 -0.097753916 0.314687927 1.010087644 -0.700239546 -0.063576197 0.026595369 0.710573945
4008.034134624 -0.130889053 0.762803354 1.008820180 -0.711464503 -0.043946054 0.008261101 0.701297911
4008.112778976 -0.128227604 0.949251490 1.004541284 -0.722874366 -0.031828121 -0.012474465 0.690133327
4008.199651168 -0.117091170 1.156420863 1.014275606 -0.708686238 -0.013605017 -0.011466445 0.705299398
4008.282545504 -0.110083437 1.357992171 1.011677276 -0.710961610 -0.009110626 -0.009572840 0.703106640
4008.412767904 -0.100703247 1.689506859 1.027077059 -0.717761474 0.006910720 0.017399263 0.696037336
4008.509691392 -0.102260525 1.915218553 1.036251642 -0.690570014 -0.014396350 0.000437584 0.723122126
4008.593576576 -0.091033587 2.148132715 1.044922775 -0.698643220 0.013299798 -0.008564232 0.715295338
4008.689303232 -0.095350886 2.388656744 1.050651531 -0.702780687 0.014405458 -0.015145272 0.711099438
4008.797277696 -0.089728817 2.702948082 1.062827995 -0.709459177 0.006338327 -0.007342836 0.704679775
4008.881076096 -0.089742560 2.925063344 1.068679884 -0.711000265 0.003907641 -0.012354823 0.703072338
4008.961935968 -0.086749814 3.167514795 1.071777393 -0.710216243 0.007240829 -0.005018071 0.703928461
4009.058989184 -0.081492616 3.440457731 1.083200444 -0.713008616 0.012608576 0.005129195 0.701023130
4009.132838656 -0.069534832 3.673233232 1.087829938 -0.706320671 0.020138509 0.004639513 0.707590295
4009.246377536 -0.042827965 4.012787664 1.105063266 -0.701849434 0.043551241 0.015847569 0.710816092
4009.320662560 -0.033097985 4.253131739 1.108827801 -0.704955502 0.033452844 0.009382819 0.708400035
4009.411890528 -0.022092239 4.546997728 1.094274718 -0.729494604 0.034897922 0.018435648 0.682846897
4009.491247680 -0.012450262 4.809980347 1.093282087 -0.733557110 0.029105263 0.014843869 0.678842036
4009.578135712 0.000976188 5.074453782 1.104459780 -0.703485844 0.040504133 0.007601733 0.709513422
4009.684798272 0.022396066 5.409053477 1.142127146 -0.657746807 0.036602481 0.005995580 0.752325361
4009.768864128 0.043120293 5.667967298 1.178797269 -0.656342099 0.035978694 0.012145449 0.753507180
4009.869115424 0.059019170 6.020344029 1.222345521 -0.677671721 0.029756166 0.010055595 0.734693470
4009.951063424 0.065126091 6.288956978 1.248082943 -0.684972579 0.022831568 0.003209925 0.728203943
4010.059719168 0.092399952 6.647511230 1.284579908 -0.680038770 0.034175200 0.019402515 0.732122169
4010.140796000 0.102215532 6.904928886 1.315303869 -0.677474179 0.033002795 0.013590193 0.734680107
4010.268958208 0.118718699 7.357515711 1.349695016 -0.696434597 0.023564780 0.032466509 0.716498066
4010.413211168 0.106995733 7.872362183 1.343272981 -0.729488311 0.001690995 0.040290953 0.682803474
4010.486113184 0.093625787 8.110716182 1.350104521 -0.722890482 -0.002109362 0.033096182 0.690166316
4010.558149344 0.079209798 8.370947029 1.343585084 -0.711838478 0.000206678 0.032307569 0.701599714
4010.693438624 0.064644995 8.867241236 1.361794368 -0.708909256 -0.006119763 0.034704017 0.704418800
4010.806626016 0.051862429 9.285125916 1.370237826 -0.709954833 -0.005729611 0.036134903 0.703296221
4010.892315648 0.032422201 9.604426006 1.376672106 -0.709683636 -0.013242153 0.029369200 0.703783512
4010.986994400 0.019307674 10.000644899 1.377843463 -0.718514269 -0.013513739 0.032300553 0.694630332
4011.061175200 0.004018577 10.293338804 1.374473076 -0.725165550 -0.016248065 0.024921445 0.687931572
4011.130260960 -0.001595379 10.567670997 1.377872532 -0.715688947 -0.008980814 0.028676341 0.697772415
4011.198248864 -0.013388356 10.849872629 1.375233709 -0.714633903 -0.016046063 0.023461469 0.698920931
4011.276155712 -0.026533091 11.173014802 1.376776829 -0.716049876 -0.015866806 0.023147773 0.697484767
4011.376081888 -0.038764505 11.585441772 1.386289902 -0.712960820 -0.012479675 0.026431198 0.700594403
4011.454219104 -0.052343616 11.905650533 1.393109104 -0.709559927 -0.014412561 0.025334438 0.704042012
4011.561642080 -0.072463570 12.363651775 1.408252575 -0.708341982 -0.015775441 0.025977983 0.705214802
4011.662359040 -0.088057739 12.791223476 1.424388389 -0.709351592 -0.012330615 0.027534845 0.704208852
4011.807596864 -0.099303143 13.402961153 1.450532226 -0.705580691 -0.007823265 0.029593601 0.707968152
4011.920262848 -0.103711085 13.884464387 1.469052551 -0.707465370 -0.002957903 0.029416726 0.706129348
4012.005940544 -0.116072025 14.246489173 1.484813280 -0.704816500 0.000000355 0.031611349 0.708684996
4012.078731328 -0.122534285 14.593858359 1.498610251 -0.701157420 -0.000046979 0.031932456 0.712291084
4012.156254368 -0.130881913 14.938793331 1.517246757 -0.700539385 -0.001717835 0.032113963 0.712888710
4012.231036320 -0.136450621 15.289640247 1.530079125 -0.701386852 -0.002771372 0.032244626 0.712045706
4012.303137536 -0.166819572 15.540394341 1.544393744 -0.703818065 -0.000599697 0.030012162 0.709745759
4012.383666816 -0.170551777 15.898680159 1.561621224 -0.701614833 0.000818063 0.031638856 0.711853173
4012.453506592 -0.177394905 16.233877192 1.575507395 -0.700503071 -0.000630999 0.030303973 0.713005413
4012.533005888 -0.186283950 16.592183368 1.597782433 -0.697767467 -0.001207979 0.032886026 0.715568035
4012.629548800 -0.199462010 17.024866255 1.614447982 -0.700709277 -0.000429079 0.030475157 0.712795616
4012.717976480 -0.208351564 17.425895514 1.633262164 -0.701959883 0.001217325 0.030978875 0.711541390
4012.791301600 -0.215557739 17.769818793 1.650630036 -0.701510077 -0.000715667 0.031071916 0.711981486
4012.869491712 -0.224092335 18.124022628 1.666015768 -0.703560863 0.000074214 0.031902014 0.709918565
4012.938095488 -0.231372061 18.434687144 1.682444980 -0.704293798 -0.000282262 0.031316054 0.709217506
4013.034773280 -0.207467097 18.802100023 1.699489169 -0.703364433 -0.002459929 0.038345776 0.709790127
4013.132146016 -0.228492109 19.247220663 1.719117790 -0.698573546 -0.007494098 0.043422508 0.714180177
4013.211126432 -0.245705780 19.608763251 1.740012700 -0.697730353 -0.008356994 0.041782184 0.715092137
4013.323861792 -0.270350910 20.144704594 1.771998999 -0.700199576 -0.006759976 0.041971890 0.712680305
4013.414050912 -0.291898627 20.564767005 1.793631519 -0.699085076 -0.009453198 0.043195873 0.713669959
4013.489038496 -0.309638632 20.910961727 1.813735692 -0.700560520 -0.009670055 0.043983914 0.712170530
4013.588862464 -0.337996668 21.387842473 1.843935881 -0.695611599 -0.014191718 0.043914260 0.716934192
4013.656045056 -0.358358062 21.704625065 1.860710071 -0.700409278 -0.017833564 0.046357390 0.712011095
4013.746287520 -0.389503071 22.124597593 1.890080298 -0.696138810 -0.021062644 0.046461638 0.716092479
4013.812814240 -0.415281174 22.438517852 1.909429250 -0.696184297 -0.025311155 0.046888818 0.715882818
4013.893505216 -0.447312224 22.810505761 1.939875334 -0.690845938 -0.029014143 0.046330161 0.720932442
4013.966374016 -0.476727973 23.154502276 1.962682528 -0.691432207 -0.028769078 0.047115976 0.720329042
4014.044847136 -0.513401764 23.514872842 1.989157577 -0.692860283 -0.034242869 0.043908023 0.718918729
4014.111619680 -0.539673468 23.828834367 2.012288056 -0.692129182 -0.033267040 0.046870586 0.719481513
4014.180283456 -0.571024741 24.148728439 2.039228319 -0.689601697 -0.035443062 0.046682446 0.721813022
4014.255405824 -0.605178072 24.489836957 2.071727882 -0.685006904 -0.034956453 0.047502622 0.726145363
4014.345451392 -0.645722538 24.902280152 2.112349624 -0.683169307 -0.034209402 0.047565109 0.727905884
4014.414931168 -0.677392249 25.227634879 2.145812777 -0.681559552 -0.033691749 0.046274983 0.729520437
4014.530081984 -0.724799308 25.751619635 2.195728403 -0.684433116 -0.033530280 0.047884437 0.726728361
4014.595851392 -0.749657690 26.051416714 2.227833936 -0.689500872 -0.030460235 0.040405216 0.722515148
4014.689513568 -0.774236903 26.470800679 2.256884673 -0.688147517 -0.023719227 0.029277783 0.724591751
4014.755473152 -0.790240731 26.768559230 2.285626257 -0.689781561 -0.021129235 0.029084609 0.723124498
4014.845456160 -0.816160532 27.163021407 2.321209644 -0.687557560 -0.028453049 0.029018878 0.724991676
4014.910643456 -0.837302437 27.449559063 2.351061630 -0.678351091 -0.033787752 0.031455983 0.733286238
4015.000279904 -0.870510874 27.834965162 2.393581728 -0.672352601 -0.041182952 0.026833687 0.738597250
4015.107851584 -0.914410307 28.290544071 2.446486548 -0.670483731 -0.048218173 0.027970030 0.739827177
4015.200406976 -0.955983525 28.708046488 2.485286551 -0.688283908 -0.056331461 0.020687481 0.722955086
4015.317566432 -0.991990025 29.206389950 2.527664475 -0.694904957 -0.038649147 0.038851396 0.717010399
4015.400044320 -1.039131459 29.540352986 2.557803464 -0.658742349 -0.054582771 0.007503762 0.750348540
4015.527356768 -1.072901871 30.081540117 2.633931689 -0.681894558 -0.033312207 0.009974718 0.730623442
4015.608294944 -1.084748773 30.414719463 2.648033460 -0.706366995 -0.009678974 0.017180326 0.707571072
4015.697618976 -1.121700717 30.752716707 2.676370368 -0.668169982 -0.034620081 0.008717799 0.743151617
4015.801497696 -1.146916157 31.155492599 2.727317298 -0.659093471 -0.027817185 0.019028151 0.751305484
4015.894004224 -1.162849082 31.517702972 2.776824259 -0.673641552 -0.009975597 0.033123506 0.738248183
4016.003273280 -1.193250876 31.941387275 2.827804094 -0.682168027 -0.017899132 0.030657458 0.730333160
4016.081087264 -1.218348658 32.221480718 2.854226819 -0.675738587 -0.033158105 0.022316856 0.736056968
4016.166513696 -1.238780426 32.556352281 2.880652120 -0.685888110 -0.022069937 0.033662064 0.726592929
4016.258783072 -1.267003279 32.892016218 2.909784661 -0.693111820 -0.019936675 0.028741976 0.719980856
4016.356949792 -1.292304015 33.255359920 2.936699879 -0.692585911 -0.015999741 0.034212946 0.720345916
4016.464099168 -1.316925746 33.635859168 2.968533607 -0.681118439 -0.017723020 0.030775739 0.731311439
4016.568429216 -1.313122566 34.013054113 3.016010396 -0.672416377 0.008847995 0.055059912 0.738069330
4016.659143712 -1.320472248 34.345651901 3.051985002 -0.679031115 0.016892694 0.056654736 0.731725100
4016.809858368 -1.336801030 34.887693083 3.104650614 -0.677593911 0.005659383 0.049561977 0.733742512
4016.893072000 -1.334280836 35.178418610 3.152832645 -0.664484520 0.013247967 0.071170287 0.743787338
4016.996278016 -1.356733220 35.526719431 3.186420902 -0.672224604 0.002095927 0.066067606 0.737390508
4017.076195360 -1.373907945 35.813611951 3.218196814 -0.683068152 -0.012854081 0.065650131 0.727284493
4017.168089504 -1.394703985 36.117787389 3.242793968 -0.690287105 -0.016295450 0.070292052 0.719928606
4017.246961504 -1.431182667 36.398952516 3.257848895 -0.692181897 -0.027975248 0.062532786 0.718464514
4017.342419840 -1.465094178 36.709633311 3.282925956 -0.691532808 -0.037152407 0.066062193 0.718357752
4017.449963424 -1.501967766 37.075853699 3.310820763 -0.691344429 -0.032136158 0.082809149 0.717044484
4017.538519328 -1.547717561 37.369335419 3.321573354 -0.691168748 -0.048130454 0.067511544 0.717921592
4017.617983424 -1.577249714 37.639573468 3.355554296 -0.683385962 -0.034865280 0.079461484 0.724881998
4017.703450496 -1.621374863 37.926460566 3.365085475 -0.689587919 -0.041197966 0.065960574 0.720014189
4017.822978496 -1.673414748 38.333151638 3.410444849 -0.688991083 -0.039298647 0.069965025 0.720313681
4017.906702400 -1.711138819 38.600959174 3.431401902 -0.682192378 -0.043058032 0.077285680 0.725800585
4017.989556064 -1.756551839 38.891218695 3.454232636 -0.684259852 -0.048282353 0.070395280 0.724224947
4018.123386560 -1.819746045 39.323649365 3.500760954 -0.687917128 -0.048871971 0.079940646 0.719715950
4018.203509568 -1.870143097 39.600224590 3.518626302 -0.679143403 -0.058851267 0.081682420 0.727068600
4018.300535008 -1.936008800 39.920301116 3.559704579 -0.677926058 -0.062062567 0.074075299 0.728750538
4018.415531488 -2.011583647 40.307241224 3.591668104 -0.680891081 -0.067059362 0.074663526 0.725476213
4018.522761888 -2.089342512 40.653445806 3.628169640 -0.678721283 -0.080264453 0.070376771 0.726596275
4018.622719136 -2.155592816 41.000453266 3.661345255 -0.680919340 -0.069981989 0.078115189 0.724809900
4018.695047680 -2.200898491 41.231100657 3.684271245 -0.683223096 -0.068731349 0.076140278 0.722969475
4018.842268288 -2.308422635 41.748883563 3.726902983 -0.683984554 -0.066035050 0.076013899 0.722513937
4018.968171968 -2.384682433 42.171732147 3.761847158 -0.682262900 -0.061768792 0.072641724 0.724862147
4019.044719776 -2.432614715 42.437196274 3.784661600 -0.687431844 -0.064565005 0.077932106 0.719162991
4019.199425088 -2.541197097 42.954859193 3.823157517 -0.687282096 -0.083101116 0.078549912 0.717333560
4019.277676736 -2.595157750 43.226599771 3.846621073 -0.690778372 -0.077926236 0.077635793 0.714650562
4019.409965824 -2.687824638 43.673771100 3.871579617 -0.689530872 -0.076204595 0.075887275 0.716227030
4019.494884320 -2.750762514 43.977027951 3.895441335 -0.685901990 -0.078448550 0.076308803 0.719417300
4019.588942656 -2.824475027 44.307002552 3.912198077 -0.691287213 -0.084252043 0.077014365 0.713507091
4019.744122784 -2.945060627 44.866108592 3.946633718 -0.686595539 -0.084050496 0.077557592 0.717988092
4019.823524224 -3.006034613 45.149412257 3.969664219 -0.685003401 -0.082676855 0.072334010 0.720210156
4019.923302656 -3.083964946 45.506951093 3.994929342 -0.692190572 -0.076040329 0.078738416 0.713365504
4019.995736960 -3.145461699 45.784052363 4.003939727 -0.700402013 -0.084356864 0.071420343 0.705138337
4020.080172928 -3.211112303 46.088114836 4.018873415 -0.705813450 -0.089027272 0.073353811 0.698942585
4020.164986016 -3.279450118 46.388578032 4.020599338 -0.704347481 -0.090735729 0.077482290 0.699755777
4020.317527680 -3.406918521 46.930568841 4.035879394 -0.701956563 -0.086976750 0.072673437 0.703143371
4020.398573984 -3.465168297 47.218961448 4.039943427 -0.712467458 -0.079880565 0.077421787 0.692831209
4020.485838112 -3.533734154 47.510200418 4.040221721 -0.716055562 -0.082465925 0.070531230 0.689557213
4020.569306400 -3.591686745 47.765392174 4.042061033 -0.713966862 -0.083571146 0.067049790 0.691933168
4020.639088960 -3.627585809 47.943680983 4.044925742 -0.707852853 -0.077429511 0.075097958 0.698075430
4020.727246272 -3.675416490 48.143989937 4.052357592 -0.709904698 -0.081573591 0.074901890 0.695536322
4020.941567136 -3.763164864 48.514968255 4.057566547 -0.710685534 -0.088822400 0.079756062 0.693307741
4021.109690784 -3.806014331 48.695376845 4.065853539 -0.705590380 -0.089055639 0.078348165 0.698622125
4021.264947584 -3.833441363 48.811739599 4.069270132 -0.706328933 -0.085682292 0.078241825 0.698309530
4021.339380576 -3.842566036 48.850709418 4.069455675 -0.705763802 -0.085613187 0.079106817 0.698791779
4021.611395200 -3.863137998 48.940919519 4.070829435 -0.704096927 -0.087561822 0.079459057 0.700190476
4021.775204736 -3.869749823 48.969853247 4.072040574 -0.703116621 -0.087398233 0.081566648 0.700953243
4022.210867616 -3.876933904 49.007614425 4.073296136 -0.702753734 -0.085915061 0.082583825 0.701381282
