548.655715872 0.000000000 -0.000000000 1.000000000 -0.707106781 0.000000000 0.000000000 0.707106781
549.406981952 -0.102721233 0.893056286 1.033525553 -0.705703140 -0.017316437 0.002857891 0.708290231
549.906893728 -0.196898376 2.194564919 1.067499278 -0.690273114 -0.063855620 0.025949749 0.720258356
550.406306432 -0.297019378 3.683721085 1.116334465 -0.704496252 -0.006854974 0.039343322 0.708583194
550.906914752 -0.382542765 5.277476210 1.187097191 -0.650208887 0.000342447 0.050072624 0.758103567
551.407450208 -0.423279890 6.134989962 1.303000392 -0.684424913 -0.008292326 0.051695416 0.727201045
551.910046400 -0.508327555 7.085835942 1.333283230 -0.692476529 -0.015719513 0.041525768 0.720072749
552.409643648 -0.612188037 7.950837578 1.325360557 -0.707652801 -0.031890028 0.029453426 0.705225520
552.909600736 -0.782867740 9.951759004 1.377715381 -0.698305943 -0.033564232 0.028750588 0.714433801
553.409656832 -0.940172663 10.689202157 1.421640635 -0.694989065 -0.039253098 0.024897949 0.717516192
553.909917184 -0.946339585 10.868951116 1.577877843 -0.699793219 -0.077140481 0.011420164 0.710076317
554.409815936 -1.012787984 10.536595416 1.251765833 -0.690053540 -0.068787984 0.022302592 0.720136737
554.910948032 -1.305937019 11.729478215 2.478870444 -0.706985914 -0.074980531 0.012704418 0.703126898
555.410284800 -1.289576693 11.735709665 2.436681680 -0.706074888 -0.075559544 0.013879727 0.703957641
555.659486560 -1.296857485 11.735163285 2.442160594 -0.706176935 -0.075402935 0.013842295 0.703872804
556.159463616 -1.309991743 12.816818434 2.678957298 -0.703676187 -0.100510038 0.011643141 0.703279456
556.659666144 -1.325111496 13.775642628 2.687804373 -0.696544358 -0.110214649 0.009432321 0.708935625
557.159518912 -1.436561115 14.409261253 2.795748958 -0.716920320 -0.125633713 0.010301316 0.685664137
557.659416352 -1.702607590 15.282925026 2.914548391 -0.711770062 -0.127864748 0.016867852 0.690470464
558.159583552 -1.714650910 15.778035899 2.964250932 -0.708148292 -0.133597215 0.024756184 0.692867167
558.657625856 -2.196858159 17.049468377 2.858482930 -0.704801176 -0.130370280 0.040275489 0.696158587
559.159708512 -2.735896319 18.880270675 2.877429217 -0.702908361 -0.138758657 0.048596572 0.695919711
559.657220544 -3.169258900 20.788404900 3.047548813 -0.708444367 -0.150625373 0.035192574 0.688607332
560.159589600 -3.309933448 22.169812879 2.988000344 -0.727685819 -0.154467759 0.045309201 0.666753430
560.656477792 -3.357357089 23.502919213 2.779865405 -0.737709260 -0.145041706 0.026014880 0.658840783
561.160070016 -3.501083101 24.029056364 2.743910197 -0.727849290 -0.152606351 0.040259238 0.667327435
561.656119296 -3.536571380 24.165291979 2.735448493 -0.727840459 -0.154959836 0.043866306 0.666566923
562.409909472 -3.547389862 24.202833643 2.732426947 -0.726652242 -0.155174193 0.045608244 0.667695572
