2881.931041600 0.000000000 -0.000000000 1.000000000 -0.707106781 0.000000000 0.000000000 0.707106781
2882.305616096 0.008764892 0.228905028 1.013967669 -0.703712182 0.003091038 0.006313461 0.710450385
2882.554796896 0.016680206 0.688006241 1.038600714 -0.689805599 0.002007293 0.004441309 0.723978232
2882.680329280 0.021946618 1.012674857 1.055536179 -0.699784593 0.001011022 0.006207410 0.714326234
2882.805897280 0.024615598 1.364467118 1.071754227 -0.702529366 -0.005898706 0.002870296 0.711624520
2882.930355616 0.030147360 1.731184152 1.091647593 -0.702515400 -0.002937078 0.002566101 0.711657854
2883.055365184 0.046870974 2.119286157 1.111886659 -0.704549889 0.007333326 0.006695506 0.709584982
2883.180494432 0.050560402 2.527279242 1.121281755 -0.705485416 0.002980097 -0.006293681 0.708690226
2883.305452288 0.059229454 2.938321710 1.126220547 -0.708742542 -0.009761553 0.005371958 0.705379233
2883.430086144 0.060552238 3.349224799 1.137386331 -0.713172140 -0.009001903 -0.007427409 0.700891788
2883.556120896 0.080878994 3.788871449 1.147047619 -0.708897106 0.006605500 -0.014275484 0.705136491
2883.680529568 0.109531100 4.233805573 1.159798027 -0.714559938 0.015090747 -0.010018091 0.699339690
2883.804919968 0.137486730 4.688622953 1.162437532 -0.714876447 0.018257432 -0.014979804 0.698851870
2883.931081472 0.166990955 5.160018156 1.164680337 -0.720034379 0.014766556 -0.010843989 0.693696512
2884.059786112 0.184220754 5.623286665 1.174239258 -0.709600807 0.005850808 -0.026063598 0.704097402
2884.184795808 0.223988393 6.104328282 1.179646161 -0.707043681 0.013697927 -0.024594610 0.706609301
2884.316727200 0.266275176 6.602786144 1.186978220 -0.715173395 0.022927864 -0.021712871 0.698233399
2884.442413632 0.312448800 7.091690015 1.197600117 -0.709018966 0.028611398 -0.033014445 0.703834881
2884.566751520 0.368325172 7.589588394 1.214249543 -0.710046283 0.030522757 -0.028807990 0.702903078
2884.692186016 0.429498862 8.078939962 1.237003872 -0.702877363 0.033585364 -0.025098463 0.710074294
2884.817158592 0.498884733 8.561305071 1.266657193 -0.702126347 0.043918719 -0.025103584 0.710253158
2884.941992416 0.562554643 9.052668770 1.277024013 -0.711831177 0.038430549 -0.020230785 0.701006551
2885.067861984 0.614081196 9.545917412 1.296581345 -0.711807224 0.032164555 -0.027187094 0.701111104
2885.192172800 0.674889073 10.049205935 1.288614501 -0.725652172 0.041143224 -0.024402409 0.686396884
2885.320183776 0.721050944 10.548683736 1.284493658 -0.714130156 0.033748803 -0.021438400 0.698870184
2885.443839104 0.767553903 11.041846732 1.279191725 -0.726588512 0.023818446 -0.022146272 0.686302672
2885.567255552 0.807642473 11.554024490 1.280808190 -0.718609759 0.027736224 -0.017941989 0.694628535
2885.693993888 0.863718586 12.079388110 1.296991022 -0.700016589 0.039239290 -0.012230631 0.712942820
2885.817618304 0.911984871 12.603951517 1.312625417 -0.709126839 0.030858160 -0.009661739 0.704339088
2885.942430976 0.963682866 13.134625362 1.313179685 -0.719628640 0.036938969 -0.008169914 0.693327762
2886.070041024 1.012347348 13.683109211 1.308374404 -0.724549383 0.033368719 -0.023129432 0.688025980
2886.192320544 1.073179366 14.210895149 1.301213301 -0.727469644 0.043992180 -0.030595420 0.684044243
2886.320457728 1.146756568 14.738599364 1.312387359 -0.690861166 0.046741595 -0.025845342 0.721011852
2886.442327136 1.210118525 15.280993545 1.305957764 -0.722079651 0.047393737 -0.032188410 0.689433620
2886.567449728 1.294674747 15.809643947 1.320058745 -0.726914238 0.074530235 -0.007119294 0.682634786
2886.692448096 1.365671248 16.292843124 1.337452873 -0.675587676 0.057804130 -0.019932189 0.734739874
2886.818997280 1.448937245 16.851773550 1.330712507 -0.727310598 0.054367944 -0.021678911 0.683808048
2886.942671200 1.524666573 17.377216921 1.320520629 -0.721880831 0.051803598 -0.020246670 0.689778606
2887.070097184 1.591106925 17.922737411 1.320578287 -0.712178028 0.044666165 -0.025977032 0.700094697
2887.192302688 1.656624639 18.469537501 1.332703255 -0.708570742 0.039033874 -0.030840486 0.703884028
2887.317610688 1.725647260 19.036566106 1.342845330 -0.709591188 0.035850781 -0.033123299 0.702920988
2887.442899136 1.793477686 19.610407045 1.347175895 -0.715922829 0.032569640 -0.036976564 0.696438407
2887.570813312 1.865578944 20.196263849 1.352965275 -0.714819193 0.035691548 -0.036379531 0.697449757
2887.692582880 1.940451055 20.758109402 1.362032265 -0.713537362 0.042723962 -0.040268799 0.698152935
2887.817694720 2.010687575 21.211635144 1.369081149 -0.704615438 0.047424091 -0.043663550 0.706655174
2887.942296640 2.046702910 21.469353017 1.375081915 -0.705022997 0.045492673 -0.047034622 0.706159142
2888.067404896 2.085018803 21.758613922 1.381283781 -0.706669804 0.045631708 -0.045956391 0.704573307
2888.192591392 2.178399642 22.182741758 1.407006022 -0.705267732 0.037866799 -0.050004725 0.706160788
2888.318858528 2.258203100 22.582895737 1.439452755 -0.701269242 0.031503293 -0.056180767 0.709980784
2888.442434880 2.370653322 22.961043168 1.480894639 -0.704262863 0.025572266 -0.054841370 0.707355854
2888.567229440 2.453279259 23.523409639 1.500564952 -0.703600498 0.024788081 -0.054322728 0.708082574
2888.692589408 2.536317493 24.068707139 1.527072149 -0.704862002 0.024345168 -0.055149712 0.706778169
2888.817628224 2.620611081 24.639848977 1.551502405 -0.701229306 0.028314417 -0.053588853 0.710354833
2888.942494176 2.699325086 25.227808823 1.583475452 -0.699075271 0.029450462 -0.051811333 0.712560187
2889.067146816 2.777957035 25.812098863 1.609135251 -0.699546963 0.031978230 -0.052428792 0.711942878
2889.192178304 2.752227262 26.220864139 1.639555053 -0.701415788 0.031747812 -0.059152270 0.709583665
2889.317600672 2.639032553 26.597236830 1.716294497 -0.706958776 0.038526865 -0.067667963 0.702955202
2889.447105056 2.744875956 27.189190821 1.741536961 -0.702146953 0.043663294 -0.070331069 0.707203446
2889.567565440 2.831904633 27.727995866 1.763624120 -0.706192757 0.044548207 -0.071409151 0.702999275
2889.693312512 2.929063510 28.297477769 1.784411501 -0.704960862 0.047746905 -0.072270425 0.703937073
2889.817944704 3.109891306 28.714184209 1.792843370 -0.706119302 0.041729515 -0.067904772 0.703593007
2889.942232896 3.210358802 29.299099617 1.815721210 -0.699660009 0.044058694 -0.068094549 0.709857616
2890.067714944 3.318680799 29.873745073 1.845762837 -0.698419966 0.049641357 -0.066970519 0.710816598
2890.192464352 3.427650101 30.438816955 1.875513513 -0.699905432 0.055449861 -0.065675869 0.709044695
2890.319465408 3.541131766 31.008747481 1.910332025 -0.695158309 0.058710669 -0.065814684 0.713425826
2890.443024032 3.653789416 31.555729789 1.945577579 -0.693342721 0.058722203 -0.066678480 0.715109470
2890.568199968 3.767683366 32.104802469 1.985533415 -0.686234798 0.061103591 -0.064993747 0.721889165
2890.693285280 3.877424042 32.649535598 2.037000459 -0.682160140 0.057431077 -0.070148347 0.725560765
2890.817516960 3.984060211 33.194615563 2.078143898 -0.692640063 0.052583893 -0.070006997 0.715949508
2890.942889184 4.091327610 33.683140861 2.111384893 -0.690740202 0.050776503 -0.066259981 0.718268289
2891.068835936 4.194910946 34.122097135 2.139518286 -0.696518567 0.044562374 -0.071706600 0.712554731
2891.192857696 4.286854524 34.626167300 2.178431054 -0.693434682 0.041978885 -0.068889501 0.715989072
2891.320827040 4.381662194 35.133482152 2.233802953 -0.680745607 0.039578456 -0.075643669 0.727528006
2891.443313920 4.468018609 35.619858630 2.253877147 -0.726950368 0.024902753 -0.076237827 0.681990329
2891.564897408 4.567887394 36.130191687 2.244270498 -0.720036951 0.041489148 -0.069508829 0.689198057
2891.693604160 4.699046956 36.674279651 2.237441464 -0.723959086 0.064327109 -0.084164754 0.681660883
2891.819792224 4.853107639 37.195204654 2.207039496 -0.740658054 0.085492521 -0.110287663 0.657231548
2891.948585792 5.026175955 37.645954220 2.217463264 -0.682064481 0.101557507 -0.150212091 0.708456381
2892.073442752 5.235791403 38.086761011 2.269203856 -0.657933127 0.133575785 -0.184559475 0.717787789
2892.199692544 5.472817148 38.526137504 2.308373713 -0.686289434 0.178726642 -0.187346935 0.679679870
2892.324718176 5.744146981 38.956093973 2.316804559 -0.674730570 0.209656149 -0.218045423 0.673230385
2892.449870912 6.046352318 39.357896555 2.351655862 -0.669608473 0.226685643 -0.221707686 0.671627734
2892.574678592 6.357228181 39.725231848 2.384442980 -0.654115787 0.245262222 -0.227055907 0.678545941
2892.699566528 6.669391948 40.092993509 2.423637611 -0.635190339 0.241196460 -0.247636765 0.690676142
2892.824810368 6.999671062 40.467694941 2.446899699 -0.655287390 0.250588449 -0.239414866 0.671181337
2892.950056384 7.318394016 40.835026202 2.452128056 -0.661156320 0.254394651 -0.245807475 0.661614969
2893.074704960 7.654777643 41.185226499 2.479950458 -0.652162760 0.269164714 -0.232514682 0.669455759
2893.201697632 7.999645612 41.527778811 2.501685103 -0.641607362 0.277630054 -0.234323758 0.675539727
2893.331211168 8.324874763 41.876508805 2.517046725 -0.651679527 0.256881705 -0.263545548 0.663226453
2893.450222784 8.659390396 42.224462394 2.541495915 -0.662291625 0.249316537 -0.253918590 0.659345446
2893.575066176 8.977490513 42.569038060 2.562736117 -0.656557343 0.239334329 -0.252558965 0.669227543
2893.700745088 9.282051415 42.905691772 2.612404251 -0.640084380 0.233412906 -0.244074544 0.690100007
2893.825237024 9.607548860 43.257379428 2.609685247 -0.680903810 0.262407318 -0.205843247 0.652028342
2893.951388000 9.889240714 43.583820762 2.630124253 -0.658259578 0.231583793 -0.238555709 0.675392071
2894.076885280 10.193960002 43.931655725 2.649751685 -0.660569417 0.229875149 -0.246707283 0.670776399
2894.200114624 10.490307842 44.264243168 2.669064327 -0.666677111 0.235942452 -0.222045751 0.671243975
2894.325256256 10.776356325 44.625679111 2.689713733 -0.674379135 0.229199977 -0.240188738 0.659537356
2894.450489248 11.070273777 44.969414201 2.707801287 -0.667203599 0.239255379 -0.241075099 0.662932136
2894.575222240 11.359064927 45.306386550 2.731609563 -0.656598799 0.231461962 -0.253313086 0.671666478
2894.700529984 11.679555075 45.645343980 2.740265408 -0.664151996 0.255042949 -0.243493298 0.659216378
2894.825019168 11.983687641 45.958561968 2.773728329 -0.644010762 0.270208335 -0.287388973 0.655473242
2894.950882560 12.310546017 46.260927316 2.788089405 -0.638216061 0.277528626 -0.285344615 0.658966291
2895.075805024 12.639774362 46.547410686 2.809807033 -0.653714251 0.294123153 -0.264956652 0.644939704
2895.200846720 12.891235331 46.781022751 2.824724914 -0.646736822 0.272238148 -0.278824507 0.655648357
2895.325439296 13.088296666 46.955851383 2.835071275 -0.656788843 0.282128395 -0.270522485 0.644863994
2895.513299744 13.266293128 47.126158195 2.843553684 -0.651775070 0.288983467 -0.289811116 0.638503978
2895.763377888 13.393866556 47.223327709 2.847366723 -0.644722897 0.294043013 -0.277529570 0.648728318
