252.436018624 0.000000000 -0.000000000 1.000000000 -0.707106781 0.000000000 0.000000000 0.707106781
252.785819296 -0.007516482 0.257027878 1.004057125 -0.706197791 -0.016228110 0.005200888 0.707809494
252.914228896 -0.015772476 0.473861132 1.024149321 -0.698269952 -0.017325916 0.020870494 0.715320424
253.053822624 -0.013937874 0.775237258 1.033767030 -0.689281160 -0.012451422 0.003871960 0.724376596
253.158556256 -0.003289039 1.041014563 1.053674009 -0.698432849 -0.006839960 0.001032562 0.715642162
253.254760128 0.000225025 1.295092598 1.064773101 -0.700924350 -0.010736848 0.000641583 0.713154516
253.352884064 0.004861656 1.569195838 1.077149305 -0.701035597 -0.008679768 -0.000758554 0.713073052
253.447821696 0.014224736 1.841026603 1.090827306 -0.702009516 -0.005062267 -0.009303079 0.712088805
253.544956736 0.032582137 2.127995586 1.106448247 -0.700581370 0.009159820 -0.003311069 0.713506047
253.651039808 0.047680814 2.451607837 1.117342600 -0.706120533 0.008188396 -0.012108023 0.707940773
253.748871808 0.062386115 2.749521773 1.129678277 -0.711031058 -0.001257278 -0.009043954 0.703101316
253.845886528 0.067435753 3.056384839 1.137668974 -0.710528203 -0.012054753 -0.000784807 0.703565021
253.943874624 0.066751682 3.370063589 1.142933110 -0.711386741 -0.018580670 -0.006778669 0.702522393
254.007359872 0.076906712 3.579290155 1.150480833 -0.711869805 -0.008065999 -0.003060793 0.702258465
254.104590592 0.082194432 3.903150065 1.153852507 -0.707684930 -0.005745367 -0.013632990 0.706373252
254.199493696 0.097184211 4.227888964 1.163793066 -0.710425277 0.000822849 -0.006710367 0.703740165
254.306216064 0.105219517 4.595066188 1.170212920 -0.709250255 -0.004101624 -0.006762507 0.704912421
254.368373344 0.111086944 4.821597610 1.173416412 -0.713536260 -0.004960004 -0.002824047 0.700595053
254.432952544 0.113080652 5.045508116 1.180786203 -0.710052481 -0.013276485 -0.005120511 0.704004964
254.496944160 0.116217735 5.284121853 1.179260814 -0.715829812 -0.014841511 -0.005653493 0.698094154
254.572192064 0.115629942 5.561859560 1.177534256 -0.718516006 -0.021557363 -0.011197993 0.695086063
254.634226080 0.117154821 5.782088234 1.185309455 -0.709085194 -0.020712691 -0.009924157 0.704748667
254.697996256 0.123512281 6.021817383 1.183078293 -0.717167939 -0.015869663 -0.004944657 0.696702125
254.761730432 0.127842557 6.257971851 1.192285782 -0.709424462 -0.014415939 -0.009176481 0.704574273
254.826207136 0.136423938 6.503567497 1.195268968 -0.715407364 -0.004732817 -0.012260971 0.698583977
254.889953792 0.141614579 6.744240906 1.197857248 -0.716146105 -0.002136666 -0.012414814 0.697836703
254.953908704 0.153744631 6.979935042 1.212174221 -0.711699521 0.002523418 -0.008756280 0.702424908
255.025335616 0.162052322 7.231333978 1.214528586 -0.708119488 0.002464598 -0.022839615 0.705718831
255.087034912 0.183393172 7.482896719 1.224637957 -0.706255925 0.011947993 -0.024181398 0.707442629
255.151156544 0.199890957 7.726652277 1.234502095 -0.704958190 0.011279227 -0.029966886 0.708525734
255.215493760 0.221826162 7.964094406 1.251408238 -0.696633651 0.011311824 -0.029508886 0.716730650
255.286228704 0.252057941 8.240972800 1.251502961 -0.705042795 0.020063439 -0.020724322 0.708577884
255.352517216 0.269815050 8.486312012 1.267206299 -0.707487590 0.014402186 -0.030275705 0.705930074
255.417292480 0.298593001 8.735829834 1.286051327 -0.698796058 0.021603905 -0.019531540 0.714727822
255.483233664 0.316279885 8.983771268 1.286919549 -0.703823982 0.009702934 -0.025792470 0.709839703
255.589846912 0.338441871 9.386100376 1.306257664 -0.707762439 0.000315974 -0.028654744 0.705869064
255.685534784 0.357370394 9.756788303 1.302628544 -0.719297391 -0.008969445 -0.032469632 0.693885102
255.753995104 0.377104352 10.029106093 1.303393013 -0.729868683 -0.002594361 -0.028330140 0.682995152
255.821112672 0.390027374 10.291388278 1.299383161 -0.724080471 -0.006085718 -0.034755162 0.688812394
255.917331264 0.411825975 10.659024194 1.298234515 -0.711247116 -0.009271061 -0.030735952 0.702208579
255.983344640 0.404607255 10.924748462 1.287515657 -0.717077960 -0.037899094 -0.049888784 0.694171425
256.056827232 0.423895938 11.220842605 1.297037640 -0.715794022 -0.020510056 -0.033462471 0.697207658
256.121201056 0.427070222 11.487170304 1.287849921 -0.724429864 -0.025382122 -0.050878133 0.686999662
256.184355232 0.445322309 11.745573342 1.296225585 -0.713065245 -0.007183030 -0.043139179 0.699732358
256.247563616 0.465490094 11.996897154 1.310927879 -0.702985182 0.003240963 -0.033414484 0.710411713
256.313446464 0.482782038 12.262032248 1.317528911 -0.702667872 0.005411201 -0.029664920 0.710878733
256.383318912 0.497441997 12.549774525 1.327627223 -0.709916657 0.000013574 -0.034035937 0.703462789
256.486298016 0.531678868 12.979740922 1.342153631 -0.712652433 0.008903601 -0.029724693 0.700830706
256.557394432 0.554342154 13.281364613 1.333644855 -0.723505487 0.009986929 -0.034515010 0.689382902
256.625238336 0.572818204 13.552335713 1.335836388 -0.720385371 0.005600586 -0.038637059 0.692474352
256.691115200 0.600128449 13.832708553 1.335058142 -0.714685838 0.009034880 -0.027274362 0.698855231
256.756692096 0.615694778 14.112622286 1.327171140 -0.723261102 0.001474484 -0.034642862 0.689703615
256.826193408 0.644072063 14.382591369 1.334743012 -0.719332427 0.017701385 -0.024599393 0.694004604
256.900123648 0.679773362 14.705773202 1.333858421 -0.714215551 0.032295523 -0.029038865 0.698577047
256.971715040 0.694591952 15.012337440 1.338219841 -0.711128943 0.007417860 -0.058290267 0.700601775
257.034450816 0.735904171 15.268973161 1.355730615 -0.701955921 0.030310486 -0.026509886 0.711081138
257.098892416 0.762311993 15.534017251 1.366500019 -0.693688543 0.021488541 -0.052597914 0.718030575
257.162890272 0.803317860 15.810304557 1.364673583 -0.713656001 0.040956707 -0.058810651 0.696820613
257.226247008 0.858686710 16.083851973 1.362253089 -0.736018786 0.064983927 -0.035303566 0.672909425
257.290067552 0.894784115 16.312183566 1.387043058 -0.687370323 0.062423336 -0.036979253 0.722674132
257.353492544 0.927622656 16.561899922 1.392069576 -0.676729136 0.052666610 -0.056716494 0.732152404
257.417206400 0.983891785 16.844698787 1.385497125 -0.721600822 0.069619618 -0.037894247 0.687756780
257.481305600 1.030141368 17.105263422 1.394882332 -0.722393286 0.066573724 -0.043384684 0.686901484
257.576346400 1.105797846 17.497523515 1.383223486 -0.721167500 0.068383648 -0.042773590 0.688049077
257.671787232 1.176054381 17.898094842 1.382863895 -0.714024855 0.061002925 -0.055406608 0.695253376
257.766974400 1.248963897 18.299977602 1.392139903 -0.707217489 0.057638785 -0.057187928 0.702318115
257.862012576 1.323246226 18.709464617 1.406455708 -0.706368495 0.055366222 -0.059786776 0.703138444
257.929440192 1.371927796 18.996971939 1.413981795 -0.707608917 0.049149766 -0.059846961 0.702347679
257.992401824 1.415799517 19.284480390 1.422155410 -0.708459339 0.042635765 -0.057967529 0.702073587
258.059700768 1.462188946 19.582893816 1.427987728 -0.711969634 0.040319518 -0.057960093 0.698651704
258.125864960 1.508508220 19.874690505 1.427226786 -0.713953392 0.037563634 -0.062451826 0.696390190
258.224256736 1.584286413 20.315290194 1.435190337 -0.713093901 0.041297291 -0.060089249 0.697266738
258.319819680 1.655060380 20.736624352 1.442345789 -0.711212363 0.043127280 -0.060748335 0.699018349
258.416132224 1.728643805 21.166750368 1.453973940 -0.705324498 0.041616540 -0.056489501 0.705403681
258.479144160 1.769371070 21.454465610 1.464872595 -0.703848221 0.035505577 -0.059536367 0.706960010
258.550650528 1.821324203 21.774024456 1.479173165 -0.702750248 0.035095132 -0.058187954 0.708184003
258.612334976 1.863293406 22.055616433 1.492189369 -0.704116693 0.035005034 -0.060464245 0.706638808
258.675366336 1.907210635 22.344405545 1.505176386 -0.705703767 0.033733792 -0.060913157 0.705077167
258.743738720 1.953679384 22.644502295 1.518455801 -0.703419941 0.032934689 -0.059318730 0.707528784
258.810190016 1.991787608 22.958762641 1.536359705 -0.701727161 0.023077019 -0.058398722 0.709673187
258.875073152 2.031545226 23.255342815 1.548110961 -0.701318523 0.022375184 -0.055769170 0.710310834
258.935189024 2.064904592 23.532247872 1.568401825 -0.699946576 0.019180801 -0.056823919 0.711672628
259.023478144 2.116588719 23.935768535 1.587415516 -0.697974875 0.017783379 -0.056460371 0.713671529
259.109735040 2.165079964 24.332691821 1.612380363 -0.697991595 0.014249226 -0.057296563 0.713667847
259.166999264 2.199031595 24.598662506 1.626070456 -0.696804109 0.013623257 -0.055978902 0.714943916
259.224584128 2.228601374 24.865901793 1.641620839 -0.700533067 0.012813600 -0.057331101 0.711197848
259.284294496 2.258743221 25.134924947 1.658591990 -0.697090373 0.011096888 -0.056884177 0.714637014
259.357193536 2.301290743 25.479817594 1.679027529 -0.696662768 0.015009091 -0.062096317 0.714548642
259.416631424 2.341539938 25.752874059 1.695972601 -0.696750234 0.021231048 -0.067275322 0.713836385
259.474765664 2.381517568 26.023660650 1.712696662 -0.699784969 0.025464960 -0.068787773 0.710577775
259.532944704 2.419835868 26.288697585 1.731096700 -0.695686233 0.024178914 -0.066929892 0.714812167
259.592106112 2.461386820 26.558240559 1.751756823 -0.692894380 0.022933757 -0.064357770 0.717794886
259.654599552 2.502928592 26.824463271 1.768636051 -0.693343899 0.022323908 -0.063154335 0.717486871
259.713169632 2.541852361 27.102307275 1.788474452 -0.694793187 0.022765491 -0.062902169 0.716091807
259.771557280 2.578479061 27.368337343 1.807810474 -0.694909405 0.023042111 -0.062163016 0.716034733
259.829942208 2.616530910 27.629349978 1.825803163 -0.696833898 0.021211744 -0.061436687 0.714281537
259.887440640 2.651923560 27.893123344 1.841421116 -0.695214323 0.020329221 -0.062104639 0.715825944
259.949529888 2.687523016 28.169677251 1.863458934 -0.694428591 0.019764101 -0.059729781 0.716805877
260.008704288 2.725804776 28.439997532 1.880178826 -0.697119961 0.019259633 -0.059353955 0.714233809
260.077827072 2.765143795 28.758030849 1.900537978 -0.697313783 0.019118445 -0.058953623 0.714081538
260.138175968 2.800249475 29.029928805 1.915871514 -0.694728854 0.016983251 -0.058756811 0.716666607
260.204302368 2.832535702 29.320902334 1.935240401 -0.698417159 0.015688839 -0.057001972 0.713244774
260.268879392 2.866881264 29.624514613 1.955372827 -0.694489043 0.013958446 -0.057518293 0.717064695
260.334863200 2.900527764 29.921303413 1.973454355 -0.692147142 0.012966781 -0.056921583 0.719391499
260.403294016 2.938140115 30.232183334 1.993951093 -0.696695099 0.015270116 -0.055334492 0.715067029
260.468481216 2.967757620 30.531357440 2.010894714 -0.698826573 0.012069926 -0.056792280 0.712930834
260.533828448 3.002124890 30.822088828 2.029811137 -0.694931944 0.012212689 -0.054523442 0.716901414
260.633775744 3.078020938 31.227672574 2.066827075 -0.690739530 0.016937156 -0.060675242 0.720354461
260.697721760 3.121571018 31.518913424 2.091931826 -0.686419717 0.024838230 -0.061608196 0.724165357
260.760934720 3.163907576 31.801900676 2.116465810 -0.688558820 0.025514983 -0.061683039 0.722101751
260.836389056 3.212748918 32.136468470 2.145779483 -0.690229660 0.028722816 -0.057250605 0.720749877
260.901672128 3.255589423 32.430206984 2.170538547 -0.685301782 0.028727474 -0.057641172 0.725405883
260.964950144 3.299469281 32.708882051 2.197678648 -0.681884770 0.030789951 -0.055318710 0.728714608
261.029099072 3.340305789 32.997944375 2.219677791 -0.684817535 0.030704770 -0.056840860 0.725845216
261.092837024 3.382649118 33.278051802 2.245389126 -0.683034198 0.030734934 -0.054729896 0.727684194
261.160173632 3.425237071 33.569673029 2.272429174 -0.681415972 0.030436586 -0.054021996 0.729265048
261.225507296 3.469202706 33.853044733 2.308152120 -0.676545314 0.028339245 -0.053674170 0.733895366
261.289696640 3.510027847 34.130645378 2.336303283 -0.674832194 0.028933439 -0.052757715 0.735514099
261.353757312 3.549129329 34.402706194 2.371404799 -0.675517740 0.030299409 -0.050483578 0.734989209
261.418426272 3.585825329 34.682621404 2.404156742 -0.669252397 0.025420903 -0.056477850 0.740449363
261.493391520 3.628128666 34.989541573 2.450331982 -0.664592678 0.023051221 -0.053034763 0.744964783
261.556554496 3.660772607 35.265123231 2.480637180 -0.675712168 0.020509258 -0.054519140 0.734860599
261.653370208 3.710472932 35.673734447 2.527737825 -0.690447485 0.019095767 -0.056234135 0.720940597
261.724625568 3.747086297 35.963578710 2.562542527 -0.675991720 0.019025268 -0.051853117 0.734836368
261.819271008 3.786134246 36.355832003 2.599392932 -0.679854443 0.012146111 -0.056492908 0.731067000
261.923334560 3.828541838 36.780361042 2.641544917 -0.678998504 0.006054245 -0.054523347 0.732087141
262.048348704 3.886093463 37.230197143 2.713153078 -0.657499901 0.003166797 -0.054917957 0.751443857
262.144000032 3.928178559 37.637007827 2.744518848 -0.683970823 0.002750881 -0.049629683 0.727814015
262.241711104 3.962432659 38.026824828 2.767486265 -0.715233408 -0.008087303 -0.061869203 0.696094799
262.309692864 4.014645823 38.299829637 2.776170745 -0.708086735 0.022255155 -0.064603362 0.702811702
262.374117408 4.071753972 38.559678500 2.786361195 -0.702154152 0.043289279 -0.103129514 0.703185529
262.478587328 4.214431455 38.970104272 2.808306295 -0.699311704 0.086266179 -0.109156812 0.701146259
262.572449728 4.342319237 39.347229586 2.809066436 -0.713666406 0.093655507 -0.124440534 0.682952019
262.636778432 4.431289368 39.610108000 2.805777409 -0.723086829 0.091256426 -0.128657872 0.672506397
262.700482112 4.523764182 39.853153930 2.812801608 -0.703168113 0.092623030 -0.127987181 0.693249494
262.764917792 4.608063379 40.081976307 2.846504308 -0.662527371 0.092926871 -0.139734388 0.729997521
262.842970304 4.684534695 40.221385816 2.881895001 -0.632247640 0.104911267 -0.156939156 0.751416429
262.916198592 4.807989572 40.508167196 2.925013370 -0.654371105 0.118502285 -0.164491946 0.728490264
262.990173184 4.940001782 40.787495368 2.974918354 -0.667560757 0.134358236 -0.172896960 0.711629919
263.066283296 5.089301206 41.056677185 3.007679527 -0.663734635 0.168858678 -0.172949295 0.707835873
263.140094912 5.223280777 41.310889460 3.029916842 -0.656953376 0.176176928 -0.210157851 0.702287426
263.218098144 5.393641428 41.564668981 3.068488256 -0.649532777 0.214278591 -0.201614083 0.701101717
263.289282688 5.539411406 41.793469767 3.085362867 -0.649199240 0.223411786 -0.227464451 0.690570376
263.359926560 5.699837640 42.002551108 3.120158249 -0.636656029 0.240815162 -0.224006753 0.697494181
263.442117120 5.878316850 42.247378454 3.145738429 -0.637491776 0.232783132 -0.229842458 0.697559097
263.511074368 6.036695145 42.443332544 3.185290322 -0.632069369 0.230125240 -0.229879034 0.703339403
263.584824288 6.212477031 42.656049533 3.206866888 -0.633328089 0.230393396 -0.234679865 0.700528212
263.657842528 6.390869954 42.863088617 3.238631800 -0.643878346 0.235381768 -0.233571232 0.689536495
263.729307104 6.570056059 43.073271273 3.255068654 -0.660481621 0.236714927 -0.227195955 0.675360697
263.800225824 6.744842891 43.269414295 3.274035512 -0.648562499 0.241653690 -0.225217824 0.685745660
263.872471712 6.918949939 43.480060893 3.294413353 -0.645109660 0.238492915 -0.240121842 0.685051938
263.943655456 7.103369180 43.676933970 3.318466044 -0.638361485 0.252801420 -0.229527124 0.689857489
264.014864128 7.278544429 43.877691052 3.345079681 -0.633825247 0.252962042 -0.231960170 0.693159607
264.086590176 7.461878851 44.076172639 3.367090447 -0.631570485 0.257840175 -0.232159089 0.693353679
264.158855584 7.643890529 44.272757043 3.399419380 -0.626996634 0.259750321 -0.232212033 0.696765788
264.233117728 7.826399724 44.477041000 3.410701243 -0.639624479 0.255064177 -0.236286481 0.685559254
264.309061664 8.017275614 44.685705771 3.437262479 -0.641637050 0.248845972 -0.237177040 0.685656349
264.382904032 8.198378637 44.875364761 3.469221784 -0.626146800 0.251866930 -0.240913513 0.697469651
264.456435744 8.379209403 45.083337694 3.493422270 -0.635923722 0.244041118 -0.249306680 0.688397510
264.537932768 8.583785751 45.285854323 3.535665975 -0.617896630 0.255874978 -0.233273852 0.705914344
264.613001344 8.763031637 45.499947950 3.559035637 -0.640316443 0.248016457 -0.263209359 0.677645574
264.696817568 8.986218269 45.701256477 3.572550821 -0.639537605 0.273829536 -0.232117400 0.679801846
264.765303456 9.144338753 45.872833328 3.594370251 -0.642685090 0.248237378 -0.252104353 0.679542107
264.850596512 9.353492330 46.084922544 3.621485980 -0.636863855 0.246678860 -0.250558124 0.686130160
264.934739200 9.562434200 46.304146834 3.645128406 -0.642099388 0.252999767 -0.250622421 0.678887248
265.015905664 9.760331656 46.510005350 3.677446386 -0.631787222 0.254383782 -0.256260013 0.685904223
265.097092064 9.952175679 46.720852766 3.707680142 -0.628521078 0.241643895 -0.268637824 0.688769339
265.178581664 10.161386464 46.930860785 3.729471296 -0.640453219 0.254757122 -0.241780384 0.682979303
265.272025440 10.368471665 47.180446856 3.763445033 -0.651683368 0.223718972 -0.267837420 0.673440217
265.339702464 10.537067251 47.332584211 3.796739436 -0.624491811 0.248211326 -0.244629584 0.698968871
265.404480096 10.695147010 47.508276641 3.800108056 -0.643155505 0.245912111 -0.245311434 0.682422545
265.470208256 10.852762372 47.676322616 3.816288116 -0.648828018 0.256376609 -0.235999031 0.676459678
265.536730848 11.000376597 47.835004993 3.859180571 -0.626549005 0.247109859 -0.241608087 0.698568962
265.609616128 11.150027313 48.022019741 3.877411588 -0.631798373 0.225255797 -0.273251072 0.689510328
265.704517984 11.405507331 48.257715863 3.875033648 -0.669451240 0.278855738 -0.199902910 0.658872780
265.768170720 11.519218268 48.384777890 3.913146000 -0.635531503 0.245628728 -0.230753828 0.694635810
265.844355616 11.673350876 48.559055537 3.937254652 -0.623851010 0.225290577 -0.255457128 0.703417180
265.906911904 11.828146431 48.702105260 3.945537972 -0.631835620 0.259803990 -0.224448929 0.694916048
265.970202368 11.943153264 48.860939771 3.970037842 -0.631731147 0.233305586 -0.264550473 0.690287845
266.044926432 12.105835556 49.022729420 4.003740773 -0.625662728 0.254450636 -0.237394667 0.698172469
266.108832960 12.221357900 49.179648745 4.009117353 -0.659294443 0.233606343 -0.257249176 0.666769657
266.176662208 12.337537274 49.294248163 4.032150633 -0.649594516 0.244057275 -0.231531196 0.681803723
266.241324640 12.427216261 49.401859820 4.033645060 -0.660335076 0.236021999 -0.234629077 0.673201604
266.306325280 12.501855980 49.469782161 4.052681229 -0.638994879 0.243458794 -0.225694638 0.693884205
266.438514016 12.613864041 49.605755087 4.070543846 -0.641241126 0.246659765 -0.248597238 0.682765108
266.566699712 12.685296926 49.685818419 4.077299628 -0.644902382 0.247530580 -0.252039587 0.677720869
266.755524000 12.742210172 49.753460574 4.078242439 -0.641235781 0.239849566 -0.261200120 0.680487587
