2204.508179040 0.000000000 -0.000000000 1.000000000 -0.707106781 0.000000000 0.000000000 0.707106781
2205.134050368 -0.054664354 0.376285860 1.013322729 -0.701200090 -0.048874944 0.004313806 0.711274254
2205.382454208 -0.087651360 0.932893233 1.036209581 -0.706216482 -0.029772014 0.001849545 0.707367292
2205.634111744 -0.077929971 1.546314122 1.066999341 -0.708103520 -0.003890362 0.027079612 0.705578461
2205.882453984 -0.119306995 2.175050634 1.098025095 -0.697529229 -0.010122866 -0.004975916 0.716467544
2206.136144096 -0.144777609 2.857865271 1.126849733 -0.702905701 -0.011829235 0.013705604 0.711052601
2206.382728768 -0.132516043 3.572056491 1.157266920 -0.698223198 0.025466204 0.008042757 0.715381823
2206.634766432 -0.097409842 4.369045746 1.173050052 -0.725025618 0.024080999 -0.007304752 0.688262014
2206.882910240 -0.033173119 5.150851157 1.201005331 -0.661051157 0.037250087 -0.004158752 0.749404099
2207.137219264 0.037948476 5.996958105 1.322088174 -0.677678537 0.031282758 0.011854530 0.734596937
2207.386563296 0.099822354 6.847988270 1.419523459 -0.671238473 0.041127303 0.008057207 0.740055768
2207.636259200 0.144152230 7.750753766 1.456934414 -0.724428963 0.021661929 0.024488692 0.688573702
2207.886733824 0.164835575 8.686568619 1.479337889 -0.704093977 0.015984218 0.017660176 0.709707189
2208.136232864 0.156536791 9.607706939 1.506028485 -0.704100505 -0.002983540 0.032406954 0.709354190
2208.386800960 0.108122556 10.639765836 1.524805295 -0.707783740 -0.019851705 0.028262270 0.705584390
2208.637043424 0.060284104 11.689515974 1.557517414 -0.704512329 -0.015871998 0.030308591 0.708866593
2208.886874496 0.080955013 12.557806394 1.606603427 -0.701164471 -0.011762170 0.037293123 0.711926443
2209.136881792 0.138849581 13.355052396 1.658840787 -0.698703309 0.006120447 0.057643532 0.713059218
2209.386449120 -0.254057026 14.270201820 1.640679216 -0.697682277 0.006010420 0.034498339 0.715550963
2209.636305952 -0.259594240 15.488797547 1.729649452 -0.696702959 0.004784491 0.048365065 0.715711475
2209.886289440 -0.237467739 15.767418002 1.768334671 -0.697916996 0.010183942 0.064559910 0.713190138
2210.136733696 -0.327786894 16.976115862 1.957984263 -0.709904545 0.006510270 0.060206163 0.701689655
2210.386280224 -0.291923677 17.348516336 1.951669462 -0.703523102 0.007551413 0.063744730 0.707767498
2210.636318208 -0.383093636 18.610536102 2.004173315 -0.703050642 0.000792121 0.059794217 0.708621069
2210.886512800 -0.424379031 19.197775127 2.036233413 -0.699368403 -0.002362406 0.058740231 0.712339695
2211.136258432 -0.467317256 19.806464765 2.079456366 -0.698252982 -0.006261815 0.058565798 0.713423864
2211.386267008 -0.477537844 20.406503441 2.115172789 -0.689810782 -0.012994632 0.064497874 0.720993931
2211.636218720 -0.524366945 20.992966992 2.174098099 -0.682835861 -0.012775131 0.064327662 0.727622110
2211.761460928 -0.068833967 19.948708075 1.865410189 -0.682573655 -0.017973027 0.069912113 0.727243063
2212.011528672 0.003727390 20.534187521 1.927350146 -0.669568948 -0.037913459 0.065886331 0.738849772
2212.261315232 0.259786852 22.067115066 2.359242315 -0.711888798 -0.043914017 0.069551495 0.697458592
2212.512275296 -0.237816668 22.933785546 2.561023047 -0.689159528 -0.018654835 0.045339489 0.722949150
2212.761157600 -0.546270921 23.889489280 2.713361591 -0.664067661 -0.005164871 0.046528106 0.746205469
2213.011333568 -0.814968002 24.748811090 2.952461557 -0.693566403 0.004301005 0.050275519 0.718623349
2213.261575968 -0.910935169 25.714807562 3.077144554 -0.702682314 0.022146649 0.067192110 0.707977621
2213.511011264 -1.032918496 26.735598225 3.137887317 -0.691754417 0.057348359 0.094839090 0.713577283
2213.760790080 -1.096522256 27.754434975 3.276062494 -0.673942222 0.024572247 0.112276483 0.729789064
2214.010814336 -0.948002543 28.721256175 3.118269839 -0.692638834 -0.029896682 0.108079329 0.712514205
2214.260891424 -1.124448466 29.755417903 3.185241189 -0.695797777 -0.030986778 0.124639635 0.706661329
2214.510835904 -1.303648164 30.655999099 3.247450380 -0.687552679 -0.042828057 0.124851827 0.714037179
2214.760782784 -1.480674209 31.529849450 3.330585317 -0.681671612 -0.034827936 0.107533667 0.722874359
2215.011134784 -1.601315757 32.404063522 3.396838545 -0.684570576 -0.014598317 0.109054951 0.720594916
2215.260747392 -1.761304292 33.284412150 3.437241469 -0.685231622 -0.034308495 0.107750657 0.719493118
2215.510862624 -1.915341074 34.176726810 3.525173581 -0.682598353 -0.028495527 0.112154299 0.721573910
2215.760810944 -2.028061049 35.027536155 3.596415191 -0.690889812 -0.041700849 0.113519760 0.712773156
2216.011072704 -2.220391998 35.931011199 3.649602554 -0.694976782 -0.041624632 0.102660447 0.710447391
2216.260903744 -2.429063399 36.879574147 3.696426816 -0.702529284 -0.051432682 0.108629842 0.701431993
2216.511613056 -2.604786508 37.845519100 3.768211034 -0.701081817 -0.032006868 0.110203040 0.703786286
2216.761446976 -2.740761648 38.624460115 3.789165414 -0.704990841 -0.039249199 0.102493251 0.700672925
2217.011175232 -2.927294200 39.579740766 3.792344029 -0.722408672 -0.037705707 0.094716777 0.683909879
2217.262030144 -3.057661947 40.236013126 3.801384986 -0.715792915 -0.040244899 0.103421359 0.689438085
2217.511494176 -3.138640893 40.630115561 3.811105734 -0.711820292 -0.039670427 0.101350888 0.693877602
2217.761550432 -3.185016372 40.848561501 3.817312679 -0.710887651 -0.044042672 0.102656277 0.694377909
2218.011760736 -3.202522980 40.953184887 3.822337085 -0.708924832 -0.044815963 0.107895862 0.695539787
2218.261488544 -3.213741506 41.014345028 3.826122485 -0.707481505 -0.042833383 0.107335150 0.697219038
2218.760989408 -3.227141446 41.081519163 3.827834189 -0.707995286 -0.042561202 0.107952343 0.696618627
2219.261507904 -3.238918135 41.141866778 3.828179541 -0.707982998 -0.041324488 0.108891981 0.696559329
2219.761391040 -3.247696429 41.187748271 3.829197745 -0.707472631 -0.042014362 0.109072458 0.697008228
2220.261747616 -3.253059551 41.210881518 3.829706110 -0.706905127 -0.041885478 0.107849251 0.697781690
