2169.383749792 0.000000000 -0.000000000 1.000000000 -0.707106781 0.000000000 0.000000000 0.707106781
2169.759953248 0.017166468 0.293395176 1.018661029 -0.694996670 0.008461979 0.009926263 0.718894633
2170.009791840 0.027098959 0.802568260 1.039375375 -0.695386900 0.002639292 0.004343525 0.718617580
2170.259615456 0.042230315 1.433958518 1.073906887 -0.700343684 -0.004544543 0.005243225 0.713772079
2170.511015008 0.071531702 2.119831323 1.117021279 -0.700252550 0.003079841 0.000625284 0.713888290
2170.759768736 0.082587290 2.836968829 1.126745989 -0.707828931 -0.009591147 0.001430096 0.706317329
2171.010100608 0.105458295 3.623127225 1.149654322 -0.706966956 0.007289587 -0.008360671 0.707159589
2171.259781472 0.131790281 4.429990884 1.170998561 -0.709701394 0.011928179 -0.005038959 0.704383602
2171.509992096 0.160982581 5.279010933 1.185971736 -0.719716116 -0.004301476 -0.017097031 0.694044596
2171.759741536 0.211442971 6.056133216 1.199795943 -0.717055097 0.012048735 -0.016638862 0.696713689
2172.010345696 0.302939603 6.923929030 1.205757919 -0.703773051 0.039811927 -0.027827302 0.708762404
2172.260175136 0.422714925 7.862928292 1.234082618 -0.702181270 0.048814550 -0.021652367 0.709992802
2172.510724640 0.566876127 8.795007909 1.288995944 -0.704373914 0.038916296 -0.016361272 0.708572663
2172.760799232 0.693764597 9.753564714 1.297638679 -0.721636544 0.051263559 -0.007837786 0.690326963
2173.011143328 0.803359145 10.697970000 1.296754554 -0.717390081 0.037683581 -0.025332469 0.695190395
2173.261353952 0.927370533 11.673758168 1.302114406 -0.696454281 0.057361557 -0.013401947 0.715179330
2173.511266144 1.067781193 12.653213795 1.339701185 -0.716122419 0.049536501 -0.014424816 0.696065184
2173.761655456 1.197340553 13.654557437 1.320472435 -0.729634553 0.054876764 -0.011857142 0.681528699
2174.011223840 1.334397501 14.638176164 1.346934551 -0.687405718 0.056065988 -0.015915353 0.723931409
2174.261180000 1.480127093 15.637738076 1.332968149 -0.716664477 0.072116151 -0.034697213 0.692811224
2174.511223008 1.646813630 16.608096330 1.361550255 -0.711773080 0.062789844 -0.024359670 0.699173172
2174.761197536 1.760915309 17.629739481 1.374677559 -0.705805587 0.036338724 -0.028903228 0.706882291
2175.011359968 1.873761425 18.677176303 1.412883323 -0.706473434 0.025315080 -0.029025230 0.706690859
2175.261243296 1.857502755 19.923954789 1.471426024 -0.714229666 0.039614537 -0.016469149 0.698595334
2175.511976384 1.735046317 20.508122978 1.429705633 -0.705151075 0.036328157 -0.021192672 0.707808658
2175.760912256 1.844318327 21.541270801 1.458137496 -0.705278535 0.035943506 -0.021789739 0.707683163
2176.011233216 1.911968457 21.584897996 1.534433775 -0.705772379 0.030508623 -0.043136310 0.706465733
2176.261184000 2.082427625 22.577274562 1.568230569 -0.707245869 0.022831120 -0.037240419 0.705616873
2176.512026624 2.194376352 23.700857024 1.588614838 -0.705508292 0.023796160 -0.039939395 0.707175111
2176.761186240 2.201310414 23.977997921 1.663951932 -0.704424578 0.022098005 -0.050729406 0.707618697
2177.011542976 2.317845239 24.905851803 1.713772392 -0.703439613 0.033835778 -0.063076037 0.707141615
2177.261162880 2.071890405 24.105018751 1.798322470 -0.715375306 0.031238462 -0.073248952 0.694187958
2177.511559680 2.210099765 25.137480823 1.950433818 -0.722086655 0.029488219 -0.073051931 0.687302497
2177.761546720 2.396782222 26.181805514 1.972197908 -0.715216484 0.029541168 -0.071344774 0.694624088
2178.012162944 2.577291296 27.243437769 1.987556554 -0.717315559 0.038689545 -0.068423177 0.692300351
2178.261256736 2.760768234 28.268668029 2.008321829 -0.711988716 0.041904358 -0.069688782 0.697466534
2178.636098592 2.835970087 28.798519587 2.014628250 -0.703466762 0.043181143 -0.067667519 0.706180579
2178.886175712 2.905763622 29.308468932 2.056660510 -0.727847361 0.041707221 -0.064750693 0.681400084
2179.136128224 3.177343301 29.683018327 2.166249167 -0.717583288 0.036829654 -0.063867155 0.692559591
2179.385036672 3.232179927 29.561716783 2.206758001 -0.774435325 0.047183764 -0.074766750 0.626445172
2179.636212416 3.326980566 30.195705114 2.193494190 -0.762654458 0.114947669 -0.124644385 0.624186661
2179.883789792 3.427513415 30.470261470 2.159462893 -0.727960337 0.147036816 -0.180952376 0.644755892
2180.136319200 3.947205842 31.179882229 2.115058306 -0.720327137 0.202811722 -0.220310291 0.625667321
2180.383116480 4.074312574 31.160648214 2.238975420 -0.707781487 0.238312926 -0.266878745 0.609120720
2180.636713376 4.689915545 31.831600075 2.171992961 -0.700734218 0.229443317 -0.261318382 0.622928586
2180.882524640 4.751709781 31.879201171 1.943535401 -0.717100055 0.241195922 -0.254596344 0.602306185
2181.133336000 5.391252682 32.588452196 1.861541158 -0.698609522 0.245983124 -0.251314295 0.623119702
2181.382313280 5.991236703 33.239180032 1.805038580 -0.706587018 0.253832105 -0.236479365 0.616750808
2181.633222528 6.555630620 33.763219617 1.766702634 -0.695077449 0.252067210 -0.253129179 0.623903101
2181.882256736 7.124599525 34.352186209 1.730839007 -0.704998672 0.236489366 -0.264310569 0.614157615
2182.133111584 7.696834420 34.941480993 1.672998765 -0.700208295 0.244138500 -0.258633508 0.619042361
2182.382732288 8.224161229 35.491855259 1.616632944 -0.709441385 0.238498441 -0.263182204 0.608725343
2182.633503584 8.755029693 36.032872553 1.569240835 -0.712991073 0.238672992 -0.254179805 0.608335072
2182.882375712 9.317323017 36.582116136 1.492454874 -0.703076949 0.254611987 -0.269773241 0.606694271
2183.133592192 9.826511883 37.097550452 1.460780403 -0.696844713 0.239841565 -0.252499403 0.626998821
2183.382710624 10.109291350 37.417387275 1.419883880 -0.710447351 0.220490746 -0.252441846 0.618806517
2183.757876480 10.297319898 37.606477935 1.399591425 -0.704109511 0.243633721 -0.255179368 0.616243375
2185.258098016 10.343463520 37.646396267 1.398169475 -0.706144111 0.253945471 -0.252907298 0.610663649
