1698.810758848 0.000000000 -0.000000000 1.000000000 -0.707106781 0.000000000 0.000000000 0.707106781
1699.310832288 -0.015889774 0.478899882 1.023104798 -0.704950837 -0.019631098 -0.017925845 0.708757788
1699.560976480 0.009897658 1.049884664 1.036025328 -0.706285092 0.012722943 -0.012485368 0.707703053
1699.810897888 0.031557605 1.695047387 1.063329285 -0.699004322 -0.008464320 0.030029178 0.714436535
1700.060776864 -0.012190910 2.375661542 1.076941867 -0.696994663 -0.053080311 0.021618712 0.714782171
1700.310936736 -0.027024049 3.117765851 1.107399378 -0.707182233 -0.017668858 0.021888013 0.706471525
1700.561825504 -0.059473422 3.925563446 1.133569854 -0.706383486 -0.001979018 0.036794585 0.706869587
1700.812490624 -0.090330933 4.807829780 1.137948859 -0.727680469 0.000679201 0.043015829 0.684565784
1701.063108192 -0.107463345 5.676771970 1.243598376 -0.663236856 -0.001999716 0.038613258 0.747410122
1701.313752928 -0.134117239 6.598681753 1.354621846 -0.671134342 0.010384370 0.042957365 0.740017246
1701.563678912 -0.157503123 7.582670923 1.400792103 -0.729453493 -0.006990450 0.050451539 0.682131496
1701.814253088 -0.187342068 8.562952193 1.417602599 -0.705232667 0.002774664 0.035894068 0.708061298
1702.063414048 -0.231723683 9.595855674 1.442077142 -0.703311957 -0.003735126 0.035046915 0.710007080
1702.314588928 -0.297780134 10.687587729 1.447582116 -0.710042975 -0.020999989 0.033275659 0.703058109
1702.563840000 -0.349893785 11.756435183 1.484228108 -0.706971972 -0.022898247 0.041060025 0.705677246
1702.813825920 -0.412068563 12.784091265 1.516788232 -0.705859108 -0.020222535 0.043864011 0.706703557
1703.063412448 -0.504227549 13.794323331 1.717258966 -0.708372349 -0.011745057 0.041813659 0.704501446
1703.313855648 -0.577923867 15.022585755 1.768756981 -0.707939726 -0.009648235 0.045466685 0.704741823
1703.565201888 -0.683655818 16.231931649 1.821753932 -0.705259372 -0.016896514 0.054191899 0.706673167
1703.813929056 -0.892267682 17.380161262 1.870789676 -0.707160854 -0.013256782 0.045410198 0.705468425
1704.063801376 -0.893166806 17.643579812 1.909396127 -0.701666248 -0.013638646 0.066973659 0.709219989
1704.313675648 -0.990759230 18.916219058 1.970976945 -0.699718346 -0.015960522 0.069532560 0.710847889
1704.563823808 -1.388520774 20.122028814 2.299107089 -0.720770172 0.009398290 0.056061564 0.690839441
1704.813334400 -1.418809534 21.348378883 2.231833168 -0.713612249 0.002467362 0.066253675 0.697396531
1705.063480832 -1.479587091 20.726070733 2.289674330 -0.716567714 0.006019701 0.043764106 0.696117215
1705.313447136 -1.479587091 20.726070733 2.289674330 -0.716567714 0.006019701 0.043764106 0.696117215
1705.563381344 -1.479587091 20.726070733 2.289674330 -0.716567714 0.006019701 0.043764106 0.696117215
1705.813483072 -1.479587091 20.726070733 2.289674330 -0.716567714 0.006019701 0.043764106 0.696117215
1706.063905728 -1.479587091 20.726070733 2.289674330 -0.716567714 0.006019701 0.043764106 0.696117215
1706.313430592 -1.259315976 21.104938857 2.247148480 -0.746161580 0.038114037 0.068472726 0.661136675
1706.563572256 -1.504110537 21.978237937 2.303601730 -0.748798628 0.052101547 0.045068327 0.659207774
1706.813348576 -1.242118412 23.123387509 2.095711864 -0.763872549 0.049854652 0.050540633 0.641450611
1707.063427232 -0.583449150 24.425993550 1.993449861 -0.744471219 0.043696267 0.057886987 0.663703500
1707.313362048 -0.442159123 25.305708664 1.856584191 -0.733276527 0.049587976 0.077126481 0.673719581
1707.564066368 -0.437894849 26.185023673 1.814133163 -0.761339898 0.039779128 0.080584458 0.642094483
1707.813324320 -0.542971998 27.107759873 1.681771708 -0.760352855 0.024650831 0.079427580 0.644163901
1708.063849376 -0.630921587 28.094670043 1.604825511 -0.750841350 0.029560946 0.102422574 0.651822855
1708.313350304 -0.709987643 29.105409276 1.493430994 -0.752862537 0.028786150 0.112241900 0.647897456
1708.563376128 -0.806950414 30.062307173 1.415302960 -0.744142645 0.023659567 0.117521407 0.657176284
1708.813645920 -0.922593120 31.044310013 1.334710008 -0.747296170 0.025430231 0.109676567 0.654883797
1709.063459552 -1.018532524 32.037260306 1.232182833 -0.751337176 0.029881678 0.107573536 0.650405618
1709.313802880 -1.141546436 33.044313313 1.130169509 -0.757855793 0.015669444 0.120549007 0.640996881
1709.563368736 -1.327839121 34.054200610 1.004671574 -0.752569676 -0.007942155 0.109757317 0.649252753
1709.813322400 -1.495461499 35.073012539 0.903029622 -0.750545129 -0.010082121 0.118455178 0.650037484
1710.063827392 -1.702602468 36.146418294 0.754880811 -0.765601683 -0.012338252 0.119110334 0.632071641
1710.314044160 -1.949317611 37.225882941 0.597965743 -0.774651566 -0.003007674 0.126441647 0.619611503
1710.563971744 -2.108586960 38.064851751 0.467821303 -0.770510997 -0.003064424 0.124873916 0.625067930
1710.814434560 -2.208878795 38.599468348 0.390194693 -0.771365788 -0.003789511 0.111524767 0.626532271
1711.188694528 -2.291454608 39.001847600 0.339275766 -0.767227521 0.000560221 0.119276997 0.630186176
1711.938523648 -2.323259345 39.196895597 0.311396389 -0.764187453 0.001668968 0.117379473 0.634221421
