519.658155072 0.000000000 -0.000000000 1.000000000 -0.707106781 0.000000000 0.000000000 0.707106781
520.407014112 0.042786899 0.800107676 1.048326309 -0.694129913 -0.002377825 0.004056874 0.719834392
520.907514976 0.043198363 1.935885078 1.074975765 -0.704680573 0.000911333 0.003326773 0.709516308
521.407580448 0.076897296 3.380813938 1.121116694 -0.712651287 0.003384416 -0.009316372 0.701448426
521.907198976 0.150912164 5.055355914 1.126422867 -0.716133423 -0.010763311 -0.002847095 0.697874606
522.407363232 0.086289009 6.571270117 1.049045719 -0.702798851 -0.003095152 -0.027565598 0.710847616
522.907509632 0.196515321 8.377903319 1.106381027 -0.698696782 -0.005780183 -0.017951541 0.715169308
523.407428480 0.250912791 10.235857025 1.107065577 -0.706469051 -0.030024451 -0.052498957 0.705155211
523.907764032 0.428533111 12.110787567 1.159138429 -0.702062078 0.018065676 -0.047113737 0.710325817
524.407523488 0.672994598 13.994304438 1.185346194 -0.709930770 0.043222060 -0.045469233 0.701471813
524.908596320 0.951871089 15.903004332 1.263176040 -0.678709707 0.068003026 -0.059693055 0.728810991
525.408311328 1.127681127 16.954587755 1.336713582 -0.716548891 0.085348178 -0.042831302 0.690969503
525.910164224 1.476346096 19.089421442 1.315499901 -0.719353257 0.068852829 -0.044032141 0.689819796
526.409410432 1.710599451 19.539107865 1.155314139 -0.709309590 0.077080773 -0.028416376 0.700093543
526.909722624 1.909198209 20.023289918 1.184668740 -0.706689627 0.063757035 -0.027832521 0.704095279
527.409271456 1.909198209 20.023289918 1.184668740 -0.706689627 0.063757035 -0.027832521 0.704095279
527.909307680 1.909198209 20.023289918 1.184668740 -0.706689627 0.063757035 -0.027832521 0.704095279
528.410291744 1.909198209 20.023289918 1.184668740 -0.706689627 0.063757035 -0.027832521 0.704095279
528.909640224 2.049412404 21.669467657 1.208044448 -0.702160578 0.070277023 -0.034611777 0.707696042
529.410451936 2.361576300 23.198503023 1.656053955 -0.717507008 0.058630911 -0.037986489 0.693039059
529.658601856 2.341854285 23.650714675 1.721350511 -0.703736808 0.035122933 -0.061062626 0.706959857
530.159281376 2.369135006 23.736983151 1.742040993 -0.705970995 0.046799852 -0.077945587 0.702381103
530.658295744 2.401996442 24.473555080 1.974489621 -0.734548604 0.076746088 -0.104669029 0.666027613
531.159290592 2.618399898 25.078325878 1.908246967 -0.751576754 0.175591379 -0.147619927 0.618472641
531.656875104 3.136496528 26.498380567 1.590845579 -0.755965813 0.200723396 -0.188275012 0.593951452
532.159520640 3.977676394 27.708117866 1.350912963 -0.743509272 0.223884124 -0.186109543 0.602024168
532.656176192 4.537031591 28.106240081 1.310860697 -0.751742833 0.211826004 -0.199290220 0.591857978
533.159185952 4.191153101 29.270813120 0.725174362 -0.751252067 0.184780936 -0.202500784 0.600391348
533.656066016 6.301115067 29.215054913 1.705942323 -0.752956060 0.202919922 -0.204092522 0.591799729
534.159502432 6.853384544 29.626323193 1.630437553 -0.758739674 0.229362210 -0.197622459 0.576760303
534.906092000 7.229037960 30.086889816 1.533264720 -0.753465334 0.212903911 -0.218385673 0.582468551
