3180.129103392 0.000000000 -0.000000000 1.000000000 -0.707106781 0.000000000 0.000000000 0.707106781
3180.193244192 0.000892064 0.009957054 0.998978028 -0.706351388 0.000705482 0.001532726 0.707859358
3180.225975808 0.289772864 0.688614179 1.152092205 -0.706330158 -0.001921806 0.003598797 0.707870796
3180.289325312 0.292108619 0.740212738 1.150446225 -0.708539311 -0.003230554 0.004496451 0.705649623
3180.321125856 0.292053345 0.740130025 1.150401195 -0.708449382 -0.003370801 0.004590454 0.705738648
3180.352902592 0.417598107 1.293182940 1.312085566 -0.709251695 -0.004411712 0.004870362 0.704924712
3180.415888832 0.419104426 1.379919850 1.312762294 -0.712345218 -0.007898954 0.005725274 0.701761439
3180.447172000 0.419131831 1.379930670 1.312700544 -0.712254216 -0.008039715 0.005819972 0.701851424
3180.478780896 0.782141488 1.999723679 1.426318765 -0.711778581 -0.012406558 0.009657658 0.702227925
3180.543912128 0.785059591 2.115628424 1.428386734 -0.710924570 -0.009404784 0.009255178 0.703144471
3180.577270144 0.784814079 2.115302202 1.428283836 -0.710836843 -0.009534150 0.009343801 0.703230244
3180.609391392 1.203752195 2.560502680 1.438655608 -0.709004590 -0.014897559 0.014784713 0.704891457
3180.672939296 1.204423188 2.702967303 1.438915681 -0.710670114 -0.011725521 0.015078928 0.703266043
3180.735828096 1.202660635 2.852498705 1.440187869 -0.708036479 -0.015752957 0.010534887 0.705921529
3180.798631168 1.203628506 3.008103290 1.440413754 -0.709040799 -0.014498946 0.014620954 0.704866763
3180.862934528 1.198864431 3.170653689 1.442338732 -0.712212403 -0.019027933 0.012597930 0.701592989
3180.929248000 1.197165819 3.352457567 1.442559880 -0.716486009 -0.019271111 0.013597376 0.697202649
3180.960889952 1.197503335 3.352392037 1.442339607 -0.716285024 -0.019570282 0.013822407 0.697396379
3180.992543744 1.518947775 3.817584828 1.549594733 -0.716283689 -0.023728942 0.017543148 0.697184948
3181.055880576 1.516090748 3.992744443 1.549092968 -0.717096626 -0.023269835 0.020741098 0.696276346
3181.087232160 1.516135334 4.033267417 1.529358553 -0.717366655 -0.022551161 0.023610845 0.695930353
3181.118461952 1.514355627 4.127886918 1.572866858 -0.717648953 -0.021721273 0.026054070 0.695578430
3181.182398880 1.501052371 4.304054846 1.572426464 -0.714630470 -0.031614572 0.018800343 0.698534435
3181.213500928 1.500869351 4.303952562 1.572835023 -0.714676863 -0.031758909 0.018790047 0.698480699
3181.244813568 1.633047614 4.751722108 1.644953773 -0.714518459 -0.032706021 0.020152659 0.698561063
3181.307328352 1.625633439 4.930788180 1.646978114 -0.712415369 -0.032517766 0.019322601 0.700737878
3181.338739264 1.595414953 4.964113426 1.631683219 -0.716760864 -0.032746172 0.020076850 0.696260348
3181.370208032 1.649688988 5.085781643 1.657762216 -0.720764916 -0.032234797 0.019830238 0.692145661
3181.442660960 1.634570956 5.300465505 1.662451751 -0.715182108 -0.040408420 0.013517448 0.697638152
3181.474707424 1.634569017 5.300636303 1.662319316 -0.715114946 -0.040495100 0.013574915 0.697700855
3181.516124768 1.820656630 5.512249009 1.771609306 -0.716293683 -0.043774110 0.015747338 0.696246514
3181.579554592 1.811086713 5.707552287 1.766886064 -0.720535351 -0.045656750 0.021457703 0.691580680
3181.611079712 1.780047624 5.749695477 1.761241277 -0.720834219 -0.048267536 0.020632321 0.691116909
3181.644941408 1.826045334 5.863551637 1.773633935 -0.720986573 -0.049996346 0.018398433 0.690898129
3181.707644448 1.812125371 6.073918333 1.772585046 -0.721696176 -0.048926732 0.013023591 0.690355843
3181.739132064 1.813072967 6.073821176 1.772511222 -0.721584031 -0.048979458 0.013577374 0.690458654
3181.770573088 1.914707151 6.293703553 1.841297094 -0.722367792 -0.051419464 0.014423487 0.689443816
3181.833851264 1.902816474 6.498154665 1.834483095 -0.721874340 -0.051141319 0.013896410 0.689991951
3181.865185920 1.864733402 6.512779059 1.824801797 -0.724710114 -0.052112693 0.015676314 0.686901573
3181.896204480 1.929438916 6.696797354 1.841534891 -0.727429105 -0.050694752 0.016894257 0.684099060
3181.959052448 1.918133082 6.899875912 1.840928898 -0.721319682 -0.051095951 0.017735710 0.690487194
3181.990504544 1.918146676 6.899759544 1.840381159 -0.721027263 -0.051199672 0.017759099 0.690784260
3182.024062496 2.022470935 7.266828938 1.922060056 -0.721653697 -0.052724794 0.020674551 0.689933765
3182.087102496 2.008748920 7.488112933 1.921756787 -0.721474740 -0.048885246 0.022475225 0.690347229
3182.150089696 1.989411690 7.702186052 1.925053239 -0.717814651 -0.053343464 0.017204992 0.693974488
3182.212976224 1.978179621 7.923949792 1.916907446 -0.723303973 -0.046637664 0.025155193 0.688493651
3182.276009920 1.960769056 8.145501209 1.910935471 -0.720897355 -0.051225659 0.022587549 0.690776909
3182.339064704 1.934396202 8.368414563 1.912282182 -0.724155331 -0.060896436 0.009479119 0.686877592
3182.402909952 1.918987129 8.593488840 1.910308925 -0.717943300 -0.056997111 0.018598184 0.693514855
3182.466213760 1.899358725 8.812966835 1.910549504 -0.716881502 -0.063497241 0.022012478 0.693948458
3182.497625056 1.899835514 8.812826985 1.910306308 -0.716688572 -0.063791943 0.022193128 0.694114935
3182.529389408 1.983035568 9.139449766 1.986654695 -0.717601408 -0.064750537 0.022593147 0.693069359
3182.592672448 1.970534705 9.370079058 1.980948985 -0.716356144 -0.049089708 0.031833570 0.695277426
3182.656377184 1.938824675 9.612445801 1.974895132 -0.725468023 -0.061444235 0.008888903 0.685450028
3182.719312704 1.923345707 9.837584748 1.986422291 -0.717417707 -0.050434892 0.016091643 0.694628832
3182.783220352 1.906457685 10.067042544 1.978864390 -0.712546023 -0.052709347 0.014795085 0.699486237
3182.845975584 1.887085258 10.306555365 1.978248944 -0.713292923 -0.050557822 0.016945834 0.698834709
3182.909466496 1.865282665 10.535056914 1.978463579 -0.716093160 -0.049189985 0.008233394 0.696220614
3182.983541184 1.845564147 10.815609350 1.981591718 -0.717297180 -0.047806720 0.001502605 0.695123741
3183.024023840 1.846073264 10.815502822 1.981265944 -0.717085409 -0.048138360 0.001704779 0.695318854
3183.055656512 1.889967786 11.060367877 2.011831482 -0.717213989 -0.048743646 0.001343507 0.695144838
3183.118858688 1.865275930 11.325783734 2.007927741 -0.712915931 -0.042777986 -0.006785994 0.699910615
3183.151263488 1.845051686 11.398710464 2.010191887 -0.718056571 -0.041265384 -0.007216728 0.694722857
3183.183101376 1.891193007 11.477257389 2.025124189 -0.722064446 -0.038040153 -0.006818020 0.690745537
3183.248541696 1.884171437 11.746866523 2.032712555 -0.718462668 -0.037447786 -0.011478053 0.694461887
3183.280014944 1.884228725 11.794983262 2.026965503 -0.720085506 -0.036230274 -0.012913004 0.692818509
3183.311597248 1.888141315 11.944136156 2.037615205 -0.721802504 -0.033812617 -0.015407252 0.691100911
3183.374674496 1.882163160 12.199453155 2.024479948 -0.729035894 -0.046327408 -0.029774495 0.682256488
3183.406086112 1.882706684 12.247834221 2.022399008 -0.728716916 -0.045338315 -0.025631041 0.682831710
3183.437544768 1.919249917 12.338438573 2.037183657 -0.728468632 -0.044075633 -0.020939196 0.683339111
3183.500826016 1.951277601 12.544328964 2.028345930 -0.738118471 -0.051344250 -0.017922969 0.672475768
3183.532473120 1.926274647 12.623006921 2.016749027 -0.740872287 -0.057387153 -0.022835110 0.668800064
3183.563899072 1.954370586 12.750038835 2.015528643 -0.744633839 -0.063830369 -0.026048503 0.663903310
3183.626756064 1.940092707 13.006386126 2.007049617 -0.745073912 -0.056419791 -0.023931738 0.664160330
3183.658435936 1.942230661 13.048621746 1.996529042 -0.741609969 -0.058435787 -0.025787006 0.667783605
3183.690344512 1.968317050 13.160108459 2.000576525 -0.737739834 -0.061049544 -0.027144235 0.671770855
3183.754364128 1.991681781 13.357356156 2.004431009 -0.720910266 -0.067812034 -0.028042626 0.689132446
3183.785799296 1.985008369 13.449685356 2.002800381 -0.721011491 -0.067842547 -0.024237035 0.689167893
3183.817110624 2.008906926 13.492388054 2.029590469 -0.721940549 -0.069112279 -0.021564678 0.688157178
3183.880537120 2.008008681 13.734346319 2.014911532 -0.744257006 -0.074946664 -0.026156876 0.663159350
3183.911945632 2.005829085 13.802958622 2.008381566 -0.743207659 -0.069579641 -0.024608932 0.664977782
3183.943389696 2.007070271 13.923667536 2.026468594 -0.741802237 -0.063065895 -0.022827855 0.667256340
3184.006029760 2.001577081 14.182365445 2.027502466 -0.724994534 -0.051126647 -0.019231518 0.686585130
3184.037299136 1.983564349 14.247188187 2.007952478 -0.727370356 -0.046077169 -0.015331109 0.684524811
3184.069014784 2.024915965 14.386924203 2.038739468 -0.729567847 -0.040696193 -0.011778820 0.682594928
3184.132742240 2.025895690 14.651282956 2.036105852 -0.722838705 -0.042518504 -0.022045700 0.689355039
3184.164526368 2.034257229 14.759087358 2.029193516 -0.728358985 -0.034457724 -0.017010748 0.684117306
3184.196073632 2.036512441 14.824249277 2.036116881 -0.734344054 -0.026627016 -0.012514954 0.678139505
3184.259539072 2.035962234 15.131473285 2.016341835 -0.731840776 -0.029222849 -0.029388913 0.680214227
3184.291222464 2.032392871 15.179618667 2.006689956 -0.731146335 -0.026904574 -0.028795829 0.681081479
3184.322777056 2.047201409 15.277216248 2.030356388 -0.730999094 -0.023775858 -0.027384756 0.681414050
3184.385284672 2.052757561 15.530440639 2.007268002 -0.744211276 -0.028499287 -0.038513217 0.666223761
3184.448576064 2.065864027 15.773088253 1.996735542 -0.740693895 -0.025262981 -0.032921976 0.670559825
3184.514345376 2.074966424 16.028754225 1.980082446 -0.738369169 -0.027486361 -0.028459762 0.673235109
3184.577088448 2.084468913 16.276962117 1.963677229 -0.739663653 -0.029211397 -0.026150602 0.671833700
3184.648625952 2.099399980 16.564747997 1.946373684 -0.744848543 -0.015722897 -0.014394307 0.666892977
3184.711483968 2.107320195 16.817022614 1.925315088 -0.742082350 -0.015263001 -0.024061435 0.669702825
3184.774777568 2.119495939 17.072037024 1.913898699 -0.740918757 -0.007440121 -0.022667482 0.671170787
3184.837383200 2.117097411 17.315214979 1.897325900 -0.728522515 -0.025476093 -0.034730211 0.683666385
3184.902229824 2.131537977 17.569473226 1.894145815 -0.727579611 -0.013011589 -0.012539642 0.685785218
3184.965511744 2.130579314 17.820820104 1.886489490 -0.723101837 -0.021843431 -0.032597780 0.689625973
3185.028629632 2.134070677 18.071828090 1.861410582 -0.740890864 -0.022934511 -0.054696868 0.669001486
3185.093317856 2.177626990 18.324624251 1.858430372 -0.751756830 0.025741802 -0.004005477 0.658925628
3185.157242944 2.182458850 18.564800128 1.844630562 -0.735105009 0.001962892 -0.026722950 0.677423543
3185.220409344 2.200422882 18.786264058 1.843795627 -0.705511998 0.002214318 -0.027088233 0.708176634
3185.284396672 2.235054728 19.042642030 1.821872194 -0.725872822 0.018719331 -0.006440405 0.687544002
3185.347055744 2.252053666 19.297207344 1.811811647 -0.745959894 0.010517728 -0.012925669 0.665782353
3185.413554400 2.267120493 19.541289471 1.802204646 -0.743278536 0.004655977 -0.019377603 0.668685164
3185.483145792 2.283311888 19.827480044 1.775790662 -0.742725406 0.002315831 -0.015922463 0.669402781
3185.546007392 2.289672975 20.080058055 1.762280411 -0.740830346 -0.005549593 -0.019454585 0.671387459
3185.609093664 2.295790174 20.330939109 1.749625586 -0.736544400 -0.010030707 -0.016947144 0.676102452
3185.675702976 2.296681473 20.597878034 1.739632036 -0.729876333 -0.020008813 -0.011068808 0.683196653
3185.738541056 2.290896549 20.853593146 1.728684855 -0.731351127 -0.028885972 -0.002212957 0.681385524
3185.801660544 2.277727667 21.110973298 1.721452098 -0.729972898 -0.040901636 0.001597693 0.682249274
3185.864876768 2.261221345 21.368947833 1.713192056 -0.727864827 -0.048380811 0.005958325 0.683985810
3185.927778880 2.244593368 21.635522101 1.702673106 -0.730243977 -0.052543121 0.008361130 0.681111625
3185.990941504 2.221999361 21.900388042 1.690580706 -0.732895150 -0.057340877 0.008289349 0.677870201
3186.055092928 2.201387223 22.174795817 1.672771259 -0.736977666 -0.055375041 0.011988712 0.673538266
3186.118383584 2.179730534 22.444372298 1.656326597 -0.740901345 -0.057966107 0.009522501 0.669039946
3186.187798688 2.162223613 22.740791375 1.636602045 -0.737403823 -0.053341079 0.013525307 0.673206801
3186.261074112 2.139495565 23.057128224 1.623607633 -0.734267891 -0.052289368 0.010480191 0.676761888
3186.326031232 2.119593017 23.334823815 1.606930127 -0.733866570 -0.055319417 0.008264874 0.676986936
3186.388941632 2.102374197 23.607932778 1.597496684 -0.730341401 -0.054245168 0.011812355 0.680822567
3186.453349088 2.081682367 23.877561210 1.585791195 -0.726016302 -0.058496081 0.009439084 0.685120020
3186.516190688 2.062709242 24.153575916 1.579356783 -0.725344060 -0.058522642 0.010933567 0.685807227
3186.580529376 2.043078498 24.434479173 1.570790965 -0.728004824 -0.058479839 0.010192626 0.682997215
3186.643255744 1.993697242 24.642505656 1.555227611 -0.726514099 -0.058042990 0.007841963 0.684650845
3186.705730720 1.981231036 24.924389253 1.542726287 -0.726936270 -0.055833581 0.005605251 0.684408395
3186.768786464 1.963372139 25.200786720 1.542132980 -0.723670767 -0.053163112 0.000408978 0.688094570
3186.832651360 1.948777439 25.479112223 1.530249223 -0.722242765 -0.051503110 -0.005409507 0.689698163
3186.896395936 1.935181010 25.766082404 1.532237499 -0.720765774 -0.050765512 -0.006306369 0.691288501
3186.959233152 1.922672081 26.042649654 1.524419451 -0.720443761 -0.051130707 -0.010401355 0.691547720
3187.022902272 1.911225717 26.319109437 1.525312697 -0.719105897 -0.048794964 -0.010845809 0.693100374
3187.086117664 1.898750148 26.601989359 1.524107706 -0.717998024 -0.051194074 -0.011875468 0.694058339
3187.149306432 1.885920962 26.880952366 1.522280729 -0.719497993 -0.052303479 -0.012077476 0.692416868
3187.212249568 1.874577795 27.159595440 1.519341671 -0.718831016 -0.052012422 -0.010850496 0.693151459
3187.283816512 1.861891761 27.473575069 1.519082674 -0.717188362 -0.054877220 -0.010230628 0.694639963
3187.346648448 1.847964400 27.751275351 1.515210457 -0.716389891 -0.054513293 -0.009125637 0.695507403
3187.409846528 1.834939322 28.035012592 1.511416313 -0.720038484 -0.056432306 -0.010140695 0.691561381
3187.473898720 1.821840598 28.308303891 1.511402085 -0.720085276 -0.053663446 -0.008682326 0.691752880
3187.537157824 1.805833004 28.592199056 1.510595167 -0.716746163 -0.054641774 -0.009761871 0.695121515
3187.599955616 1.793580670 28.868731389 1.513502867 -0.714130019 -0.052125867 -0.007953052 0.698024326
3187.664411648 1.776774994 29.147362541 1.513358355 -0.714493562 -0.052414069 -0.008790395 0.697620559
3187.727347296 1.762015509 29.432097522 1.515952701 -0.715083066 -0.051700808 -0.008177081 0.697077019
3187.790675136 1.749355709 29.709302676 1.517341382 -0.715275530 -0.051819442 -0.008639890 0.696865133
3187.863544864 1.736177325 30.029212634 1.517808753 -0.716208280 -0.052012208 -0.007054660 0.695909952
3187.926977152 1.722813150 30.305372115 1.519083116 -0.716219494 -0.052822561 -0.006819625 0.695839713
3187.991017440 1.705952787 30.586387810 1.521377196 -0.714198593 -0.054579904 -0.007860751 0.697767592
3188.054585024 1.690315266 30.865252558 1.519635367 -0.716777553 -0.054457422 -0.007794053 0.695128463
3188.117952480 1.672677889 31.141646483 1.521049872 -0.717189301 -0.053840133 -0.010038626 0.694722946
3188.184963776 1.657342125 31.429154169 1.519271795 -0.716563102 -0.053006046 -0.011252443 0.695414310
3188.249933504 1.643087700 31.724554191 1.521517727 -0.716821874 -0.052650196 -0.011149873 0.695176264
3188.313209568 1.630629980 31.998816812 1.520303959 -0.713909313 -0.053472027 -0.011627504 0.698096724
3188.375876512 1.617181044 32.275050605 1.524408938 -0.715396664 -0.052910393 -0.011443399 0.696618369
3188.441360512 1.605858400 32.555157412 1.521869365 -0.717124957 -0.050519948 -0.011864097 0.695009909
3188.504268032 1.593907238 32.834469236 1.526817064 -0.715686706 -0.050009080 -0.012802166 0.696511117
3188.567017024 1.586798689 33.109383292 1.526217292 -0.714741179 -0.047857147 -0.011114304 0.697661245
3188.631727776 1.573977297 33.389839720 1.530391505 -0.714844504 -0.048241798 -0.013261981 0.697491350
3188.698032384 1.565844998 33.679377671 1.533345800 -0.711545437 -0.044339311 -0.011870505 0.701139222
3188.765194496 1.557420848 33.971723016 1.540663281 -0.708392091 -0.042250234 -0.013034708 0.704432864
3188.828185696 1.552585892 34.249061462 1.544606468 -0.709659032 -0.038503016 -0.014054840 0.703352001
3188.891911552 1.550494667 34.525641028 1.554398045 -0.708676593 -0.034418344 -0.016866820 0.704491572
3188.955990816 1.552315182 34.803588515 1.561306033 -0.708594428 -0.028588446 -0.017879466 0.704809877
3189.019970336 1.555680461 35.081771031 1.568133895 -0.709122605 -0.024944151 -0.018790524 0.704393240
3189.083909632 1.558213691 35.358599473 1.577270104 -0.707680187 -0.021992556 -0.020394258 0.705895994
3189.146679008 1.564399073 35.627769454 1.585527565 -0.706380498 -0.019876891 -0.020630050 0.707252361
3189.210633344 1.570170557 35.901549264 1.596066803 -0.705925898 -0.018639354 -0.023932484 0.707635808
3189.274389216 1.578899573 36.169918939 1.603599532 -0.705966433 -0.014776579 -0.025109669 0.707645782
3189.337353824 1.587675134 36.439253335 1.621596133 -0.701197212 -0.014690812 -0.027812228 0.712273213
3189.402176800 1.598819476 36.707772766 1.631419419 -0.698830739 -0.010688930 -0.025844113 0.714740111
3189.473816960 1.612425911 37.006377960 1.651859872 -0.700417332 -0.010527443 -0.025648342 0.713194852
3189.536786272 1.623401327 37.267106030 1.661918795 -0.695691672 -0.010901372 -0.030282931 0.717619120
3189.600071168 1.635056246 37.525447922 1.683280598 -0.692686208 -0.013469714 -0.031833114 0.720410325
3189.663056896 1.650236101 37.782866776 1.698602121 -0.693150398 -0.011186675 -0.028214583 0.720153679
3189.694965088 1.683246089 37.997464929 1.729521793 -0.693877299 -0.010682138 -0.031956770 0.719304491
3189.726494848 1.625603925 37.829539422 1.683382866 -0.696228038 -0.010282269 -0.035877750 0.716849762
3189.790929920 1.636805210 38.099288140 1.693076079 -0.710870077 -0.011455660 -0.039308609 0.702130568
3189.854928448 1.653414791 38.346440510 1.709394023 -0.697439743 -0.009419890 -0.034177010 0.715766025
3189.919002848 1.664411018 38.603065057 1.720213539 -0.698386153 -0.016326462 -0.040700835 0.714376421
3189.983152992 1.679782054 38.858404868 1.733726677 -0.702403832 -0.015518118 -0.036479757 0.710673815
3190.045853120 1.688359852 39.103874536 1.750405811 -0.700965613 -0.020737730 -0.039263545 0.711811443
3190.108972576 1.700684027 39.349078035 1.760467009 -0.697396004 -0.019700080 -0.036957583 0.715461290
3190.172194784 1.712466566 39.587966166 1.786140734 -0.687047746 -0.015940641 -0.035657727 0.725561726
3190.235188064 1.742731293 39.773963152 1.812628409 -0.680645450 -0.018182575 -0.044117375 0.731057332
3190.298337248 1.794523890 39.951135374 1.836831675 -0.694559537 -0.016590385 -0.041889840 0.718023015
3190.361873472 1.778435626 40.098503657 1.848235412 -0.719040910 -0.018050258 -0.051385406 0.692830353
3190.393324608 1.785113556 39.864535228 1.834562006 -0.724150898 -0.021384949 -0.057604385 0.686898752
3190.425592384 1.773569514 40.502758383 1.894221061 -0.730815255 -0.026478117 -0.059875300 0.679428378
3190.490436096 1.753045043 40.636607713 1.901155437 -0.728566215 -0.001412408 -0.050798189 0.683087710
3190.523115968 1.871478673 40.331216931 1.856409754 -0.724915397 0.003192294 -0.062236619 0.686013177
3190.555707008 1.576832056 40.953626030 1.967777656 -0.723234043 0.005248499 -0.072994559 0.686714473
3190.618959488 1.720528994 41.050063595 1.976878345 -0.718437573 0.014095383 -0.066215565 0.692289154
3190.650949696 1.763312541 40.760247493 1.894602157 -0.719138502 0.003397442 -0.057999988 0.692433588
3190.682866816 1.832574366 41.565692431 2.038630683 -0.723661694 0.007142152 -0.063177004 0.687220058
3190.745899136 1.798345536 41.742385933 2.053830947 -0.733110603 0.012742887 -0.072118003 0.676154905
3190.777390208 1.844529117 41.717568480 2.057545502 -0.733476741 0.007336444 -0.069545891 0.676107548
3190.808926272 1.513965744 41.879075832 2.135914570 -0.735506599 0.013934030 -0.075871679 0.673111710
3190.876038208 1.584313488 42.160941043 2.141112241 -0.725757090 0.025588885 -0.066321289 0.684268473
3190.910197888 1.736010360 42.048496976 2.095963595 -0.709856213 0.016290688 -0.063933186 0.701249826
3190.942511840 1.575793807 42.646891664 2.193065228 -0.696843395 0.022154522 -0.075171895 0.712928921
3191.005425280 1.519973047 42.902270602 2.254334065 -0.663384238 0.039611638 -0.068484358 0.744084782
3191.048144032 1.561794157 42.838034455 2.224805265 -0.670215940 0.042092564 -0.070635715 0.737597048
3191.079733568 1.409082404 43.209670138 2.322597288 -0.678402633 0.044078180 -0.071726185 0.729850900
3191.143135968 1.471043333 43.344466151 2.325962776 -0.698337127 0.048952241 -0.075800556 0.710058597
3191.175074528 1.569717151 43.241098254 2.267678944 -0.704799581 0.051274223 -0.078607657 0.703170919
3191.206525376 1.447712886 43.543320776 2.371551562 -0.709476945 0.055801777 -0.082763017 0.697623759
3191.269532448 1.503473876 43.589305719 2.342530718 -0.697988199 0.060172044 -0.101241843 0.706358187
3191.301289120 1.591855137 43.561707934 2.294266788 -0.697580928 0.067048943 -0.099425184 0.706399264
3191.332837888 1.554447669 43.792811821 2.371026830 -0.696562898 0.075782338 -0.100835593 0.706320996
3191.395927584 1.602215462 43.924280713 2.388182307 -0.692374777 0.086756838 -0.114413458 0.707106767
3191.427593024 1.601949266 43.924285448 2.387910930 -0.692229673 0.086953866 -0.114437715 0.707220697
3191.523048448 1.649939377 44.074385535 2.398276735 -0.692145013 0.092695767 -0.119565656 0.705724330
3191.554613280 1.697779567 44.224486071 2.408714259 -0.692047249 0.098479708 -0.124701372 0.704146235
3191.585919104 1.515819750 44.215411904 2.445861367 -0.688542868 0.107700538 -0.128426534 0.705560726
3191.649311040 1.680662970 44.495165763 2.465082795 -0.680294711 0.106198187 -0.138907409 0.711776498
3191.681072768 1.768518672 44.568130891 2.456171694 -0.674646229 0.107855745 -0.138088769 0.717043301
3191.713173984 1.717874806 44.407958271 2.483215282 -0.673228272 0.106951356 -0.143185319 0.717511718
3191.776405568 1.853827579 44.753151881 2.485113934 -0.692422834 0.121583248 -0.154609490 0.694164273
3191.807596000 1.895676994 44.872078439 2.482867357 -0.689202358 0.121515252 -0.160062785 0.696142268
3191.839030464 1.436217333 44.469726795 2.566929155 -0.691417377 0.123328715 -0.161471913 0.693295652
3191.901820800 1.533033752 44.674670399 2.574828492 -0.700669057 0.133534527 -0.166658064 0.680776389
3191.964836832 1.632101123 44.872092487 2.577052701 -0.692087978 0.136142867 -0.179134977 0.685849845
3192.027392192 1.742530923 45.072977359 2.582691818 -0.697289065 0.148655160 -0.183531318 0.676761301
3192.090489600 1.960849455 45.269385943 2.651715694 -0.675815987 0.172358852 -0.191852749 0.690476430
3192.154739840 1.970065400 45.362528685 2.700030597 -0.667946433 0.188450750 -0.204060684 0.690429660
3192.186247584 2.015327166 45.510619500 2.728591231 -0.671845914 0.187338161 -0.210623487 0.684956369
3192.217585728 2.033634812 45.366093587 2.685129447 -0.676299745 0.188492690 -0.217532982 0.678062359
3192.280807616 2.152624089 45.486968951 2.729791270 -0.662626946 0.205701152 -0.201341474 0.691429084
3192.344551296 2.364056176 45.671144553 2.808040385 -0.660247146 0.171764101 -0.227549988 0.694832212
3192.407520544 2.496880681 45.835977992 2.815942991 -0.655840423 0.196767528 -0.207100249 0.698759877
3192.470497472 2.626186175 46.022589523 2.804456657 -0.684613808 0.200345125 -0.207240394 0.669490242
3192.533889856 2.740049592 46.189412345 2.831661773 -0.682601046 0.198900191 -0.217096445 0.668852494
3192.565237952 2.740075940 46.189439202 2.831773307 -0.682623961 0.198953106 -0.217032720 0.668834052
3192.669407680 2.837748452 46.299412788 2.863006949 -0.682869745 0.199137739 -0.216375741 0.668741064
3192.732382816 2.957278965 46.459417856 2.879771175 -0.680621778 0.203630572 -0.202536167 0.673993833
3192.795141664 3.072801882 46.626043447 2.883749339 -0.678508658 0.198642042 -0.204612990 0.676979220
3192.857876928 3.184430171 46.799574762 2.885110082 -0.687282799 0.191338869 -0.214439569 0.667118777
3192.921004928 3.297153639 46.966738894 2.889494343 -0.685617175 0.189189089 -0.211384023 0.670412837
3192.985239808 3.421141137 47.138450234 2.895211551 -0.688094447 0.195953175 -0.190235648 0.672263924
3193.048453536 3.516067849 47.307323245 2.903501596 -0.683274651 0.171553178 -0.212716977 0.677094341
3193.080271712 3.516107760 47.306704656 2.903633299 -0.683283581 0.171523551 -0.212683060 0.677103490
3193.175605024 3.930425267 47.465076942 3.108728738 -0.676964441 0.178234225 -0.180860607 0.690826424
3193.238735744 4.029932300 47.648871977 3.113303371 -0.691709262 0.166953267 -0.183535064 0.678218094
3193.302055200 4.131821044 47.809651311 3.122515519 -0.678039734 0.168389351 -0.173904018 0.694020560
3193.365237408 4.237013061 47.985939028 3.135226774 -0.675959366 0.174551617 -0.171153689 0.695210100
3193.427967392 4.315255121 48.163487724 3.142482860 -0.662929847 0.152975339 -0.189132141 0.708061860
3193.459769408 4.410876953 48.247858704 3.163103321 -0.669624899 0.154561456 -0.178121954 0.704262607
3193.564171072 4.506689328 48.332721546 3.183569085 -0.676197954 0.156166066 -0.167043631 0.700332001
3193.595321984 4.376314714 48.308557063 3.047706183 -0.686915928 0.156042715 -0.166401227 0.690005660
3193.627059008 4.738603652 48.540148823 3.309875531 -0.689013573 0.158854323 -0.174245455 0.685320452
3193.690202496 4.852401344 48.708291812 3.371662661 -0.669626825 0.157593314 -0.185188676 0.701761652
3193.721969248 4.850026621 48.498729690 3.253022004 -0.675169019 0.170957571 -0.187885903 0.692545444
3193.753506432 5.082542611 49.044046858 3.532730164 -0.680582361 0.174388394 -0.181548296 0.688067260
3193.816139584 5.260314555 49.157590167 3.562378705 -0.677076985 0.173458729 -0.165210777 0.695833475
3193.847636320 5.037173673 48.808697551 3.313330703 -0.678068144 0.168917420 -0.165221463 0.695983021
3193.879201888 5.499839013 49.497638467 3.779809901 -0.686537500 0.166820087 -0.167679534 0.687547012
3193.943164800 5.548918479 49.533577017 3.764457229 -0.689053505 0.170779236 -0.159827136 0.685926386
3193.974503072 5.838117227 49.406387962 3.693135236 -0.682611720 0.191080545 -0.171186446 0.684269439
3194.005663776 5.563947872 49.849176930 3.901715167 -0.679432178 0.175042996 -0.168553910 0.692330445
3194.068903168 5.484181618 49.877219502 3.753843683 -0.686412759 0.158052761 -0.161803968 0.691141320
3194.100729600 5.226360442 49.738673856 3.578780983 -0.684503577 0.138620484 -0.172588854 0.694587865
3194.132776928 5.875724043 50.193418562 4.102133996 -0.683676495 0.140438382 -0.183061738 0.692352447
3194.195733408 5.953587093 50.253320700 4.079016680 -0.685149013 0.164951196 -0.165033403 0.690018774
3194.239527168 5.911205832 50.316968599 4.131421094 -0.684849816 0.160869457 -0.161357791 0.692145512
3194.271260160 6.128975590 50.358151882 4.079249337 -0.684769575 0.162280634 -0.160198872 0.692164682
3194.334795104 6.301691580 50.496558110 4.137820861 -0.688496532 0.139947446 -0.183737414 0.687479310
3194.366684480 6.127808815 50.355508585 4.071483342 -0.700203255 0.124376271 -0.156570913 0.685369604
3194.398107456 6.510641350 50.544603447 4.197935638 -0.697478347 0.139394133 -0.150096998 0.686705266
3194.461563520 6.484505633 50.720936834 4.190545923 -0.688035311 0.125753739 -0.162852326 0.695896924
3194.493166528 6.278603364 50.645539695 4.081929518 -0.689688945 0.120840079 -0.154402630 0.697055709
3194.525069088 6.750709481 50.928656200 4.281743778 -0.691157931 0.122431571 -0.160537715 0.693930016
3194.589017760 6.885558019 51.027545040 4.282964747 -0.710571876 0.131174032 -0.156816680 0.673267786
3194.623354784 6.417476648 50.943474288 4.097552013 -0.711012449 0.123734105 -0.154136225 0.674828269
3194.655088288 7.259853755 51.133817675 4.419154426 -0.708916897 0.123259957 -0.149913174 0.678063313
3194.744237728 7.218223872 51.219482994 4.379584350 -0.710853567 0.125077148 -0.156536451 0.674195263
3194.782504992 7.417144210 50.960850754 4.241711747 -0.713873159 0.135785765 -0.155352006 0.669188384
3194.814518208 7.068670117 51.526873373 4.488139109 -0.716211416 0.135808479 -0.157293902 0.666225107
3194.878215520 7.312046738 51.434962802 4.445996315 -0.712593648 0.110907431 -0.172064580 0.671046657
3194.914643040 7.270514883 51.250865101 4.274577451 -0.714692306 0.099403734 -0.171889251 0.670662278
3194.946689888 7.545738706 51.389585356 4.527041738 -0.717001383 0.106006581 -0.166135315 0.668633441
3195.020025248 7.338759075 51.434076519 4.435671102 -0.711627462 0.115210211 -0.162115615 0.673818588
3195.051297056 7.496239150 51.381001079 4.329096227 -0.714664120 0.117556632 -0.164608146 0.669581804
3195.083211776 7.090700038 51.455561650 4.476030768 -0.717680611 0.121676618 -0.168577690 0.664613349
3195.146148608 7.294132559 51.469192937 4.419298454 -0.716542574 0.122361660 -0.166609095 0.666210007
3195.178556416 7.408318724 51.442847837 4.372209459 -0.718552287 0.123604980 -0.164142476 0.664425817
3195.273282528 7.300650253 51.488787251 4.421388750 -0.716015767 0.123681713 -0.162930589 0.667441292
3195.304679840 7.535224950 51.441324742 4.330279417 -0.715253587 0.128690677 -0.159655555 0.668102627
3195.400022240 6.955947717 51.533290162 4.487080173 -0.715084619 0.127527289 -0.165338351 0.667123683
3195.463197280 7.290216393 51.552036928 4.502510030 -0.714408607 0.120202301 -0.164937909 0.669303545
3195.525867936 7.306866906 51.495354662 4.426828294 -0.714055978 0.115980790 -0.164578330 0.670512110
3195.557155392 7.205326151 51.372930287 4.250735204 -0.713106619 0.103810741 -0.165276874 0.673339316
3195.588618208 7.582532569 51.685413372 4.633661942 -0.715751743 0.111262965 -0.163660038 0.669727845
3195.651748384 7.442385050 51.582428552 4.530157395 -0.715585267 0.114235012 -0.164362750 0.669233124
3195.683306016 7.752232270 51.710080247 4.635429413 -0.714082064 0.095224888 -0.167938909 0.672915707
3195.778514176 7.200020935 51.538089932 4.599697863 -0.716270244 0.106414518 -0.166621161 0.669231108
3195.842186560 7.376558427 51.558101317 4.562144648 -0.717459844 0.109169211 -0.165667712 0.667748204
3195.928953408 7.493893627 51.560925770 4.563060597 -0.717547561 0.106100701 -0.163598398 0.668658136
3195.960360832 7.666861858 51.542165827 4.606325384 -0.718581242 0.096183667 -0.161046248 0.669666937
3195.991863840 7.399662018 51.713360985 4.539888316 -0.716748406 0.107691132 -0.165254537 0.668853706
3196.054778592 7.461653747 51.673906814 4.564485295 -0.715790840 0.110380226 -0.165543524 0.669369122
3196.086397440 7.568771038 51.665273778 4.583907781 -0.714862188 0.103997648 -0.165038542 0.671504893
3196.181684864 7.491613361 51.612554798 4.554537989 -0.715850498 0.107906888 -0.164532689 0.669957583
3196.213688448 7.534784501 51.181851509 4.387626603 -0.717314539 0.102527079 -0.162928186 0.669628596
3196.245456896 7.445643195 51.902677650 4.636973972 -0.716058123 0.110876750 -0.166006620 0.668886322
3196.309229760 7.446608762 51.763131653 4.544266256 -0.714406875 0.114384024 -0.166041069 0.670051846
3196.340957024 7.268979240 51.772170031 4.463726933 -0.711022935 0.121338754 -0.167903000 0.671961215
3196.372928864 7.571745449 51.685875913 4.601156670 -0.715473502 0.114251489 -0.164427787 0.669333824
3196.436243488 7.539326570 51.574890721 4.531663263 -0.715982213 0.111297196 -0.164461476 0.669279335
3196.468235648 7.625070095 51.467786453 4.465932037 -0.716500993 0.103152916 -0.164848429 0.669933429
3196.500147456 7.407859011 51.791700786 4.598061116 -0.716179611 0.112424641 -0.166915424 0.668271432
3196.563954496 7.507528199 51.708773547 4.543719857 -0.715252700 0.114462139 -0.165961694 0.669155222
3196.595240544 7.668072896 51.576415119 4.492109305 -0.714544137 0.114710893 -0.166763418 0.669670105
3196.626809216 7.295071758 51.784889114 4.549587968 -0.714797868 0.116886084 -0.167908693 0.668736362
3196.690522368 7.384113996 51.751510420 4.526365799 -0.714479862 0.115600904 -0.166927001 0.669544871
3196.724593536 7.238751061 51.814327458 4.509233545 -0.713259025 0.118190250 -0.168374923 0.670031726
3196.772811936 7.587614232 51.568994394 4.527144745 -0.714704587 0.111758037 -0.163669207 0.670760677
3196.840050048 7.471091122 51.743077716 4.522051420 -0.714105617 0.112739359 -0.165148080 0.670871907
3196.873184256 7.378248179 51.890609075 4.519259045 -0.714478801 0.105914670 -0.159848354 0.672867468
3196.904745376 7.463949692 51.485021506 4.478112307 -0.714893691 0.109568303 -0.163389579 0.670988556
3196.968408096 7.423971173 51.645288479 4.454025307 -0.714683295 0.112466104 -0.165902706 0.670116002
3196.999904224 7.431178435 51.709135772 4.361010019 -0.716268690 0.111549065 -0.167027468 0.668294691
3197.031293824 7.434588638 51.704330889 4.576812077 -0.716238317 0.112829592 -0.167190611 0.668071445
3197.094791104 7.362673780 51.733481052 4.533950810 -0.715651332 0.113479613 -0.167534724 0.668504049
3197.129660256 7.272898178 51.738522748 4.499222881 -0.715083455 0.110249435 -0.168398793 0.669434508
3197.161831328 7.542879981 51.695769327 4.569685558 -0.715649413 0.111918979 -0.167068198 0.668885848
3197.226142496 7.374643565 51.787013415 4.530669490 -0.714406494 0.116440951 -0.170196629 0.668653852
3197.257509152 7.355165097 51.576149364 4.570993553 -0.713895836 0.119173455 -0.174533250 0.667599107
3197.288994400 7.341870225 52.011791742 4.467931102 -0.712741871 0.118267373 -0.172846288 0.669429618
3197.352393280 7.393276622 51.804143542 4.495517809 -0.713923023 0.115564478 -0.168435939 0.669767201
3197.383758688 7.455702553 51.640932618 4.503014192 -0.714599136 0.110683635 -0.167130580 0.670197417
3197.415104896 7.239751112 51.858626265 4.551680234 -0.714409519 0.119447572 -0.172761610 0.667461417
3197.478581952 7.375659151 51.773735310 4.552968693 -0.714128460 0.117513496 -0.169392524 0.668967334
3197.518888576 7.496450904 51.708858708 4.584855369 -0.712733012 0.118407893 -0.168315642 0.670567721
3197.550526560 7.282968204 51.871954877 4.488177892 -0.713449047 0.118231906 -0.168757727 0.669725693
3197.613586464 7.385517749 51.799308036 4.511364649 -0.713879368 0.117456604 -0.169906376 0.669112858
3197.645251904 7.493203292 51.746204766 4.517162793 -0.714843650 0.118703706 -0.172676898 0.667151163
3197.739838592 7.463866399 51.802661734 4.522957179 -0.714518861 0.121611883 -0.175697563 0.666185945
3197.771229344 7.657566353 51.802128469 4.498872304 -0.715593418 0.126401480 -0.181486305 0.662579390
3197.802594080 6.979753849 51.732781198 4.570943926 -0.715013134 0.125450857 -0.177491866 0.664465904
3197.865539712 7.159656195 51.817369316 4.549986950 -0.714288479 0.120827141 -0.173417189 0.667172579
3197.928730528 7.261477079 51.853856797 4.524270020 -0.714392012 0.118795438 -0.170660085 0.668136837
3197.991721184 7.349668512 51.804065092 4.521758863 -0.714021086 0.118161924 -0.169129428 0.669034293
3198.024407232 7.505451200 51.688756965 4.549316619 -0.714294310 0.117311562 -0.167784017 0.669231021
3198.056994688 7.190536062 51.995250712 4.465321239 -0.712391063 0.120448847 -0.169253154 0.670331574
3198.120606272 7.269181800 51.946685319 4.501649440 -0.712583919 0.119497784 -0.167186381 0.670815289
3198.151934720 7.575688436 51.645094359 4.483154979 -0.718427906 0.105065285 -0.171923703 0.665781398
3198.183275776 7.317611639 51.989154588 4.629478825 -0.715942941 0.116182885 -0.169032034 0.667349544
3198.246510208 7.318679108 51.906452902 4.550040371 -0.714348101 0.117242598 -0.168122298 0.669100782
3198.278108768 7.361771500 51.784257018 4.517443155 -0.715684299 0.112148750 -0.168254955 0.668512463
3198.309552960 7.376336189 51.876454196 4.455852751 -0.713542209 0.116458032 -0.167730423 0.670195157
3198.372818368 7.412027497 51.855658918 4.483539799 -0.713248351 0.117019905 -0.165726024 0.670908352
3198.404204992 7.584921393 51.744450485 4.494761080 -0.713855524 0.113415816 -0.159592912 0.672366898
3198.435661952 7.197792520 51.916809248 4.533407983 -0.713734779 0.118936696 -0.168427748 0.669379430
3198.498713472 7.246016171 51.915198794 4.546586152 -0.714570666 0.117205912 -0.168589730 0.668751852
3198.530098464 7.267705505 51.845926117 4.419238640 -0.716078937 0.112746149 -0.170617875 0.667389544
3198.561536928 7.208142597 51.877104051 4.681825194 -0.716907806 0.115875402 -0.168961323 0.666384394
3198.624699488 7.202842855 51.869425984 4.564008963 -0.715624273 0.115515719 -0.168900425 0.667840299
3198.656266944 7.157389984 51.817936372 4.458559288 -0.715423883 0.112981317 -0.167240383 0.668905482
3198.687690464 7.383141260 51.892972472 4.614118073 -0.715621510 0.115117153 -0.167521384 0.668259292
3198.751051296 7.296481900 51.882383496 4.552004820 -0.714085318 0.117635746 -0.167673447 0.669424832
3198.782710176 7.224925545 51.727158651 4.533810499 -0.714731493 0.115502188 -0.167584448 0.669128978
3198.814254272 7.296995628 51.966477197 4.541646570 -0.713797855 0.117686990 -0.168385035 0.669543781
3198.877146496 7.244375799 51.875463774 4.546056387 -0.713832969 0.118189730 -0.168252173 0.669451183
3198.908743296 7.276334730 51.649877289 4.585467225 -0.712852653 0.117749403 -0.168655099 0.670471201
3198.940858176 7.196275993 52.111644534 4.500742812 -0.713249043 0.119101479 -0.170261459 0.669403971
3199.003785312 7.215609900 51.977792458 4.498727550 -0.713275755 0.118841664 -0.169145396 0.669704555
3199.035156864 7.207964002 51.748197752 4.367538896 -0.713537007 0.116452250 -0.168767445 0.669941313
3199.066474176 7.226814263 52.157436830 4.590682314 -0.714184658 0.119181979 -0.170181998 0.668411564
3199.143449824 7.219112381 52.126233689 4.548090700 -0.713869012 0.118907742 -0.170092087 0.668820353
3199.174524224 7.227337315 52.035336544 4.608659469 -0.714316456 0.118076400 -0.168840126 0.668807129
3199.206041216 7.249965590 52.128565358 4.526885813 -0.713103640 0.118393360 -0.169595565 0.669853384
3199.269723872 7.245828802 52.083717858 4.559602093 -0.713756132 0.118234689 -0.169283503 0.669265148
3199.301693984 7.270277309 51.994999269 4.606283315 -0.714437351 0.117218903 -0.168520735 0.668909382
3199.333263168 7.169041864 52.228094033 4.520388175 -0.713247479 0.119729071 -0.171010825 0.669102594
3199.396823200 7.216612559 52.129293249 4.551659547 -0.713626209 0.119060962 -0.170125207 0.669043747
3199.428805728 7.243433774 52.061810407 4.579432629 -0.713776262 0.117748438 -0.169220377 0.669345365
