2923.671496256 0.000000000 0.000000000 0.000000000 -0.000000000 -0.000000000 -0.000000000 1.000000000
2923.735467552 -0.009660416 -0.007862166 0.294847101 0.012420118 -0.016282855 -0.023809003 0.999506772
2923.804139424 -0.126003876 -0.055212379 0.536936820 0.021230547 -0.028486772 -0.051490318 0.998041391
2923.865018784 -0.028607681 -0.010757495 0.863719463 -0.020010697 -0.046036109 -0.031754963 0.998234391
2923.926206944 -0.049338434 -0.018769730 1.121421814 -0.017977174 -0.059474409 -0.033149339 0.997517347
2923.990379488 -0.072223440 -0.009644903 1.380531430 -0.027703082 -0.068554342 -0.035207003 0.996641099
2924.054639904 -0.061976328 -0.020192321 1.481036782 -0.037731357 -0.076631539 -0.035855778 0.995700002
2924.115007232 -0.132470906 0.007604413 1.873657942 -0.044690620 -0.077065170 -0.043209668 0.995086253
2924.175961952 -0.158181503 0.018902168 2.128985167 -0.042231314 -0.078423515 -0.034008235 0.995444477
2924.240845984 -0.217718855 0.043144509 2.388080835 -0.029013105 -0.076294661 -0.036876012 0.995980680
2924.308400768 -0.260445893 0.048379347 2.654387712 -0.025887651 -0.076609872 -0.033964790 0.996146142
2924.365915808 -0.287929624 0.043582570 2.875614643 -0.025891909 -0.079641417 -0.042942554 0.995561540
2924.426269056 -0.315281868 0.032776535 3.080011845 -0.026623320 -0.081241198 -0.061669014 0.994428456
2924.426269056 -0.315281868 0.032776535 3.080011845 -0.026623320 -0.081241198 -0.061669014 0.994428456
2924.426269056 -0.315281868 0.032776535 3.080011845 -0.026623320 -0.081241198 -0.061669014 0.994428456
2924.615829856 -0.420399189 0.166331023 3.535548449 -0.022803668 -0.089440867 -0.033567179 0.995165110
2924.680761600 -0.467118502 0.174674585 3.802302361 -0.030201433 -0.089422338 -0.046284471 0.994459271
2924.748790208 -0.513872087 0.183270365 4.060266495 -0.030269507 -0.089211904 -0.044192765 0.994571269
2924.808950432 -0.554457545 0.190162882 4.299091339 -0.025827909 -0.091191165 -0.059342001 0.993728161
2924.869466272 -0.593056023 0.191630453 4.527988434 -0.021511162 -0.092803881 -0.074383594 0.992669046
2924.930597600 -0.633570790 0.182780534 4.845197201 -0.014960198 -0.090389617 -0.054173663 0.994319439
2924.995412864 -0.673146904 0.195582539 5.112159729 -0.023312740 -0.093395792 -0.044777159 0.994348407
2925.058777984 -0.719558239 0.196028829 5.361107826 -0.022417208 -0.094108798 -0.054880593 0.993795335
2925.120007680 -0.761016071 0.204006121 5.612340927 -0.025623098 -0.095279261 -0.054644510 0.993619323
2925.180458048 -0.791113853 0.213583902 5.927922249 -0.020777451 -0.096239321 -0.049705032 0.993899286
2925.245223008 -0.850880265 0.236590713 6.187232018 -0.029037604 -0.092762105 -0.053830076 0.993808031
2925.308346560 -0.938433707 0.293555498 6.532318115 -0.035734877 -0.090491466 -0.060159538 0.993436038
2925.370390816 -0.941232026 0.222798556 6.622928143 -0.019423155 -0.090654075 -0.049032465 0.994485021
2925.433513728 -0.976895392 0.218184620 6.853818417 -0.026951479 -0.087098561 -0.044702213 0.994831264
2925.495772768 -1.003340006 0.216662616 7.057930946 -0.020583620 -0.083654262 -0.053195197 0.994861066
2925.558381280 -0.672417343 0.303423256 7.035448551 -0.033437386 -0.087105535 -0.048210725 0.994469941
2925.620359552 -1.022915483 0.173654705 7.132453442 -0.032415628 -0.080779456 -0.060586393 0.994360745
2925.679894432 -1.157838106 0.174627215 7.403849602 -0.033386156 -0.073875278 -0.057177544 0.995067179
2925.745842752 -1.183652163 0.222102419 7.697461605 -0.037372202 -0.066980295 -0.064144693 0.994988739
2925.807956224 -1.199150443 0.271966398 8.097013474 -0.034234293 -0.062002741 -0.051837549 0.996140838
2925.872837952 -1.241946697 0.263552397 8.471358299 -0.037043784 -0.059416786 -0.057726208 0.995874047
2925.932356928 -1.237836361 0.347305387 8.778616905 -0.033858772 -0.059741743 -0.056704406 0.996026754
2925.995953600 -1.258919001 0.308496207 9.142827034 -0.038871098 -0.064312413 -0.055218481 0.995642424
2926.059029312 -1.243264318 0.553973258 9.042320251 -0.033488493 -0.066157758 -0.048493203 0.996067405
2926.127389536 -1.170888543 0.400933951 9.138885498 -0.032980036 -0.068453245 -0.048811749 0.995913625
2926.179605856 -1.265459895 0.254202873 9.656529427 -0.026480300 -0.070726767 -0.051596336 0.995808423
2926.246581504 -1.016002417 0.047859669 16.481336594 -0.022763787 -0.090590097 -0.104481250 0.990130782
2926.246581504 -1.016002417 0.047859669 16.481336594 -0.022763787 -0.090590097 -0.104481250 0.990130782
2926.246581504 -1.016002417 0.047859669 16.481336594 -0.022763787 -0.090590097 -0.104481250 0.990130782
2926.246581504 -1.016002417 0.047859669 16.481336594 -0.022763787 -0.090590097 -0.104481250 0.990130782
2926.246581504 -1.016002417 0.047859669 16.481336594 -0.022763787 -0.090590097 -0.104481250 0.990130782
2926.246581504 -1.016002417 0.047859669 16.481336594 -0.022763787 -0.090590097 -0.104481250 0.990130782
2926.246581504 -1.016002417 0.047859669 16.481336594 -0.022763787 -0.090590097 -0.104481250 0.990130782
2926.246581504 -1.016002417 0.047859669 16.481336594 -0.022763787 -0.090590097 -0.104481250 0.990130782
2926.246581504 -1.016002417 0.047859669 16.481336594 -0.022763787 -0.090590097 -0.104481250 0.990130782
2926.246581504 -1.016002417 0.047859669 16.481336594 -0.022763787 -0.090590097 -0.104481250 0.990130782
2926.246581504 -1.016002417 0.047859669 16.481336594 -0.022763787 -0.090590097 -0.104481250 0.990130782
2926.246581504 -1.016002417 0.047859669 16.481336594 -0.022763787 -0.090590097 -0.104481250 0.990130782
2926.246581504 -1.016002417 0.047859669 16.481336594 -0.022763787 -0.090590097 -0.104481250 0.990130782
2926.246581504 -1.016002417 0.047859669 16.481336594 -0.022763787 -0.090590097 -0.104481250 0.990130782
2926.246581504 -1.016002417 0.047859669 16.481336594 -0.022763787 -0.090590097 -0.104481250 0.990130782
2926.246581504 -1.016002417 0.047859669 16.481336594 -0.022763787 -0.090590097 -0.104481250 0.990130782
2926.246581504 -1.016002417 0.047859669 16.481336594 -0.022763787 -0.090590097 -0.104481250 0.990130782
2926.246581504 -1.016002417 0.047859669 16.481336594 -0.022763787 -0.090590097 -0.104481250 0.990130782
2926.246581504 -1.016002417 0.047859669 16.481336594 -0.022763787 -0.090590097 -0.104481250 0.990130782
2926.246581504 -1.016002417 0.047859669 16.481336594 -0.022763787 -0.090590097 -0.104481250 0.990130782
2926.246581504 -1.016002417 0.047859669 16.481336594 -0.022763787 -0.090590097 -0.104481250 0.990130782
2926.246581504 -1.016002417 0.047859669 16.481336594 -0.022763787 -0.090590097 -0.104481250 0.990130782
2926.246581504 -1.016002417 0.047859669 16.481336594 -0.022763787 -0.090590097 -0.104481250 0.990130782
2926.246581504 -1.016002417 0.047859669 16.481336594 -0.022763787 -0.090590097 -0.104481250 0.990130782
2926.246581504 -1.016002417 0.047859669 16.481336594 -0.022763787 -0.090590097 -0.104481250 0.990130782
2926.246581504 -1.016002417 0.047859669 16.481336594 -0.022763787 -0.090590097 -0.104481250 0.990130782
2926.246581504 -1.016002417 0.047859669 16.481336594 -0.022763787 -0.090590097 -0.104481250 0.990130782
2926.246581504 -1.016002417 0.047859669 16.481336594 -0.022763787 -0.090590097 -0.104481250 0.990130782
2926.246581504 -1.016002417 0.047859669 16.481336594 -0.022763787 -0.090590097 -0.104481250 0.990130782
2926.246581504 -1.016002417 0.047859669 16.481336594 -0.022763787 -0.090590097 -0.104481250 0.990130782
2926.246581504 -1.016002417 0.047859669 16.481336594 -0.022763787 -0.090590097 -0.104481250 0.990130782
2926.246581504 -1.016002417 0.047859669 16.481336594 -0.022763787 -0.090590097 -0.104481250 0.990130782
