2881.805389120 0.000000000 0.000000000 0.000000000 -0.000000000 -0.000000000 -0.000000000 1.000000000
2881.866964320 0.000028156 -0.000131432 -0.000182683 0.000001212 0.000002622 0.000024237 1.000000000
2881.931041600 0.000009881 -0.000204418 0.000078038 -0.000025840 0.000004372 0.000058035 1.000000000
2881.993979008 0.000403061 -0.000447519 0.000243031 0.000527334 -0.000267401 0.000825986 0.999999523
2882.056789600 0.001421488 -0.002018365 0.011419500 0.002860904 0.001003514 0.001051862 0.999994874
2882.116010368 0.004005827 -0.004618261 0.038572419 0.001400411 0.002052267 0.003493776 0.999990821
2882.180033056 0.004526834 -0.005457622 0.084418043 -0.001702347 0.002793724 0.000932589 0.999994218
2882.243986656 0.008882741 -0.010680527 0.147240922 0.002882462 0.000927829 0.006715208 0.999972880
2882.305616096 0.010004977 -0.013789084 0.227544904 0.004791056 -0.002694656 0.006817356 0.999961674
2882.367669920 0.012208996 -0.021259444 0.320821136 0.012261928 -0.004495157 0.009355547 0.999870956
2882.430305664 0.018171040 -0.020801898 0.437559932 0.010373124 -0.004991666 0.015488796 0.999813795
2882.494501280 0.019362777 -0.028504984 0.557466090 0.021177610 -0.005032476 0.005718567 0.999746740
2882.554796896 0.019538412 -0.032142818 0.698028743 0.024679482 -0.002602286 0.004810499 0.999680459
2882.616308448 0.017955989 -0.019287793 0.845112562 0.026729772 -0.000552265 0.001940285 0.999640703
2882.680329280 0.018851649 -0.023473039 1.016052008 0.024897536 -0.003511742 -0.002990582 0.999679387
2882.744984704 0.022082778 -0.036508024 1.188797355 0.024395298 -0.006019606 -0.005319270 0.999670148
2882.805897280 0.024136687 -0.048014387 1.363407254 0.021161091 -0.006633815 -0.010415819 0.999699831
2882.866861696 0.031757325 -0.067737781 1.543129086 0.026629502 -0.005482199 -0.003609232 0.999623835
2882.930355616 0.060887467 -0.078197710 1.742534161 0.028091429 -0.007597653 0.004934355 0.999564350
2882.993974592 0.065125212 -0.090846829 1.953968644 0.028864127 -0.005633605 0.004344186 0.999558091
2883.055365184 0.081808768 -0.165824860 2.120791912 0.019540951 -0.003153172 0.009232556 0.999761462
2883.116118272 0.081289291 -0.136787802 2.396891832 0.011141048 0.004621715 -0.002488554 0.999924183
2883.180494432 0.082053728 -0.146905541 2.598467112 0.017255148 0.004801285 -0.008608585 0.999802530
2883.243907040 0.086686224 -0.157122478 2.807647705 0.010305140 -0.003002255 -0.011804049 0.999872744
2883.305452288 0.090638004 -0.167087793 3.016148806 0.012213433 -0.012784034 -0.009599973 0.999797583
2883.369095328 0.008999284 -0.180643842 3.211459875 0.007836634 -0.010962086 -0.014768729 0.999800146
2883.430086144 -0.085901186 -0.189241543 3.401815891 0.004335211 -0.005000636 -0.015414757 0.999859273
2883.494296480 -0.122303516 -0.166296259 3.622257710 0.008411961 0.004987109 -0.003545308 0.999945939
2883.556120896 0.041557636 -0.168066442 3.605508327 0.012111564 0.011478146 -0.007438728 0.999833167
2883.615816832 0.204923257 -0.187074289 3.560963631 0.010427357 0.016596841 -0.013157932 0.999721348
2883.680529568 0.446531028 -0.329461604 3.452181816 0.003934070 0.014745766 -0.012677993 0.999803185
2883.743959104 0.582819045 -0.365554839 3.382637024 0.002862649 0.017854923 -0.016123332 0.999706507
2883.804919968 0.729647815 -0.407660902 3.341392040 -0.001138788 0.018252891 -0.022263529 0.999584854
2883.868005376 0.739785790 -0.419110417 3.574343204 0.010517342 0.016155869 -0.031554874 0.999316096
2883.931081472 0.758670390 -0.419829100 3.811391592 -0.008320373 0.011887037 -0.020429341 0.999686003
2883.998775360 0.768357038 -0.429477245 4.065053463 0.000404191 0.009304287 -0.028331608 0.999555230
2884.059786112 0.778711200 -0.438835442 4.279222965 0.006979901 0.015059478 -0.036448739 0.999197662
2884.121868064 0.795972645 -0.443726271 4.523198605 -0.003162192 0.016631201 -0.029394329 0.999424517
2884.184795808 0.812715828 -0.456106961 4.748657703 0.010590704 0.019175131 -0.029413993 0.999327242
2884.248781248 0.813521802 -0.478720486 4.960862160 0.025056211 0.022082807 -0.028564703 0.999033868
2884.316727200 0.813265979 -0.512573183 5.158988953 0.039213654 0.025232626 -0.027895054 0.998522639
2884.379082240 0.881804526 -0.492391407 5.480020523 0.003253689 0.026466092 -0.011308298 0.999580443
2884.442413632 0.902685344 -0.495645672 5.732911110 0.007177017 0.033650942 -0.022344425 0.999158084
2884.506581952 0.939851582 -0.503299296 5.988878250 0.011291712 0.034883801 -0.010527771 0.999272168
2884.566751520 0.983881652 -0.593665957 6.216987610 0.006171099 0.031956144 0.000254002 0.999470174
2884.626766048 0.297881365 0.222385556 6.464666367 0.058883183 0.033929363 0.104407057 0.992210031
2884.626766048 0.297881365 0.222385556 6.464666367 0.058883183 0.033929363 0.104407057 0.992210031
2884.626766048 0.297881365 0.222385556 6.464666367 0.058883183 0.033929363 0.104407057 0.992210031
2884.817158592 1.098273396 -0.604968011 7.235289574 0.016578445 0.036059238 -0.005015092 0.999199569
2884.876834080 1.091434598 -0.627994418 7.445913792 0.027565219 0.037809376 -0.013059561 0.998819351
2884.876834080 1.091434598 -0.627994418 7.445913792 0.027565219 0.037809376 -0.013059561 0.998819351
2884.876834080 1.091434598 -0.627994418 7.445913792 0.027565219 0.037809376 -0.013059561 0.998819351
2884.876834080 1.091434598 -0.627994418 7.445913792 0.027565219 0.037809376 -0.013059561 0.998819351
2884.876834080 1.091434598 -0.627994418 7.445913792 0.027565219 0.037809376 -0.013059561 0.998819351
2884.876834080 1.091434598 -0.627994418 7.445913792 0.027565219 0.037809376 -0.013059561 0.998819351
2884.876834080 1.091434598 -0.627994418 7.445913792 0.027565219 0.037809376 -0.013059561 0.998819351
2884.876834080 1.091434598 -0.627994418 7.445913792 0.027565219 0.037809376 -0.013059561 0.998819351
2884.876834080 1.091434598 -0.627994418 7.445913792 0.027565219 0.037809376 -0.013059561 0.998819351
2884.876834080 1.091434598 -0.627994418 7.445913792 0.027565219 0.037809376 -0.013059561 0.998819351
2884.876834080 1.091434598 -0.627994418 7.445913792 0.027565219 0.037809376 -0.013059561 0.998819351
2884.876834080 1.091434598 -0.627994418 7.445913792 0.027565219 0.037809376 -0.013059561 0.998819351
2884.876834080 1.091434598 -0.627994418 7.445913792 0.027565219 0.037809376 -0.013059561 0.998819351
2884.876834080 1.091434598 -0.627994418 7.445913792 0.027565219 0.037809376 -0.013059561 0.998819351
2884.876834080 1.091434598 -0.627994418 7.445913792 0.027565219 0.037809376 -0.013059561 0.998819351
2884.876834080 1.091434598 -0.627994418 7.445913792 0.027565219 0.037809376 -0.013059561 0.998819351
2884.876834080 1.091434598 -0.627994418 7.445913792 0.027565219 0.037809376 -0.013059561 0.998819351
2884.876834080 1.091434598 -0.627994418 7.445913792 0.027565219 0.037809376 -0.013059561 0.998819351
2884.876834080 1.091434598 -0.627994418 7.445913792 0.027565219 0.037809376 -0.013059561 0.998819351
2884.876834080 1.091434598 -0.627994418 7.445913792 0.027565219 0.037809376 -0.013059561 0.998819351
2884.876834080 1.091434598 -0.627994418 7.445913792 0.027565219 0.037809376 -0.013059561 0.998819351
2884.876834080 1.091434598 -0.627994418 7.445913792 0.027565219 0.037809376 -0.013059561 0.998819351
2884.876834080 1.091434598 -0.627994418 7.445913792 0.027565219 0.037809376 -0.013059561 0.998819351
2884.876834080 1.091434598 -0.627994418 7.445913792 0.027565219 0.037809376 -0.013059561 0.998819351
2884.876834080 1.091434598 -0.627994418 7.445913792 0.027565219 0.037809376 -0.013059561 0.998819351
2884.876834080 1.091434598 -0.627994418 7.445913792 0.027565219 0.037809376 -0.013059561 0.998819351
2884.876834080 1.091434598 -0.627994418 7.445913792 0.027565219 0.037809376 -0.013059561 0.998819351
2884.876834080 1.091434598 -0.627994418 7.445913792 0.027565219 0.037809376 -0.013059561 0.998819351
2884.876834080 1.091434598 -0.627994418 7.445913792 0.027565219 0.037809376 -0.013059561 0.998819351
2884.876834080 1.091434598 -0.627994418 7.445913792 0.027565219 0.037809376 -0.013059561 0.998819351
2884.876834080 1.091434598 -0.627994418 7.445913792 0.027565219 0.037809376 -0.013059561 0.998819351
2884.876834080 1.091434598 -0.627994418 7.445913792 0.027565219 0.037809376 -0.013059561 0.998819351
2884.876834080 1.091434598 -0.627994418 7.445913792 0.027565219 0.037809376 -0.013059561 0.998819351
2884.876834080 1.091434598 -0.627994418 7.445913792 0.027565219 0.037809376 -0.013059561 0.998819351
2884.876834080 1.091434598 -0.627994418 7.445913792 0.027565219 0.037809376 -0.013059561 0.998819351
2884.876834080 1.091434598 -0.627994418 7.445913792 0.027565219 0.037809376 -0.013059561 0.998819351
2884.876834080 1.091434598 -0.627994418 7.445913792 0.027565219 0.037809376 -0.013059561 0.998819351
2884.876834080 1.091434598 -0.627994418 7.445913792 0.027565219 0.037809376 -0.013059561 0.998819351
2884.876834080 1.091434598 -0.627994418 7.445913792 0.027565219 0.037809376 -0.013059561 0.998819351
2884.876834080 1.091434598 -0.627994418 7.445913792 0.027565219 0.037809376 -0.013059561 0.998819351
2884.876834080 1.091434598 -0.627994418 7.445913792 0.027565219 0.037809376 -0.013059561 0.998819351
2884.876834080 1.091434598 -0.627994418 7.445913792 0.027565219 0.037809376 -0.013059561 0.998819351
2884.876834080 1.091434598 -0.627994418 7.445913792 0.027565219 0.037809376 -0.013059561 0.998819351
2884.876834080 1.091434598 -0.627994418 7.445913792 0.027565219 0.037809376 -0.013059561 0.998819351
2884.876834080 1.091434598 -0.627994418 7.445913792 0.027565219 0.037809376 -0.013059561 0.998819351
2884.876834080 1.091434598 -0.627994418 7.445913792 0.027565219 0.037809376 -0.013059561 0.998819351
2884.876834080 1.091434598 -0.627994418 7.445913792 0.027565219 0.037809376 -0.013059561 0.998819351
2884.876834080 1.091434598 -0.627994418 7.445913792 0.027565219 0.037809376 -0.013059561 0.998819351
2884.876834080 1.091434598 -0.627994418 7.445913792 0.027565219 0.037809376 -0.013059561 0.998819351
2884.876834080 1.091434598 -0.627994418 7.445913792 0.027565219 0.037809376 -0.013059561 0.998819351
2884.876834080 1.091434598 -0.627994418 7.445913792 0.027565219 0.037809376 -0.013059561 0.998819351
2884.876834080 1.091434598 -0.627994418 7.445913792 0.027565219 0.037809376 -0.013059561 0.998819351
2884.876834080 1.091434598 -0.627994418 7.445913792 0.027565219 0.037809376 -0.013059561 0.998819351
2884.876834080 1.091434598 -0.627994418 7.445913792 0.027565219 0.037809376 -0.013059561 0.998819351
2884.876834080 1.091434598 -0.627994418 7.445913792 0.027565219 0.037809376 -0.013059561 0.998819351
2884.876834080 1.091434598 -0.627994418 7.445913792 0.027565219 0.037809376 -0.013059561 0.998819351
2884.876834080 1.091434598 -0.627994418 7.445913792 0.027565219 0.037809376 -0.013059561 0.998819351
2884.876834080 1.091434598 -0.627994418 7.445913792 0.027565219 0.037809376 -0.013059561 0.998819351
2884.876834080 1.091434598 -0.627994418 7.445913792 0.027565219 0.037809376 -0.013059561 0.998819351
2884.876834080 1.091434598 -0.627994418 7.445913792 0.027565219 0.037809376 -0.013059561 0.998819351
2884.876834080 1.091434598 -0.627994418 7.445913792 0.027565219 0.037809376 -0.013059561 0.998819351
2884.876834080 1.091434598 -0.627994418 7.445913792 0.027565219 0.037809376 -0.013059561 0.998819351
2884.876834080 1.091434598 -0.627994418 7.445913792 0.027565219 0.037809376 -0.013059561 0.998819351
2884.876834080 1.091434598 -0.627994418 7.445913792 0.027565219 0.037809376 -0.013059561 0.998819351
2884.876834080 1.091434598 -0.627994418 7.445913792 0.027565219 0.037809376 -0.013059561 0.998819351
2884.876834080 1.091434598 -0.627994418 7.445913792 0.027565219 0.037809376 -0.013059561 0.998819351
2884.876834080 1.091434598 -0.627994418 7.445913792 0.027565219 0.037809376 -0.013059561 0.998819351
2884.876834080 1.091434598 -0.627994418 7.445913792 0.027565219 0.037809376 -0.013059561 0.998819351
2884.876834080 1.091434598 -0.627994418 7.445913792 0.027565219 0.037809376 -0.013059561 0.998819351
2884.876834080 1.091434598 -0.627994418 7.445913792 0.027565219 0.037809376 -0.013059561 0.998819351
2884.876834080 1.091434598 -0.627994418 7.445913792 0.027565219 0.037809376 -0.013059561 0.998819351
2884.876834080 1.091434598 -0.627994418 7.445913792 0.027565219 0.037809376 -0.013059561 0.998819351
2884.876834080 1.091434598 -0.627994418 7.445913792 0.027565219 0.037809376 -0.013059561 0.998819351
2884.876834080 1.091434598 -0.627994418 7.445913792 0.027565219 0.037809376 -0.013059561 0.998819351
2884.876834080 1.091434598 -0.627994418 7.445913792 0.027565219 0.037809376 -0.013059561 0.998819351
2884.876834080 1.091434598 -0.627994418 7.445913792 0.027565219 0.037809376 -0.013059561 0.998819351
2884.876834080 1.091434598 -0.627994418 7.445913792 0.027565219 0.037809376 -0.013059561 0.998819351
2884.876834080 1.091434598 -0.627994418 7.445913792 0.027565219 0.037809376 -0.013059561 0.998819351
2884.876834080 1.091434598 -0.627994418 7.445913792 0.027565219 0.037809376 -0.013059561 0.998819351
2884.876834080 1.091434598 -0.627994418 7.445913792 0.027565219 0.037809376 -0.013059561 0.998819351
