3651.886510912 0.000000000 0.000000000 0.000000000 -0.000000000 -0.000000000 -0.000000000 1.000000000
3651.949385856 -0.000007818 -0.000027352 0.000036125 -0.000006587 -0.000006392 0.000006491 1.000000000
3652.014567392 0.000518248 -0.000716341 0.000394971 0.002118777 -0.000060249 0.001264926 0.999996960
3652.074254944 0.001576133 -0.001907181 0.014867830 0.003502054 -0.001680991 0.003732885 0.999985516
3652.136571968 0.002631434 -0.003504205 0.049729750 0.001250037 -0.000742187 0.004827383 0.999987304
3652.198936512 0.004357814 -0.006704300 0.101041555 0.004265569 -0.002928850 0.005633662 0.999970734
3652.261626208 0.010195730 -0.015803460 0.171989486 0.007005179 -0.005291222 0.012831490 0.999879122
3652.324412320 0.014794946 -0.022158446 0.258038461 0.011730945 -0.007643033 0.016607633 0.999764085
3652.395125664 0.020237057 -0.026424330 0.360135496 0.016082048 -0.008742004 0.022848267 0.999571383
3652.449224544 0.018285695 -0.031908337 0.475848854 0.019069554 -0.011814682 0.016124200 0.999618351
3652.511875904 0.015462712 -0.035214379 0.606099010 0.029830480 -0.010217511 0.009219159 0.999460280
3652.574187328 0.029286167 -0.035463244 0.724717557 0.040510342 -0.008823516 0.004766327 0.999128819
3652.637101984 0.037600666 -0.059446447 0.862769961 0.015311232 -0.004423743 0.011563348 0.999806166
3652.699070720 0.040323053 -0.067378819 1.020805120 0.016163545 -0.006692406 0.007643344 0.999817789
3652.761484448 0.041988850 -0.078049220 1.190858960 0.013379245 -0.007651432 0.004428811 0.999871492
3652.824281280 0.050361514 -0.085978284 1.364838243 0.013759814 -0.005942774 0.007379062 0.999860466
3652.886853664 0.056406163 -0.096964166 1.548300385 0.008464146 -0.001497190 0.007647475 0.999933839
3652.949063072 0.063046955 -0.117691614 1.738428950 0.008876478 0.001095412 0.007728485 0.999930143
3653.011848448 0.124013610 -0.113814481 1.884793758 0.005980347 0.000643453 0.016312135 0.999848902
3653.074418720 0.128231093 -0.124583982 2.072908401 0.011097933 0.002092776 0.006305903 0.999916375
3653.136646848 0.126894444 -0.129279986 2.258276463 0.010098362 0.005325620 -0.001965018 0.999932885
3653.199142656 0.111307755 -0.129149973 2.467063427 0.009619419 0.004770475 -0.010333220 0.999888957
3653.262139232 0.125403807 -0.144286290 2.648825884 0.014026958 -0.006142745 -0.014964707 0.999770761
3653.325304960 0.143780619 -0.164106771 2.841161489 0.002507406 -0.010660742 -0.013653198 0.999846816
3653.387012224 0.153646708 -0.180835396 3.037487030 0.004351392 -0.006226706 -0.020079477 0.999769568
3653.449098112 0.159693435 -0.191448137 3.250243187 0.007794282 0.003014406 -0.020287646 0.999759316
3653.511219168 0.172699079 -0.201439664 3.468798161 0.007318344 0.010376061 -0.007002375 0.999894917
3653.574383840 0.184046641 -0.207102031 3.692243814 0.005977534 0.016855922 -0.010373353 0.999786258
3653.636976384 0.205229476 -0.222885981 3.911260128 0.004123340 0.025383400 -0.004355136 0.999659836
3653.701889376 0.226859242 -0.229688287 4.143280983 -0.002043637 0.032889556 -0.004969140 0.999444604
3653.761659840 0.228657946 -0.229445964 4.357746124 -0.008336180 0.042665176 -0.009865227 0.999005914
3653.824318272 0.234145463 -0.225957945 4.578429222 -0.014744745 0.052553605 -0.015151419 0.998394310
3653.886295520 0.294240057 -0.300102800 4.762923241 0.008994985 0.031434618 -0.013220754 0.999377966
3653.949264448 0.387037069 -0.385451645 4.845045090 -0.019552145 0.014780922 -0.000529590 0.999699473
3654.011532992 0.456203938 -0.281889081 5.186856747 -0.012178274 0.014954057 -0.011399176 0.999749064
3654.073914784 0.343374640 -0.293040633 5.427217484 0.016296253 0.030808419 -0.016342297 0.999258876
3654.138709184 0.395305455 -0.298935890 5.711751938 -0.008431993 0.035483051 -0.012000578 0.999262750
3654.199379008 0.399601281 -0.313428909 6.035941124 0.006454653 0.040314309 -0.007696990 0.999136567
3654.261524160 0.288257062 -0.335996687 6.062246323 -0.005395209 0.048524726 -0.002327135 0.998804748
3654.324796096 0.542296350 -0.739196599 6.270098209 -0.027616506 0.043845482 0.000067298 0.998656631
3654.386939136 0.509985566 -0.742718756 6.580980778 -0.014585229 0.049406689 -0.000912844 0.998671889
3654.449175776 0.496281922 -0.421506882 6.705574989 0.006719718 0.053966150 0.016193261 0.998388886
3654.511944960 0.536904633 -0.368818343 7.076034069 0.023786310 0.050039236 0.009542693 0.998418391
3654.574164704 0.590066493 -0.378786832 7.476200104 0.008289211 0.044959482 0.011455032 0.998888731
3654.636741120 0.699857771 -0.373399079 7.526024818 0.014273276 0.028989539 0.023975085 0.999190271
3654.636741120 0.699857771 -0.373399079 7.526024818 0.014273276 0.028989539 0.023975085 0.999190271
3654.636741120 0.699857771 -0.373399079 7.526024818 0.014273276 0.028989539 0.023975085 0.999190271
3654.636741120 0.699857771 -0.373399079 7.526024818 0.014273276 0.028989539 0.023975085 0.999190271
3654.886494144 0.400360256 -0.475221902 8.651276588 0.025216836 0.046347696 0.041082688 0.997761667
3654.886494144 0.400360256 -0.475221902 8.651276588 0.025216836 0.046347696 0.041082688 0.997761667
3654.886494144 0.400360256 -0.475221902 8.651276588 0.025216836 0.046347696 0.041082688 0.997761667
3654.886494144 0.400360256 -0.475221902 8.651276588 0.025216836 0.046347696 0.041082688 0.997761667
3654.886494144 0.400360256 -0.475221902 8.651276588 0.025216836 0.046347696 0.041082688 0.997761667
3654.886494144 0.400360256 -0.475221902 8.651276588 0.025216836 0.046347696 0.041082688 0.997761667
3654.886494144 0.400360256 -0.475221902 8.651276588 0.025216836 0.046347696 0.041082688 0.997761667
3654.886494144 0.400360256 -0.475221902 8.651276588 0.025216836 0.046347696 0.041082688 0.997761667
3654.886494144 0.400360256 -0.475221902 8.651276588 0.025216836 0.046347696 0.041082688 0.997761667
3654.886494144 0.400360256 -0.475221902 8.651276588 0.025216836 0.046347696 0.041082688 0.997761667
3654.886494144 0.400360256 -0.475221902 8.651276588 0.025216836 0.046347696 0.041082688 0.997761667
3654.886494144 0.400360256 -0.475221902 8.651276588 0.025216836 0.046347696 0.041082688 0.997761667
3654.886494144 0.400360256 -0.475221902 8.651276588 0.025216836 0.046347696 0.041082688 0.997761667
3654.886494144 0.400360256 -0.475221902 8.651276588 0.025216836 0.046347696 0.041082688 0.997761667
3654.886494144 0.400360256 -0.475221902 8.651276588 0.025216836 0.046347696 0.041082688 0.997761667
3654.886494144 0.400360256 -0.475221902 8.651276588 0.025216836 0.046347696 0.041082688 0.997761667
3654.886494144 0.400360256 -0.475221902 8.651276588 0.025216836 0.046347696 0.041082688 0.997761667
3654.886494144 0.400360256 -0.475221902 8.651276588 0.025216836 0.046347696 0.041082688 0.997761667
3654.886494144 0.400360256 -0.475221902 8.651276588 0.025216836 0.046347696 0.041082688 0.997761667
3654.886494144 0.400360256 -0.475221902 8.651276588 0.025216836 0.046347696 0.041082688 0.997761667
3654.886494144 0.400360256 -0.475221902 8.651276588 0.025216836 0.046347696 0.041082688 0.997761667
3654.886494144 0.400360256 -0.475221902 8.651276588 0.025216836 0.046347696 0.041082688 0.997761667
3654.886494144 0.400360256 -0.475221902 8.651276588 0.025216836 0.046347696 0.041082688 0.997761667
3654.886494144 0.400360256 -0.475221902 8.651276588 0.025216836 0.046347696 0.041082688 0.997761667
3654.886494144 0.400360256 -0.475221902 8.651276588 0.025216836 0.046347696 0.041082688 0.997761667
3654.886494144 0.400360256 -0.475221902 8.651276588 0.025216836 0.046347696 0.041082688 0.997761667
3654.886494144 0.400360256 -0.475221902 8.651276588 0.025216836 0.046347696 0.041082688 0.997761667
3654.886494144 0.400360256 -0.475221902 8.651276588 0.025216836 0.046347696 0.041082688 0.997761667
3654.886494144 0.400360256 -0.475221902 8.651276588 0.025216836 0.046347696 0.041082688 0.997761667
3654.886494144 0.400360256 -0.475221902 8.651276588 0.025216836 0.046347696 0.041082688 0.997761667
3654.886494144 0.400360256 -0.475221902 8.651276588 0.025216836 0.046347696 0.041082688 0.997761667
3654.886494144 0.400360256 -0.475221902 8.651276588 0.025216836 0.046347696 0.041082688 0.997761667
3654.886494144 0.400360256 -0.475221902 8.651276588 0.025216836 0.046347696 0.041082688 0.997761667
3654.886494144 0.400360256 -0.475221902 8.651276588 0.025216836 0.046347696 0.041082688 0.997761667
3654.886494144 0.400360256 -0.475221902 8.651276588 0.025216836 0.046347696 0.041082688 0.997761667
3654.886494144 0.400360256 -0.475221902 8.651276588 0.025216836 0.046347696 0.041082688 0.997761667
3654.886494144 0.400360256 -0.475221902 8.651276588 0.025216836 0.046347696 0.041082688 0.997761667
3654.886494144 0.400360256 -0.475221902 8.651276588 0.025216836 0.046347696 0.041082688 0.997761667
3654.886494144 0.400360256 -0.475221902 8.651276588 0.025216836 0.046347696 0.041082688 0.997761667
3654.886494144 0.400360256 -0.475221902 8.651276588 0.025216836 0.046347696 0.041082688 0.997761667
3654.886494144 0.400360256 -0.475221902 8.651276588 0.025216836 0.046347696 0.041082688 0.997761667
3654.886494144 0.400360256 -0.475221902 8.651276588 0.025216836 0.046347696 0.041082688 0.997761667
3654.886494144 0.400360256 -0.475221902 8.651276588 0.025216836 0.046347696 0.041082688 0.997761667
3654.886494144 0.400360256 -0.475221902 8.651276588 0.025216836 0.046347696 0.041082688 0.997761667
3654.886494144 0.400360256 -0.475221902 8.651276588 0.025216836 0.046347696 0.041082688 0.997761667
3654.886494144 0.400360256 -0.475221902 8.651276588 0.025216836 0.046347696 0.041082688 0.997761667
3654.886494144 0.400360256 -0.475221902 8.651276588 0.025216836 0.046347696 0.041082688 0.997761667
3654.886494144 0.400360256 -0.475221902 8.651276588 0.025216836 0.046347696 0.041082688 0.997761667
3654.886494144 0.400360256 -0.475221902 8.651276588 0.025216836 0.046347696 0.041082688 0.997761667
3654.886494144 0.400360256 -0.475221902 8.651276588 0.025216836 0.046347696 0.041082688 0.997761667
3654.886494144 0.400360256 -0.475221902 8.651276588 0.025216836 0.046347696 0.041082688 0.997761667
3654.886494144 0.400360256 -0.475221902 8.651276588 0.025216836 0.046347696 0.041082688 0.997761667
3654.886494144 0.400360256 -0.475221902 8.651276588 0.025216836 0.046347696 0.041082688 0.997761667
3654.886494144 0.400360256 -0.475221902 8.651276588 0.025216836 0.046347696 0.041082688 0.997761667
3654.886494144 0.400360256 -0.475221902 8.651276588 0.025216836 0.046347696 0.041082688 0.997761667
3654.886494144 0.400360256 -0.475221902 8.651276588 0.025216836 0.046347696 0.041082688 0.997761667
3654.886494144 0.400360256 -0.475221902 8.651276588 0.025216836 0.046347696 0.041082688 0.997761667
3654.886494144 0.400360256 -0.475221902 8.651276588 0.025216836 0.046347696 0.041082688 0.997761667
3654.886494144 0.400360256 -0.475221902 8.651276588 0.025216836 0.046347696 0.041082688 0.997761667
3654.886494144 0.400360256 -0.475221902 8.651276588 0.025216836 0.046347696 0.041082688 0.997761667
3654.886494144 0.400360256 -0.475221902 8.651276588 0.025216836 0.046347696 0.041082688 0.997761667
3654.886494144 0.400360256 -0.475221902 8.651276588 0.025216836 0.046347696 0.041082688 0.997761667
3654.886494144 0.400360256 -0.475221902 8.651276588 0.025216836 0.046347696 0.041082688 0.997761667
3654.886494144 0.400360256 -0.475221902 8.651276588 0.025216836 0.046347696 0.041082688 0.997761667
3654.886494144 0.400360256 -0.475221902 8.651276588 0.025216836 0.046347696 0.041082688 0.997761667
3654.886494144 0.400360256 -0.475221902 8.651276588 0.025216836 0.046347696 0.041082688 0.997761667
3654.886494144 0.400360256 -0.475221902 8.651276588 0.025216836 0.046347696 0.041082688 0.997761667
3654.886494144 0.400360256 -0.475221902 8.651276588 0.025216836 0.046347696 0.041082688 0.997761667
3654.886494144 0.400360256 -0.475221902 8.651276588 0.025216836 0.046347696 0.041082688 0.997761667
3654.886494144 0.400360256 -0.475221902 8.651276588 0.025216836 0.046347696 0.041082688 0.997761667
3654.886494144 0.400360256 -0.475221902 8.651276588 0.025216836 0.046347696 0.041082688 0.997761667
3654.886494144 0.400360256 -0.475221902 8.651276588 0.025216836 0.046347696 0.041082688 0.997761667
3654.886494144 0.400360256 -0.475221902 8.651276588 0.025216836 0.046347696 0.041082688 0.997761667
3654.886494144 0.400360256 -0.475221902 8.651276588 0.025216836 0.046347696 0.041082688 0.997761667
3654.886494144 0.400360256 -0.475221902 8.651276588 0.025216836 0.046347696 0.041082688 0.997761667
3654.886494144 0.400360256 -0.475221902 8.651276588 0.025216836 0.046347696 0.041082688 0.997761667
