1178.613135648 0.000000000 0.000000000 0.000000000 -0.000000000 -0.000000000 -0.000000000 1.000000000
1178.862337024 -0.029444890 -0.034624454 0.853875756 0.019686902 -0.002162810 -0.016835049 0.999662161
1179.112705824 0.085916407 -0.009649877 1.413402438 -0.019240793 0.003130323 -0.016607877 0.999672055
1179.362894976 0.223920792 0.185269669 1.738426447 -0.014030070 0.007789384 -0.003934637 0.999863505
1179.613076896 0.248471275 0.159999132 2.612767696 -0.011764100 -0.000409279 -0.003600028 0.999924242
1179.863078112 0.241198435 0.118943430 3.444986582 -0.009122702 -0.006868551 -0.007563835 0.999906242
1179.863078112 0.241198435 0.118943430 3.444986582 -0.009122702 -0.006868551 -0.007563835 0.999906242
1179.863078112 0.241198435 0.118943430 3.444986582 -0.009122702 -0.006868551 -0.007563835 0.999906242
1179.863078112 0.241198435 0.118943430 3.444986582 -0.009122702 -0.006868551 -0.007563835 0.999906242
1179.863078112 0.241198435 0.118943430 3.444986582 -0.009122702 -0.006868551 -0.007563835 0.999906242
1179.863078112 0.241198435 0.118943430 3.444986582 -0.009122702 -0.006868551 -0.007563835 0.999906242
1179.863078112 0.241198435 0.118943430 3.444986582 -0.009122702 -0.006868551 -0.007563835 0.999906242
1179.863078112 0.241198435 0.118943430 3.444986582 -0.009122702 -0.006868551 -0.007563835 0.999906242
1179.863078112 0.241198435 0.118943430 3.444986582 -0.009122702 -0.006868551 -0.007563835 0.999906242
1179.863078112 0.241198435 0.118943430 3.444986582 -0.009122702 -0.006868551 -0.007563835 0.999906242
1179.863078112 0.241198435 0.118943430 3.444986582 -0.009122702 -0.006868551 -0.007563835 0.999906242
1179.863078112 0.241198435 0.118943430 3.444986582 -0.009122702 -0.006868551 -0.007563835 0.999906242
1179.863078112 0.241198435 0.118943430 3.444986582 -0.009122702 -0.006868551 -0.007563835 0.999906242
1179.863078112 0.241198435 0.118943430 3.444986582 -0.009122702 -0.006868551 -0.007563835 0.999906242
1179.863078112 0.241198435 0.118943430 3.444986582 -0.009122702 -0.006868551 -0.007563835 0.999906242
1179.863078112 0.241198435 0.118943430 3.444986582 -0.009122702 -0.006868551 -0.007563835 0.999906242
1179.863078112 0.241198435 0.118943430 3.444986582 -0.009122702 -0.006868551 -0.007563835 0.999906242
1179.863078112 0.241198435 0.118943430 3.444986582 -0.009122702 -0.006868551 -0.007563835 0.999906242
1179.863078112 0.241198435 0.118943430 3.444986582 -0.009122702 -0.006868551 -0.007563835 0.999906242
1179.863078112 0.241198435 0.118943430 3.444986582 -0.009122702 -0.006868551 -0.007563835 0.999906242
1179.863078112 0.241198435 0.118943430 3.444986582 -0.009122702 -0.006868551 -0.007563835 0.999906242
