676.407388544 0.000000000 0.000000000 0.000000000 -0.000000000 -0.000000000 -0.000000000 1.000000000
676.655807936 0.000132947 -0.000130650 0.000037683 -0.000016873 -0.000007539 -0.000028317 1.000000000
676.907481984 0.001041747 -0.000299243 0.006370310 0.005479753 0.000914884 -0.001032831 0.999984086
677.159665440 0.042493399 -0.010557354 0.226256981 0.004407573 0.028166454 0.002806578 0.999589622
677.407413440 0.086570770 -0.036345892 0.675920129 0.025122959 0.024272460 -0.002281547 0.999387085
677.655627040 0.117853343 -0.064406276 1.275947452 0.007692671 0.005538763 -0.008100406 0.999922276
677.908349536 0.151970640 -0.097466923 1.961018085 0.005039069 0.008343252 -0.002248693 0.999949992
678.159674432 0.198291272 -0.110803120 2.745489359 0.000626516 0.006969037 -0.004477748 0.999965489
678.407289312 0.214499027 -0.145399734 3.515533209 -0.003632314 0.003906248 -0.012943947 0.999902010
678.657495136 0.255959600 -0.155484617 4.328583717 -0.009574912 0.019920893 -0.018865785 0.999577701
678.907295872 0.369510174 -0.173844233 5.185124397 -0.005834696 0.055004202 -0.006281810 0.998449326
679.159506528 0.333142221 -0.176408112 6.050508499 -0.002501452 0.056616839 -0.014600318 0.998286128
679.406859808 0.480432063 -0.190030634 6.954032898 0.001088331 0.071735606 -0.000024460 0.997423112
679.655994016 0.661968291 -0.230556339 7.877763271 0.006850743 0.081761748 0.001077451 0.996627808
679.908754080 0.808130264 -0.345905066 8.780179977 -0.008983269 0.072649173 0.008433104 0.997281492
680.159399136 1.059068799 -0.480357647 9.553207397 -0.032743189 0.052614294 0.015662013 0.997955084
680.407922208 1.284522414 -0.574405670 10.344921112 -0.056314405 0.032133680 0.022911087 0.997632861
680.407922208 1.284522414 -0.574405670 10.344921112 -0.056314405 0.032133680 0.022911087 0.997632861
680.407922208 1.284522414 -0.574405670 10.344921112 -0.056314405 0.032133680 0.022911087 0.997632861
680.407922208 1.284522414 -0.574405670 10.344921112 -0.056314405 0.032133680 0.022911087 0.997632861
680.407922208 1.284522414 -0.574405670 10.344921112 -0.056314405 0.032133680 0.022911087 0.997632861
680.407922208 1.284522414 -0.574405670 10.344921112 -0.056314405 0.032133680 0.022911087 0.997632861
680.407922208 1.284522414 -0.574405670 10.344921112 -0.056314405 0.032133680 0.022911087 0.997632861
680.407922208 1.284522414 -0.574405670 10.344921112 -0.056314405 0.032133680 0.022911087 0.997632861
680.407922208 1.284522414 -0.574405670 10.344921112 -0.056314405 0.032133680 0.022911087 0.997632861
680.407922208 1.284522414 -0.574405670 10.344921112 -0.056314405 0.032133680 0.022911087 0.997632861
680.407922208 1.284522414 -0.574405670 10.344921112 -0.056314405 0.032133680 0.022911087 0.997632861
680.407922208 1.284522414 -0.574405670 10.344921112 -0.056314405 0.032133680 0.022911087 0.997632861
680.407922208 1.284522414 -0.574405670 10.344921112 -0.056314405 0.032133680 0.022911087 0.997632861
680.407922208 1.284522414 -0.574405670 10.344921112 -0.056314405 0.032133680 0.022911087 0.997632861
680.407922208 1.284522414 -0.574405670 10.344921112 -0.056314405 0.032133680 0.022911087 0.997632861
680.407922208 1.284522414 -0.574405670 10.344921112 -0.056314405 0.032133680 0.022911087 0.997632861
680.407922208 1.284522414 -0.574405670 10.344921112 -0.056314405 0.032133680 0.022911087 0.997632861
680.407922208 1.284522414 -0.574405670 10.344921112 -0.056314405 0.032133680 0.022911087 0.997632861
680.407922208 1.284522414 -0.574405670 10.344921112 -0.056314405 0.032133680 0.022911087 0.997632861
680.407922208 1.284522414 -0.574405670 10.344921112 -0.056314405 0.032133680 0.022911087 0.997632861
