882.409295104 0.000000000 0.000000000 0.000000000 -0.000000000 -0.000000000 -0.000000000 1.000000000
882.658758880 -0.032456689 -0.023317985 1.024527669 -0.001924535 -0.015641168 0.008744560 0.999837637
882.909246976 -0.193609044 -0.123130836 2.035721064 -0.018491395 -0.014802998 0.009825359 0.999671161
883.160356896 -0.251370758 -0.111489400 3.061792374 -0.024529668 -0.016302725 0.015689338 0.999443054
883.409229504 -0.351757616 -0.076021656 4.069090366 -0.022326080 -0.025239108 0.013273376 0.999343991
883.657609024 -0.371927798 -0.057774510 5.093226433 -0.005811430 -0.032346223 0.022303566 0.999210954
883.909405408 -0.470428914 -0.067089543 5.956498623 -0.010952804 -0.082105495 0.025383858 0.996240139
884.159490592 -0.607967198 -0.083907798 6.828267097 -0.014922959 -0.078717269 0.033678208 0.996216238
884.409806592 -0.765992224 -0.087858781 7.700455666 -0.018046850 -0.074541979 0.033782948 0.996482074
884.656518432 -0.913722396 -0.096576437 8.533010483 -0.023606205 -0.069047630 0.038448274 0.996592641
884.656518432 -0.913722396 -0.096576437 8.533010483 -0.023606205 -0.069047630 0.038448274 0.996592641
884.656518432 -0.913722396 -0.096576437 8.533010483 -0.023606205 -0.069047630 0.038448274 0.996592641
884.656518432 -0.913722396 -0.096576437 8.533010483 -0.023606205 -0.069047630 0.038448274 0.996592641
884.656518432 -0.913722396 -0.096576437 8.533010483 -0.023606205 -0.069047630 0.038448274 0.996592641
884.656518432 -0.913722396 -0.096576437 8.533010483 -0.023606205 -0.069047630 0.038448274 0.996592641
884.656518432 -0.913722396 -0.096576437 8.533010483 -0.023606205 -0.069047630 0.038448274 0.996592641
884.656518432 -0.913722396 -0.096576437 8.533010483 -0.023606205 -0.069047630 0.038448274 0.996592641
884.656518432 -0.913722396 -0.096576437 8.533010483 -0.023606205 -0.069047630 0.038448274 0.996592641
884.656518432 -0.913722396 -0.096576437 8.533010483 -0.023606205 -0.069047630 0.038448274 0.996592641
884.656518432 -0.913722396 -0.096576437 8.533010483 -0.023606205 -0.069047630 0.038448274 0.996592641
884.656518432 -0.913722396 -0.096576437 8.533010483 -0.023606205 -0.069047630 0.038448274 0.996592641
884.656518432 -0.913722396 -0.096576437 8.533010483 -0.023606205 -0.069047630 0.038448274 0.996592641
884.656518432 -0.913722396 -0.096576437 8.533010483 -0.023606205 -0.069047630 0.038448274 0.996592641
884.656518432 -0.913722396 -0.096576437 8.533010483 -0.023606205 -0.069047630 0.038448274 0.996592641
884.656518432 -0.913722396 -0.096576437 8.533010483 -0.023606205 -0.069047630 0.038448274 0.996592641
884.656518432 -0.913722396 -0.096576437 8.533010483 -0.023606205 -0.069047630 0.038448274 0.996592641
