3831.824076224 0.000000000 0.000000000 0.000000000 -0.000000000 -0.000000000 -0.000000000 1.000000000
3831.887006240 0.000018212 0.000011716 0.000092494 0.000000479 -0.000002523 0.000007277 1.000000000
3831.949410912 -0.000015566 -0.000010741 0.000004299 -0.000002242 -0.000000223 0.000004050 1.000000000
3832.011862784 -0.000014401 -0.000006909 0.000009319 -0.000007214 -0.000001727 0.000011611 1.000000000
3832.074164192 0.000000144 -0.000042807 -0.000005989 -0.000006077 0.000003552 0.000004814 1.000000000
3832.136787744 0.000096653 -0.000049838 0.000004380 0.000014003 -0.000012782 0.000060648 1.000000000
3832.199985024 0.001046955 -0.000598206 0.003436412 0.001541421 0.000603630 0.001282458 0.999997854
3832.261917056 0.003950940 -0.001555611 0.021278484 0.001502425 0.003036652 0.002656047 0.999990761
3832.324431744 0.006344766 -0.002391119 0.055342890 0.003567907 0.006890904 -0.000330975 0.999969840
3832.386666400 0.013079106 0.000319993 0.105533525 0.011140469 0.008077518 0.001544633 0.999904156
3832.449078016 0.014029163 0.002130078 0.182434857 0.006210599 0.006636366 -0.007088269 0.999933600
3832.511873984 0.061995368 -0.007981895 0.240017802 0.000723976 -0.001227279 -0.007764998 0.999968886
3832.574446336 0.006796647 -0.014370514 0.374489337 0.014076410 -0.025058979 -0.001457226 0.999585807
3832.637164128 0.003271422 -0.023170024 0.492979705 0.011299887 -0.028235437 -0.003115661 0.999532580
3832.699902656 0.006353310 -0.025578339 0.621105433 0.010819593 -0.026490750 0.003399569 0.999584734
3832.761686656 0.031804189 -0.037004918 0.760556281 0.012106294 -0.027049258 0.017336652 0.999410450
3832.824531680 0.030540876 -0.034401990 0.912505448 0.000635344 -0.020419231 0.013635720 0.999698341
3832.886509184 0.033489898 -0.047607899 1.065179706 -0.000777771 -0.017043853 0.016389800 0.999720097
3832.949201280 0.032309100 -0.046797883 1.227559566 -0.004524062 -0.018745020 0.014899312 0.999703050
3833.011737888 0.029806109 -0.051531430 1.393216968 -0.006503486 -0.019750025 0.011427452 0.999718547
3833.074162144 0.029295346 -0.052848257 1.565578818 -0.008712281 -0.017426593 0.013858378 0.999714136
3833.137165504 0.028322883 -0.059184838 1.739269495 -0.006479315 -0.013630685 0.011339248 0.999821842
3833.200246816 0.031475883 -0.061107870 1.918718815 -0.004129747 -0.010590259 0.013536640 0.999843776
3833.261900000 0.039882787 -0.063586749 2.102700949 -0.007399600 -0.006356826 0.023612654 0.999673665
3833.324482272 0.044401642 -0.069666505 2.286967039 -0.008706119 -0.002291632 0.018735612 0.999783933
3833.386897792 0.051671054 -0.066268265 2.479795933 -0.012605116 0.000916220 0.019721549 0.999725640
3833.449234016 0.057907619 -0.073067598 2.661377430 -0.008307293 0.001865524 0.020531716 0.999752998
3833.511532864 0.062497105 -0.061934941 2.892568827 -0.001020045 0.002820667 0.022962362 0.999731839
3833.574449344 0.084798656 -0.064776652 3.175961494 0.004851605 -0.004428191 0.024348743 0.999681950
3833.637204160 0.102965437 -0.064917840 3.447216749 -0.002168763 -0.007631470 0.016426958 0.999833643
3833.700278400 0.101180024 -0.073019482 3.650302410 -0.001204498 -0.008264595 0.013639663 0.999872088
3833.761996160 0.110767439 -0.085079387 3.858070612 0.001028699 -0.006644144 0.022070924 0.999733806
3833.824855744 0.112550981 -0.090166599 4.059029579 0.004883599 -0.002318345 0.014852649 0.999875128
3833.887103456 0.117706902 -0.095909037 4.267261505 0.000327520 -0.000727418 0.014995863 0.999887228
3833.949360160 0.126793578 -0.104630731 4.474000931 0.000343094 -0.003408302 0.024985636 0.999681950
3834.011969856 0.132389337 -0.109403506 4.687238216 -0.004277159 -0.004257260 0.023643216 0.999702275
3834.074167136 0.137784094 -0.121429354 4.888519287 -0.000481155 -0.005563263 0.020431718 0.999775648
3834.137233504 0.143648520 -0.122265086 5.102093220 -0.000208772 -0.006539152 0.022205213 0.999732077
3834.199787392 0.148681507 -0.127665907 5.322174072 -0.005205719 -0.007402961 0.022358578 0.999709070
3834.262161088 0.151413321 -0.135311976 5.543555260 -0.005573469 -0.009790996 0.018445902 0.999766409
3834.324114464 0.152819946 -0.132305235 5.765702724 -0.006714002 -0.012341633 0.012828147 0.999819040
3834.387073824 0.138179228 -0.102107175 6.010932446 0.001253869 -0.011237723 0.014869593 0.999825478
3834.449117440 0.159241006 -0.136439100 6.268424988 -0.006180128 -0.011607500 0.016620824 0.999775410
3834.511591584 0.174215153 -0.163127780 6.496803761 -0.006405138 -0.009152988 0.017418617 0.999785900
3834.574319424 0.190384239 -0.188807681 6.726569653 -0.006640896 -0.006815561 0.018620765 0.999781370
3834.636839136 0.183291450 -0.153667122 6.932510376 0.000309290 0.002567036 0.029704861 0.999555409
3834.699551840 0.202123940 -0.159003377 7.171885014 -0.002750853 0.005422620 0.051262777 0.998666763
3834.761710912 0.194567278 -0.169514745 7.445611000 0.004608139 0.007301350 0.038901746 0.999205768
3834.824269568 0.210425317 -0.202522740 7.671399593 0.015996324 0.008882235 0.046642937 0.998744071
3834.887766272 0.217169285 -0.188766882 7.754750729 0.006326179 0.012075764 0.036196396 0.999251783
3834.949027072 0.231153861 -0.197614267 8.022938728 0.006495435 0.005251974 0.044135224 0.998990715
3835.012082496 0.230349451 -0.220007122 8.329354286 0.004933489 -0.002741164 0.036740538 0.999308944
3835.074369952 0.242120206 -0.210472107 8.566290855 0.002322955 -0.012507445 0.039830919 0.999125481
3835.137004352 0.265448719 -0.224336326 8.822703362 0.009587908 -0.008129640 0.052283321 0.998553216
3835.199941664 0.216626897 -0.261727095 9.144234657 0.012267172 0.005177481 0.029528316 0.999475300
3835.261702752 0.315018356 -0.457349569 9.352628708 0.004536022 0.000702404 0.037718598 0.999277890
3835.324176704 0.465144098 -0.741178274 9.418519974 -0.021554735 -0.014531725 0.035399582 0.999035120
3835.324176704 0.465144098 -0.741178274 9.418519974 -0.021554735 -0.014531725 0.035399582 0.999035120
3835.324176704 0.465144098 -0.741178274 9.418519974 -0.021554735 -0.014531725 0.035399582 0.999035120
3835.324176704 0.465144098 -0.741178274 9.418519974 -0.021554735 -0.014531725 0.035399582 0.999035120
3835.324176704 0.465144098 -0.741178274 9.418519974 -0.021554735 -0.014531725 0.035399582 0.999035120
3835.324176704 0.465144098 -0.741178274 9.418519974 -0.021554735 -0.014531725 0.035399582 0.999035120
3835.324176704 0.465144098 -0.741178274 9.418519974 -0.021554735 -0.014531725 0.035399582 0.999035120
3835.324176704 0.465144098 -0.741178274 9.418519974 -0.021554735 -0.014531725 0.035399582 0.999035120
3835.324176704 0.465144098 -0.741178274 9.418519974 -0.021554735 -0.014531725 0.035399582 0.999035120
3835.324176704 0.465144098 -0.741178274 9.418519974 -0.021554735 -0.014531725 0.035399582 0.999035120
3835.324176704 0.465144098 -0.741178274 9.418519974 -0.021554735 -0.014531725 0.035399582 0.999035120
3835.324176704 0.465144098 -0.741178274 9.418519974 -0.021554735 -0.014531725 0.035399582 0.999035120
3835.324176704 0.465144098 -0.741178274 9.418519974 -0.021554735 -0.014531725 0.035399582 0.999035120
3835.324176704 0.465144098 -0.741178274 9.418519974 -0.021554735 -0.014531725 0.035399582 0.999035120
3835.324176704 0.465144098 -0.741178274 9.418519974 -0.021554735 -0.014531725 0.035399582 0.999035120
3835.324176704 0.465144098 -0.741178274 9.418519974 -0.021554735 -0.014531725 0.035399582 0.999035120
3835.324176704 0.465144098 -0.741178274 9.418519974 -0.021554735 -0.014531725 0.035399582 0.999035120
3835.324176704 0.465144098 -0.741178274 9.418519974 -0.021554735 -0.014531725 0.035399582 0.999035120
3835.324176704 0.465144098 -0.741178274 9.418519974 -0.021554735 -0.014531725 0.035399582 0.999035120
3835.324176704 0.465144098 -0.741178274 9.418519974 -0.021554735 -0.014531725 0.035399582 0.999035120
3835.324176704 0.465144098 -0.741178274 9.418519974 -0.021554735 -0.014531725 0.035399582 0.999035120
3835.324176704 0.465144098 -0.741178274 9.418519974 -0.021554735 -0.014531725 0.035399582 0.999035120
3835.324176704 0.465144098 -0.741178274 9.418519974 -0.021554735 -0.014531725 0.035399582 0.999035120
3835.324176704 0.465144098 -0.741178274 9.418519974 -0.021554735 -0.014531725 0.035399582 0.999035120
3835.324176704 0.465144098 -0.741178274 9.418519974 -0.021554735 -0.014531725 0.035399582 0.999035120
3835.324176704 0.465144098 -0.741178274 9.418519974 -0.021554735 -0.014531725 0.035399582 0.999035120
3835.324176704 0.465144098 -0.741178274 9.418519974 -0.021554735 -0.014531725 0.035399582 0.999035120
3835.324176704 0.465144098 -0.741178274 9.418519974 -0.021554735 -0.014531725 0.035399582 0.999035120
3835.324176704 0.465144098 -0.741178274 9.418519974 -0.021554735 -0.014531725 0.035399582 0.999035120
3835.324176704 0.465144098 -0.741178274 9.418519974 -0.021554735 -0.014531725 0.035399582 0.999035120
3835.324176704 0.465144098 -0.741178274 9.418519974 -0.021554735 -0.014531725 0.035399582 0.999035120
3835.324176704 0.465144098 -0.741178274 9.418519974 -0.021554735 -0.014531725 0.035399582 0.999035120
3835.324176704 0.465144098 -0.741178274 9.418519974 -0.021554735 -0.014531725 0.035399582 0.999035120
3835.324176704 0.465144098 -0.741178274 9.418519974 -0.021554735 -0.014531725 0.035399582 0.999035120
3835.324176704 0.465144098 -0.741178274 9.418519974 -0.021554735 -0.014531725 0.035399582 0.999035120
3835.324176704 0.465144098 -0.741178274 9.418519974 -0.021554735 -0.014531725 0.035399582 0.999035120
3835.324176704 0.465144098 -0.741178274 9.418519974 -0.021554735 -0.014531725 0.035399582 0.999035120
3835.324176704 0.465144098 -0.741178274 9.418519974 -0.021554735 -0.014531725 0.035399582 0.999035120
3835.324176704 0.465144098 -0.741178274 9.418519974 -0.021554735 -0.014531725 0.035399582 0.999035120
3835.324176704 0.465144098 -0.741178274 9.418519974 -0.021554735 -0.014531725 0.035399582 0.999035120
3835.324176704 0.465144098 -0.741178274 9.418519974 -0.021554735 -0.014531725 0.035399582 0.999035120
3835.324176704 0.465144098 -0.741178274 9.418519974 -0.021554735 -0.014531725 0.035399582 0.999035120
3835.324176704 0.465144098 -0.741178274 9.418519974 -0.021554735 -0.014531725 0.035399582 0.999035120
3835.324176704 0.465144098 -0.741178274 9.418519974 -0.021554735 -0.014531725 0.035399582 0.999035120
3835.324176704 0.465144098 -0.741178274 9.418519974 -0.021554735 -0.014531725 0.035399582 0.999035120
3835.324176704 0.465144098 -0.741178274 9.418519974 -0.021554735 -0.014531725 0.035399582 0.999035120
3835.324176704 0.465144098 -0.741178274 9.418519974 -0.021554735 -0.014531725 0.035399582 0.999035120
3835.324176704 0.465144098 -0.741178274 9.418519974 -0.021554735 -0.014531725 0.035399582 0.999035120
3835.324176704 0.465144098 -0.741178274 9.418519974 -0.021554735 -0.014531725 0.035399582 0.999035120
3835.324176704 0.465144098 -0.741178274 9.418519974 -0.021554735 -0.014531725 0.035399582 0.999035120
3835.324176704 0.465144098 -0.741178274 9.418519974 -0.021554735 -0.014531725 0.035399582 0.999035120
3835.324176704 0.465144098 -0.741178274 9.418519974 -0.021554735 -0.014531725 0.035399582 0.999035120
3835.324176704 0.465144098 -0.741178274 9.418519974 -0.021554735 -0.014531725 0.035399582 0.999035120
3835.324176704 0.465144098 -0.741178274 9.418519974 -0.021554735 -0.014531725 0.035399582 0.999035120
3835.324176704 0.465144098 -0.741178274 9.418519974 -0.021554735 -0.014531725 0.035399582 0.999035120
3835.324176704 0.465144098 -0.741178274 9.418519974 -0.021554735 -0.014531725 0.035399582 0.999035120
3835.324176704 0.465144098 -0.741178274 9.418519974 -0.021554735 -0.014531725 0.035399582 0.999035120
3835.324176704 0.465144098 -0.741178274 9.418519974 -0.021554735 -0.014531725 0.035399582 0.999035120
3835.324176704 0.465144098 -0.741178274 9.418519974 -0.021554735 -0.014531725 0.035399582 0.999035120
3835.324176704 0.465144098 -0.741178274 9.418519974 -0.021554735 -0.014531725 0.035399582 0.999035120
3835.324176704 0.465144098 -0.741178274 9.418519974 -0.021554735 -0.014531725 0.035399582 0.999035120
3835.324176704 0.465144098 -0.741178274 9.418519974 -0.021554735 -0.014531725 0.035399582 0.999035120
3835.324176704 0.465144098 -0.741178274 9.418519974 -0.021554735 -0.014531725 0.035399582 0.999035120
3835.324176704 0.465144098 -0.741178274 9.418519974 -0.021554735 -0.014531725 0.035399582 0.999035120
3835.324176704 0.465144098 -0.741178274 9.418519974 -0.021554735 -0.014531725 0.035399582 0.999035120
3835.324176704 0.465144098 -0.741178274 9.418519974 -0.021554735 -0.014531725 0.035399582 0.999035120
3835.324176704 0.465144098 -0.741178274 9.418519974 -0.021554735 -0.014531725 0.035399582 0.999035120
3835.324176704 0.465144098 -0.741178274 9.418519974 -0.021554735 -0.014531725 0.035399582 0.999035120
3835.324176704 0.465144098 -0.741178274 9.418519974 -0.021554735 -0.014531725 0.035399582 0.999035120
3835.324176704 0.465144098 -0.741178274 9.418519974 -0.021554735 -0.014531725 0.035399582 0.999035120
3835.324176704 0.465144098 -0.741178274 9.418519974 -0.021554735 -0.014531725 0.035399582 0.999035120
3835.324176704 0.465144098 -0.741178274 9.418519974 -0.021554735 -0.014531725 0.035399582 0.999035120
3835.324176704 0.465144098 -0.741178274 9.418519974 -0.021554735 -0.014531725 0.035399582 0.999035120
3835.324176704 0.465144098 -0.741178274 9.418519974 -0.021554735 -0.014531725 0.035399582 0.999035120
3835.324176704 0.465144098 -0.741178274 9.418519974 -0.021554735 -0.014531725 0.035399582 0.999035120
3835.324176704 0.465144098 -0.741178274 9.418519974 -0.021554735 -0.014531725 0.035399582 0.999035120
3835.324176704 0.465144098 -0.741178274 9.418519974 -0.021554735 -0.014531725 0.035399582 0.999035120
3835.324176704 0.465144098 -0.741178274 9.418519974 -0.021554735 -0.014531725 0.035399582 0.999035120
3835.324176704 0.465144098 -0.741178274 9.418519974 -0.021554735 -0.014531725 0.035399582 0.999035120
3835.324176704 0.465144098 -0.741178274 9.418519974 -0.021554735 -0.014531725 0.035399582 0.999035120
