3698.262056704 0.000000000 0.000000000 0.000000000 -0.000000000 -0.000000000 -0.000000000 1.000000000
3698.324480576 0.007765989 -0.007669154 0.269559413 -0.002733019 -0.002200588 0.004098998 0.999985456
3698.387001952 0.005501452 -0.036023773 0.515268207 -0.006320222 -0.004761232 0.004842986 0.999957025
3698.449354080 0.004536338 -0.031890586 0.815207481 0.009152965 -0.003484165 0.001696676 0.999950588
3698.511652512 0.004571676 -0.046635985 1.094085693 0.004022988 -0.003205223 0.005857431 0.999969661
3698.574191200 0.010445392 -0.023940107 1.313267112 -0.001477024 -0.007967859 0.017774099 0.999809206
3698.636755936 0.031296559 -0.028685993 1.629696488 -0.004648997 -0.005877673 0.022985971 0.999707699
3698.699738464 0.140339151 0.017671077 2.123096466 -0.004421571 -0.006144068 0.005284612 0.999957442
3698.762212896 0.005508431 -0.059233215 2.228860140 -0.017079534 -0.005100583 0.011718255 0.999772489
3698.824251200 0.005611330 -0.062957369 2.503915787 -0.020237289 -0.007090372 0.013324225 0.999681294
3698.887025152 0.001467848 -0.056316961 2.783377647 -0.022412255 -0.007274588 0.007493715 0.999694288
3698.949658720 0.003508903 -0.054338716 3.066147566 -0.025604432 -0.009677800 0.016200298 0.999494076
3699.012026240 -0.001700491 -0.049099658 3.350970030 -0.020640442 -0.010386367 0.008763948 0.999694586
3699.075044736 0.001111429 -0.046404947 3.628424883 -0.026578711 -0.012752580 0.016937371 0.999421895
3699.136671072 -0.005268121 -0.043185405 3.879583120 -0.025399348 -0.012902748 0.009875072 0.999545395
3699.199318208 -0.008841619 -0.042745218 4.109543324 -0.021301698 -0.013994913 0.011200261 0.999612391
3699.261374944 -0.012965846 -0.041247446 4.323005676 -0.026380004 -0.014760717 0.010591357 0.999486923
3699.326045280 -0.016653005 -0.041879300 4.511826515 -0.024548844 -0.015341693 0.015496229 0.999460816
3699.386753984 -0.024872346 -0.040933818 4.681466579 -0.024735810 -0.012023952 0.009893081 0.999572814
3699.449082464 -0.025392780 -0.044760760 4.827898026 -0.019619200 -0.008621178 0.018299460 0.999602854
3699.512170752 -0.030349277 -0.043069430 4.962686062 -0.023184050 -0.006513298 0.017272260 0.999560773
3699.574371808 -0.036389034 -0.043142226 5.075215816 -0.018768758 -0.003367334 0.010343213 0.999764681
3699.636868864 -0.040314574 -0.044335309 5.174655914 -0.018430766 -0.003810539 0.007912241 0.999791563
3699.699421760 -0.039165791 -0.047552053 5.258380413 -0.018610362 -0.004065525 0.013155084 0.999732018
3699.761663456 -0.036690887 -0.048926704 5.331972122 -0.018447762 -0.005756236 0.017023357 0.999668300
3699.824273504 -0.037013084 -0.049045969 5.392494202 -0.016672300 -0.007029255 0.016272783 0.999703944
3699.887191488 -0.039809402 -0.052303392 5.442220688 -0.011927620 -0.008078932 0.013892398 0.999799728
3699.949021568 -0.040587448 -0.051865708 5.485903263 -0.013585859 -0.007998051 0.013379660 0.999786258
3700.011914176 -0.040682681 -0.052274287 5.522619247 -0.012299003 -0.008865451 0.013869915 0.999788880
3700.074002656 -0.039852172 -0.052534878 5.552467346 -0.012777058 -0.010273096 0.015133415 0.999751091
3700.138951424 -0.040281016 -0.051847130 5.578824043 -0.013436611 -0.010317820 0.014252745 0.999754965
3700.199051232 -0.040966503 -0.052039117 5.599767685 -0.013561663 -0.012037745 0.015463092 0.999716043
3700.261665728 -0.042056371 -0.052630503 5.616000652 -0.013419914 -0.011053331 0.013916026 0.999752045
3700.324260096 -0.042535551 -0.052373547 5.629665375 -0.013936629 -0.010839692 0.012953661 0.999760211
3700.386942912 -0.043256104 -0.052098896 5.640261173 -0.014136827 -0.010586583 0.011817480 0.999774218
3700.449403872 -0.043725416 -0.052570947 5.649130344 -0.013477056 -0.010612214 0.011463757 0.999787152
3700.511989344 -0.043911476 -0.052430868 5.657248020 -0.013165493 -0.010911387 0.011413381 0.999788702
3700.574313568 -0.044405054 -0.052261028 5.665119648 -0.013098233 -0.011030102 0.010824849 0.999794841
3700.637114528 -0.044867635 -0.052213158 5.673301697 -0.013107751 -0.011176702 0.010479358 0.999796748
3700.700184128 -0.044702780 -0.052469362 5.680826187 -0.013119066 -0.011548980 0.010783593 0.999789119
3700.762168224 -0.044773709 -0.052462500 5.687818527 -0.012814407 -0.011924758 0.010917980 0.999787152
3700.824360384 -0.045159589 -0.052841328 5.693791389 -0.012465659 -0.012401219 0.011234639 0.999782324
3700.886572640 -0.045180779 -0.052911814 5.697510242 -0.012146555 -0.013006432 0.011467616 0.999775887
