490.834503328 0.000000000 0.000000000 0.000000000 -0.000000000 -0.000000000 -0.000000000 1.000000000
490.871053664 0.012172791 0.001702765 0.149028048 -0.020757474 -0.000363907 0.012085465 0.999711454
490.906664032 0.031110609 -0.004614570 0.264977008 -0.035717674 0.000680047 0.005829020 0.999344707
490.942239424 0.043622524 -0.003205496 0.408645272 -0.051039442 0.004367523 0.009008775 0.998646438
490.979527520 0.052554119 0.002670042 0.551795244 -0.053382099 0.009812417 -0.000518659 0.998525858
491.015922048 0.067192174 0.017311197 0.693731606 -0.051838901 0.015999306 0.007805083 0.998496771
491.050708160 0.073262520 0.032336976 0.839260757 -0.048207253 0.024162961 -0.006674090 0.998522758
491.085472096 0.086098842 0.036878034 0.974725485 -0.044350244 0.027993789 -0.004760022 0.998612404
491.120853952 0.100781158 0.041234192 1.112689972 -0.040475518 0.032119114 -0.002886918 0.998660028
491.163749280 0.109512731 0.055223223 1.282972217 -0.043723609 0.037073378 -0.021899259 0.998115361
491.202962464 0.119660340 0.049323387 1.339679241 -0.051872425 0.039901048 -0.017932367 0.997695148
491.243663968 0.107299581 0.069855861 1.484233022 -0.056636669 0.045757219 -0.022796161 0.997085214
491.279034144 0.216348022 0.011520628 1.592260122 -0.057379216 0.050039090 -0.030823672 0.996621072
491.324406240 0.290555626 0.008513348 1.770616293 -0.051432230 0.056550138 -0.032056574 0.996558666
491.360150464 0.303157091 0.000192815 1.876751184 -0.040585641 0.060775448 -0.012080575 0.997252822
491.395040992 0.313755512 0.011116656 2.015882730 -0.041205760 0.066825815 -0.032575186 0.996381104
491.429744768 0.289605290 0.056322884 2.201032400 -0.045932293 0.073669605 -0.056034047 0.994647324
491.464583744 0.551778018 0.421012521 2.395198584 -0.044352014 0.074718051 -0.071849145 0.993623614
491.500506944 0.585803628 0.408065170 2.500225306 -0.049949564 0.070743188 -0.057291679 0.994594455
491.545186400 0.292891115 0.336829573 1.881108522 -0.053935327 0.065755054 -0.064980567 0.994255900
491.571062016 0.322791010 0.341975808 1.919201374 -0.056342993 0.065672874 -0.056805279 0.994628429
491.606215712 0.297467113 0.347494900 2.079313755 -0.057929333 0.066352040 -0.058088362 0.994418085
491.641788416 0.311698884 0.353187829 2.207332373 -0.078881159 0.067127943 -0.036677480 0.993944883
491.676748576 0.365712315 0.405171275 2.425871611 -0.093609162 0.067723326 -0.015209069 0.993186593
491.711670432 0.384026915 0.402787775 2.500627756 -0.074598052 0.076812007 -0.001912499 0.994249165
491.746679552 0.341065705 0.385803193 2.553294420 -0.064069472 0.084606186 -0.006300438 0.994332552
491.782050976 0.366073340 0.409495145 2.687471867 -0.071915865 0.090515293 -0.012470400 0.993216813
491.817721280 0.393847942 0.435111582 2.825478077 -0.071797535 0.093022525 -0.014600176 0.992964745
491.857612448 0.433537930 0.443136901 2.954236507 -0.069505885 0.095725074 0.012726521 0.992896616
491.893624928 0.465857625 0.453951120 3.100157738 -0.066758975 0.098594524 0.009963538 0.992835939
491.929397024 0.486283660 0.471826255 3.228641272 -0.063574903 0.101228580 -0.010278305 0.992776632
491.965052448 0.521251738 0.487151265 3.366001606 -0.067656592 0.104087181 -0.000208546 0.992264271
492.000702816 0.559560359 0.494620204 3.498101234 -0.065483682 0.103588127 0.016111534 0.992331505
492.037214848 0.588508725 0.510091364 3.640288830 -0.061423790 0.101415023 -0.003848553 0.992938697
492.073984928 0.614436746 0.534811914 3.810548306 -0.059156988 0.100749716 -0.023172924 0.992881179
492.110246144 0.648134172 0.547518909 3.941997051 -0.055017728 0.096805766 -0.015624798 0.993658662
492.146413472 0.680555046 0.557401359 4.083514214 -0.061822340 0.095719568 -0.019804498 0.993289292
492.182441088 0.699892879 0.565205157 4.218811035 -0.065969512 0.093784846 -0.046793275 0.992301822
492.218696160 0.738706470 0.552895546 4.252215862 -0.043529842 0.093511440 -0.039420310 0.993884742
492.255057440 0.776535213 0.560542226 4.386192799 -0.042381562 0.092669785 -0.023132136 0.994525552
492.291243296 0.797707856 0.576453269 4.525311947 -0.048798066 0.090584695 -0.045503572 0.993651211
492.327655168 0.820278823 0.591631830 4.665713787 -0.058625255 0.086369358 -0.057090815 0.992896914
492.363675200 0.830269456 0.602791309 4.813331127 -0.066610456 0.083296888 -0.068226174 0.991952538
492.401538592 0.796773255 0.580531955 4.878373146 -0.064209245 0.081958815 -0.062651142 0.992589951
492.438722752 0.762263417 0.580972373 4.966064453 -0.065656029 0.082209066 -0.074875861 0.991627276
492.477248576 0.756074429 0.585480571 5.077450752 -0.059582338 0.089390740 -0.063705020 0.992169797
492.514156256 0.764001608 0.574744344 5.245316505 -0.077806629 0.097718224 -0.055840667 0.990595341
492.551485280 0.795436203 0.601042330 5.357227802 -0.092701666 0.098660223 -0.062948756 0.988792241
492.588852544 0.835445821 0.628604949 5.542596817 -0.101237483 0.099566855 -0.063614041 0.987821221
492.629214624 0.885061860 0.635997236 5.692897320 -0.093665324 0.095489293 -0.048733924 0.989814937
492.668923360 0.918416083 0.648284614 5.838221550 -0.092526779 0.093951799 -0.066672020 0.989023089
492.706876576 0.939856827 0.684614837 5.988511562 -0.096269459 0.093965001 -0.108491421 0.984952986
492.747864896 0.959325790 0.712622166 6.124793530 -0.093109511 0.097007312 -0.122717373 0.983290732
492.785093664 1.005068064 0.733481169 6.274216652 -0.102012366 0.099362500 -0.115328938 0.983066559
492.822775936 1.052458763 0.762282073 6.432343006 -0.103096947 0.100216433 -0.104966216 0.984027326
492.864499072 1.096596718 0.770792246 6.559106827 -0.102204539 0.103235014 -0.104119092 0.983898342
492.904993504 1.135253668 0.792516232 6.701485157 -0.109732367 0.104789272 -0.109264150 0.982364178
492.946123872 1.174931526 0.819376349 6.850574493 -0.107677303 0.105970390 -0.111098014 0.982259214
492.986695360 1.212816358 0.845011592 6.992410183 -0.108938374 0.106419712 -0.108589277 0.982352078
493.036484160 1.251234531 0.871841192 7.171162128 -0.109019339 0.103149325 -0.117505625 0.981665671
493.074645344 1.256654024 0.963233590 7.450943947 -0.110825777 0.102461495 -0.130820274 0.979849696
493.115386560 1.283270121 0.978775501 7.581537247 -0.081107594 0.102720492 -0.142719835 0.981071413
493.155868576 1.321475506 1.000460625 7.739156246 -0.099709190 0.111358903 -0.146755055 0.977814019
493.187408640 1.356714845 1.016026497 7.856568813 -0.107227117 0.123317942 -0.137200773 0.976970315
493.218954496 1.395931005 1.021345019 7.960237980 -0.079009719 0.132318571 -0.119964138 0.980743527
493.250472864 1.444331408 1.033639908 8.045869827 -0.047737345 0.139041260 -0.097363323 0.984331787
493.281582272 1.491275549 1.041905046 8.130207062 -0.015979348 0.145596057 -0.074426614 0.986411273
493.281582272 1.491275549 1.041905046 8.130207062 -0.015979348 0.145596057 -0.074426614 0.986411273
493.281582272 1.491275549 1.041905046 8.130207062 -0.015979348 0.145596057 -0.074426614 0.986411273
493.281582272 1.491275549 1.041905046 8.130207062 -0.015979348 0.145596057 -0.074426614 0.986411273
493.430838976 1.310507298 0.713838577 8.051050186 -0.081134886 0.164357007 -0.081412897 0.979681551
493.471525824 1.397959709 0.815586925 7.750932693 -0.100079022 0.188366234 -0.107422478 0.971062720
493.512561440 1.632545710 1.194509387 9.143342972 -0.126086444 0.207895756 -0.161883622 0.956386566
493.543974560 0.880351424 1.047158122 6.945302963 -0.106123142 0.228862017 -0.136308387 0.958008468
493.543974560 0.880351424 1.047158122 6.945302963 -0.106123142 0.228862017 -0.136308387 0.958008468
493.617264960 1.893765688 0.524972558 8.206501007 -0.028933892 0.265155256 -0.013941099 0.963670671
493.652894048 1.785898328 1.339715838 10.376093864 -0.070327058 0.279242754 -0.120457664 0.950035572
493.684295680 1.852328062 1.121878505 9.429651260 -0.072452553 0.275830567 -0.134995505 0.948917449
493.715913536 1.933303356 1.187056065 9.344516754 -0.066497818 0.276977509 -0.128313765 0.949945867
493.749360608 1.938278079 1.206825495 9.509786606 -0.065575019 0.271778911 -0.142378211 0.949507594
493.781161024 1.921070576 1.077866435 9.377326012 -0.065662481 0.267066449 -0.118674181 0.954086185
493.812526080 1.914724588 1.109610796 9.450599670 -0.059792440 0.263314873 -0.113233909 0.956173778
493.847399360 2.043040276 1.015723348 9.840220451 -0.076705806 0.262684375 -0.136317715 0.952119052
493.879981696 2.045259714 1.096016526 9.685402870 -0.092950054 0.260627121 -0.139903709 0.950715959
493.911982880 2.182997227 1.215240955 10.433782578 -0.083870031 0.256050795 -0.154030010 0.950620115
493.948561184 2.266131878 1.234391928 10.302399635 -0.073236115 0.249844864 -0.139729246 0.955348015
493.980646080 2.361698627 1.271828890 10.420401573 -0.074393064 0.239257917 -0.121293694 0.960473418
494.012725120 2.160949707 1.239379406 10.001846313 -0.083830856 0.235923991 -0.098341227 0.963141382
494.044427744 2.113755941 1.334567070 11.041836739 -0.099557839 0.231681451 -0.121144466 0.960070848
494.076438624 2.142724037 1.392346740 11.193163872 -0.105202034 0.225970447 -0.125527084 0.960267127
494.109065056 2.692421913 1.441498637 11.522959709 -0.101526253 0.218311161 -0.129072115 0.961963177
494.141320672 2.845103025 1.464012861 11.716634750 -0.091896378 0.213905126 -0.129019737 0.963926196
494.175465952 1.823617220 1.771862030 11.073570251 -0.085838892 0.228200242 -0.127669990 0.961382747
494.208677472 2.300233126 1.191747189 10.612648964 -0.096945874 0.236987755 -0.123269804 0.958771527
494.240440928 2.481192112 1.198042274 10.749226570 -0.094857931 0.243054703 -0.125721365 0.957141876
494.272292224 2.511034489 1.164095283 10.707224846 -0.089175105 0.244429901 -0.118809454 0.958220363
494.304769184 2.489027739 1.252611399 10.712427139 -0.087271653 0.243874624 -0.112802424 0.959262550
494.337139904 2.492589712 1.298942924 10.751106262 -0.085211217 0.243941411 -0.105990462 0.960207105
494.368758432 2.496277809 1.359377146 10.865146637 -0.080609292 0.243865848 -0.109770581 0.960198998
494.405839936 2.500436306 1.400947928 10.912191391 -0.075126328 0.244500846 -0.116308793 0.959712327
494.439678144 2.510012150 1.341324925 10.870780945 -0.077801555 0.242962673 -0.120657563 0.959352851
494.471294912 2.516433954 1.374100089 10.901999474 -0.077892110 0.240257964 -0.115874127 0.960615575
494.500327264 2.534623384 1.392486095 10.935339928 -0.076581515 0.237616509 -0.114803657 0.961506069
494.532176736 2.550359964 1.383491755 10.914890289 -0.076831721 0.236272797 -0.115971893 0.961676955
494.564980640 2.505698919 1.423823237 10.913631439 -0.077081867 0.238319859 -0.115573503 0.961199760
494.597226240 2.542294264 1.400294304 10.943027496 -0.076456651 0.238677070 -0.116755411 0.961018145
494.628977152 2.523665190 1.356452346 10.901080132 -0.077317931 0.238034427 -0.118713409 0.960868776
494.660714208 2.540434837 1.378266454 10.943328857 -0.077240884 0.237261057 -0.117965117 0.961158335
494.692071040 2.565368176 1.388144255 10.916472435 -0.076466836 0.237507045 -0.116918236 0.961287320
494.731084608 2.563908100 1.387407541 10.910085678 -0.076222487 0.238590881 -0.115466937 0.961213768
