3539.479634112 0.000000000 0.000000000 0.000000000 -0.000000000 -0.000000000 -0.000000000 1.000000000
3539.511430464 -0.000994398 -0.002784515 0.130523965 -0.002846358 -0.003296613 -0.006141648 0.999971688
3539.543244480 -0.003033855 -0.009515553 0.262090147 -0.002293998 -0.006128062 -0.008795425 0.999939919
3539.577050336 -0.005194832 -0.016294280 0.399401397 0.001169683 -0.007897770 -0.012820518 0.999885976
3539.608485536 -0.009088717 -0.022818919 0.528912961 0.005428493 -0.009996461 -0.013528667 0.999843776
3539.640623904 -0.008267713 -0.028446233 0.666007400 0.007284522 -0.012184858 -0.016542727 0.999762356
3539.672617664 -0.013022471 -0.033713918 0.794237554 0.013091816 -0.015005722 -0.018333906 0.999633610
3539.704027808 -0.016514907 -0.042337276 0.912849963 0.014805633 -0.016937964 -0.018952543 0.999567270
3539.735434944 -0.017258126 -0.051876109 1.066801310 0.014445991 -0.019637702 -0.018261896 0.999535978
3539.766706592 -0.023325125 -0.060121682 1.202414751 0.011758338 -0.022533873 -0.021064475 0.999454975
3539.798102432 -0.029150205 -0.067750856 1.334039211 0.013296639 -0.025353894 -0.025984649 0.999252319
3539.829629632 -0.035684619 -0.073892064 1.459855676 0.013267108 -0.029031444 -0.024988648 0.999178052
3539.861340000 -0.042496882 -0.082569100 1.598107219 0.017156258 -0.032751705 -0.025259368 0.998997033
3539.897185344 -0.050795168 -0.092021830 1.754208446 0.013574234 -0.036063280 -0.024969995 0.998945296
3539.931885568 -0.065291993 -0.104155727 1.887696862 0.009801611 -0.037707809 -0.030913549 0.998762488
3539.963363456 -0.066412650 -0.112122290 2.051078081 0.013192055 -0.039153647 -0.030912010 0.998667836
3539.994991488 -0.073452853 -0.113997526 2.188819885 0.006774617 -0.037051849 -0.030750280 0.998817205
3540.026463936 -0.080367759 -0.120180301 2.327894926 -0.000259717 -0.034911200 -0.026865538 0.999029219
3540.060646272 -0.087227248 -0.124873914 2.477538824 0.001588078 -0.032824729 -0.032222599 0.998940289
3540.092440096 -0.092076398 -0.125077739 2.619052410 -0.002086501 -0.031460389 -0.035079245 0.998887062
3540.123834656 -0.099844724 -0.141213000 2.756226301 -0.001036492 -0.031155767 -0.030437421 0.999050498
3540.163521952 -0.105308726 -0.143760011 2.928820610 0.006216858 -0.031436931 -0.022391399 0.999235570
3540.195211104 -0.104794160 -0.124273106 3.077089310 0.005329539 -0.030657258 -0.031522185 0.999018610
3540.226695488 -0.120958306 -0.141719490 3.206792831 0.003275754 -0.025659239 -0.040049493 0.998862803
3540.258335616 -0.115238108 -0.186998472 3.359864473 0.005643324 -0.022867313 -0.019457344 0.999533296
3540.289795840 -0.120437860 -0.167301476 3.500534058 0.005593777 -0.015906455 -0.027733032 0.999473155
3540.321688064 -0.119601205 -0.172137260 3.644129515 0.006325739 -0.009353542 -0.029447040 0.999502599
3540.353333760 -0.116903283 -0.177248999 3.787692308 0.007057406 -0.002800192 -0.031159678 0.999485612
3540.384988736 -0.117394432 -0.188300371 3.922955513 0.014241660 0.004525164 -0.026842570 0.999527991
3540.384988736 -0.117394432 -0.188300371 3.922955513 0.014241660 0.004525164 -0.026842570 0.999527991
3540.384988736 -0.117394432 -0.188300371 3.922955513 0.014241660 0.004525164 -0.026842570 0.999527991
3540.384988736 -0.117394432 -0.188300371 3.922955513 0.014241660 0.004525164 -0.026842570 0.999527991
3540.384988736 -0.117394432 -0.188300371 3.922955513 0.014241660 0.004525164 -0.026842570 0.999527991
3540.546993344 -0.056282975 -0.238478333 4.662645340 0.021009259 0.035303611 -0.027888404 0.998766482
3540.580880448 -0.056282975 -0.238478333 4.662645340 0.021009259 0.035303611 -0.027888404 0.998766482
3540.580880448 -0.056282975 -0.238478333 4.662645340 0.021009259 0.035303611 -0.027888404 0.998766482
3540.580880448 -0.056282975 -0.238478333 4.662645340 0.021009259 0.035303611 -0.027888404 0.998766482
3540.677080096 0.006427865 -0.281499028 5.236749172 0.017919889 0.055748425 -0.027812064 0.997896552
3540.677080096 0.006427865 -0.281499028 5.236749172 0.017919889 0.055748425 -0.027812064 0.997896552
3540.677080096 0.006427865 -0.281499028 5.236749172 0.017919889 0.055748425 -0.027812064 0.997896552
3540.677080096 0.006427865 -0.281499028 5.236749172 0.017919889 0.055748425 -0.027812064 0.997896552
3540.803385664 0.072706826 -0.327347457 5.810930729 0.026531219 0.053116962 -0.030734228 0.997762561
3540.834853120 0.088307172 -0.336080939 5.950469494 0.026611615 0.051032856 -0.028949734 0.997922540
3540.866202464 0.083337225 -0.364460975 5.646245956 0.021713419 0.047864258 -0.034676213 0.998015583
3540.897626816 0.141964883 -0.372958153 6.070134163 0.025057614 0.044175524 -0.033438694 0.998149574
3540.929217056 0.168733716 -0.359857559 6.409382343 0.030731341 0.040990226 -0.036812119 0.998008132
3540.960754784 0.182831407 -0.370490134 6.551385880 0.031607505 0.036895309 -0.035693269 0.998181224
3540.993183680 0.178031579 -0.389725804 6.459753990 0.028322205 0.033084832 -0.035468787 0.998421431
3541.025157504 0.187051147 -0.421727270 6.654776573 0.024814818 0.029466381 -0.037759002 0.998544037
3541.058248256 0.177126661 -0.432509333 6.856058598 0.026501255 0.027827527 -0.039691053 0.998472810
3541.089685376 0.194350421 -0.438624650 6.984741211 0.030215696 0.023537884 -0.035618506 0.998631239
3541.121318080 0.202159673 -0.420585155 7.003799915 0.026822457 0.020167679 -0.033717237 0.998867869
3541.153002304 0.213803142 -0.470042974 7.223439693 0.028675608 0.018104292 -0.041564081 0.998560190
3541.184438528 0.197118789 -0.491351753 7.342752457 0.028634170 0.021126876 -0.048909623 0.998169184
3541.216012480 0.229499966 -0.496547014 7.499995708 0.024528895 0.015766731 -0.039861862 0.998779655
3541.216012480 0.229499966 -0.496547014 7.499995708 0.024528895 0.015766731 -0.039861862 0.998779655
3541.278883488 0.238135159 -0.519494891 7.784091949 0.026120251 0.014214126 -0.044357944 0.998573065
3541.310331840 0.242488340 -0.530752897 7.929226875 0.024859497 0.014429910 -0.040804021 0.998753667
3541.342723296 0.246003255 -0.545110345 8.081355095 0.027819576 0.013676325 -0.034389153 0.998927712
3541.374448672 0.244123444 -0.588447571 7.870098114 0.019839071 0.013886060 -0.041790336 0.998832941
3541.406050208 0.262869388 -0.566980481 8.340866089 0.025383590 0.013879607 -0.043132368 0.998650432
3541.406050208 0.262869388 -0.566980481 8.340866089 0.025383590 0.013879607 -0.043132368 0.998650432
3541.471343072 0.284423560 -0.596310079 8.601840973 0.023341382 0.014653861 -0.041600846 0.998754144
3541.471343072 0.284423560 -0.596310079 8.601840973 0.023341382 0.014653861 -0.041600846 0.998754144
3541.534400480 0.294040829 -0.622153759 8.880547523 0.026557421 0.014926263 -0.042751856 0.998621166
3541.565667200 0.294958621 -0.637524426 9.025371552 0.028257970 0.015342818 -0.042009436 0.998599708
3541.597086848 0.301714927 -0.650485039 9.161375999 0.035770763 0.015311563 -0.041245442 0.998391151
3541.628465472 0.142792165 -0.654594600 9.023124695 0.033518478 0.027260529 -0.061465971 0.997173667
3541.660163136 0.128045171 -0.781565189 9.721448898 0.032091629 0.033978429 -0.074370883 0.996134877
3541.660163136 0.128045171 -0.781565189 9.721448898 0.032091629 0.033978429 -0.074370883 0.996134877
3541.724763744 0.337248117 -0.703447282 9.607662201 0.030744508 0.014949959 -0.042197708 0.998524249
3541.724763744 0.337248117 -0.703447282 9.607662201 0.030744508 0.014949959 -0.042197708 0.998524249
3541.788612288 0.350749999 -0.731680989 9.890653610 0.028837742 0.014894539 -0.039317537 0.998699546
3541.819977888 0.433739245 -0.841544151 9.926256180 0.020612311 0.007522350 -0.040931467 0.998921037
3541.852558976 0.361075252 -0.757107198 10.161276817 0.029036311 0.015182636 -0.041282661 0.998610139
3541.852558976 0.361075252 -0.757107198 10.161276817 0.029036311 0.015182636 -0.041282661 0.998610139
3541.852558976 0.361075252 -0.757107198 10.161276817 0.029036311 0.015182636 -0.041282661 0.998610139
3541.852558976 0.361075252 -0.757107198 10.161276817 0.029036311 0.015182636 -0.041282661 0.998610139
3541.852558976 0.361075252 -0.757107198 10.161276817 0.029036311 0.015182636 -0.041282661 0.998610139
3541.852558976 0.361075252 -0.757107198 10.161276817 0.029036311 0.015182636 -0.041282661 0.998610139
3541.852558976 0.361075252 -0.757107198 10.161276817 0.029036311 0.015182636 -0.041282661 0.998610139
3541.852558976 0.361075252 -0.757107198 10.161276817 0.029036311 0.015182636 -0.041282661 0.998610139
3541.852558976 0.361075252 -0.757107198 10.161276817 0.029036311 0.015182636 -0.041282661 0.998610139
3541.852558976 0.361075252 -0.757107198 10.161276817 0.029036311 0.015182636 -0.041282661 0.998610139
3541.852558976 0.361075252 -0.757107198 10.161276817 0.029036311 0.015182636 -0.041282661 0.998610139
3541.852558976 0.361075252 -0.757107198 10.161276817 0.029036311 0.015182636 -0.041282661 0.998610139
3541.852558976 0.361075252 -0.757107198 10.161276817 0.029036311 0.015182636 -0.041282661 0.998610139
3541.852558976 0.361075252 -0.757107198 10.161276817 0.029036311 0.015182636 -0.041282661 0.998610139
3541.852558976 0.361075252 -0.757107198 10.161276817 0.029036311 0.015182636 -0.041282661 0.998610139
3541.852558976 0.361075252 -0.757107198 10.161276817 0.029036311 0.015182636 -0.041282661 0.998610139
3541.852558976 0.361075252 -0.757107198 10.161276817 0.029036311 0.015182636 -0.041282661 0.998610139
3541.852558976 0.361075252 -0.757107198 10.161276817 0.029036311 0.015182636 -0.041282661 0.998610139
3541.852558976 0.361075252 -0.757107198 10.161276817 0.029036311 0.015182636 -0.041282661 0.998610139
3541.852558976 0.361075252 -0.757107198 10.161276817 0.029036311 0.015182636 -0.041282661 0.998610139
3541.852558976 0.361075252 -0.757107198 10.161276817 0.029036311 0.015182636 -0.041282661 0.998610139
3541.852558976 0.361075252 -0.757107198 10.161276817 0.029036311 0.015182636 -0.041282661 0.998610139
3541.852558976 0.361075252 -0.757107198 10.161276817 0.029036311 0.015182636 -0.041282661 0.998610139
3541.852558976 0.361075252 -0.757107198 10.161276817 0.029036311 0.015182636 -0.041282661 0.998610139
3541.852558976 0.361075252 -0.757107198 10.161276817 0.029036311 0.015182636 -0.041282661 0.998610139
3541.852558976 0.361075252 -0.757107198 10.161276817 0.029036311 0.015182636 -0.041282661 0.998610139
3541.852558976 0.361075252 -0.757107198 10.161276817 0.029036311 0.015182636 -0.041282661 0.998610139
3541.852558976 0.361075252 -0.757107198 10.161276817 0.029036311 0.015182636 -0.041282661 0.998610139
3541.852558976 0.361075252 -0.757107198 10.161276817 0.029036311 0.015182636 -0.041282661 0.998610139
3541.852558976 0.361075252 -0.757107198 10.161276817 0.029036311 0.015182636 -0.041282661 0.998610139
3541.852558976 0.361075252 -0.757107198 10.161276817 0.029036311 0.015182636 -0.041282661 0.998610139
3541.852558976 0.361075252 -0.757107198 10.161276817 0.029036311 0.015182636 -0.041282661 0.998610139
3541.852558976 0.361075252 -0.757107198 10.161276817 0.029036311 0.015182636 -0.041282661 0.998610139
3541.852558976 0.361075252 -0.757107198 10.161276817 0.029036311 0.015182636 -0.041282661 0.998610139
3541.852558976 0.361075252 -0.757107198 10.161276817 0.029036311 0.015182636 -0.041282661 0.998610139
3541.852558976 0.361075252 -0.757107198 10.161276817 0.029036311 0.015182636 -0.041282661 0.998610139
3541.852558976 0.361075252 -0.757107198 10.161276817 0.029036311 0.015182636 -0.041282661 0.998610139
3541.852558976 0.361075252 -0.757107198 10.161276817 0.029036311 0.015182636 -0.041282661 0.998610139
3541.852558976 0.361075252 -0.757107198 10.161276817 0.029036311 0.015182636 -0.041282661 0.998610139
3541.852558976 0.361075252 -0.757107198 10.161276817 0.029036311 0.015182636 -0.041282661 0.998610139
3541.852558976 0.361075252 -0.757107198 10.161276817 0.029036311 0.015182636 -0.041282661 0.998610139
3541.852558976 0.361075252 -0.757107198 10.161276817 0.029036311 0.015182636 -0.041282661 0.998610139
3541.852558976 0.361075252 -0.757107198 10.161276817 0.029036311 0.015182636 -0.041282661 0.998610139
3541.852558976 0.361075252 -0.757107198 10.161276817 0.029036311 0.015182636 -0.041282661 0.998610139
3541.852558976 0.361075252 -0.757107198 10.161276817 0.029036311 0.015182636 -0.041282661 0.998610139
3541.852558976 0.361075252 -0.757107198 10.161276817 0.029036311 0.015182636 -0.041282661 0.998610139
3541.852558976 0.361075252 -0.757107198 10.161276817 0.029036311 0.015182636 -0.041282661 0.998610139
3541.852558976 0.361075252 -0.757107198 10.161276817 0.029036311 0.015182636 -0.041282661 0.998610139
3541.852558976 0.361075252 -0.757107198 10.161276817 0.029036311 0.015182636 -0.041282661 0.998610139
3541.852558976 0.361075252 -0.757107198 10.161276817 0.029036311 0.015182636 -0.041282661 0.998610139
3541.852558976 0.361075252 -0.757107198 10.161276817 0.029036311 0.015182636 -0.041282661 0.998610139
3541.852558976 0.361075252 -0.757107198 10.161276817 0.029036311 0.015182636 -0.041282661 0.998610139
3541.852558976 0.361075252 -0.757107198 10.161276817 0.029036311 0.015182636 -0.041282661 0.998610139
3541.852558976 0.361075252 -0.757107198 10.161276817 0.029036311 0.015182636 -0.041282661 0.998610139
3541.852558976 0.361075252 -0.757107198 10.161276817 0.029036311 0.015182636 -0.041282661 0.998610139
3541.852558976 0.361075252 -0.757107198 10.161276817 0.029036311 0.015182636 -0.041282661 0.998610139
3541.852558976 0.361075252 -0.757107198 10.161276817 0.029036311 0.015182636 -0.041282661 0.998610139
3541.852558976 0.361075252 -0.757107198 10.161276817 0.029036311 0.015182636 -0.041282661 0.998610139
3541.852558976 0.361075252 -0.757107198 10.161276817 0.029036311 0.015182636 -0.041282661 0.998610139
3541.852558976 0.361075252 -0.757107198 10.161276817 0.029036311 0.015182636 -0.041282661 0.998610139
3541.852558976 0.361075252 -0.757107198 10.161276817 0.029036311 0.015182636 -0.041282661 0.998610139
3541.852558976 0.361075252 -0.757107198 10.161276817 0.029036311 0.015182636 -0.041282661 0.998610139
3541.852558976 0.361075252 -0.757107198 10.161276817 0.029036311 0.015182636 -0.041282661 0.998610139
3541.852558976 0.361075252 -0.757107198 10.161276817 0.029036311 0.015182636 -0.041282661 0.998610139
3541.852558976 0.361075252 -0.757107198 10.161276817 0.029036311 0.015182636 -0.041282661 0.998610139
3541.852558976 0.361075252 -0.757107198 10.161276817 0.029036311 0.015182636 -0.041282661 0.998610139
3541.852558976 0.361075252 -0.757107198 10.161276817 0.029036311 0.015182636 -0.041282661 0.998610139
3541.852558976 0.361075252 -0.757107198 10.161276817 0.029036311 0.015182636 -0.041282661 0.998610139
3541.852558976 0.361075252 -0.757107198 10.161276817 0.029036311 0.015182636 -0.041282661 0.998610139
3541.852558976 0.361075252 -0.757107198 10.161276817 0.029036311 0.015182636 -0.041282661 0.998610139
3541.852558976 0.361075252 -0.757107198 10.161276817 0.029036311 0.015182636 -0.041282661 0.998610139
3541.852558976 0.361075252 -0.757107198 10.161276817 0.029036311 0.015182636 -0.041282661 0.998610139
3541.852558976 0.361075252 -0.757107198 10.161276817 0.029036311 0.015182636 -0.041282661 0.998610139
3541.852558976 0.361075252 -0.757107198 10.161276817 0.029036311 0.015182636 -0.041282661 0.998610139
3541.852558976 0.361075252 -0.757107198 10.161276817 0.029036311 0.015182636 -0.041282661 0.998610139
3541.852558976 0.361075252 -0.757107198 10.161276817 0.029036311 0.015182636 -0.041282661 0.998610139
3541.852558976 0.361075252 -0.757107198 10.161276817 0.029036311 0.015182636 -0.041282661 0.998610139
3541.852558976 0.361075252 -0.757107198 10.161276817 0.029036311 0.015182636 -0.041282661 0.998610139
3541.852558976 0.361075252 -0.757107198 10.161276817 0.029036311 0.015182636 -0.041282661 0.998610139
3541.852558976 0.361075252 -0.757107198 10.161276817 0.029036311 0.015182636 -0.041282661 0.998610139
3541.852558976 0.361075252 -0.757107198 10.161276817 0.029036311 0.015182636 -0.041282661 0.998610139
3541.852558976 0.361075252 -0.757107198 10.161276817 0.029036311 0.015182636 -0.041282661 0.998610139
3541.852558976 0.361075252 -0.757107198 10.161276817 0.029036311 0.015182636 -0.041282661 0.998610139
3541.852558976 0.361075252 -0.757107198 10.161276817 0.029036311 0.015182636 -0.041282661 0.998610139
3541.852558976 0.361075252 -0.757107198 10.161276817 0.029036311 0.015182636 -0.041282661 0.998610139
3541.852558976 0.361075252 -0.757107198 10.161276817 0.029036311 0.015182636 -0.041282661 0.998610139
3541.852558976 0.361075252 -0.757107198 10.161276817 0.029036311 0.015182636 -0.041282661 0.998610139
3541.852558976 0.361075252 -0.757107198 10.161276817 0.029036311 0.015182636 -0.041282661 0.998610139
3541.852558976 0.361075252 -0.757107198 10.161276817 0.029036311 0.015182636 -0.041282661 0.998610139
3541.852558976 0.361075252 -0.757107198 10.161276817 0.029036311 0.015182636 -0.041282661 0.998610139
3541.852558976 0.361075252 -0.757107198 10.161276817 0.029036311 0.015182636 -0.041282661 0.998610139
3541.852558976 0.361075252 -0.757107198 10.161276817 0.029036311 0.015182636 -0.041282661 0.998610139
3541.852558976 0.361075252 -0.757107198 10.161276817 0.029036311 0.015182636 -0.041282661 0.998610139
3541.852558976 0.361075252 -0.757107198 10.161276817 0.029036311 0.015182636 -0.041282661 0.998610139
3541.852558976 0.361075252 -0.757107198 10.161276817 0.029036311 0.015182636 -0.041282661 0.998610139
3541.852558976 0.361075252 -0.757107198 10.161276817 0.029036311 0.015182636 -0.041282661 0.998610139
3541.852558976 0.361075252 -0.757107198 10.161276817 0.029036311 0.015182636 -0.041282661 0.998610139
3541.852558976 0.361075252 -0.757107198 10.161276817 0.029036311 0.015182636 -0.041282661 0.998610139
3541.852558976 0.361075252 -0.757107198 10.161276817 0.029036311 0.015182636 -0.041282661 0.998610139
3541.852558976 0.361075252 -0.757107198 10.161276817 0.029036311 0.015182636 -0.041282661 0.998610139
3541.852558976 0.361075252 -0.757107198 10.161276817 0.029036311 0.015182636 -0.041282661 0.998610139
3541.852558976 0.361075252 -0.757107198 10.161276817 0.029036311 0.015182636 -0.041282661 0.998610139
3541.852558976 0.361075252 -0.757107198 10.161276817 0.029036311 0.015182636 -0.041282661 0.998610139
3541.852558976 0.361075252 -0.757107198 10.161276817 0.029036311 0.015182636 -0.041282661 0.998610139
3541.852558976 0.361075252 -0.757107198 10.161276817 0.029036311 0.015182636 -0.041282661 0.998610139
3541.852558976 0.361075252 -0.757107198 10.161276817 0.029036311 0.015182636 -0.041282661 0.998610139
3541.852558976 0.361075252 -0.757107198 10.161276817 0.029036311 0.015182636 -0.041282661 0.998610139
3541.852558976 0.361075252 -0.757107198 10.161276817 0.029036311 0.015182636 -0.041282661 0.998610139
3541.852558976 0.361075252 -0.757107198 10.161276817 0.029036311 0.015182636 -0.041282661 0.998610139
3541.852558976 0.361075252 -0.757107198 10.161276817 0.029036311 0.015182636 -0.041282661 0.998610139
3541.852558976 0.361075252 -0.757107198 10.161276817 0.029036311 0.015182636 -0.041282661 0.998610139
3541.852558976 0.361075252 -0.757107198 10.161276817 0.029036311 0.015182636 -0.041282661 0.998610139
3541.852558976 0.361075252 -0.757107198 10.161276817 0.029036311 0.015182636 -0.041282661 0.998610139
3541.852558976 0.361075252 -0.757107198 10.161276817 0.029036311 0.015182636 -0.041282661 0.998610139
3541.852558976 0.361075252 -0.757107198 10.161276817 0.029036311 0.015182636 -0.041282661 0.998610139
3541.852558976 0.361075252 -0.757107198 10.161276817 0.029036311 0.015182636 -0.041282661 0.998610139
3541.852558976 0.361075252 -0.757107198 10.161276817 0.029036311 0.015182636 -0.041282661 0.998610139
3541.852558976 0.361075252 -0.757107198 10.161276817 0.029036311 0.015182636 -0.041282661 0.998610139
3541.852558976 0.361075252 -0.757107198 10.161276817 0.029036311 0.015182636 -0.041282661 0.998610139
3541.852558976 0.361075252 -0.757107198 10.161276817 0.029036311 0.015182636 -0.041282661 0.998610139
3541.852558976 0.361075252 -0.757107198 10.161276817 0.029036311 0.015182636 -0.041282661 0.998610139
3541.852558976 0.361075252 -0.757107198 10.161276817 0.029036311 0.015182636 -0.041282661 0.998610139
3541.852558976 0.361075252 -0.757107198 10.161276817 0.029036311 0.015182636 -0.041282661 0.998610139
3541.852558976 0.361075252 -0.757107198 10.161276817 0.029036311 0.015182636 -0.041282661 0.998610139
3541.852558976 0.361075252 -0.757107198 10.161276817 0.029036311 0.015182636 -0.041282661 0.998610139
3541.852558976 0.361075252 -0.757107198 10.161276817 0.029036311 0.015182636 -0.041282661 0.998610139
3541.852558976 0.361075252 -0.757107198 10.161276817 0.029036311 0.015182636 -0.041282661 0.998610139
3541.852558976 0.361075252 -0.757107198 10.161276817 0.029036311 0.015182636 -0.041282661 0.998610139
3541.852558976 0.361075252 -0.757107198 10.161276817 0.029036311 0.015182636 -0.041282661 0.998610139
3541.852558976 0.361075252 -0.757107198 10.161276817 0.029036311 0.015182636 -0.041282661 0.998610139
3541.852558976 0.361075252 -0.757107198 10.161276817 0.029036311 0.015182636 -0.041282661 0.998610139
3541.852558976 0.361075252 -0.757107198 10.161276817 0.029036311 0.015182636 -0.041282661 0.998610139
3541.852558976 0.361075252 -0.757107198 10.161276817 0.029036311 0.015182636 -0.041282661 0.998610139
3541.852558976 0.361075252 -0.757107198 10.161276817 0.029036311 0.015182636 -0.041282661 0.998610139
3541.852558976 0.361075252 -0.757107198 10.161276817 0.029036311 0.015182636 -0.041282661 0.998610139
3541.852558976 0.361075252 -0.757107198 10.161276817 0.029036311 0.015182636 -0.041282661 0.998610139
3541.852558976 0.361075252 -0.757107198 10.161276817 0.029036311 0.015182636 -0.041282661 0.998610139
3541.852558976 0.361075252 -0.757107198 10.161276817 0.029036311 0.015182636 -0.041282661 0.998610139
3541.852558976 0.361075252 -0.757107198 10.161276817 0.029036311 0.015182636 -0.041282661 0.998610139
3541.852558976 0.361075252 -0.757107198 10.161276817 0.029036311 0.015182636 -0.041282661 0.998610139
3541.852558976 0.361075252 -0.757107198 10.161276817 0.029036311 0.015182636 -0.041282661 0.998610139
3541.852558976 0.361075252 -0.757107198 10.161276817 0.029036311 0.015182636 -0.041282661 0.998610139
3541.852558976 0.361075252 -0.757107198 10.161276817 0.029036311 0.015182636 -0.041282661 0.998610139
3541.852558976 0.361075252 -0.757107198 10.161276817 0.029036311 0.015182636 -0.041282661 0.998610139
3541.852558976 0.361075252 -0.757107198 10.161276817 0.029036311 0.015182636 -0.041282661 0.998610139
