1710.188575680 0.000000000 0.000000000 0.000000000 -0.000000000 -0.000000000 -0.000000000 1.000000000
1710.314044160 0.009512624 -0.022468224 0.549086988 -0.002846297 -0.002144797 0.007233066 0.999967515
1710.438772256 0.013926718 -0.043531209 1.030265927 0.000085558 -0.003756462 0.009313587 0.999949574
1710.563971744 0.013470026 -0.064035691 1.427254677 0.003866113 -0.001443009 0.005642293 0.999975562
1710.688454336 0.012863196 -0.079177581 1.748007298 0.003956094 0.001342875 0.002788084 0.999987423
1710.814434560 0.009700286 -0.093391798 1.995324373 0.004405843 0.008663720 -0.003225221 0.999947608
1710.938404832 0.012250928 -0.105377756 2.184964418 0.006272143 0.007018852 0.001545708 0.999954522
1711.063594400 0.014614729 -0.115153700 2.322355032 0.006340210 0.006552817 0.004612748 0.999947846
1711.188694528 0.015454980 -0.121132433 2.421340942 0.010482956 0.004282526 0.004534486 0.999925673
1711.313647744 0.014375167 -0.127161622 2.488184214 0.013509247 0.005237938 0.000273741 0.999895036
1711.438402304 0.017339775 -0.130002365 2.536046743 0.012904641 0.007049880 0.001835141 0.999890268
1711.563713440 0.016638204 -0.132061064 2.566599369 0.013377086 0.007405797 0.000381476 0.999883056
1711.689065696 0.018538339 -0.133168086 2.585811615 0.014435024 0.007219287 0.002058143 0.999867737
1711.813454752 0.019952089 -0.133952260 2.602645636 0.015290280 0.007087042 0.002935571 0.999853730
1711.938523648 0.020509843 -0.135047212 2.618442297 0.015523873 0.006300594 0.003720958 0.999852777
1712.063597088 0.021781914 -0.135805771 2.634193897 0.015483903 0.005716673 0.004875354 0.999851942
1712.188450880 0.022747632 -0.136862442 2.646075010 0.015942579 0.005420107 0.005830724 0.999841273
1712.313884000 0.023202837 -0.137822762 2.654927254 0.016615208 0.005147968 0.006481427 0.999827743
