1390.612643552 0.000000000 0.000000000 0.000000000 -0.000000000 -0.000000000 -0.000000000 1.000000000
1390.863021472 -0.034336522 -0.028835543 0.731508791 0.000372827 -0.005105530 -0.012887727 0.999903858
1391.112705248 -0.029395645 -0.037609715 1.507653594 0.011342821 -0.001085875 -0.020814747 0.999718428
1391.364704608 0.004584630 -0.075425945 2.298568249 0.015049121 -0.001573425 -0.021804776 0.999647737
1391.613029504 0.021498481 -0.101412833 3.034168005 0.023661014 0.007341613 -0.014912541 0.999581873
1391.863067232 0.062808752 -0.165292412 3.684252024 0.021412164 0.010782386 0.002670215 0.999709010
1392.112910176 0.047052104 -0.192196921 4.305819988 -0.019543635 0.031703051 -0.034330409 0.998716354
1392.362455840 0.032731105 -0.203625306 4.740427971 -0.010890597 0.013427189 -0.014517807 0.999745131
1392.612740000 0.041121416 -0.234430298 4.955149174 0.000269420 0.019048495 -0.018466236 0.999647975
1392.862868832 0.044360921 -0.230986282 5.070450306 -0.000914468 0.018913623 -0.020264240 0.999615371
1393.113470656 0.051250461 -0.234036520 5.118503094 0.000187574 0.014782116 -0.015555479 0.999769747
1393.363078720 0.049258839 -0.230628937 5.085966587 -0.000689241 0.013883715 -0.015651735 0.999780893
1393.613160320 0.047394417 -0.230363965 5.076540947 -0.000789552 0.014392549 -0.017656408 0.999740303
1393.863144448 0.050979223 -0.230954334 5.098665714 -0.000993414 0.013541100 -0.014758325 0.999798894
