841.907095680 0.000000000 0.000000000 0.000000000 -0.000000000 -0.000000000 -0.000000000 1.000000000
842.159288192 0.001082864 -0.001024293 0.003967228 0.001456741 0.000140737 0.001545199 0.999997735
842.407127008 0.012017154 -0.011557832 0.168063581 0.006199426 -0.003298972 0.004272346 0.999966204
842.655539072 0.015512369 -0.065152153 0.335400939 0.009013401 -0.006835322 0.007571323 0.999907434
842.907250272 0.031438351 -0.044929620 1.183734298 0.012990295 -0.011642647 -0.002484970 0.999844790
843.159537888 0.057517532 -0.081489243 1.917392969 0.012254504 0.002978845 0.015053065 0.999807179
843.407150336 0.083658859 -0.113051027 2.705127001 0.005496715 -0.004801264 -0.003298140 0.999967933
843.655528960 0.096704200 -0.133667290 3.524897337 -0.003656581 -0.006788223 -0.011298624 0.999906480
843.906839584 0.129635021 -0.132378146 4.626802444 -0.003252827 -0.006468742 -0.010587148 0.999917746
844.159424928 0.041551065 -0.124027647 5.661179066 -0.005949755 -0.010656002 -0.012501309 0.999847412
844.408910048 0.119982645 -0.149150699 6.645135880 -0.008681070 0.007853419 0.002402378 0.999928594
844.655417472 0.146694556 -0.183781013 7.647902012 -0.003734593 0.001402911 0.005443083 0.999977231
844.906851040 0.171562746 -0.225785494 8.674270630 0.012816938 0.002441874 0.003386946 0.999909163
845.158973632 0.160344750 -0.243941411 9.701218605 -0.006136116 -0.011199144 -0.015412125 0.999799669
845.407129248 0.090308987 -0.230986089 10.698150635 -0.024742059 -0.022302926 -0.033441264 0.998885512
845.407129248 0.090308987 -0.230986089 10.698150635 -0.024742059 -0.022302926 -0.033441264 0.998885512
845.407129248 0.090308987 -0.230986089 10.698150635 -0.024742059 -0.022302926 -0.033441264 0.998885512
845.407129248 0.090308987 -0.230986089 10.698150635 -0.024742059 -0.022302926 -0.033441264 0.998885512
845.407129248 0.090308987 -0.230986089 10.698150635 -0.024742059 -0.022302926 -0.033441264 0.998885512
845.407129248 0.090308987 -0.230986089 10.698150635 -0.024742059 -0.022302926 -0.033441264 0.998885512
845.407129248 0.090308987 -0.230986089 10.698150635 -0.024742059 -0.022302926 -0.033441264 0.998885512
845.407129248 0.090308987 -0.230986089 10.698150635 -0.024742059 -0.022302926 -0.033441264 0.998885512
845.407129248 0.090308987 -0.230986089 10.698150635 -0.024742059 -0.022302926 -0.033441264 0.998885512
845.407129248 0.090308987 -0.230986089 10.698150635 -0.024742059 -0.022302926 -0.033441264 0.998885512
845.407129248 0.090308987 -0.230986089 10.698150635 -0.024742059 -0.022302926 -0.033441264 0.998885512
845.407129248 0.090308987 -0.230986089 10.698150635 -0.024742059 -0.022302926 -0.033441264 0.998885512
845.407129248 0.090308987 -0.230986089 10.698150635 -0.024742059 -0.022302926 -0.033441264 0.998885512
845.407129248 0.090308987 -0.230986089 10.698150635 -0.024742059 -0.022302926 -0.033441264 0.998885512
845.407129248 0.090308987 -0.230986089 10.698150635 -0.024742059 -0.022302926 -0.033441264 0.998885512
845.407129248 0.090308987 -0.230986089 10.698150635 -0.024742059 -0.022302926 -0.033441264 0.998885512
845.407129248 0.090308987 -0.230986089 10.698150635 -0.024742059 -0.022302926 -0.033441264 0.998885512
845.407129248 0.090308987 -0.230986089 10.698150635 -0.024742059 -0.022302926 -0.033441264 0.998885512
845.407129248 0.090308987 -0.230986089 10.698150635 -0.024742059 -0.022302926 -0.033441264 0.998885512
845.407129248 0.090308987 -0.230986089 10.698150635 -0.024742059 -0.022302926 -0.033441264 0.998885512
