593.026018784 0.000000000 0.000000000 0.000000000 -0.000000000 -0.000000000 -0.000000000 1.000000000
593.063107232 -0.001200703 -0.009228603 0.114207491 -0.004846652 0.000925383 -0.004552518 0.999977469
593.100418496 -0.004727129 -0.008595336 0.228471443 -0.005454049 0.002574631 -0.014832041 0.999871850
593.141693024 -0.000122173 -0.011232023 0.356247813 -0.002021543 0.003340806 -0.001966610 0.999990463
593.182456192 0.005661391 -0.015250129 0.487173021 -0.002320140 0.003051826 0.007359315 0.999965608
593.223192864 0.006200028 -0.017843889 0.620221734 -0.008930889 0.001022186 0.002154241 0.999957263
593.264214080 0.005073593 -0.027982106 0.760407150 -0.013012707 0.000763934 -0.003453364 0.999909103
593.305035712 0.002791937 -0.038740717 0.893153727 -0.014007518 -0.000205202 -0.009576013 0.999856055
593.346284544 0.009769567 -0.040349256 1.025032282 -0.014618784 0.000219172 0.013900681 0.999796510
593.386762880 0.028243758 -0.028124552 1.157236576 -0.002115535 -0.001534398 0.023721691 0.999715269
593.427393440 0.032263122 -0.034580037 1.291723609 0.004708085 0.001299807 0.021946078 0.999747276
593.468058976 0.020067235 -0.023685008 1.439858317 0.014534604 0.004774671 0.023021845 0.999617994
593.509708416 0.045455739 -0.041098274 1.566909909 0.009338237 0.008497481 0.032093413 0.999405146
593.550728544 0.057542130 -0.041982137 1.722445726 -0.003940369 0.008444621 0.038924742 0.999198735
593.592191648 0.053721443 -0.033224851 1.873725176 -0.029672110 0.005553007 0.020526826 0.999333501
593.623706528 0.055789817 -0.026714096 1.984852195 -0.027144626 0.001805590 0.018183477 0.999464512
593.665549600 0.065019690 -0.020122053 2.140494823 -0.044200189 -0.001312579 0.024622813 0.998718321
593.696933408 0.112124532 0.004358049 2.295566797 -0.057717778 -0.011314252 0.029250409 0.997840226
593.728278880 0.077104092 -0.032237947 2.357899666 -0.025046222 -0.003982274 0.034486309 0.999083340
593.759644000 0.080113597 -0.033615917 2.465893745 -0.008762140 -0.004118655 0.032970827 0.999409437
593.791191712 0.075882323 -0.014445475 2.579111814 0.012873748 -0.002748601 0.028046096 0.999519944
593.822652576 0.049766146 0.023192329 2.717540741 0.044527892 -0.001435992 0.024292281 0.998711705
593.853998912 0.064350650 -0.062451586 2.779751062 0.062344555 -0.003740237 0.019611806 0.997855008
593.885928032 0.074408934 -0.079884052 2.886430979 0.070233583 -0.007799046 0.033051915 0.996952355
593.917291264 0.074740008 -0.096117601 2.997477770 0.077471994 -0.010233555 0.032204542 0.996421754
593.949056864 0.089123569 -0.122932129 3.121011257 0.082439534 -0.013237090 0.028186049 0.996109486
593.981355008 0.068748988 -0.128517017 3.233629465 0.059478346 -0.014213614 0.021414094 0.997898757
594.014320256 0.071345121 -0.144216567 3.351419449 0.051711939 -0.016553730 0.023209255 0.998255074
594.056416320 0.077696748 -0.161435187 3.511000156 0.035215344 -0.022779604 0.024977967 0.998807847
594.086926912 0.091081157 -0.162285119 3.642154932 0.023441441 -0.032246701 0.035655603 0.998568654
594.118241888 0.069315419 -0.137386799 3.779175997 0.022485398 -0.038556065 0.049114756 0.997795343
594.149864992 0.060428049 -0.143170610 3.896188974 0.020060778 -0.043139126 0.055387493 0.997330844
594.181198112 0.056797158 -0.150613844 4.012301445 0.018487077 -0.047828440 0.067931347 0.996371448
594.213134784 0.052217104 -0.163745970 4.122563362 0.024846621 -0.048492108 0.071818516 0.995928347
594.245930048 0.040711287 -0.177683562 4.241002560 0.033270720 -0.044465780 0.065277912 0.996320546
594.277319232 0.024093814 -0.190521330 4.355216503 0.034537937 -0.038298782 0.055968381 0.997099817
594.317359168 0.022764981 -0.198410019 4.501155376 0.031344425 -0.035274029 0.060820717 0.997032642
594.347519072 0.026481640 -0.205087394 4.614516735 0.022484468 -0.037782528 0.076997675 0.996061444
594.378937728 0.020591523 -0.212057009 4.736844063 0.012156948 -0.042035412 0.076718561 0.996092200
594.410726304 0.011587373 -0.216895640 4.860394955 -0.003533873 -0.045124389 0.070239455 0.996502757
594.442296320 -0.003530122 -0.217976272 4.982936382 -0.012604639 -0.048337135 0.054938782 0.997239351
594.474420224 -0.012208916 -0.211105078 5.106091022 -0.027832245 -0.052456971 0.056695625 0.996623933
594.508254624 -0.015597289 -0.203087270 5.234274864 -0.040772967 -0.056065727 0.066533275 0.995373070
594.540411040 -0.038375799 -0.186940104 5.374424934 -0.049738917 -0.056895874 0.076208517 0.994223893
594.572225696 -0.057955787 -0.176805541 5.493897915 -0.047382362 -0.052743189 0.067916833 0.995168567
594.572225696 -0.057955787 -0.176805541 5.493897915 -0.047382362 -0.052743189 0.067916833 0.995168567
594.572225696 -0.057955787 -0.176805541 5.493897915 -0.047382362 -0.052743189 0.067916833 0.995168567
594.572225696 -0.057955787 -0.176805541 5.493897915 -0.047382362 -0.052743189 0.067916833 0.995168567
594.700027744 -0.070989005 -0.194544613 5.962527275 -0.012053033 -0.044743422 0.062888362 0.996944249
594.731871008 -0.078678004 -0.199896857 6.086347580 -0.009120996 -0.046365146 0.063073814 0.996889591
594.763654208 -0.088654578 -0.203455657 6.209941864 -0.005756065 -0.048092045 0.061845940 0.996909797
594.804718560 -0.101988338 -0.218932465 6.371592045 -0.011949513 -0.051008921 0.057593420 0.996964514
594.834924448 -0.112184241 -0.211778879 6.496972084 -0.019064419 -0.051801268 0.057284623 0.996830821
594.866537984 -0.121138029 -0.209387124 6.633686066 -0.018617857 -0.052691814 0.062763467 0.996462584
594.898001472 -0.131137744 -0.211835817 6.765767574 -0.010749391 -0.052704841 0.060754586 0.996702373
594.929712768 -0.143390507 -0.227257624 6.880976200 -0.013712100 -0.052236743 0.055152681 0.997016370
594.961186336 -0.155333906 -0.217302814 7.035825253 -0.013285194 -0.052132189 0.050357889 0.997281253
594.993182336 -0.163134351 -0.208896428 7.173827171 -0.005228266 -0.052804064 0.054729350 0.997090399
595.025285856 -0.174480364 -0.210343033 7.297994614 -0.016921293 -0.054695740 0.058552168 0.996641219
595.058642752 -0.188135833 -0.209524184 7.433932304 -0.022936964 -0.058630548 0.057540048 0.996356189
595.094216864 -0.207690582 -0.211358786 7.584260464 -0.027054247 -0.061509572 0.055070147 0.996218860
595.125649056 -0.228532374 -0.208167702 7.727814674 -0.035791427 -0.065568410 0.044943582 0.996192694
595.157086240 -0.241676167 -0.205803424 7.858901501 -0.027334306 -0.069744565 0.044583686 0.996193230
595.189694592 -0.254020214 -0.205864042 7.993110180 -0.013292630 -0.073483989 0.053006861 0.995798111
595.221248608 -0.271190852 -0.201326057 8.130063057 -0.020197442 -0.075596176 0.052402094 0.995555818
595.253350304 -0.286640972 -0.201087356 8.262961388 -0.016914330 -0.074563690 0.046347283 0.995995045
595.294508448 -0.310837120 -0.201467693 8.444542885 -0.017114490 -0.071625546 0.047265209 0.996164143
595.323315968 -0.333848685 -0.201247364 8.575522423 -0.020879369 -0.069835894 0.046413306 0.996259451
595.354928224 -0.351426810 -0.203066140 8.711932182 -0.019743742 -0.069573462 0.047153503 0.996266186
595.396882880 -0.366320610 -0.207742542 8.888755798 -0.016560696 -0.070026711 0.049640857 0.996171594
595.430440640 -0.399692774 -0.207683831 9.045873642 -0.013405027 -0.069117308 0.048292600 0.996348858
595.462061408 -0.403620452 -0.204672426 9.188481331 -0.006449026 -0.070503786 0.045707643 0.996442914
595.494080864 -0.421883255 -0.227696672 9.321749687 -0.009357499 -0.068624496 0.040564526 0.996773601
595.525505184 -0.441493839 -0.231225193 9.459779739 -0.010814150 -0.068424910 0.043340635 0.996655762
595.557095904 -0.453764528 -0.216389090 9.613759995 -0.010468423 -0.071789950 0.048108365 0.996203959
595.588500000 -0.478317529 -0.216441154 9.762600899 -0.006457622 -0.071832366 0.047834881 0.996248126
595.620278432 -0.487632871 -0.220082551 9.898422241 -0.009713630 -0.072610579 0.050499037 0.996033788
595.659806176 -0.507240713 -0.222247839 10.055100441 -0.009592120 -0.072577655 0.053096544 0.995902240
595.691914464 -0.535704494 -0.223816752 10.233936310 -0.007891026 -0.071252950 0.052997384 0.996018112
595.724112256 -0.546909451 -0.231742293 10.388039589 -0.002820421 -0.069923289 0.051597100 0.996213078
595.755481088 -0.564091802 -0.233634800 10.539249420 -0.009829323 -0.069467522 0.054666944 0.996036768
595.786864704 -0.577777326 -0.237401307 10.680218697 -0.006979770 -0.069060862 0.056681383 0.995976448
595.818296704 -0.595705032 -0.244096071 10.829031944 -0.006000974 -0.068736650 0.056696426 0.996004403
595.850500224 -0.615532637 -0.244102985 10.978960991 -0.010153827 -0.068646558 0.056298345 0.995999575
595.881861888 -0.632592976 -0.248161644 11.128357887 -0.006060909 -0.068545029 0.058647912 0.995904267
595.913504352 -0.650739312 -0.253135383 11.275744438 -0.007389625 -0.068424627 0.059931934 0.995827138
595.953040800 -0.673584342 -0.259169370 11.461216927 -0.005841839 -0.068250775 0.062098309 0.995716572
595.983489824 -0.690365672 -0.264680833 11.607947350 -0.001267032 -0.067255333 0.062663466 0.995765269
596.020507296 -0.710149884 -0.269553542 11.751764297 -0.004066363 -0.066660590 0.062918305 0.995781660
596.052275264 -0.725750566 -0.276645213 11.928731918 0.000085017 -0.066269085 0.062632181 0.995834112
596.083779008 -0.744727671 -0.283626497 12.076606750 0.005072895 -0.065931268 0.063984983 0.995757699
596.115342624 -0.761386752 -0.290936559 12.225933075 0.001577539 -0.066878699 0.064297721 0.995685995
596.146693792 -0.778862417 -0.297210246 12.380865097 0.001419749 -0.067306399 0.065327071 0.995590389
596.177871072 -0.791065812 -0.306424499 12.529976845 0.000130081 -0.067816176 0.065666422 0.995534480
596.209771936 -0.805331707 -0.310698271 12.678144455 0.000249510 -0.067692839 0.065086059 0.995580971
596.241168864 -0.822040379 -0.319906235 12.837230682 -0.000663505 -0.067054741 0.066489406 0.995531201
596.269731296 -0.838445544 -0.326740265 12.975962639 -0.004431938 -0.066622570 0.066970281 0.995518386
596.301088448 -0.855105042 -0.333270729 13.124625206 -0.000350260 -0.066162795 0.066541597 0.995587528
596.331255840 -0.869117260 -0.338721365 13.264708519 0.005475451 -0.066130936 0.068217933 0.995461285
596.359885472 -0.814953625 -0.308325529 13.358613014 -0.001155943 -0.070776530 0.066235006 0.995290101
596.388844128 -0.764816940 -0.277818561 13.453952789 -0.004284231 -0.073068962 0.067386545 0.995038509
596.420336832 -0.705526948 -0.231607109 13.569253922 0.000098000 -0.078638628 0.066005178 0.994715691
596.448837024 -0.694912314 -0.116084695 13.770909309 0.008335775 -0.083755657 0.068870619 0.994068623
596.477390592 -0.724860847 -0.122638024 13.907871246 0.011830932 -0.084403180 0.069146171 0.993959248
596.506362464 -0.748633087 -0.133438826 14.044087410 0.011706508 -0.085853092 0.069354996 0.993821979
596.535293760 -0.771991193 -0.141846031 14.185012817 0.007386561 -0.087476864 0.068046689 0.993812382
596.564460672 -0.795506954 -0.149065867 14.321903229 0.011416886 -0.089056335 0.066845596 0.993715405
596.593663200 -0.821608543 -0.160436347 14.458623886 0.009810976 -0.089595869 0.066833980 0.993684828
596.625255616 -0.847881973 -0.165659368 14.601640701 0.006224572 -0.090543099 0.068958558 0.993482769
596.653962048 -0.859198034 -0.177889019 14.743697166 0.008477094 -0.092050172 0.066064164 0.993524253
596.682649536 -0.883758605 -0.186626196 14.879030228 0.013333822 -0.092550516 0.065523043 0.993460298
596.712181280 -0.910465240 -0.191902369 15.016877174 0.010765494 -0.093103386 0.065614142 0.993433774
596.741171840 -0.938870072 -0.202462196 15.160592079 0.009115309 -0.093222968 0.065871201 0.993422031
596.769958848 -0.962124228 -0.215294734 15.302684784 0.007267853 -0.093741313 0.063870855 0.993519187
596.798673056 -0.995375991 -0.228314161 15.438513756 0.006547455 -0.092848949 0.063413665 0.993637264
596.827312192 -1.017749310 -0.243297458 15.580703735 0.005676722 -0.093526974 0.066372804 0.993385732
596.855954752 -1.034097910 -0.243564069 15.721333504 0.004836141 -0.093714491 0.065129571 0.993454754
596.884776224 -1.061306238 -0.251086593 15.860268593 0.005474785 -0.093504876 0.061704542 0.993689835
596.913985760 -1.088092685 -0.260173798 15.999975204 0.004629866 -0.093594812 0.062086377 0.993661880
596.942969056 -1.117856860 -0.267675370 16.141086578 0.008614219 -0.093393050 0.064957924 0.993470728
596.971701344 -1.146359682 -0.280633330 16.281364441 0.005452363 -0.093241632 0.065649539 0.993461907
597.001043424 -1.166162729 -0.290541887 16.428678513 0.007284689 -0.093891986 0.063471936 0.993530393
597.029445824 -1.188997388 -0.298417777 16.569246292 0.010890838 -0.093884014 0.064994007 0.993399680
597.058191040 -1.217409849 -0.307012737 16.706186295 0.011541953 -0.093219362 0.066772617 0.993336976
597.086861280 -1.244286299 -0.317501098 16.848289490 0.010900432 -0.092837416 0.068021484 0.993295312
597.116315104 -1.272607327 -0.329642445 16.989017487 0.010247635 -0.092134506 0.067451648 0.993406594
597.145108064 -1.295070291 -0.341421664 17.134586334 0.008116803 -0.092761822 0.070148870 0.993180990
597.174308096 -1.311398149 -0.348429233 17.271993637 0.013578124 -0.092922665 0.070210472 0.993101954
597.203130944 -1.335227251 -0.357290179 17.403060913 0.013592230 -0.093589127 0.075931713 0.992618144
597.233750624 -1.359177589 -0.370537996 17.544780731 0.013887233 -0.093979836 0.075939827 0.992576540
597.274112832 -1.395690203 -0.385307789 17.751920700 0.013923298 -0.095160581 0.077036567 0.992379010
597.303082944 -1.425438762 -0.392535180 17.896909714 0.015696703 -0.094983727 0.076465786 0.992413580
597.335346240 -1.445968151 -0.403709888 18.062192917 0.011624019 -0.096572466 0.075704269 0.992374718
597.366988768 -1.472037077 -0.415048301 18.223415375 0.013289113 -0.097549029 0.074122705 0.992377639
597.398426752 -1.499869704 -0.430021048 18.375410080 0.020414874 -0.097519174 0.074198693 0.992253959
597.429927552 -1.545747280 -0.458723724 18.515176773 0.011016841 -0.093668744 0.074818060 0.992727101
597.468920576 -1.595901251 -0.486503363 18.660604477 0.002540184 -0.089450359 0.075673543 0.993109107
597.499088288 -1.617348552 -0.488129020 18.811748505 -0.001800169 -0.086029112 0.072761230 0.993630528
597.499088288 -1.617348552 -0.488129020 18.811748505 -0.001800169 -0.086029112 0.072761230 0.993630528
597.499088288 -1.617348552 -0.488129020 18.811748505 -0.001800169 -0.086029112 0.072761230 0.993630528
597.499088288 -1.617348552 -0.488129020 18.811748505 -0.001800169 -0.086029112 0.072761230 0.993630528
597.499088288 -1.617348552 -0.488129020 18.811748505 -0.001800169 -0.086029112 0.072761230 0.993630528
597.499088288 -1.617348552 -0.488129020 18.811748505 -0.001800169 -0.086029112 0.072761230 0.993630528
597.499088288 -1.617348552 -0.488129020 18.811748505 -0.001800169 -0.086029112 0.072761230 0.993630528
597.499088288 -1.617348552 -0.488129020 18.811748505 -0.001800169 -0.086029112 0.072761230 0.993630528
597.499088288 -1.617348552 -0.488129020 18.811748505 -0.001800169 -0.086029112 0.072761230 0.993630528
597.499088288 -1.617348552 -0.488129020 18.811748505 -0.001800169 -0.086029112 0.072761230 0.993630528
597.499088288 -1.617348552 -0.488129020 18.811748505 -0.001800169 -0.086029112 0.072761230 0.993630528
597.499088288 -1.617348552 -0.488129020 18.811748505 -0.001800169 -0.086029112 0.072761230 0.993630528
597.499088288 -1.617348552 -0.488129020 18.811748505 -0.001800169 -0.086029112 0.072761230 0.993630528
597.499088288 -1.617348552 -0.488129020 18.811748505 -0.001800169 -0.086029112 0.072761230 0.993630528
597.499088288 -1.617348552 -0.488129020 18.811748505 -0.001800169 -0.086029112 0.072761230 0.993630528
597.499088288 -1.617348552 -0.488129020 18.811748505 -0.001800169 -0.086029112 0.072761230 0.993630528
597.499088288 -1.617348552 -0.488129020 18.811748505 -0.001800169 -0.086029112 0.072761230 0.993630528
597.499088288 -1.617348552 -0.488129020 18.811748505 -0.001800169 -0.086029112 0.072761230 0.993630528
597.499088288 -1.617348552 -0.488129020 18.811748505 -0.001800169 -0.086029112 0.072761230 0.993630528
597.499088288 -1.617348552 -0.488129020 18.811748505 -0.001800169 -0.086029112 0.072761230 0.993630528
597.499088288 -1.617348552 -0.488129020 18.811748505 -0.001800169 -0.086029112 0.072761230 0.993630528
597.499088288 -1.617348552 -0.488129020 18.811748505 -0.001800169 -0.086029112 0.072761230 0.993630528
597.499088288 -1.617348552 -0.488129020 18.811748505 -0.001800169 -0.086029112 0.072761230 0.993630528
597.499088288 -1.617348552 -0.488129020 18.811748505 -0.001800169 -0.086029112 0.072761230 0.993630528
597.499088288 -1.617348552 -0.488129020 18.811748505 -0.001800169 -0.086029112 0.072761230 0.993630528
597.499088288 -1.617348552 -0.488129020 18.811748505 -0.001800169 -0.086029112 0.072761230 0.993630528
597.499088288 -1.617348552 -0.488129020 18.811748505 -0.001800169 -0.086029112 0.072761230 0.993630528
597.499088288 -1.617348552 -0.488129020 18.811748505 -0.001800169 -0.086029112 0.072761230 0.993630528
597.499088288 -1.617348552 -0.488129020 18.811748505 -0.001800169 -0.086029112 0.072761230 0.993630528
597.499088288 -1.617348552 -0.488129020 18.811748505 -0.001800169 -0.086029112 0.072761230 0.993630528
597.499088288 -1.617348552 -0.488129020 18.811748505 -0.001800169 -0.086029112 0.072761230 0.993630528
597.499088288 -1.617348552 -0.488129020 18.811748505 -0.001800169 -0.086029112 0.072761230 0.993630528
597.499088288 -1.617348552 -0.488129020 18.811748505 -0.001800169 -0.086029112 0.072761230 0.993630528
597.499088288 -1.617348552 -0.488129020 18.811748505 -0.001800169 -0.086029112 0.072761230 0.993630528
597.499088288 -1.617348552 -0.488129020 18.811748505 -0.001800169 -0.086029112 0.072761230 0.993630528
597.499088288 -1.617348552 -0.488129020 18.811748505 -0.001800169 -0.086029112 0.072761230 0.993630528
597.499088288 -1.617348552 -0.488129020 18.811748505 -0.001800169 -0.086029112 0.072761230 0.993630528
597.499088288 -1.617348552 -0.488129020 18.811748505 -0.001800169 -0.086029112 0.072761230 0.993630528
597.499088288 -1.617348552 -0.488129020 18.811748505 -0.001800169 -0.086029112 0.072761230 0.993630528
597.499088288 -1.617348552 -0.488129020 18.811748505 -0.001800169 -0.086029112 0.072761230 0.993630528
597.499088288 -1.617348552 -0.488129020 18.811748505 -0.001800169 -0.086029112 0.072761230 0.993630528
597.499088288 -1.617348552 -0.488129020 18.811748505 -0.001800169 -0.086029112 0.072761230 0.993630528
597.499088288 -1.617348552 -0.488129020 18.811748505 -0.001800169 -0.086029112 0.072761230 0.993630528
597.499088288 -1.617348552 -0.488129020 18.811748505 -0.001800169 -0.086029112 0.072761230 0.993630528
597.499088288 -1.617348552 -0.488129020 18.811748505 -0.001800169 -0.086029112 0.072761230 0.993630528
597.499088288 -1.617348552 -0.488129020 18.811748505 -0.001800169 -0.086029112 0.072761230 0.993630528
597.499088288 -1.617348552 -0.488129020 18.811748505 -0.001800169 -0.086029112 0.072761230 0.993630528
597.499088288 -1.617348552 -0.488129020 18.811748505 -0.001800169 -0.086029112 0.072761230 0.993630528
597.499088288 -1.617348552 -0.488129020 18.811748505 -0.001800169 -0.086029112 0.072761230 0.993630528
597.499088288 -1.617348552 -0.488129020 18.811748505 -0.001800169 -0.086029112 0.072761230 0.993630528
597.499088288 -1.617348552 -0.488129020 18.811748505 -0.001800169 -0.086029112 0.072761230 0.993630528
597.499088288 -1.617348552 -0.488129020 18.811748505 -0.001800169 -0.086029112 0.072761230 0.993630528
597.499088288 -1.617348552 -0.488129020 18.811748505 -0.001800169 -0.086029112 0.072761230 0.993630528
597.499088288 -1.617348552 -0.488129020 18.811748505 -0.001800169 -0.086029112 0.072761230 0.993630528
597.499088288 -1.617348552 -0.488129020 18.811748505 -0.001800169 -0.086029112 0.072761230 0.993630528
597.499088288 -1.617348552 -0.488129020 18.811748505 -0.001800169 -0.086029112 0.072761230 0.993630528
597.499088288 -1.617348552 -0.488129020 18.811748505 -0.001800169 -0.086029112 0.072761230 0.993630528
597.499088288 -1.617348552 -0.488129020 18.811748505 -0.001800169 -0.086029112 0.072761230 0.993630528
597.499088288 -1.617348552 -0.488129020 18.811748505 -0.001800169 -0.086029112 0.072761230 0.993630528
597.499088288 -1.617348552 -0.488129020 18.811748505 -0.001800169 -0.086029112 0.072761230 0.993630528
597.499088288 -1.617348552 -0.488129020 18.811748505 -0.001800169 -0.086029112 0.072761230 0.993630528
597.499088288 -1.617348552 -0.488129020 18.811748505 -0.001800169 -0.086029112 0.072761230 0.993630528
597.499088288 -1.617348552 -0.488129020 18.811748505 -0.001800169 -0.086029112 0.072761230 0.993630528
597.499088288 -1.617348552 -0.488129020 18.811748505 -0.001800169 -0.086029112 0.072761230 0.993630528
597.499088288 -1.617348552 -0.488129020 18.811748505 -0.001800169 -0.086029112 0.072761230 0.993630528
597.499088288 -1.617348552 -0.488129020 18.811748505 -0.001800169 -0.086029112 0.072761230 0.993630528
597.499088288 -1.617348552 -0.488129020 18.811748505 -0.001800169 -0.086029112 0.072761230 0.993630528
597.499088288 -1.617348552 -0.488129020 18.811748505 -0.001800169 -0.086029112 0.072761230 0.993630528
597.499088288 -1.617348552 -0.488129020 18.811748505 -0.001800169 -0.086029112 0.072761230 0.993630528
597.499088288 -1.617348552 -0.488129020 18.811748505 -0.001800169 -0.086029112 0.072761230 0.993630528
597.499088288 -1.617348552 -0.488129020 18.811748505 -0.001800169 -0.086029112 0.072761230 0.993630528
597.499088288 -1.617348552 -0.488129020 18.811748505 -0.001800169 -0.086029112 0.072761230 0.993630528
597.499088288 -1.617348552 -0.488129020 18.811748505 -0.001800169 -0.086029112 0.072761230 0.993630528
597.499088288 -1.617348552 -0.488129020 18.811748505 -0.001800169 -0.086029112 0.072761230 0.993630528
597.499088288 -1.617348552 -0.488129020 18.811748505 -0.001800169 -0.086029112 0.072761230 0.993630528
597.499088288 -1.617348552 -0.488129020 18.811748505 -0.001800169 -0.086029112 0.072761230 0.993630528
597.499088288 -1.617348552 -0.488129020 18.811748505 -0.001800169 -0.086029112 0.072761230 0.993630528
597.499088288 -1.617348552 -0.488129020 18.811748505 -0.001800169 -0.086029112 0.072761230 0.993630528
597.499088288 -1.617348552 -0.488129020 18.811748505 -0.001800169 -0.086029112 0.072761230 0.993630528
597.499088288 -1.617348552 -0.488129020 18.811748505 -0.001800169 -0.086029112 0.072761230 0.993630528
597.499088288 -1.617348552 -0.488129020 18.811748505 -0.001800169 -0.086029112 0.072761230 0.993630528
597.499088288 -1.617348552 -0.488129020 18.811748505 -0.001800169 -0.086029112 0.072761230 0.993630528
597.499088288 -1.617348552 -0.488129020 18.811748505 -0.001800169 -0.086029112 0.072761230 0.993630528
597.499088288 -1.617348552 -0.488129020 18.811748505 -0.001800169 -0.086029112 0.072761230 0.993630528
597.499088288 -1.617348552 -0.488129020 18.811748505 -0.001800169 -0.086029112 0.072761230 0.993630528
597.499088288 -1.617348552 -0.488129020 18.811748505 -0.001800169 -0.086029112 0.072761230 0.993630528
597.499088288 -1.617348552 -0.488129020 18.811748505 -0.001800169 -0.086029112 0.072761230 0.993630528
597.499088288 -1.617348552 -0.488129020 18.811748505 -0.001800169 -0.086029112 0.072761230 0.993630528
597.499088288 -1.617348552 -0.488129020 18.811748505 -0.001800169 -0.086029112 0.072761230 0.993630528
597.499088288 -1.617348552 -0.488129020 18.811748505 -0.001800169 -0.086029112 0.072761230 0.993630528
597.499088288 -1.617348552 -0.488129020 18.811748505 -0.001800169 -0.086029112 0.072761230 0.993630528
597.499088288 -1.617348552 -0.488129020 18.811748505 -0.001800169 -0.086029112 0.072761230 0.993630528
597.499088288 -1.617348552 -0.488129020 18.811748505 -0.001800169 -0.086029112 0.072761230 0.993630528
597.499088288 -1.617348552 -0.488129020 18.811748505 -0.001800169 -0.086029112 0.072761230 0.993630528
597.499088288 -1.617348552 -0.488129020 18.811748505 -0.001800169 -0.086029112 0.072761230 0.993630528
597.499088288 -1.617348552 -0.488129020 18.811748505 -0.001800169 -0.086029112 0.072761230 0.993630528
597.499088288 -1.617348552 -0.488129020 18.811748505 -0.001800169 -0.086029112 0.072761230 0.993630528
597.499088288 -1.617348552 -0.488129020 18.811748505 -0.001800169 -0.086029112 0.072761230 0.993630528
597.499088288 -1.617348552 -0.488129020 18.811748505 -0.001800169 -0.086029112 0.072761230 0.993630528
597.499088288 -1.617348552 -0.488129020 18.811748505 -0.001800169 -0.086029112 0.072761230 0.993630528
597.499088288 -1.617348552 -0.488129020 18.811748505 -0.001800169 -0.086029112 0.072761230 0.993630528
597.499088288 -1.617348552 -0.488129020 18.811748505 -0.001800169 -0.086029112 0.072761230 0.993630528
597.499088288 -1.617348552 -0.488129020 18.811748505 -0.001800169 -0.086029112 0.072761230 0.993630528
597.499088288 -1.617348552 -0.488129020 18.811748505 -0.001800169 -0.086029112 0.072761230 0.993630528
597.499088288 -1.617348552 -0.488129020 18.811748505 -0.001800169 -0.086029112 0.072761230 0.993630528
597.499088288 -1.617348552 -0.488129020 18.811748505 -0.001800169 -0.086029112 0.072761230 0.993630528
597.499088288 -1.617348552 -0.488129020 18.811748505 -0.001800169 -0.086029112 0.072761230 0.993630528
597.499088288 -1.617348552 -0.488129020 18.811748505 -0.001800169 -0.086029112 0.072761230 0.993630528
597.499088288 -1.617348552 -0.488129020 18.811748505 -0.001800169 -0.086029112 0.072761230 0.993630528
597.499088288 -1.617348552 -0.488129020 18.811748505 -0.001800169 -0.086029112 0.072761230 0.993630528
597.499088288 -1.617348552 -0.488129020 18.811748505 -0.001800169 -0.086029112 0.072761230 0.993630528
597.499088288 -1.617348552 -0.488129020 18.811748505 -0.001800169 -0.086029112 0.072761230 0.993630528
597.499088288 -1.617348552 -0.488129020 18.811748505 -0.001800169 -0.086029112 0.072761230 0.993630528
597.499088288 -1.617348552 -0.488129020 18.811748505 -0.001800169 -0.086029112 0.072761230 0.993630528
597.499088288 -1.617348552 -0.488129020 18.811748505 -0.001800169 -0.086029112 0.072761230 0.993630528
597.499088288 -1.617348552 -0.488129020 18.811748505 -0.001800169 -0.086029112 0.072761230 0.993630528
597.499088288 -1.617348552 -0.488129020 18.811748505 -0.001800169 -0.086029112 0.072761230 0.993630528
597.499088288 -1.617348552 -0.488129020 18.811748505 -0.001800169 -0.086029112 0.072761230 0.993630528
597.499088288 -1.617348552 -0.488129020 18.811748505 -0.001800169 -0.086029112 0.072761230 0.993630528
597.499088288 -1.617348552 -0.488129020 18.811748505 -0.001800169 -0.086029112 0.072761230 0.993630528
597.499088288 -1.617348552 -0.488129020 18.811748505 -0.001800169 -0.086029112 0.072761230 0.993630528
597.499088288 -1.617348552 -0.488129020 18.811748505 -0.001800169 -0.086029112 0.072761230 0.993630528
597.499088288 -1.617348552 -0.488129020 18.811748505 -0.001800169 -0.086029112 0.072761230 0.993630528
597.499088288 -1.617348552 -0.488129020 18.811748505 -0.001800169 -0.086029112 0.072761230 0.993630528
597.499088288 -1.617348552 -0.488129020 18.811748505 -0.001800169 -0.086029112 0.072761230 0.993630528
597.499088288 -1.617348552 -0.488129020 18.811748505 -0.001800169 -0.086029112 0.072761230 0.993630528
597.499088288 -1.617348552 -0.488129020 18.811748505 -0.001800169 -0.086029112 0.072761230 0.993630528
597.499088288 -1.617348552 -0.488129020 18.811748505 -0.001800169 -0.086029112 0.072761230 0.993630528
597.499088288 -1.617348552 -0.488129020 18.811748505 -0.001800169 -0.086029112 0.072761230 0.993630528
597.499088288 -1.617348552 -0.488129020 18.811748505 -0.001800169 -0.086029112 0.072761230 0.993630528
597.499088288 -1.617348552 -0.488129020 18.811748505 -0.001800169 -0.086029112 0.072761230 0.993630528
597.499088288 -1.617348552 -0.488129020 18.811748505 -0.001800169 -0.086029112 0.072761230 0.993630528
597.499088288 -1.617348552 -0.488129020 18.811748505 -0.001800169 -0.086029112 0.072761230 0.993630528
597.499088288 -1.617348552 -0.488129020 18.811748505 -0.001800169 -0.086029112 0.072761230 0.993630528
597.499088288 -1.617348552 -0.488129020 18.811748505 -0.001800169 -0.086029112 0.072761230 0.993630528
597.499088288 -1.617348552 -0.488129020 18.811748505 -0.001800169 -0.086029112 0.072761230 0.993630528
597.499088288 -1.617348552 -0.488129020 18.811748505 -0.001800169 -0.086029112 0.072761230 0.993630528
597.499088288 -1.617348552 -0.488129020 18.811748505 -0.001800169 -0.086029112 0.072761230 0.993630528
597.499088288 -1.617348552 -0.488129020 18.811748505 -0.001800169 -0.086029112 0.072761230 0.993630528
597.499088288 -1.617348552 -0.488129020 18.811748505 -0.001800169 -0.086029112 0.072761230 0.993630528
597.499088288 -1.617348552 -0.488129020 18.811748505 -0.001800169 -0.086029112 0.072761230 0.993630528
597.499088288 -1.617348552 -0.488129020 18.811748505 -0.001800169 -0.086029112 0.072761230 0.993630528
597.499088288 -1.617348552 -0.488129020 18.811748505 -0.001800169 -0.086029112 0.072761230 0.993630528
597.499088288 -1.617348552 -0.488129020 18.811748505 -0.001800169 -0.086029112 0.072761230 0.993630528
597.499088288 -1.617348552 -0.488129020 18.811748505 -0.001800169 -0.086029112 0.072761230 0.993630528
597.499088288 -1.617348552 -0.488129020 18.811748505 -0.001800169 -0.086029112 0.072761230 0.993630528
597.499088288 -1.617348552 -0.488129020 18.811748505 -0.001800169 -0.086029112 0.072761230 0.993630528
597.499088288 -1.617348552 -0.488129020 18.811748505 -0.001800169 -0.086029112 0.072761230 0.993630528
597.499088288 -1.617348552 -0.488129020 18.811748505 -0.001800169 -0.086029112 0.072761230 0.993630528
597.499088288 -1.617348552 -0.488129020 18.811748505 -0.001800169 -0.086029112 0.072761230 0.993630528
597.499088288 -1.617348552 -0.488129020 18.811748505 -0.001800169 -0.086029112 0.072761230 0.993630528
597.499088288 -1.617348552 -0.488129020 18.811748505 -0.001800169 -0.086029112 0.072761230 0.993630528
597.499088288 -1.617348552 -0.488129020 18.811748505 -0.001800169 -0.086029112 0.072761230 0.993630528
597.499088288 -1.617348552 -0.488129020 18.811748505 -0.001800169 -0.086029112 0.072761230 0.993630528
597.499088288 -1.617348552 -0.488129020 18.811748505 -0.001800169 -0.086029112 0.072761230 0.993630528
