3250.893349088 0.000000000 0.000000000 0.000000000 -0.000000000 -0.000000000 -0.000000000 1.000000000
3250.956177056 0.005864214 -0.007313706 0.275090307 -0.000688207 -0.000846120 -0.006734179 0.999976754
3251.019806240 0.010386870 -0.013780379 0.543197989 -0.004473516 -0.003542860 -0.008762894 0.999945343
3251.078060160 0.020998396 -0.024945468 0.785007358 -0.003027512 -0.003568779 -0.010918891 0.999929428
3251.143324352 0.027340418 -0.031161008 1.045392156 -0.002259017 -0.003333541 -0.010046102 0.999941468
3251.206387968 0.035742376 -0.055958372 1.304681420 0.023580899 -0.000026758 -0.007835335 0.999691248
3251.270109248 0.040819712 -0.097163089 1.585695624 0.050660081 0.003751533 -0.001729634 0.998707473
3251.270109248 0.040819712 -0.097163089 1.585695624 0.050660081 0.003751533 -0.001729634 0.998707473
3251.270109248 0.040819712 -0.097163089 1.585695624 0.050660081 0.003751533 -0.001729634 0.998707473
3251.456154400 0.076543584 -0.026800061 2.352635622 -0.060848959 0.005052875 -0.021559441 0.997901380
3251.517273888 0.184187949 -0.084676795 2.446222544 -0.045322862 0.038658328 -0.029924884 0.997775495
3251.582540224 0.283596665 -0.134148031 2.564309835 -0.034183040 0.073393434 -0.027920751 0.996325970
3251.643811840 0.300094843 -0.061983302 2.956366539 -0.051074732 0.095349781 -0.019423852 0.993942916
3251.706555648 0.374109954 -0.040624730 3.217461586 -0.064972416 0.121147968 -0.018643513 0.990330338
3251.766175520 0.498837382 0.023667518 3.502926826 -0.069833182 0.139763072 -0.022981770 0.987452030
3251.828883232 0.615443289 0.069375321 3.769000292 -0.057498403 0.155739084 -0.009174503 0.986080647
3251.891016896 0.714931667 0.061463829 4.003308296 -0.001933772 0.179197237 -0.016518656 0.983672559
3251.956071296 0.723128915 0.023656443 4.125916958 0.051980499 0.201931819 -0.024414761 0.977714479
3252.016140352 0.732180476 -0.039674573 4.235771656 0.105517246 0.224190935 -0.032418787 0.968273580
3252.016140352 0.732180476 -0.039674573 4.235771656 0.105517246 0.224190935 -0.032418787 0.968273580
3252.140839776 1.095006227 -0.059478205 4.973753929 -0.022174593 0.185147092 0.003224071 0.982455313
3252.203161248 1.194480419 -0.056661401 5.189108372 0.002353203 0.181544706 0.014094315 0.983278871
3252.264850464 1.295247436 -0.057740439 5.422603607 -0.007764703 0.177945137 0.019980138 0.983806908
3252.330549216 1.386171222 -0.055968285 5.684064865 -0.024522910 0.177358389 -0.005174252 0.983827174
3252.390205760 1.455038309 -0.077278376 5.869684696 -0.005755203 0.173582539 0.007075170 0.984777093
3252.452851456 1.054307461 -0.417824686 6.198973656 0.005571721 0.175208345 0.020562300 0.984300911
3252.516113408 0.538416982 -0.489040285 6.177618980 0.009482418 0.181840047 0.026625775 0.982921898
3252.576669088 0.966132343 -0.577245474 6.226393700 0.003241688 0.181323186 0.010408867 0.983363152
3252.639932928 1.412353754 -0.758097470 5.254420757 -0.006996737 0.175698414 0.020720266 0.984201133
3252.702748224 1.942275047 -0.101937279 6.968831539 -0.022977753 0.185131207 -0.019238720 0.982256770
3252.765663104 2.046095848 -0.091956846 7.208141327 -0.032186247 0.196530610 0.023540977 0.979686499
3252.826792992 2.138746977 -0.077349722 7.436619759 -0.025350740 0.209191263 0.006479909 0.977524638
3252.890468672 2.255617142 -0.097521588 7.632361889 -0.013978866 0.221052334 0.013546001 0.975067735
3252.954691456 2.388603687 -0.133455053 7.816278934 -0.009750237 0.233605564 0.018479045 0.972106934
3253.015002240 2.548436403 -0.101242170 8.133253098 -0.017614724 0.241152599 0.019862084 0.970124066
3253.076756544 2.628434181 -0.113678515 8.282896042 -0.001888148 0.243171349 0.023513429 0.969696522
3253.140021184 2.731462479 -0.102662295 8.509343147 -0.015191266 0.242874324 0.022591140 0.969675720
3253.203154816 2.854393005 -0.096970215 8.732059479 -0.020000013 0.236206442 0.018361280 0.971323550
3253.265481920 2.971600294 -0.103891686 8.945305824 -0.007573527 0.234070271 0.003912678 0.972182333
3253.327864032 3.050168991 -0.183981448 9.048599243 -0.003251534 0.232736111 -0.006539538 0.972512543
3253.390885312 3.028265476 -0.223920405 9.301794052 -0.031192414 0.232763067 0.004451591 0.972022951
3253.454909792 2.995136738 -0.260439396 9.531641006 -0.058054354 0.232631683 0.014464849 0.970722914
3253.515829920 2.963240385 -0.286787480 9.763631821 -0.084935479 0.232257381 0.024416182 0.968631208
3253.577130912 3.391066074 -0.143808842 9.776833534 0.002226116 0.253697425 -0.013965483 0.967180312
3253.641967488 3.494223356 -0.170094579 9.922436714 -0.053471796 0.248279974 0.052622870 0.965778828
3253.706922720 3.482334375 -0.329318047 10.184418678 -0.017012242 0.241839424 0.023512840 0.969882190
3253.769115872 3.670821667 -0.046983436 10.074760437 -0.013122007 0.242033124 0.000720873 0.970179021
3253.832111616 4.255278587 -0.127209201 9.391733170 -0.016414035 0.236632258 -0.024951397 0.971140146
3253.894728224 4.623458385 -0.256192029 8.851842880 -0.018717954 0.234893829 -0.043278173 0.970876753
3253.957090112 4.879549026 -0.348275512 8.866856575 -0.020065628 0.232251436 -0.051065933 0.971107066
3254.019509984 5.025087357 -0.623167992 8.703200340 -0.033535328 0.228912145 -0.046193719 0.971772015
3254.082797184 4.925491333 -0.367327452 9.324889183 -0.033696197 0.229084775 -0.039808955 0.972008228
3254.147173344 4.891579628 -0.326850414 9.249374390 -0.033147633 0.233396783 -0.041990634 0.970908821
3254.207071968 4.801445007 -0.204139054 9.583600998 -0.020321419 0.239540517 -0.043486211 0.969699144
3254.271607904 4.831964493 -0.469611943 10.260412216 -0.020759031 0.249338120 -0.036641091 0.967500448
3254.336653728 4.942784786 -0.111763790 12.351465225 0.006585935 0.264092803 0.009796366 0.964425087
3254.394573248 4.801537037 -0.772420526 14.236320496 0.026643094 0.275330871 0.066906601 0.958648384
3254.394573248 4.801537037 -0.772420526 14.236320496 0.026643094 0.275330871 0.066906601 0.958648384
3254.394573248 4.801537037 -0.772420526 14.236320496 0.026643094 0.275330871 0.066906601 0.958648384
3254.582506496 3.856929064 -0.557423949 11.997922897 -0.016651263 0.320357084 -0.005393687 0.947135210
3254.582506496 3.856929064 -0.557423949 11.997922897 -0.016651263 0.320357084 -0.005393687 0.947135210
3254.707668256 5.633540154 -0.242797107 13.291412354 -0.014479565 0.330938190 0.008350899 0.943504393
3254.769620320 5.888021469 -0.133156985 13.680581093 -0.019169262 0.336158663 0.015021546 0.941490531
3254.831544832 5.977737904 -0.099722117 13.727756500 -0.018742049 0.327978969 0.025043562 0.944167078
3254.894074592 6.233496189 -0.198970124 13.990164757 0.004757119 0.324274302 0.001274585 0.945950389
3254.957292800 6.489291191 -0.226980746 14.232932091 -0.019627590 0.321258992 0.002153395 0.946785510
3255.020253984 6.562351227 -0.184429660 14.351446152 -0.042584881 0.325427413 -0.001746647 0.944606066
3255.081231072 6.086261749 -0.863654137 13.749238014 -0.044232987 0.327685207 -0.009863292 0.943699419
3255.144559840 8.242549896 -3.318591118 15.453904152 -0.042312667 0.324803412 0.001845638 0.944832802
3255.208081792 6.657056808 -0.808395088 14.305607796 -0.043654379 0.328387976 0.009210441 0.943488717
3255.269564448 6.271818161 -0.670377731 14.247774124 -0.037655186 0.330611289 0.012968792 0.942926407
3255.332296224 6.373583317 -0.479356945 14.074113846 -0.028106175 0.330762058 0.011491960 0.943225622
3255.394554240 7.431427479 -0.312988818 15.227528572 -0.029413806 0.331051975 0.011817735 0.943080008
3255.457663264 7.568810463 -0.438237697 15.297139168 -0.031464510 0.331924319 0.005174646 0.942766964
3255.519710208 7.507756233 -0.417963684 15.306685448 -0.030448738 0.331962436 0.007417618 0.942771912
3255.581211328 7.554538250 -0.339229524 15.242065430 -0.027222941 0.331655532 0.003791890 0.943000138
3255.645116704 7.490527630 -0.306672037 15.251942635 -0.027814822 0.330685914 0.008498722 0.943292677
3255.707619712 7.451650620 -0.317607284 15.245286942 -0.030011607 0.332303077 0.008513007 0.942656636
3255.770685952 7.460294247 -0.318559170 15.259056091 -0.030738020 0.331393600 0.006404922 0.942970097
3255.831618208 7.466979504 -0.318279386 15.266811371 -0.030443376 0.330766201 0.007358817 0.943192840
3255.894690624 7.471796036 -0.318806559 15.272119522 -0.030762946 0.330907196 0.007794757 0.943129539
3255.957525440 7.474352837 -0.318407834 15.274991989 -0.031097598 0.330773830 0.007810701 0.943165243
3256.019250144 7.474667072 -0.318756789 15.275160789 -0.031040872 0.330694139 0.007840424 0.943194807
