3753.011399680 0.000000000 0.000000000 0.000000000 -0.000000000 -0.000000000 -0.000000000 1.000000000
3753.074856288 0.001065686 0.000355192 0.015374075 -0.001082705 0.001725941 -0.001170537 0.999997258
3753.138505696 0.003529845 -0.002115489 0.047943067 -0.000193758 -0.000070502 0.001139817 0.999999344
3753.199002080 0.005787747 -0.003591190 0.100085877 -0.000586720 -0.007292859 0.004980401 0.999960840
3753.261516384 0.002114290 -0.011647215 0.166325912 0.007469541 -0.018297199 0.003616573 0.999798179
3753.325404448 0.003542030 -0.019007768 0.250290841 0.011244998 -0.023025330 0.012268175 0.999596357
3753.386646816 0.002677102 -0.024015391 0.349457920 0.016691674 -0.022646584 0.009545464 0.999558628
3753.449274080 0.004652831 -0.029064428 0.468493462 0.016664552 -0.022286408 0.011441396 0.999547303
3753.511873664 0.000380940 -0.033304259 0.594638228 0.025334250 -0.020597547 0.001810034 0.999465227
3753.574131168 0.001849058 -0.037856195 0.737067461 0.020702308 -0.015575463 0.002205579 0.999661922
3753.636594240 0.001088696 -0.052563719 0.887482524 0.017215597 -0.013041505 -0.001978799 0.999764800
3753.699310720 0.002323252 -0.060128491 1.042240262 0.014495414 -0.014868074 0.001366166 0.999783456
3753.761928736 0.000287876 -0.069281518 1.206892014 0.010960322 -0.015800148 -0.003906236 0.999807477
3753.824253952 0.001047024 -0.076378010 1.375381470 0.009150323 -0.014153377 -0.003212943 0.999852836
3753.886492672 0.005378390 -0.089473762 1.547263861 0.011811600 -0.008924600 -0.000932771 0.999890029
3753.950155488 0.006492535 -0.096040301 1.725443602 0.011478979 -0.007207424 -0.002601523 0.999904752
3754.011622432 0.016276771 -0.105365671 1.901014686 0.008283820 -0.004209119 0.009570359 0.999911070
3754.074264608 0.021792976 -0.118882440 2.079594612 0.010618770 -0.000395349 0.005592796 0.999927878
3754.136781664 0.027176732 -0.121850491 2.268954277 0.004625337 0.001995306 0.004197271 0.999978542
3754.199298688 0.039305218 -0.113523811 2.466092587 0.009521577 0.002180914 0.007036520 0.999927521
3754.261525920 0.048557475 -0.140113413 2.676556587 -0.002983620 -0.002756281 -0.002919382 0.999987543
3754.324331648 0.056354288 -0.147818863 2.866597176 0.002982157 -0.010389389 0.003701939 0.999934793
3754.386548800 0.057352170 -0.152671069 3.067509651 -0.005010811 -0.013618528 -0.005136727 0.999881506
3754.449486752 0.056422081 -0.155729309 3.263043404 -0.003262794 -0.013874093 -0.011060844 0.999837279
3754.511757952 0.061539404 -0.164641201 3.460742474 -0.001421285 -0.012419153 -0.002442416 0.999918938
3754.574351456 0.061332647 -0.169296041 3.664870262 -0.000030832 -0.008913676 -0.007396106 0.999933004
3754.637047104 0.065190434 -0.171130806 3.882437706 0.000829169 -0.006448056 -0.009044508 0.999937952
3754.699183360 0.072991073 -0.178822488 4.088775635 -0.003834267 -0.007244147 0.002927579 0.999962151
3754.761721344 0.075583093 -0.181819260 4.306921959 -0.009897533 -0.007554384 -0.000009656 0.999922514
3754.824056480 0.087702483 -0.169156179 4.528076649 -0.015072360 -0.006879018 -0.002291521 0.999860168
3754.886641792 0.090873368 -0.157864541 4.732357502 -0.017312013 -0.004865748 0.005583695 0.999822736
3754.949191744 0.087801069 -0.197981060 4.929831505 -0.009615836 -0.006973250 -0.002292382 0.999926865
3755.011632640 0.099817246 -0.203335866 5.151410103 -0.010833190 -0.008913313 -0.002793976 0.999897718
3755.074205600 0.103914775 -0.200733617 5.394810200 -0.011941258 -0.010367927 -0.010772890 0.999816954
3755.137076864 0.116625831 -0.228841379 5.694792747 -0.004861729 -0.012512765 0.001026305 0.999909401
3755.199194048 0.106034443 -0.224127233 5.867450714 -0.006473871 -0.014388916 -0.000778983 0.999875247
3755.261745632 0.135561004 -0.237259462 6.144378185 -0.000523635 -0.011514031 0.003153013 0.999928653
3755.325055904 0.307740867 0.110416733 6.274114609 -0.002398830 -0.017653469 0.030209934 0.999384820
3755.386683200 0.195293859 -0.240324661 6.548331738 -0.004854321 -0.005797892 0.017393265 0.999820113
3755.449110624 0.191554785 -0.199625686 6.794359684 -0.008051936 -0.000151681 0.029187435 0.999541581
3755.511588256 -0.037304200 -0.248092845 7.106391907 0.004107110 0.009379947 0.036494169 0.999281466
3755.573947968 -0.047171239 -0.297656119 7.365825653 0.010829750 0.009632626 0.040425822 0.999077439
3755.636545312 -0.026061617 -0.284874141 7.636533260 0.012568919 0.012078558 0.039976399 0.999048591
3755.699248448 0.024338918 -0.265764296 7.889170647 0.005167639 0.010600210 0.033333693 0.999374688
3755.762247520 0.104058295 -0.308292657 8.169558525 0.002581449 -0.000154537 0.035051104 0.999382257
3755.824533824 0.124299102 -0.285475075 8.450364113 0.006882040 -0.010917461 0.014950562 0.999804914
3755.886909952 0.106986545 -0.305715591 8.741455078 0.002308448 -0.014095264 0.019471418 0.999708414
3755.886909952 0.106986545 -0.305715591 8.741455078 0.002308448 -0.014095264 0.019471418 0.999708414
3755.886909952 0.106986545 -0.305715591 8.741455078 0.002308448 -0.014095264 0.019471418 0.999708414
3755.886909952 0.106986545 -0.305715591 8.741455078 0.002308448 -0.014095264 0.019471418 0.999708414
3755.886909952 0.106986545 -0.305715591 8.741455078 0.002308448 -0.014095264 0.019471418 0.999708414
3755.886909952 0.106986545 -0.305715591 8.741455078 0.002308448 -0.014095264 0.019471418 0.999708414
3755.886909952 0.106986545 -0.305715591 8.741455078 0.002308448 -0.014095264 0.019471418 0.999708414
3755.886909952 0.106986545 -0.305715591 8.741455078 0.002308448 -0.014095264 0.019471418 0.999708414
3755.886909952 0.106986545 -0.305715591 8.741455078 0.002308448 -0.014095264 0.019471418 0.999708414
3755.886909952 0.106986545 -0.305715591 8.741455078 0.002308448 -0.014095264 0.019471418 0.999708414
3755.886909952 0.106986545 -0.305715591 8.741455078 0.002308448 -0.014095264 0.019471418 0.999708414
3755.886909952 0.106986545 -0.305715591 8.741455078 0.002308448 -0.014095264 0.019471418 0.999708414
3755.886909952 0.106986545 -0.305715591 8.741455078 0.002308448 -0.014095264 0.019471418 0.999708414
3755.886909952 0.106986545 -0.305715591 8.741455078 0.002308448 -0.014095264 0.019471418 0.999708414
3755.886909952 0.106986545 -0.305715591 8.741455078 0.002308448 -0.014095264 0.019471418 0.999708414
3755.886909952 0.106986545 -0.305715591 8.741455078 0.002308448 -0.014095264 0.019471418 0.999708414
3755.886909952 0.106986545 -0.305715591 8.741455078 0.002308448 -0.014095264 0.019471418 0.999708414
3755.886909952 0.106986545 -0.305715591 8.741455078 0.002308448 -0.014095264 0.019471418 0.999708414
3755.886909952 0.106986545 -0.305715591 8.741455078 0.002308448 -0.014095264 0.019471418 0.999708414
3755.886909952 0.106986545 -0.305715591 8.741455078 0.002308448 -0.014095264 0.019471418 0.999708414
3755.886909952 0.106986545 -0.305715591 8.741455078 0.002308448 -0.014095264 0.019471418 0.999708414
3755.886909952 0.106986545 -0.305715591 8.741455078 0.002308448 -0.014095264 0.019471418 0.999708414
3755.886909952 0.106986545 -0.305715591 8.741455078 0.002308448 -0.014095264 0.019471418 0.999708414
3755.886909952 0.106986545 -0.305715591 8.741455078 0.002308448 -0.014095264 0.019471418 0.999708414
3755.886909952 0.106986545 -0.305715591 8.741455078 0.002308448 -0.014095264 0.019471418 0.999708414
3755.886909952 0.106986545 -0.305715591 8.741455078 0.002308448 -0.014095264 0.019471418 0.999708414
3755.886909952 0.106986545 -0.305715591 8.741455078 0.002308448 -0.014095264 0.019471418 0.999708414
3755.886909952 0.106986545 -0.305715591 8.741455078 0.002308448 -0.014095264 0.019471418 0.999708414
3755.886909952 0.106986545 -0.305715591 8.741455078 0.002308448 -0.014095264 0.019471418 0.999708414
3755.886909952 0.106986545 -0.305715591 8.741455078 0.002308448 -0.014095264 0.019471418 0.999708414
3755.886909952 0.106986545 -0.305715591 8.741455078 0.002308448 -0.014095264 0.019471418 0.999708414
3755.886909952 0.106986545 -0.305715591 8.741455078 0.002308448 -0.014095264 0.019471418 0.999708414
3755.886909952 0.106986545 -0.305715591 8.741455078 0.002308448 -0.014095264 0.019471418 0.999708414
3755.886909952 0.106986545 -0.305715591 8.741455078 0.002308448 -0.014095264 0.019471418 0.999708414
3755.886909952 0.106986545 -0.305715591 8.741455078 0.002308448 -0.014095264 0.019471418 0.999708414
3755.886909952 0.106986545 -0.305715591 8.741455078 0.002308448 -0.014095264 0.019471418 0.999708414
3755.886909952 0.106986545 -0.305715591 8.741455078 0.002308448 -0.014095264 0.019471418 0.999708414
3755.886909952 0.106986545 -0.305715591 8.741455078 0.002308448 -0.014095264 0.019471418 0.999708414
3755.886909952 0.106986545 -0.305715591 8.741455078 0.002308448 -0.014095264 0.019471418 0.999708414
3755.886909952 0.106986545 -0.305715591 8.741455078 0.002308448 -0.014095264 0.019471418 0.999708414
3755.886909952 0.106986545 -0.305715591 8.741455078 0.002308448 -0.014095264 0.019471418 0.999708414
3755.886909952 0.106986545 -0.305715591 8.741455078 0.002308448 -0.014095264 0.019471418 0.999708414
3755.886909952 0.106986545 -0.305715591 8.741455078 0.002308448 -0.014095264 0.019471418 0.999708414
3755.886909952 0.106986545 -0.305715591 8.741455078 0.002308448 -0.014095264 0.019471418 0.999708414
3755.886909952 0.106986545 -0.305715591 8.741455078 0.002308448 -0.014095264 0.019471418 0.999708414
3755.886909952 0.106986545 -0.305715591 8.741455078 0.002308448 -0.014095264 0.019471418 0.999708414
3755.886909952 0.106986545 -0.305715591 8.741455078 0.002308448 -0.014095264 0.019471418 0.999708414
3755.886909952 0.106986545 -0.305715591 8.741455078 0.002308448 -0.014095264 0.019471418 0.999708414
3755.886909952 0.106986545 -0.305715591 8.741455078 0.002308448 -0.014095264 0.019471418 0.999708414
3755.886909952 0.106986545 -0.305715591 8.741455078 0.002308448 -0.014095264 0.019471418 0.999708414
3755.886909952 0.106986545 -0.305715591 8.741455078 0.002308448 -0.014095264 0.019471418 0.999708414
3755.886909952 0.106986545 -0.305715591 8.741455078 0.002308448 -0.014095264 0.019471418 0.999708414
3755.886909952 0.106986545 -0.305715591 8.741455078 0.002308448 -0.014095264 0.019471418 0.999708414
3755.886909952 0.106986545 -0.305715591 8.741455078 0.002308448 -0.014095264 0.019471418 0.999708414
3755.886909952 0.106986545 -0.305715591 8.741455078 0.002308448 -0.014095264 0.019471418 0.999708414
3755.886909952 0.106986545 -0.305715591 8.741455078 0.002308448 -0.014095264 0.019471418 0.999708414
3755.886909952 0.106986545 -0.305715591 8.741455078 0.002308448 -0.014095264 0.019471418 0.999708414
3755.886909952 0.106986545 -0.305715591 8.741455078 0.002308448 -0.014095264 0.019471418 0.999708414
3755.886909952 0.106986545 -0.305715591 8.741455078 0.002308448 -0.014095264 0.019471418 0.999708414
3755.886909952 0.106986545 -0.305715591 8.741455078 0.002308448 -0.014095264 0.019471418 0.999708414
3755.886909952 0.106986545 -0.305715591 8.741455078 0.002308448 -0.014095264 0.019471418 0.999708414
3755.886909952 0.106986545 -0.305715591 8.741455078 0.002308448 -0.014095264 0.019471418 0.999708414
3755.886909952 0.106986545 -0.305715591 8.741455078 0.002308448 -0.014095264 0.019471418 0.999708414
3755.886909952 0.106986545 -0.305715591 8.741455078 0.002308448 -0.014095264 0.019471418 0.999708414
3755.886909952 0.106986545 -0.305715591 8.741455078 0.002308448 -0.014095264 0.019471418 0.999708414
3755.886909952 0.106986545 -0.305715591 8.741455078 0.002308448 -0.014095264 0.019471418 0.999708414
3755.886909952 0.106986545 -0.305715591 8.741455078 0.002308448 -0.014095264 0.019471418 0.999708414
3755.886909952 0.106986545 -0.305715591 8.741455078 0.002308448 -0.014095264 0.019471418 0.999708414
3755.886909952 0.106986545 -0.305715591 8.741455078 0.002308448 -0.014095264 0.019471418 0.999708414
3755.886909952 0.106986545 -0.305715591 8.741455078 0.002308448 -0.014095264 0.019471418 0.999708414
3755.886909952 0.106986545 -0.305715591 8.741455078 0.002308448 -0.014095264 0.019471418 0.999708414
3755.886909952 0.106986545 -0.305715591 8.741455078 0.002308448 -0.014095264 0.019471418 0.999708414
3755.886909952 0.106986545 -0.305715591 8.741455078 0.002308448 -0.014095264 0.019471418 0.999708414
3755.886909952 0.106986545 -0.305715591 8.741455078 0.002308448 -0.014095264 0.019471418 0.999708414
3755.886909952 0.106986545 -0.305715591 8.741455078 0.002308448 -0.014095264 0.019471418 0.999708414
3755.886909952 0.106986545 -0.305715591 8.741455078 0.002308448 -0.014095264 0.019471418 0.999708414
3755.886909952 0.106986545 -0.305715591 8.741455078 0.002308448 -0.014095264 0.019471418 0.999708414
3755.886909952 0.106986545 -0.305715591 8.741455078 0.002308448 -0.014095264 0.019471418 0.999708414
3755.886909952 0.106986545 -0.305715591 8.741455078 0.002308448 -0.014095264 0.019471418 0.999708414
3755.886909952 0.106986545 -0.305715591 8.741455078 0.002308448 -0.014095264 0.019471418 0.999708414
3755.886909952 0.106986545 -0.305715591 8.741455078 0.002308448 -0.014095264 0.019471418 0.999708414
