3447.574050464 0.000000000 0.000000000 0.000000000 -0.000000000 -0.000000000 -0.000000000 1.000000000
3447.636996160 0.008628479 -0.011226754 0.242354199 -0.002885822 -0.006670599 0.008697114 0.999935746
3447.699921600 0.035596058 -0.024757544 0.474622309 -0.003574295 -0.018741518 0.025258834 0.999498904
3447.761980672 -0.004023060 -0.031915445 0.727002740 0.008073507 -0.023368724 -0.001039972 0.999693751
3447.824134208 -0.013951447 -0.042377636 0.970347762 0.011103475 -0.027955379 -0.003201760 0.999542415
3447.887025024 -0.024496268 -0.049861737 1.222901106 -0.002234915 -0.030311223 -0.006385953 0.999517620
3447.949394400 -0.039857887 -0.068554997 1.452403188 -0.014601320 -0.033450164 -0.005819510 0.999316812
3448.012493024 -0.046316821 -0.066120647 1.722671390 -0.000769610 -0.030803772 -0.004583580 0.999514699
3448.074382208 -0.061101831 -0.079027511 1.968050480 0.007625539 -0.030840751 -0.009186843 0.999453008
3448.137359840 -0.070216827 -0.085603863 2.216504812 0.014415445 -0.029761108 -0.004536542 0.999442816
3448.199925312 -0.088866718 -0.107971787 2.468282938 0.017846270 -0.028199160 -0.000392873 0.999442935
3448.262065664 -0.091559090 -0.102467954 2.713406801 -0.005483328 -0.022604778 -0.005341277 0.999715209
3448.324830752 -0.096276976 -0.107404619 2.975381851 -0.020515455 -0.017576663 0.003449287 0.999629080
3448.386810528 -0.108700149 -0.105740272 3.228332996 -0.011827032 -0.015312171 -0.005577879 0.999797225
3448.449305376 -0.159411922 -0.081433028 3.489333153 -0.001368095 -0.013044021 -0.018383091 0.999745011
3448.512221376 -0.120404765 -0.108439505 3.751645803 -0.014545850 -0.020663057 -0.000431110 0.999680579
3448.574423616 -0.127015129 -0.101784691 4.010015965 -0.016594524 -0.022292480 0.001104296 0.999613166
3448.636959296 -0.130450070 -0.101803906 4.269424438 -0.028191887 -0.024056982 0.008078782 0.999280334
3448.699541312 -0.140588939 -0.098653659 4.525169373 -0.024046643 -0.021683039 0.000293341 0.999475598
3448.761947552 -0.148087591 -0.093015224 4.780730247 -0.026723666 -0.021900984 0.002828265 0.999398947
3448.824551040 -0.153489634 -0.090408131 5.020415306 -0.028495859 -0.019028837 0.005331742 0.999398589
3448.886975104 -0.160502836 -0.089766711 5.234412193 -0.025930155 -0.015347618 0.005114519 0.999532878
3448.949310112 -0.168666303 -0.086412176 5.431825161 -0.029012207 -0.015060561 0.004774118 0.999454200
3449.013206656 -0.176957354 -0.087566227 5.603806019 -0.025187105 -0.016585143 0.003436227 0.999539316
3449.074212736 -0.183178619 -0.086719327 5.760715485 -0.028700791 -0.019287713 0.004487492 0.999391913
3449.136839648 -0.188406244 -0.088458240 5.896374226 -0.022050334 -0.024243191 0.009926634 0.999413610
3449.206047520 -0.196149349 -0.089601360 6.016608238 -0.022585828 -0.026454233 0.005285260 0.999380946
3449.261662848 -0.203878552 -0.090610616 6.117833138 -0.015565130 -0.029771442 0.006061220 0.999417186
3449.324382912 -0.210291639 -0.090639442 6.209955215 -0.021096732 -0.029940203 0.006356433 0.999308884
3449.386814688 -0.215996787 -0.094968885 6.282875538 -0.013138747 -0.026885612 0.001922584 0.999550343
3449.449201696 -0.221310750 -0.093026921 6.353804111 -0.013345526 -0.025878591 0.000824717 0.999575734
3449.511855456 -0.221115887 -0.093876183 6.407660961 -0.011444429 -0.026873739 0.003090637 0.999568582
3449.574312864 -0.222795591 -0.096092589 6.455110550 -0.011451944 -0.029545104 0.004996891 0.999485373
3449.639555392 -0.224908143 -0.095189340 6.496920109 -0.012099103 -0.030896999 0.005841454 0.999432325
3449.699432000 -0.225799829 -0.096820332 6.528632164 -0.011781491 -0.032202315 0.006814725 0.999388754
3449.761699008 -0.227717325 -0.096811771 6.556986809 -0.014077668 -0.031279363 0.005102346 0.999398589
3449.824612000 -0.232568800 -0.096445113 6.579556465 -0.014747081 -0.029960925 0.002012526 0.999440253
3449.886947296 -0.232728213 -0.096492358 6.598448277 -0.013141027 -0.031846568 0.003604125 0.999399900
3449.949197440 -0.231125206 -0.097172759 6.614308834 -0.012447311 -0.032188658 0.004352909 0.999394834
3450.014424288 -0.232266620 -0.097516991 6.627821445 -0.012193156 -0.032858707 0.003458323 0.999379694
3450.074308384 -0.234572962 -0.098090820 6.638836861 -0.011284605 -0.033399172 0.002316586 0.999375701
3450.136828224 -0.235111699 -0.098275304 6.649319172 -0.010445347 -0.033542797 0.002488039 0.999379694
3450.199407904 -0.235780999 -0.098380700 6.660139084 -0.009865125 -0.033095315 0.002075834 0.999401391
3450.261884032 -0.236786991 -0.098458119 6.669660568 -0.009812914 -0.033201799 0.001555675 0.999399304
3450.325443904 -0.237654686 -0.098837264 6.677278996 -0.009907470 -0.033809487 0.001494034 0.999378085
3450.388106816 -0.237906799 -0.098900333 6.683982849 -0.009536646 -0.033957832 0.001452665 0.999376714
3450.449874944 -0.238904834 -0.098879240 6.689928532 -0.009334143 -0.034258995 0.001205320 0.999368668
3450.512313312 -0.239087343 -0.099170275 6.695473194 -0.009448712 -0.034344688 0.001181283 0.999364674
3450.574376352 -0.239036918 -0.099240772 6.700944901 -0.009429886 -0.034477379 0.001351017 0.999360144
3450.637123328 -0.239324614 -0.099045694 6.706178188 -0.009191921 -0.034587037 0.001424281 0.999358416
3450.699451872 -0.239848763 -0.099375203 6.711071491 -0.009416114 -0.034653366 0.001470296 0.999354005
3450.761740832 -0.239911243 -0.099472955 6.715630531 -0.009587514 -0.034865491 0.001564992 0.999344885
3450.824061952 -0.240171313 -0.099539265 6.719933510 -0.009253017 -0.035005908 0.001701507 0.999342859
3450.886788512 -0.240280330 -0.099696063 6.723010540 -0.009315596 -0.035233948 0.001814297 0.999334097
3450.949138784 -0.240328580 -0.099553652 6.725702763 -0.009234439 -0.035309359 0.001912407 0.999332011
3451.011752384 -0.240379766 -0.099632643 6.726463795 -0.009413260 -0.035345886 0.001755981 0.999329329
