1349.112749184 0.000000000 0.000000000 0.000000000 -0.000000000 -0.000000000 -0.000000000 1.000000000
1349.362693568 0.017645910 -0.015141949 0.848275900 -0.014564685 -0.016303848 0.008059083 0.999728501
1349.612424736 0.093820520 -0.049135905 1.213438272 -0.027184024 -0.049920324 0.005400309 0.998368621
1349.862673184 0.006239948 -0.010758946 2.174293280 -0.039578900 -0.051177122 0.004018083 0.997896969
1350.112735712 -0.060026463 0.006982660 2.899822950 -0.034361329 -0.042203259 0.019044548 0.998336375
1350.362914880 -0.116330311 0.018175844 3.357369184 -0.033692211 -0.047646895 0.010630839 0.998239279
1350.612410176 -0.140899584 0.024545934 3.614275217 -0.025789499 -0.050374001 0.012315038 0.998321474
1350.862749920 -0.154764906 0.023551727 3.745113611 -0.021295154 -0.051699091 0.011076930 0.998374224
1351.112987392 -0.160151348 0.023947474 3.806554556 -0.019193023 -0.053462468 0.011673058 0.998317182
1351.362462784 -0.163266465 0.024438858 3.840097666 -0.019693155 -0.054211132 0.011869937 0.998264730
1351.612444256 -0.165098861 0.024662236 3.857434511 -0.020385914 -0.054934058 0.011612982 0.998214424
1351.864085248 -0.165750369 0.024774965 3.862604618 -0.020856015 -0.055245295 0.011534722 0.998188376
1352.112924640 -0.165403262 0.024883335 3.861605883 -0.020638263 -0.055258632 0.011702104 0.998190224
1352.363794112 -0.165517837 0.024898399 3.861540794 -0.020629779 -0.055267602 0.011621574 0.998190820
1352.612387008 -0.165680200 0.025082869 3.862044096 -0.020639928 -0.055272475 0.011636100 0.998190165
