414.566848000 0.000000000 0.000000000 0.000000000 -0.000000000 -0.000000000 -0.000000000 1.000000000
414.598613696 -0.003768007 0.003387219 0.161125794 -0.016607719 0.004386043 -0.014396141 0.999748826
414.629990688 -0.004231879 0.014434775 0.320233762 -0.036061604 0.005875150 -0.020615093 0.999119639
414.661277120 -0.021465503 0.024167964 0.458417565 -0.053141199 0.013274997 -0.019659210 0.998305202
414.693025824 -0.016745003 0.020481363 0.599561214 -0.030580582 0.012260431 -0.015802000 0.999332190
414.724775392 -0.018811952 0.018351071 0.734855652 0.002837405 0.010629106 -0.026250117 0.999594867
414.756085120 -0.022155108 0.020946853 0.879777968 0.016887940 0.012680721 -0.041258935 0.998925269
414.787447936 -0.015412155 0.012485589 1.026149273 0.021083230 0.015123279 -0.034432273 0.999070168
414.819247648 -0.006887968 0.000778015 1.174203396 0.017751284 0.018685140 -0.027859556 0.999279559
414.851861184 0.002314101 -0.007954305 1.332822204 0.016529765 0.023980865 -0.027054923 0.999209583
414.883612032 0.003910275 -0.005807614 1.466950774 0.015187456 0.028222663 -0.028265307 0.999086559
414.915185696 0.037938874 -0.008917788 1.705719829 -0.000152834 0.033329595 -0.018137679 0.999279857
414.948532960 0.048401434 -0.022942774 1.820140719 -0.008540671 0.040544428 -0.015366275 0.999023080
414.980794304 0.062535271 -0.028494533 1.968161225 -0.010348998 0.042263322 -0.014117751 0.998953164
415.013135840 0.074389450 -0.026468474 2.115675926 -0.005549309 0.042576246 -0.017845821 0.998918414
415.045192864 0.088284962 -0.039167393 2.261847973 -0.003382296 0.042987879 -0.019822527 0.998873234
415.083959040 0.087220632 -0.082748383 2.340850115 -0.011800240 0.043771360 -0.030178994 0.998515964
415.120893120 0.112866446 -0.057198398 2.561147690 -0.011673780 0.044611808 -0.027549924 0.998556256
415.154504992 0.127900079 -0.063132606 2.705484867 -0.008767533 0.043967124 -0.024506107 0.998693883
415.185890144 0.142773867 -0.062156934 2.851414919 -0.008144180 0.043848179 -0.022519991 0.998751163
415.217584864 0.154597089 -0.056385547 2.997337580 -0.022211630 0.044271134 -0.027625391 0.998390496
415.252724576 0.157384098 -0.027435057 3.170464993 -0.036892623 0.046171155 -0.032889195 0.997710109
415.284180928 0.187794924 0.041020408 3.315958261 -0.031263191 0.045717102 -0.032425858 0.997938454
415.316088864 0.217339471 0.017396273 3.460302114 -0.020732298 0.046097130 -0.023162868 0.998453140
415.347801504 0.234774351 0.018192543 3.607443094 -0.015808072 0.048374116 -0.021220244 0.998478711
415.380459360 0.254069895 0.019455476 3.754065275 -0.016360611 0.051091727 -0.017824743 0.998400867
415.415115584 0.275542766 0.018277785 3.898156643 -0.012803209 0.052984670 -0.009918066 0.998463988
415.451095904 0.298050761 0.019261038 4.069734097 -0.016652344 0.052643027 -0.007425066 0.998446941
415.483595232 0.315032035 0.017290628 4.212721825 -0.020628514 0.047538064 -0.006521511 0.998635113
415.515552832 0.328594804 -0.000229152 4.346644402 -0.026306281 0.042363979 -0.005274573 0.998741925
415.546949344 0.339199662 -0.016174180 4.476021290 -0.032016587 0.037380971 -0.004191264 0.998779297
415.578193952 0.353235245 0.019016571 4.582452774 -0.029054806 0.031654328 -0.000510796 0.999076366
415.609842496 0.359953761 0.019679058 4.716747761 -0.018017152 0.032380093 -0.015201902 0.999197602
415.642940320 0.352160513 0.024896337 4.876348972 -0.010996551 0.035843104 -0.017833672 0.999137819
415.675052576 0.339993536 0.037127353 5.084953785 0.008141074 0.033124227 -0.002734573 0.999414384
415.706513472 0.109429926 -0.238748834 4.926687241 0.018721584 0.033767778 0.004463934 0.999244452
415.737678688 0.354122162 0.031367600 5.350875854 -0.001719410 0.034304306 -0.019881560 0.999212205
415.768967840 0.307799399 0.361698687 5.442317009 -0.001281613 0.032951660 -0.018968089 0.999276102
415.800369472 0.267664015 0.715307891 5.384548187 0.003525183 0.029247679 -0.013490162 0.999474943
415.832057920 0.290472776 0.770183086 5.599084377 -0.003638010 0.026827455 -0.008210376 0.999599755
415.863896576 0.308127552 0.694314361 5.800011158 -0.013907547 0.022579407 -0.011002165 0.999587834
415.895295744 0.321630150 0.673565030 5.968150616 -0.023805201 0.015544439 -0.018808315 0.999418855
415.926866400 0.405713916 0.039837129 5.972635746 -0.019301778 0.006893772 -0.019031379 0.999608815
415.958219872 0.374151707 0.050980855 6.152998447 -0.027021131 0.002388168 -0.011237917 0.999568880
415.990162080 0.363349527 0.082200445 6.351521492 -0.034918312 0.000730115 -0.022246609 0.999142289
416.021866688 0.361735374 0.092356056 6.529947758 -0.031283163 -0.001985400 -0.025040036 0.999194920
416.054682880 0.286884397 0.056964129 6.676007271 -0.029477267 -0.003814485 -0.023630347 0.999278843
416.086006752 0.280659288 0.102950096 6.809672832 -0.030169573 -0.004859821 -0.025348907 0.999211550
416.117476288 0.332749069 0.064214520 6.909111023 -0.030133259 -0.006297376 -0.025857901 0.999191582
416.117476288 0.332749069 0.064214520 6.909111023 -0.030133259 -0.006297376 -0.025857901 0.999191582
416.117476288 0.332749069 0.064214520 6.909111023 -0.030133259 -0.006297376 -0.025857901 0.999191582
416.211866464 0.239640668 0.057144776 6.459698677 -0.051448137 0.001657132 -0.027867533 0.998285472
416.256838112 0.368847251 0.018991966 6.554584026 -0.045401882 -0.002928305 -0.013124757 0.998878360
416.288157024 0.389195174 0.044547245 6.711150169 -0.037055135 -0.009149582 0.001571604 0.999270082
416.319848000 0.382656634 0.057530437 6.815707207 -0.028147917 -0.013948963 -0.000583289 0.999506295
416.351846784 0.358821869 0.020723559 7.075006962 -0.037913781 -0.016058140 -0.011518863 0.999085605
416.385291008 0.341700196 -0.015532069 7.197833061 -0.041670088 -0.017492149 -0.024946986 0.998666823
416.416835904 0.384833813 0.040407538 7.419620991 -0.037922569 -0.019309210 -0.010852560 0.999035180
416.449115264 0.400901765 0.065332487 7.488198280 -0.036118355 -0.018917572 -0.008495482 0.999132395
416.480555008 0.397002757 0.112835303 7.620440006 -0.028412318 -0.019632572 -0.002821550 0.999399543
416.512884704 0.390360981 0.102257967 7.617774010 -0.022338644 -0.019704213 -0.028745653 0.999142885
416.544798144 0.327665001 0.055268869 7.385530949 -0.029902214 -0.018396756 -0.013667227 0.999290109
416.576196608 0.069911383 0.083836034 8.476782799 -0.025094116 -0.017170472 0.002718296 0.999534011
416.607571936 0.157630339 0.206687257 8.268155098 -0.030355534 -0.020898608 0.000729362 0.999320447
416.639066624 0.871980846 0.384588361 5.383211136 -0.020993263 -0.026605027 -0.008324748 0.999390900
416.670635328 1.748729467 0.023818251 3.229452133 -0.028425548 -0.034650814 -0.017908413 0.998834670
416.701819328 0.389776558 0.014788381 7.664212227 -0.039432164 -0.021648191 -0.009618015 0.998941422
416.733203424 0.246518120 0.038672209 8.357378006 -0.024862824 -0.019481089 -0.014824410 0.999391139
416.765082720 0.091287501 0.097375892 8.570719719 -0.025891559 -0.019171184 -0.005930057 0.999463320
416.796488960 0.133440197 0.076965407 8.886894226 -0.029190570 -0.020232556 -0.001008268 0.999368548
416.833176704 -0.023196060 -0.070494868 9.167442322 -0.030767554 -0.018043607 0.011343338 0.999299347
416.833176704 -0.023196060 -0.070494868 9.167442322 -0.030767554 -0.018043607 0.011343338 0.999299347
416.833176704 -0.023196060 -0.070494868 9.167442322 -0.030767554 -0.018043607 0.011343338 0.999299347
416.833176704 -0.023196060 -0.070494868 9.167442322 -0.030767554 -0.018043607 0.011343338 0.999299347
416.833176704 -0.023196060 -0.070494868 9.167442322 -0.030767554 -0.018043607 0.011343338 0.999299347
416.833176704 -0.023196060 -0.070494868 9.167442322 -0.030767554 -0.018043607 0.011343338 0.999299347
416.833176704 -0.023196060 -0.070494868 9.167442322 -0.030767554 -0.018043607 0.011343338 0.999299347
416.833176704 -0.023196060 -0.070494868 9.167442322 -0.030767554 -0.018043607 0.011343338 0.999299347
416.833176704 -0.023196060 -0.070494868 9.167442322 -0.030767554 -0.018043607 0.011343338 0.999299347
416.833176704 -0.023196060 -0.070494868 9.167442322 -0.030767554 -0.018043607 0.011343338 0.999299347
416.833176704 -0.023196060 -0.070494868 9.167442322 -0.030767554 -0.018043607 0.011343338 0.999299347
416.833176704 -0.023196060 -0.070494868 9.167442322 -0.030767554 -0.018043607 0.011343338 0.999299347
416.833176704 -0.023196060 -0.070494868 9.167442322 -0.030767554 -0.018043607 0.011343338 0.999299347
416.833176704 -0.023196060 -0.070494868 9.167442322 -0.030767554 -0.018043607 0.011343338 0.999299347
416.833176704 -0.023196060 -0.070494868 9.167442322 -0.030767554 -0.018043607 0.011343338 0.999299347
416.833176704 -0.023196060 -0.070494868 9.167442322 -0.030767554 -0.018043607 0.011343338 0.999299347
416.833176704 -0.023196060 -0.070494868 9.167442322 -0.030767554 -0.018043607 0.011343338 0.999299347
416.833176704 -0.023196060 -0.070494868 9.167442322 -0.030767554 -0.018043607 0.011343338 0.999299347
416.833176704 -0.023196060 -0.070494868 9.167442322 -0.030767554 -0.018043607 0.011343338 0.999299347
416.833176704 -0.023196060 -0.070494868 9.167442322 -0.030767554 -0.018043607 0.011343338 0.999299347
416.833176704 -0.023196060 -0.070494868 9.167442322 -0.030767554 -0.018043607 0.011343338 0.999299347
416.833176704 -0.023196060 -0.070494868 9.167442322 -0.030767554 -0.018043607 0.011343338 0.999299347
416.833176704 -0.023196060 -0.070494868 9.167442322 -0.030767554 -0.018043607 0.011343338 0.999299347
416.833176704 -0.023196060 -0.070494868 9.167442322 -0.030767554 -0.018043607 0.011343338 0.999299347
416.833176704 -0.023196060 -0.070494868 9.167442322 -0.030767554 -0.018043607 0.011343338 0.999299347
416.833176704 -0.023196060 -0.070494868 9.167442322 -0.030767554 -0.018043607 0.011343338 0.999299347
416.833176704 -0.023196060 -0.070494868 9.167442322 -0.030767554 -0.018043607 0.011343338 0.999299347
416.833176704 -0.023196060 -0.070494868 9.167442322 -0.030767554 -0.018043607 0.011343338 0.999299347
416.833176704 -0.023196060 -0.070494868 9.167442322 -0.030767554 -0.018043607 0.011343338 0.999299347
416.833176704 -0.023196060 -0.070494868 9.167442322 -0.030767554 -0.018043607 0.011343338 0.999299347
416.833176704 -0.023196060 -0.070494868 9.167442322 -0.030767554 -0.018043607 0.011343338 0.999299347
416.833176704 -0.023196060 -0.070494868 9.167442322 -0.030767554 -0.018043607 0.011343338 0.999299347
416.833176704 -0.023196060 -0.070494868 9.167442322 -0.030767554 -0.018043607 0.011343338 0.999299347
416.833176704 -0.023196060 -0.070494868 9.167442322 -0.030767554 -0.018043607 0.011343338 0.999299347
416.833176704 -0.023196060 -0.070494868 9.167442322 -0.030767554 -0.018043607 0.011343338 0.999299347
416.833176704 -0.023196060 -0.070494868 9.167442322 -0.030767554 -0.018043607 0.011343338 0.999299347
416.833176704 -0.023196060 -0.070494868 9.167442322 -0.030767554 -0.018043607 0.011343338 0.999299347
416.833176704 -0.023196060 -0.070494868 9.167442322 -0.030767554 -0.018043607 0.011343338 0.999299347
416.833176704 -0.023196060 -0.070494868 9.167442322 -0.030767554 -0.018043607 0.011343338 0.999299347
416.833176704 -0.023196060 -0.070494868 9.167442322 -0.030767554 -0.018043607 0.011343338 0.999299347
416.833176704 -0.023196060 -0.070494868 9.167442322 -0.030767554 -0.018043607 0.011343338 0.999299347
416.833176704 -0.023196060 -0.070494868 9.167442322 -0.030767554 -0.018043607 0.011343338 0.999299347
416.833176704 -0.023196060 -0.070494868 9.167442322 -0.030767554 -0.018043607 0.011343338 0.999299347
416.833176704 -0.023196060 -0.070494868 9.167442322 -0.030767554 -0.018043607 0.011343338 0.999299347
416.833176704 -0.023196060 -0.070494868 9.167442322 -0.030767554 -0.018043607 0.011343338 0.999299347
416.833176704 -0.023196060 -0.070494868 9.167442322 -0.030767554 -0.018043607 0.011343338 0.999299347
416.833176704 -0.023196060 -0.070494868 9.167442322 -0.030767554 -0.018043607 0.011343338 0.999299347
416.833176704 -0.023196060 -0.070494868 9.167442322 -0.030767554 -0.018043607 0.011343338 0.999299347
416.833176704 -0.023196060 -0.070494868 9.167442322 -0.030767554 -0.018043607 0.011343338 0.999299347
416.833176704 -0.023196060 -0.070494868 9.167442322 -0.030767554 -0.018043607 0.011343338 0.999299347
416.833176704 -0.023196060 -0.070494868 9.167442322 -0.030767554 -0.018043607 0.011343338 0.999299347
416.833176704 -0.023196060 -0.070494868 9.167442322 -0.030767554 -0.018043607 0.011343338 0.999299347
416.833176704 -0.023196060 -0.070494868 9.167442322 -0.030767554 -0.018043607 0.011343338 0.999299347
416.833176704 -0.023196060 -0.070494868 9.167442322 -0.030767554 -0.018043607 0.011343338 0.999299347
416.833176704 -0.023196060 -0.070494868 9.167442322 -0.030767554 -0.018043607 0.011343338 0.999299347
416.833176704 -0.023196060 -0.070494868 9.167442322 -0.030767554 -0.018043607 0.011343338 0.999299347
416.833176704 -0.023196060 -0.070494868 9.167442322 -0.030767554 -0.018043607 0.011343338 0.999299347
416.833176704 -0.023196060 -0.070494868 9.167442322 -0.030767554 -0.018043607 0.011343338 0.999299347
416.833176704 -0.023196060 -0.070494868 9.167442322 -0.030767554 -0.018043607 0.011343338 0.999299347
416.833176704 -0.023196060 -0.070494868 9.167442322 -0.030767554 -0.018043607 0.011343338 0.999299347
416.833176704 -0.023196060 -0.070494868 9.167442322 -0.030767554 -0.018043607 0.011343338 0.999299347
416.833176704 -0.023196060 -0.070494868 9.167442322 -0.030767554 -0.018043607 0.011343338 0.999299347
416.833176704 -0.023196060 -0.070494868 9.167442322 -0.030767554 -0.018043607 0.011343338 0.999299347
416.833176704 -0.023196060 -0.070494868 9.167442322 -0.030767554 -0.018043607 0.011343338 0.999299347
416.833176704 -0.023196060 -0.070494868 9.167442322 -0.030767554 -0.018043607 0.011343338 0.999299347
416.833176704 -0.023196060 -0.070494868 9.167442322 -0.030767554 -0.018043607 0.011343338 0.999299347
416.833176704 -0.023196060 -0.070494868 9.167442322 -0.030767554 -0.018043607 0.011343338 0.999299347
416.833176704 -0.023196060 -0.070494868 9.167442322 -0.030767554 -0.018043607 0.011343338 0.999299347
416.833176704 -0.023196060 -0.070494868 9.167442322 -0.030767554 -0.018043607 0.011343338 0.999299347
416.833176704 -0.023196060 -0.070494868 9.167442322 -0.030767554 -0.018043607 0.011343338 0.999299347
416.833176704 -0.023196060 -0.070494868 9.167442322 -0.030767554 -0.018043607 0.011343338 0.999299347
416.833176704 -0.023196060 -0.070494868 9.167442322 -0.030767554 -0.018043607 0.011343338 0.999299347
416.833176704 -0.023196060 -0.070494868 9.167442322 -0.030767554 -0.018043607 0.011343338 0.999299347
416.833176704 -0.023196060 -0.070494868 9.167442322 -0.030767554 -0.018043607 0.011343338 0.999299347
416.833176704 -0.023196060 -0.070494868 9.167442322 -0.030767554 -0.018043607 0.011343338 0.999299347
416.833176704 -0.023196060 -0.070494868 9.167442322 -0.030767554 -0.018043607 0.011343338 0.999299347
416.833176704 -0.023196060 -0.070494868 9.167442322 -0.030767554 -0.018043607 0.011343338 0.999299347
416.833176704 -0.023196060 -0.070494868 9.167442322 -0.030767554 -0.018043607 0.011343338 0.999299347
416.833176704 -0.023196060 -0.070494868 9.167442322 -0.030767554 -0.018043607 0.011343338 0.999299347
416.833176704 -0.023196060 -0.070494868 9.167442322 -0.030767554 -0.018043607 0.011343338 0.999299347
416.833176704 -0.023196060 -0.070494868 9.167442322 -0.030767554 -0.018043607 0.011343338 0.999299347
416.833176704 -0.023196060 -0.070494868 9.167442322 -0.030767554 -0.018043607 0.011343338 0.999299347
416.833176704 -0.023196060 -0.070494868 9.167442322 -0.030767554 -0.018043607 0.011343338 0.999299347
416.833176704 -0.023196060 -0.070494868 9.167442322 -0.030767554 -0.018043607 0.011343338 0.999299347
416.833176704 -0.023196060 -0.070494868 9.167442322 -0.030767554 -0.018043607 0.011343338 0.999299347
416.833176704 -0.023196060 -0.070494868 9.167442322 -0.030767554 -0.018043607 0.011343338 0.999299347
416.833176704 -0.023196060 -0.070494868 9.167442322 -0.030767554 -0.018043607 0.011343338 0.999299347
416.833176704 -0.023196060 -0.070494868 9.167442322 -0.030767554 -0.018043607 0.011343338 0.999299347
416.833176704 -0.023196060 -0.070494868 9.167442322 -0.030767554 -0.018043607 0.011343338 0.999299347
416.833176704 -0.023196060 -0.070494868 9.167442322 -0.030767554 -0.018043607 0.011343338 0.999299347
416.833176704 -0.023196060 -0.070494868 9.167442322 -0.030767554 -0.018043607 0.011343338 0.999299347
416.833176704 -0.023196060 -0.070494868 9.167442322 -0.030767554 -0.018043607 0.011343338 0.999299347
416.833176704 -0.023196060 -0.070494868 9.167442322 -0.030767554 -0.018043607 0.011343338 0.999299347
416.833176704 -0.023196060 -0.070494868 9.167442322 -0.030767554 -0.018043607 0.011343338 0.999299347
416.833176704 -0.023196060 -0.070494868 9.167442322 -0.030767554 -0.018043607 0.011343338 0.999299347
416.833176704 -0.023196060 -0.070494868 9.167442322 -0.030767554 -0.018043607 0.011343338 0.999299347
416.833176704 -0.023196060 -0.070494868 9.167442322 -0.030767554 -0.018043607 0.011343338 0.999299347
416.833176704 -0.023196060 -0.070494868 9.167442322 -0.030767554 -0.018043607 0.011343338 0.999299347
416.833176704 -0.023196060 -0.070494868 9.167442322 -0.030767554 -0.018043607 0.011343338 0.999299347
416.833176704 -0.023196060 -0.070494868 9.167442322 -0.030767554 -0.018043607 0.011343338 0.999299347
416.833176704 -0.023196060 -0.070494868 9.167442322 -0.030767554 -0.018043607 0.011343338 0.999299347
416.833176704 -0.023196060 -0.070494868 9.167442322 -0.030767554 -0.018043607 0.011343338 0.999299347
416.833176704 -0.023196060 -0.070494868 9.167442322 -0.030767554 -0.018043607 0.011343338 0.999299347
