3976.370279712 0.000000000 0.000000000 0.000000000 -0.000000000 -0.000000000 -0.000000000 1.000000000
3976.411071936 -0.000007363 0.000076836 -0.000091394 0.000028216 0.000009899 -0.000013188 1.000000000
3976.453904064 0.000378861 -0.000151454 -0.000287038 -0.000000639 -0.000098523 -0.000080612 1.000000000
3976.502711168 0.000346403 -0.000353574 -0.000226556 -0.000069777 -0.000090742 -0.000055094 1.000000000
3976.551926848 0.000785823 -0.000690458 0.000421630 0.001901247 -0.000370363 0.000824001 0.999997795
3976.593912544 0.001437285 -0.001463978 0.008533544 0.003956969 0.000938210 0.000617184 0.999991536
3976.641993248 0.003911935 -0.002212160 0.029063722 0.004666901 0.005713968 -0.000518785 0.999972641
3976.693723616 0.011373496 -0.006706087 0.058340754 0.008545286 0.009930456 0.007251838 0.999887943
3976.739340672 0.014148947 -0.003973407 0.103819497 -0.000363566 0.013826568 0.001574912 0.999903142
3976.788179776 0.024070883 -0.011142270 0.148737028 0.011913204 0.016536385 0.010916709 0.999732673
3976.853828416 0.030198945 -0.009162576 0.247146830 0.001911981 0.020270323 0.001057768 0.999792159
3976.891134112 0.037949886 -0.014899837 0.296487540 0.016154835 0.020090802 0.008743884 0.999629438
3976.934702272 0.044247713 -0.019625189 0.373045623 0.010642244 0.019555744 0.007482582 0.999724150
3976.974591872 0.050128736 -0.021670699 0.445931017 0.012597688 0.019438989 0.006114183 0.999713063
3977.039841312 0.061942138 -0.026612397 0.574778438 0.013077047 0.019657809 0.008620451 0.999684155
3977.077340736 0.065957725 -0.030058825 0.652744174 0.017881097 0.018224711 0.007397971 0.999646664
3977.120501760 0.070480511 -0.035269108 0.746536672 0.015684538 0.016559161 0.005714606 0.999723554
3977.162293984 0.072171025 -0.038908001 0.842978239 0.014686606 0.017038459 -0.001064840 0.999746442
3977.201382912 0.079129204 -0.043211654 0.939354837 0.011538469 0.017476376 -0.001269273 0.999779880
3977.244528800 0.087606765 -0.048582833 1.038857341 0.011503422 0.018660285 -0.001277849 0.999758959
3977.292773792 0.097122982 -0.054170780 1.157693863 0.009087907 0.020684836 -0.001270242 0.999743998
3977.333395232 0.104826942 -0.060289465 1.258156419 0.009366778 0.020785984 -0.004563166 0.999729693
3977.368726144 0.114236079 -0.063083299 1.353696465 0.003672258 0.021010676 -0.001802548 0.999770939
3977.414204768 0.122150369 -0.067797899 1.440848589 0.001243341 0.022303198 -0.005255653 0.999736726
3977.475188544 0.209266618 -0.193892673 1.569823623 -0.000386226 0.023146393 -0.008327440 0.999697328
3977.520356160 0.186516821 -0.108026668 1.729739785 0.003552833 0.026282415 0.001166233 0.999647558
3977.559197824 0.162938550 -0.090280712 1.813656926 0.006722892 0.028769244 -0.006509213 0.999542296
3977.602216448 0.176154777 -0.093469426 1.924353719 0.004524183 0.027216088 0.006236736 0.999599874
3977.651905344 0.192209765 -0.102178954 2.047097921 0.011481995 0.024248969 0.013138936 0.999553680
3977.695942400 0.225179404 -0.110748589 2.167102337 0.015632983 0.019364215 0.024043875 0.999401093
3977.731854592 0.230206743 -0.116309762 2.277812004 0.007280221 0.018725641 0.021457851 0.999567866
3977.808222240 0.184584826 -0.124715477 2.452115536 0.003435897 0.025424464 0.008335068 0.999636114
3977.850627136 0.192358673 -0.129658386 2.567587852 -0.001483096 0.024304999 0.008648803 0.999666154
3977.891218880 0.195445970 -0.131238177 2.684966326 -0.000037761 0.020133832 -0.006456958 0.999776423
3977.950922400 0.209420756 -0.133116111 2.860072613 -0.003016024 0.013211230 0.003237029 0.999902964
3977.993247392 0.212075114 -0.135204032 2.963177443 -0.003595521 0.011422704 -0.005521839 0.999913096
3978.037928928 0.220735624 -0.139769822 3.105378389 -0.008623722 0.010174910 -0.001945183 0.999909222
3978.082797248 0.222978711 -0.139377818 3.243777275 -0.010743686 0.011937141 -0.013536927 0.999779403
3978.122091328 0.229192361 -0.145483956 3.364598036 -0.007619838 0.009995208 -0.007397478 0.999893725
3978.166315712 0.235611752 -0.148711488 3.495803595 -0.009387006 0.007721555 -0.002276075 0.999923587
3978.249033728 0.239075065 -0.152461857 3.748172522 -0.002357216 0.003350495 -0.001781522 0.999990046
3978.288349088 0.238500163 -0.155475363 3.891599655 -0.005694083 0.002697622 -0.008176315 0.999946713
3978.328291616 0.245441973 -0.158387735 4.020902634 -0.009909281 0.001538778 -0.000837972 0.999949396
3978.375417152 0.251251072 -0.164269358 4.160246849 -0.007951448 0.001420724 0.000261001 0.999967396
3978.421135424 0.255510867 -0.163361296 4.309721470 -0.011288268 0.003386583 -0.001461730 0.999929488
3978.460614080 0.260440379 -0.168703675 4.435684681 -0.005033642 0.005254505 -0.003529638 0.999967337
3978.503045344 0.266147137 -0.168964610 4.578935623 -0.008310929 0.007352162 -0.003745731 0.999931455
3978.549715072 0.275815248 -0.172899723 4.720510960 -0.010205127 0.007157783 0.003664888 0.999915600
3978.597395712 0.278118551 -0.171201378 4.877159119 -0.009980747 0.007222909 -0.005866743 0.999906957
3978.645397440 0.283954114 -0.172650605 5.035365582 -0.012947178 0.008526300 -0.004928726 0.999867678
3978.686560896 0.289295226 -0.177563548 5.172050953 -0.010084232 0.009204875 -0.006487386 0.999885738
3978.724420800 0.295329630 -0.173892140 5.303201675 -0.020703685 0.008249941 -0.004267071 0.999742508
3978.772603872 0.293367565 -0.188221365 5.406917572 -0.032441076 0.007227269 -0.004863438 0.999435723
3978.814521184 0.292504072 -0.204959989 5.508311749 -0.041751053 0.009296338 -0.003080837 0.999080062
3978.854822176 0.311978102 -0.182899505 5.711765766 -0.008107381 0.007049270 -0.015295162 0.999825299
3978.854822176 0.311978102 -0.182899505 5.711765766 -0.008107381 0.007049270 -0.015295162 0.999825299
3978.854822176 0.311978102 -0.182899505 5.711765766 -0.008107381 0.007049270 -0.015295162 0.999825299
3978.999306048 0.334800452 -0.186328262 6.238489628 -0.004542562 0.016242497 -0.000559767 0.999857664
3979.043623456 0.354472935 -0.192293152 6.418361664 -0.020741945 0.020108618 0.010650680 0.999525905
3979.087609408 -0.318549573 -0.206699014 6.197605133 -0.041026790 0.042670645 0.024660047 0.997941852
3979.136892704 0.368475288 -0.184193760 6.699405670 -0.011716586 0.027917245 0.008170040 0.999508202
3979.178850240 0.478429019 0.554374993 6.886132717 0.009523342 0.023679582 0.060991496 0.997811973
3979.243216928 0.411623806 -0.204947859 7.067594051 -0.004121046 0.029048802 0.001331272 0.999568701
3979.279918720 0.414752871 -0.201507390 7.229482174 0.003516169 0.027077714 0.018306991 0.999459565
3979.354124032 0.379841477 -0.203305021 7.424956322 0.004655303 0.029029232 0.011203049 0.999504983
3979.419232736 0.414812565 -0.190225050 7.672315121 0.001383257 0.026602462 0.017052487 0.999499679
3979.453879072 0.481363893 -0.126891911 7.991969585 0.003334617 0.022206817 0.021714082 0.999512017
3979.501258176 0.439118594 -0.165230870 8.176435471 0.002589802 0.024723051 0.020830918 0.999473929
3979.546865376 0.498635888 -0.280946940 8.279228210 -0.000132931 0.028519681 0.014842199 0.999483049
3979.586605312 0.557463050 -0.272494107 8.251713753 0.002326387 0.032434300 0.022729199 0.999212742
3979.629997280 0.578765750 -0.269906014 8.331123352 0.001496647 0.034980536 0.022319654 0.999137640
3979.673120352 0.564223230 -0.273648709 8.461930275 0.006385886 0.038388271 0.015886107 0.999116242
3979.754771008 0.576182008 -0.285152137 8.849404335 0.013555880 0.035820607 0.010684106 0.999209225
3979.794812832 0.568596780 -0.261434913 9.108035088 0.005574706 0.032141048 0.014620678 0.999360859
3979.833003840 0.593657792 -0.262420684 9.265512466 -0.010728609 0.026044618 0.009688782 0.999556303
3979.879764992 0.565014899 -0.230761632 9.337413788 0.005669722 0.021314964 -0.006928069 0.999732733
3979.879764992 0.565014899 -0.230761632 9.337413788 0.005669722 0.021314964 -0.006928069 0.999732733
3979.879764992 0.565014899 -0.230761632 9.337413788 0.005669722 0.021314964 -0.006928069 0.999732733
3979.879764992 0.565014899 -0.230761632 9.337413788 0.005669722 0.021314964 -0.006928069 0.999732733
3979.879764992 0.565014899 -0.230761632 9.337413788 0.005669722 0.021314964 -0.006928069 0.999732733
3979.879764992 0.565014899 -0.230761632 9.337413788 0.005669722 0.021314964 -0.006928069 0.999732733
3979.879764992 0.565014899 -0.230761632 9.337413788 0.005669722 0.021314964 -0.006928069 0.999732733
3979.879764992 0.565014899 -0.230761632 9.337413788 0.005669722 0.021314964 -0.006928069 0.999732733
3979.879764992 0.565014899 -0.230761632 9.337413788 0.005669722 0.021314964 -0.006928069 0.999732733
3979.879764992 0.565014899 -0.230761632 9.337413788 0.005669722 0.021314964 -0.006928069 0.999732733
3979.879764992 0.565014899 -0.230761632 9.337413788 0.005669722 0.021314964 -0.006928069 0.999732733
3979.879764992 0.565014899 -0.230761632 9.337413788 0.005669722 0.021314964 -0.006928069 0.999732733
3979.879764992 0.565014899 -0.230761632 9.337413788 0.005669722 0.021314964 -0.006928069 0.999732733
3979.879764992 0.565014899 -0.230761632 9.337413788 0.005669722 0.021314964 -0.006928069 0.999732733
3979.879764992 0.565014899 -0.230761632 9.337413788 0.005669722 0.021314964 -0.006928069 0.999732733
3979.879764992 0.565014899 -0.230761632 9.337413788 0.005669722 0.021314964 -0.006928069 0.999732733
3979.879764992 0.565014899 -0.230761632 9.337413788 0.005669722 0.021314964 -0.006928069 0.999732733
3979.879764992 0.565014899 -0.230761632 9.337413788 0.005669722 0.021314964 -0.006928069 0.999732733
3979.879764992 0.565014899 -0.230761632 9.337413788 0.005669722 0.021314964 -0.006928069 0.999732733
3979.879764992 0.565014899 -0.230761632 9.337413788 0.005669722 0.021314964 -0.006928069 0.999732733
3979.879764992 0.565014899 -0.230761632 9.337413788 0.005669722 0.021314964 -0.006928069 0.999732733
3979.879764992 0.565014899 -0.230761632 9.337413788 0.005669722 0.021314964 -0.006928069 0.999732733
3979.879764992 0.565014899 -0.230761632 9.337413788 0.005669722 0.021314964 -0.006928069 0.999732733
3979.879764992 0.565014899 -0.230761632 9.337413788 0.005669722 0.021314964 -0.006928069 0.999732733
3979.879764992 0.565014899 -0.230761632 9.337413788 0.005669722 0.021314964 -0.006928069 0.999732733
3979.879764992 0.565014899 -0.230761632 9.337413788 0.005669722 0.021314964 -0.006928069 0.999732733
3979.879764992 0.565014899 -0.230761632 9.337413788 0.005669722 0.021314964 -0.006928069 0.999732733
3979.879764992 0.565014899 -0.230761632 9.337413788 0.005669722 0.021314964 -0.006928069 0.999732733
3979.879764992 0.565014899 -0.230761632 9.337413788 0.005669722 0.021314964 -0.006928069 0.999732733
3979.879764992 0.565014899 -0.230761632 9.337413788 0.005669722 0.021314964 -0.006928069 0.999732733
3979.879764992 0.565014899 -0.230761632 9.337413788 0.005669722 0.021314964 -0.006928069 0.999732733
3979.879764992 0.565014899 -0.230761632 9.337413788 0.005669722 0.021314964 -0.006928069 0.999732733
3979.879764992 0.565014899 -0.230761632 9.337413788 0.005669722 0.021314964 -0.006928069 0.999732733
3979.879764992 0.565014899 -0.230761632 9.337413788 0.005669722 0.021314964 -0.006928069 0.999732733
3979.879764992 0.565014899 -0.230761632 9.337413788 0.005669722 0.021314964 -0.006928069 0.999732733
3979.879764992 0.565014899 -0.230761632 9.337413788 0.005669722 0.021314964 -0.006928069 0.999732733
3979.879764992 0.565014899 -0.230761632 9.337413788 0.005669722 0.021314964 -0.006928069 0.999732733
3979.879764992 0.565014899 -0.230761632 9.337413788 0.005669722 0.021314964 -0.006928069 0.999732733
3979.879764992 0.565014899 -0.230761632 9.337413788 0.005669722 0.021314964 -0.006928069 0.999732733
3979.879764992 0.565014899 -0.230761632 9.337413788 0.005669722 0.021314964 -0.006928069 0.999732733
3979.879764992 0.565014899 -0.230761632 9.337413788 0.005669722 0.021314964 -0.006928069 0.999732733
3979.879764992 0.565014899 -0.230761632 9.337413788 0.005669722 0.021314964 -0.006928069 0.999732733
3979.879764992 0.565014899 -0.230761632 9.337413788 0.005669722 0.021314964 -0.006928069 0.999732733
3979.879764992 0.565014899 -0.230761632 9.337413788 0.005669722 0.021314964 -0.006928069 0.999732733
3979.879764992 0.565014899 -0.230761632 9.337413788 0.005669722 0.021314964 -0.006928069 0.999732733
3979.879764992 0.565014899 -0.230761632 9.337413788 0.005669722 0.021314964 -0.006928069 0.999732733
3979.879764992 0.565014899 -0.230761632 9.337413788 0.005669722 0.021314964 -0.006928069 0.999732733
3979.879764992 0.565014899 -0.230761632 9.337413788 0.005669722 0.021314964 -0.006928069 0.999732733
3979.879764992 0.565014899 -0.230761632 9.337413788 0.005669722 0.021314964 -0.006928069 0.999732733
3979.879764992 0.565014899 -0.230761632 9.337413788 0.005669722 0.021314964 -0.006928069 0.999732733
3979.879764992 0.565014899 -0.230761632 9.337413788 0.005669722 0.021314964 -0.006928069 0.999732733
3979.879764992 0.565014899 -0.230761632 9.337413788 0.005669722 0.021314964 -0.006928069 0.999732733
3979.879764992 0.565014899 -0.230761632 9.337413788 0.005669722 0.021314964 -0.006928069 0.999732733
3979.879764992 0.565014899 -0.230761632 9.337413788 0.005669722 0.021314964 -0.006928069 0.999732733
3979.879764992 0.565014899 -0.230761632 9.337413788 0.005669722 0.021314964 -0.006928069 0.999732733
3979.879764992 0.565014899 -0.230761632 9.337413788 0.005669722 0.021314964 -0.006928069 0.999732733
3979.879764992 0.565014899 -0.230761632 9.337413788 0.005669722 0.021314964 -0.006928069 0.999732733
3979.879764992 0.565014899 -0.230761632 9.337413788 0.005669722 0.021314964 -0.006928069 0.999732733
3979.879764992 0.565014899 -0.230761632 9.337413788 0.005669722 0.021314964 -0.006928069 0.999732733
3979.879764992 0.565014899 -0.230761632 9.337413788 0.005669722 0.021314964 -0.006928069 0.999732733
3979.879764992 0.565014899 -0.230761632 9.337413788 0.005669722 0.021314964 -0.006928069 0.999732733
3979.879764992 0.565014899 -0.230761632 9.337413788 0.005669722 0.021314964 -0.006928069 0.999732733
3979.879764992 0.565014899 -0.230761632 9.337413788 0.005669722 0.021314964 -0.006928069 0.999732733
3979.879764992 0.565014899 -0.230761632 9.337413788 0.005669722 0.021314964 -0.006928069 0.999732733
3979.879764992 0.565014899 -0.230761632 9.337413788 0.005669722 0.021314964 -0.006928069 0.999732733
3979.879764992 0.565014899 -0.230761632 9.337413788 0.005669722 0.021314964 -0.006928069 0.999732733
3979.879764992 0.565014899 -0.230761632 9.337413788 0.005669722 0.021314964 -0.006928069 0.999732733
3979.879764992 0.565014899 -0.230761632 9.337413788 0.005669722 0.021314964 -0.006928069 0.999732733
3979.879764992 0.565014899 -0.230761632 9.337413788 0.005669722 0.021314964 -0.006928069 0.999732733
3979.879764992 0.565014899 -0.230761632 9.337413788 0.005669722 0.021314964 -0.006928069 0.999732733
3979.879764992 0.565014899 -0.230761632 9.337413788 0.005669722 0.021314964 -0.006928069 0.999732733
3979.879764992 0.565014899 -0.230761632 9.337413788 0.005669722 0.021314964 -0.006928069 0.999732733
3979.879764992 0.565014899 -0.230761632 9.337413788 0.005669722 0.021314964 -0.006928069 0.999732733
3979.879764992 0.565014899 -0.230761632 9.337413788 0.005669722 0.021314964 -0.006928069 0.999732733
3979.879764992 0.565014899 -0.230761632 9.337413788 0.005669722 0.021314964 -0.006928069 0.999732733
3979.879764992 0.565014899 -0.230761632 9.337413788 0.005669722 0.021314964 -0.006928069 0.999732733
3979.879764992 0.565014899 -0.230761632 9.337413788 0.005669722 0.021314964 -0.006928069 0.999732733
3979.879764992 0.565014899 -0.230761632 9.337413788 0.005669722 0.021314964 -0.006928069 0.999732733
3979.879764992 0.565014899 -0.230761632 9.337413788 0.005669722 0.021314964 -0.006928069 0.999732733
3979.879764992 0.565014899 -0.230761632 9.337413788 0.005669722 0.021314964 -0.006928069 0.999732733
3979.879764992 0.565014899 -0.230761632 9.337413788 0.005669722 0.021314964 -0.006928069 0.999732733
3979.879764992 0.565014899 -0.230761632 9.337413788 0.005669722 0.021314964 -0.006928069 0.999732733
3979.879764992 0.565014899 -0.230761632 9.337413788 0.005669722 0.021314964 -0.006928069 0.999732733
3979.879764992 0.565014899 -0.230761632 9.337413788 0.005669722 0.021314964 -0.006928069 0.999732733
3979.879764992 0.565014899 -0.230761632 9.337413788 0.005669722 0.021314964 -0.006928069 0.999732733
3979.879764992 0.565014899 -0.230761632 9.337413788 0.005669722 0.021314964 -0.006928069 0.999732733
3979.879764992 0.565014899 -0.230761632 9.337413788 0.005669722 0.021314964 -0.006928069 0.999732733
3979.879764992 0.565014899 -0.230761632 9.337413788 0.005669722 0.021314964 -0.006928069 0.999732733
3979.879764992 0.565014899 -0.230761632 9.337413788 0.005669722 0.021314964 -0.006928069 0.999732733
3979.879764992 0.565014899 -0.230761632 9.337413788 0.005669722 0.021314964 -0.006928069 0.999732733
3979.879764992 0.565014899 -0.230761632 9.337413788 0.005669722 0.021314964 -0.006928069 0.999732733
3979.879764992 0.565014899 -0.230761632 9.337413788 0.005669722 0.021314964 -0.006928069 0.999732733
3979.879764992 0.565014899 -0.230761632 9.337413788 0.005669722 0.021314964 -0.006928069 0.999732733
3979.879764992 0.565014899 -0.230761632 9.337413788 0.005669722 0.021314964 -0.006928069 0.999732733
3979.879764992 0.565014899 -0.230761632 9.337413788 0.005669722 0.021314964 -0.006928069 0.999732733
3979.879764992 0.565014899 -0.230761632 9.337413788 0.005669722 0.021314964 -0.006928069 0.999732733
3979.879764992 0.565014899 -0.230761632 9.337413788 0.005669722 0.021314964 -0.006928069 0.999732733
3979.879764992 0.565014899 -0.230761632 9.337413788 0.005669722 0.021314964 -0.006928069 0.999732733
3979.879764992 0.565014899 -0.230761632 9.337413788 0.005669722 0.021314964 -0.006928069 0.999732733
3979.879764992 0.565014899 -0.230761632 9.337413788 0.005669722 0.021314964 -0.006928069 0.999732733
3979.879764992 0.565014899 -0.230761632 9.337413788 0.005669722 0.021314964 -0.006928069 0.999732733
3979.879764992 0.565014899 -0.230761632 9.337413788 0.005669722 0.021314964 -0.006928069 0.999732733
3979.879764992 0.565014899 -0.230761632 9.337413788 0.005669722 0.021314964 -0.006928069 0.999732733
3979.879764992 0.565014899 -0.230761632 9.337413788 0.005669722 0.021314964 -0.006928069 0.999732733
3979.879764992 0.565014899 -0.230761632 9.337413788 0.005669722 0.021314964 -0.006928069 0.999732733
3979.879764992 0.565014899 -0.230761632 9.337413788 0.005669722 0.021314964 -0.006928069 0.999732733
3979.879764992 0.565014899 -0.230761632 9.337413788 0.005669722 0.021314964 -0.006928069 0.999732733
3979.879764992 0.565014899 -0.230761632 9.337413788 0.005669722 0.021314964 -0.006928069 0.999732733
3979.879764992 0.565014899 -0.230761632 9.337413788 0.005669722 0.021314964 -0.006928069 0.999732733
3979.879764992 0.565014899 -0.230761632 9.337413788 0.005669722 0.021314964 -0.006928069 0.999732733
3979.879764992 0.565014899 -0.230761632 9.337413788 0.005669722 0.021314964 -0.006928069 0.999732733
3979.879764992 0.565014899 -0.230761632 9.337413788 0.005669722 0.021314964 -0.006928069 0.999732733
3979.879764992 0.565014899 -0.230761632 9.337413788 0.005669722 0.021314964 -0.006928069 0.999732733
3979.879764992 0.565014899 -0.230761632 9.337413788 0.005669722 0.021314964 -0.006928069 0.999732733
3979.879764992 0.565014899 -0.230761632 9.337413788 0.005669722 0.021314964 -0.006928069 0.999732733
3979.879764992 0.565014899 -0.230761632 9.337413788 0.005669722 0.021314964 -0.006928069 0.999732733
3979.879764992 0.565014899 -0.230761632 9.337413788 0.005669722 0.021314964 -0.006928069 0.999732733
3979.879764992 0.565014899 -0.230761632 9.337413788 0.005669722 0.021314964 -0.006928069 0.999732733
3979.879764992 0.565014899 -0.230761632 9.337413788 0.005669722 0.021314964 -0.006928069 0.999732733
