1903.938710592 0.000000000 0.000000000 0.000000000 -0.000000000 -0.000000000 -0.000000000 1.000000000
1904.063891552 0.004562845 -0.011911058 0.447455883 0.000795663 0.009652916 -0.002518585 0.999949932
1904.188773824 0.014874782 -0.000598964 0.876715124 0.006413627 0.019085694 -0.006190995 0.999778152
1904.313612640 0.015550675 -0.029389665 1.331223965 -0.012076098 -0.008539478 -0.010483283 0.999835730
1904.438696448 0.013312669 -0.029509623 1.778422594 -0.005739893 -0.013243431 -0.019828029 0.999699235
1904.563992384 0.009803124 -0.041003175 2.228511095 -0.005033282 -0.015885368 -0.014531278 0.999755561
1904.688958464 0.003808899 -0.046934877 2.680718422 -0.007450049 -0.023393992 -0.006692036 0.999676228
1904.813661120 -0.026336757 -0.046980146 3.129501104 -0.005112252 -0.025996750 -0.022955524 0.999385357
1904.938802304 -0.049354605 -0.049932957 3.590836048 -0.008974396 -0.029468462 -0.023999188 0.999237299
1905.063992576 -0.071465939 -0.039875917 4.066484451 -0.030455159 -0.029253937 -0.020429609 0.998899102
1905.188802368 -0.090776727 -0.030636750 4.534734726 -0.025650343 -0.028492769 -0.018162722 0.999099791
1905.313831712 -0.115564242 -0.010237627 5.061982632 -0.036199097 -0.031006414 -0.015613067 0.998741448
1905.438870176 -0.131517246 0.006862131 5.532337666 -0.045562055 -0.029214704 -0.010197263 0.998482227
1905.563428928 -0.159784406 0.033022258 5.952362061 -0.045553982 -0.025602112 -0.012414667 0.998556614
1905.688789280 -0.195409089 0.038046107 6.291000843 -0.038380612 -0.017955566 -0.010683044 0.999044836
1905.813536384 -0.192045361 0.043961175 6.523077488 -0.038599730 -0.017938202 -0.014469701 0.998988926
1905.939488928 -0.201060474 0.052040454 6.738814831 -0.034721073 -0.024024731 -0.008951130 0.999068141
1906.063707456 -0.213749483 0.058235340 6.895672321 -0.035286911 -0.024284905 -0.017107543 0.998935640
1906.188856864 -0.220055237 0.061121903 7.014270782 -0.035561379 -0.024827085 -0.016066467 0.998929918
1906.314329728 -0.224382833 0.061496556 7.098501205 -0.034286913 -0.025080621 -0.015909787 0.998970628
1906.438735520 -0.226932615 0.062402312 7.155243397 -0.035409905 -0.028406572 -0.014280154 0.998866975
1906.564497536 -0.227480918 0.063550346 7.196217537 -0.032778084 -0.029805111 -0.010044267 0.998967648
1906.688604800 -0.229525387 0.064274251 7.230638981 -0.032378633 -0.029780330 -0.009380004 0.998987973
1906.814147552 -0.230551481 0.064998865 7.256380558 -0.031956345 -0.030041846 -0.010346458 0.998984098
1906.939682656 -0.231848419 0.066080362 7.281137943 -0.031687353 -0.030571666 -0.009977373 0.998980463
1907.063692992 -0.233769983 0.067775860 7.307402611 -0.031596981 -0.030761363 -0.010609093 0.998970866
1907.188913696 -0.236760348 0.068747669 7.330908775 -0.031287130 -0.031315617 -0.012574764 0.998940587
1907.313390528 -0.238387138 0.069534287 7.351781368 -0.030591195 -0.031966392 -0.012754113 0.998939276
1907.438734816 -0.239466518 0.069904439 7.371672153 -0.030080123 -0.032234002 -0.011859542 0.998957276
1907.563475712 -0.240588740 0.070571765 7.390440941 -0.030195678 -0.032086335 -0.011373612 0.998964131
1907.688787488 -0.241315335 0.070700221 7.405386448 -0.029980281 -0.032143258 -0.011400163 0.998968482
1907.813644320 -0.241824836 0.070833810 7.413787365 -0.029607814 -0.032153800 -0.011656542 0.998976290
1907.938479008 -0.242367953 0.070492260 7.415817261 -0.029793585 -0.032088809 -0.011762075 0.998971641
1908.063695392 -0.242165431 0.070897341 7.414452553 -0.029620109 -0.032112796 -0.011764864 0.998975992
1908.188491488 -0.242246211 0.070764475 7.412085533 -0.029549003 -0.032064810 -0.011737693 0.998979986
1908.314155936 -0.241716132 0.070800394 7.409366131 -0.029571570 -0.032089010 -0.011596171 0.998980165
1908.439593408 -0.241695419 0.070958011 7.409036636 -0.029576095 -0.032095984 -0.011529816 0.998980582
1908.563567072 -0.241859213 0.071065009 7.410037518 -0.029574702 -0.032068152 -0.011528119 0.998981535
