3210.139108160 0.000000000 0.000000000 0.000000000 -0.000000000 -0.000000000 -0.000000000 1.000000000
3210.199122240 0.018469939 -0.001873813 0.253720462 0.002200181 0.005048636 0.009748676 0.999937296
3210.263696192 0.041438494 -0.024960505 0.503928959 0.009188254 0.011465078 0.016190885 0.999760985
3210.327805600 0.153530791 -0.068086296 0.878844500 0.017353164 0.017541364 0.023251221 0.999425173
3210.388865376 0.074596405 -0.028438522 1.004428625 -0.005361983 0.029935174 0.007541182 0.999509037
3210.447992800 0.102627777 -0.035757761 1.239440560 -0.012965365 0.045006298 0.017327158 0.998752296
3210.514308384 0.140984178 -0.045422979 1.481711149 0.000218589 0.057367127 0.028232275 0.997953892
3210.576150496 0.168067172 -0.069290124 1.714779019 0.010902466 0.067595541 0.045217097 0.996628046
3210.639996864 0.207852930 -0.052638359 1.961623192 -0.000269509 0.056447800 0.031312272 0.997914374
3210.711401792 0.245614678 -0.071680523 2.231328726 0.012356534 0.050387040 0.029826194 0.998207808
3210.777487680 0.273202837 -0.085111953 2.480468750 0.021336671 0.049662430 0.014523657 0.998432517
3210.840418688 0.283486456 -0.107806876 2.735869169 0.027125819 0.053273093 -0.007037137 0.998186767
3210.904840480 0.319477051 -0.113533162 2.935594559 0.022540497 0.044832792 0.014492242 0.998635054
3210.961627168 0.344071299 -0.129185006 3.153590202 0.010086716 0.038997471 0.036886483 0.998507380
3211.027630624 0.354996026 -0.137951404 3.391286612 0.012392642 0.033421688 0.023380673 0.999090970
3211.090401120 0.367447704 -0.147333026 3.618529320 0.008438432 0.030080546 0.021811152 0.999273837
3211.152085440 0.383509606 -0.156290621 3.848820448 -0.001684188 0.024850063 0.022605920 0.999434173
3211.211561056 0.392518133 -0.078747869 4.064700603 -0.007726828 0.022347009 0.022962900 0.999456704
3211.276665696 0.403848827 -0.023710748 4.324747086 -0.014182549 0.019667070 0.024167778 0.999413848
3211.339411808 0.411332309 -0.191480994 4.403846741 0.012284025 0.026636072 0.026799891 0.999210417
3211.402003616 0.423825949 -0.198092163 4.632847309 0.010006117 0.024870915 0.016338008 0.999507070
3211.461391104 0.439232886 -0.209976390 4.863515854 0.005968468 0.022998109 0.016044103 0.999588966
3211.530207456 0.461117983 -0.224470228 5.119343281 0.009536161 0.020966766 0.023240635 0.999464571
3211.589724736 0.500054777 -0.234856412 5.400959492 0.005172673 0.020999709 0.022392089 0.999515355
3211.651425280 0.465027183 -0.244321063 5.559935093 0.007437771 0.024564708 0.020375006 0.999462962
3211.713126976 0.463348657 -0.249171928 5.761011600 0.005975903 0.026018776 0.018129395 0.999479175
3211.776247328 0.501345038 -0.255549848 5.967606544 -0.001235004 0.021261459 0.016945859 0.999629617
3211.839847968 0.516541898 -0.263170809 6.183975697 -0.003730299 0.015956156 0.010133710 0.999814391
3211.901092736 0.517797768 -0.270102501 6.391751289 -0.005639691 0.009847870 0.009538206 0.999890149
3211.962287552 0.493454725 -0.274457395 6.635687828 -0.005332160 0.008478785 0.017245902 0.999801159
3212.027601760 0.510787308 -0.298948586 6.935539246 -0.010959366 0.009616178 0.004685294 0.999882817
3212.089674848 0.575688362 -0.305566400 7.249387264 -0.008213038 0.009885323 0.011935841 0.999846220
3212.152630944 0.601490200 -0.303937376 7.504257202 -0.009148444 0.010119739 0.006099982 0.999888420
3212.211084192 0.581274211 -0.310720742 7.609603405 -0.009145093 0.006833413 0.012073867 0.999861956
3212.277248320 0.728226125 0.173887387 7.795564651 -0.001800323 -0.007553169 0.004087224 0.999961495
3212.340579136 0.655391991 -0.003190589 8.011550903 -0.001645429 -0.018586339 0.004612899 0.999815285
3212.402937792 0.543690443 -0.293620080 8.159495354 -0.007956950 -0.023845483 0.004182971 0.999675214
3212.460871872 0.357875496 -0.564872444 8.422646523 -0.009108777 -0.020548718 0.007316499 0.999720633
3212.527089952 0.370453268 -0.429609597 8.758100510 -0.002576245 -0.015441799 0.009884455 0.999828577
3212.590697568 0.376067489 -0.313435137 9.064351082 0.003470031 -0.012137150 0.009655545 0.999873757
3212.653074720 0.352101237 -0.443211704 9.252375603 -0.019303963 -0.017974116 0.011938657 0.999580801
3212.711200128 0.434046447 -0.422642410 9.361454964 -0.014571098 -0.022250781 -0.004944652 0.999634027
3212.776892224 0.506057084 -0.333331943 9.537657738 -0.031247288 -0.025309468 0.008819192 0.999152303
3212.839720352 0.756628394 -0.649403393 8.593119621 -0.061384931 -0.039621301 0.131732166 0.988589287
3212.903030048 0.529622197 -0.372206926 9.676247597 -0.027492400 -0.020580284 0.007224780 0.999384046
3212.903030048 0.529622197 -0.372206926 9.676247597 -0.027492400 -0.020580284 0.007224780 0.999384046
3212.903030048 0.529622197 -0.372206926 9.676247597 -0.027492400 -0.020580284 0.007224780 0.999384046
3212.903030048 0.529622197 -0.372206926 9.676247597 -0.027492400 -0.020580284 0.007224780 0.999384046
3212.903030048 0.529622197 -0.372206926 9.676247597 -0.027492400 -0.020580284 0.007224780 0.999384046
3213.218473216 0.428147316 -0.359583348 10.841118813 -0.039599914 -0.014391957 0.009056780 0.999071002
3213.218473216 0.428147316 -0.359583348 10.841118813 -0.039599914 -0.014391957 0.009056780 0.999071002
3213.218473216 0.428147316 -0.359583348 10.841118813 -0.039599914 -0.014391957 0.009056780 0.999071002
3213.408537408 0.469000190 -0.315085799 10.788665771 -0.035824142 -0.021550152 0.007295604 0.999099135
3213.408537408 0.469000190 -0.315085799 10.788665771 -0.035824142 -0.021550152 0.007295604 0.999099135
3213.408537408 0.469000190 -0.315085799 10.788665771 -0.035824142 -0.021550152 0.007295604 0.999099135
3213.408537408 0.469000190 -0.315085799 10.788665771 -0.035824142 -0.021550152 0.007295604 0.999099135
3213.408537408 0.469000190 -0.315085799 10.788665771 -0.035824142 -0.021550152 0.007295604 0.999099135
3213.408537408 0.469000190 -0.315085799 10.788665771 -0.035824142 -0.021550152 0.007295604 0.999099135
3213.408537408 0.469000190 -0.315085799 10.788665771 -0.035824142 -0.021550152 0.007295604 0.999099135
3213.408537408 0.469000190 -0.315085799 10.788665771 -0.035824142 -0.021550152 0.007295604 0.999099135
3213.408537408 0.469000190 -0.315085799 10.788665771 -0.035824142 -0.021550152 0.007295604 0.999099135
3213.408537408 0.469000190 -0.315085799 10.788665771 -0.035824142 -0.021550152 0.007295604 0.999099135
3213.408537408 0.469000190 -0.315085799 10.788665771 -0.035824142 -0.021550152 0.007295604 0.999099135
3213.408537408 0.469000190 -0.315085799 10.788665771 -0.035824142 -0.021550152 0.007295604 0.999099135
3213.408537408 0.469000190 -0.315085799 10.788665771 -0.035824142 -0.021550152 0.007295604 0.999099135
3214.218108352 0.416738451 -0.362632960 11.749935150 -0.030862300 -0.016753258 0.005179866 0.999369860
3214.218108352 0.416738451 -0.362632960 11.749935150 -0.030862300 -0.016753258 0.005179866 0.999369860
3214.218108352 0.416738451 -0.362632960 11.749935150 -0.030862300 -0.016753258 0.005179866 0.999369860
3214.218108352 0.416738451 -0.362632960 11.749935150 -0.030862300 -0.016753258 0.005179866 0.999369860
3214.218108352 0.416738451 -0.362632960 11.749935150 -0.030862300 -0.016753258 0.005179866 0.999369860
3214.218108352 0.416738451 -0.362632960 11.749935150 -0.030862300 -0.016753258 0.005179866 0.999369860
3214.218108352 0.416738451 -0.362632960 11.749935150 -0.030862300 -0.016753258 0.005179866 0.999369860
3214.658217728 0.394261450 -0.361533374 12.135102272 -0.030574746 -0.017453693 0.005865615 0.999362886
3214.717292608 0.307733804 -0.554422736 10.810673714 -0.035463743 -0.015255128 0.011754015 0.999185443
3214.783344640 0.198286846 -0.592969656 9.682048798 -0.037237834 -0.011033526 0.011362945 0.999180973
3214.846366272 0.214165926 -0.563764453 8.628906250 -0.036773480 -0.008067040 0.006368401 0.999270797
3214.846366272 0.214165926 -0.563764453 8.628906250 -0.036773480 -0.008067040 0.006368401 0.999270797
