3495.511618464 0.000000000 0.000000000 0.000000000 -0.000000000 -0.000000000 -0.000000000 1.000000000
3495.573856480 0.000422103 -0.000555446 0.000386814 0.001329581 -0.000032729 0.001038765 0.999998569
3495.637223680 0.001593961 -0.001092439 0.015265316 -0.000133131 0.000494710 0.002251185 0.999997377
3495.699037536 -0.000295313 -0.002633963 0.044605728 -0.000659011 -0.000776961 -0.000020171 0.999999523
3495.762545856 -0.001810178 -0.001169004 0.092712171 -0.000175677 -0.002543571 0.000476375 0.999996662
3495.827326592 -0.005126677 -0.005667238 0.157177895 0.003521895 -0.006549749 -0.004390684 0.999962687
3495.886825440 0.000174443 -0.014804984 0.242457002 0.006769307 -0.005889704 0.007064288 0.999934793
3495.949051360 0.004150666 -0.023711612 0.338304996 0.015371884 -0.004542250 0.006292213 0.999851763
3496.011857184 0.013604422 -0.039297089 0.430337131 0.022905104 -0.003459304 0.003343415 0.999726057
3496.074043712 0.009513496 -0.032547835 0.573883832 0.020755351 -0.006667451 0.004943762 0.999750137
3496.136693248 0.010622263 -0.033062529 0.709460080 0.024725022 -0.003836805 0.003189331 0.999681890
3496.199073440 0.014627426 -0.045838781 0.858485222 0.018055238 -0.000193141 0.004281832 0.999827802
3496.261597280 0.018222395 -0.051670078 1.016389489 0.011222760 -0.001134473 0.003230222 0.999931157
3496.324178432 0.018784139 -0.060040876 1.178835630 0.010811121 -0.005858546 -0.000856452 0.999924064
3496.386579712 0.021964898 -0.068013154 1.347463965 0.008278743 -0.006495308 -0.003520282 0.999938488
3496.449141984 0.029200919 -0.079007469 1.527523994 0.014904654 -0.002599024 -0.001642998 0.999884248
3496.511686368 0.037473079 -0.084599636 1.712026596 0.004422699 0.000866384 0.001159230 0.999989152
3496.574096704 0.044567969 -0.093193419 1.864173651 -0.008210387 0.003390248 0.001639451 0.999959230
3496.637315776 0.057589151 -0.105023280 2.080794573 0.004881048 0.003889793 0.009321188 0.999937117
3496.699223008 0.062305652 -0.112588637 2.272643328 0.006298153 0.005290224 0.000551378 0.999966025
3496.761728256 0.071504310 -0.120464541 2.467517138 0.003243080 0.006241439 0.001985118 0.999973357
3496.824243040 0.075601250 -0.127341241 2.667737722 -0.001283618 0.000537998 -0.002587981 0.999995708
3496.886858464 0.080123805 -0.132638991 2.863190889 0.003092489 -0.010929283 -0.005869652 0.999918282
3496.949140544 0.079773381 -0.134282053 3.072044611 -0.008260150 -0.015024723 -0.008405440 0.999817669
3497.012464384 0.078791812 -0.139896259 3.278152704 -0.005757640 -0.012704598 -0.014576809 0.999796450
3497.074033824 0.082819290 -0.147000000 3.485342264 -0.005985376 -0.007201612 -0.008604621 0.999919176
3497.137162976 0.087991782 -0.152055115 3.699041605 -0.001877659 0.000821646 -0.003719158 0.999991000
3497.198968448 0.093494870 -0.153220668 3.917468071 -0.003143020 0.007675533 -0.007108316 0.999940395
3497.261514272 0.108365223 -0.160870358 4.139698029 -0.008784669 0.015270947 -0.001102891 0.999844253
3497.324814336 0.125272319 -0.165889844 4.362098217 -0.011748861 0.022162905 0.000622033 0.999685168
3497.386693440 0.134311527 -0.190634772 4.580907822 -0.014305688 0.029179787 0.004512480 0.999461651
3497.449315744 0.161261588 -0.173614636 4.801711082 -0.009876866 0.026450709 0.002336354 0.999598622
3497.512413376 0.171969309 -0.181736529 5.023015499 0.002610922 0.021360368 -0.012829620 0.999686182
3497.574521280 0.188399062 -0.180859804 5.212680340 -0.015955973 0.014861966 -0.000182972 0.999762237
3497.638124608 0.202381209 -0.188136667 5.442618847 -0.011800426 0.017534584 -0.008379270 0.999741554
3497.699144896 0.210049763 -0.195609152 5.659539700 -0.000219944 0.024863526 -0.018766446 0.999514699
3497.762056960 0.286726236 -0.240295112 5.849676132 -0.014182869 0.024540193 -0.007027337 0.999573588
3497.823822176 0.250714958 -0.198705375 6.125537395 -0.001743061 0.029686913 -0.006662953 0.999535501
3497.887127168 0.282782942 -0.208106399 6.393965721 -0.012736876 0.032524310 -0.000130695 0.999389827
3497.949213728 0.319926053 -0.193363056 6.624454975 -0.008249047 0.036292262 -0.000570619 0.999307036
3498.012042976 0.339523941 -0.218259141 6.866840839 -0.004695007 0.040878888 0.007479920 0.999125123
3498.074396192 0.372679710 -0.212721586 7.138305664 -0.003718062 0.049334157 -0.004440831 0.998765588
3498.136930624 0.428403527 -0.216463149 7.430882931 0.007387737 0.057305228 0.007006614 0.998304784
3498.199013120 0.499212593 -0.393748105 8.199271202 -0.006148309 0.057627250 0.015339388 0.998201430
3498.262206144 0.529290199 -0.272270054 7.781643867 0.004672512 0.045416597 0.015916681 0.998830378
3498.262206144 0.529290199 -0.272270054 7.781643867 0.004672512 0.045416597 0.015916681 0.998830378
3498.262206144 0.529290199 -0.272270054 7.781643867 0.004672512 0.045416597 0.015916681 0.998830378
3498.262206144 0.529290199 -0.272270054 7.781643867 0.004672512 0.045416597 0.015916681 0.998830378
3498.262206144 0.529290199 -0.272270054 7.781643867 0.004672512 0.045416597 0.015916681 0.998830378
3498.262206144 0.529290199 -0.272270054 7.781643867 0.004672512 0.045416597 0.015916681 0.998830378
3498.262206144 0.529290199 -0.272270054 7.781643867 0.004672512 0.045416597 0.015916681 0.998830378
3498.262206144 0.529290199 -0.272270054 7.781643867 0.004672512 0.045416597 0.015916681 0.998830378
3498.262206144 0.529290199 -0.272270054 7.781643867 0.004672512 0.045416597 0.015916681 0.998830378
3498.262206144 0.529290199 -0.272270054 7.781643867 0.004672512 0.045416597 0.015916681 0.998830378
3498.262206144 0.529290199 -0.272270054 7.781643867 0.004672512 0.045416597 0.015916681 0.998830378
3498.262206144 0.529290199 -0.272270054 7.781643867 0.004672512 0.045416597 0.015916681 0.998830378
3498.262206144 0.529290199 -0.272270054 7.781643867 0.004672512 0.045416597 0.015916681 0.998830378
3498.262206144 0.529290199 -0.272270054 7.781643867 0.004672512 0.045416597 0.015916681 0.998830378
3498.262206144 0.529290199 -0.272270054 7.781643867 0.004672512 0.045416597 0.015916681 0.998830378
3498.262206144 0.529290199 -0.272270054 7.781643867 0.004672512 0.045416597 0.015916681 0.998830378
3498.262206144 0.529290199 -0.272270054 7.781643867 0.004672512 0.045416597 0.015916681 0.998830378
3498.262206144 0.529290199 -0.272270054 7.781643867 0.004672512 0.045416597 0.015916681 0.998830378
3498.262206144 0.529290199 -0.272270054 7.781643867 0.004672512 0.045416597 0.015916681 0.998830378
3498.262206144 0.529290199 -0.272270054 7.781643867 0.004672512 0.045416597 0.015916681 0.998830378
3498.262206144 0.529290199 -0.272270054 7.781643867 0.004672512 0.045416597 0.015916681 0.998830378
3498.262206144 0.529290199 -0.272270054 7.781643867 0.004672512 0.045416597 0.015916681 0.998830378
3498.262206144 0.529290199 -0.272270054 7.781643867 0.004672512 0.045416597 0.015916681 0.998830378
3498.262206144 0.529290199 -0.272270054 7.781643867 0.004672512 0.045416597 0.015916681 0.998830378
3498.262206144 0.529290199 -0.272270054 7.781643867 0.004672512 0.045416597 0.015916681 0.998830378
3498.262206144 0.529290199 -0.272270054 7.781643867 0.004672512 0.045416597 0.015916681 0.998830378
3498.262206144 0.529290199 -0.272270054 7.781643867 0.004672512 0.045416597 0.015916681 0.998830378
3498.262206144 0.529290199 -0.272270054 7.781643867 0.004672512 0.045416597 0.015916681 0.998830378
3498.262206144 0.529290199 -0.272270054 7.781643867 0.004672512 0.045416597 0.015916681 0.998830378
3498.262206144 0.529290199 -0.272270054 7.781643867 0.004672512 0.045416597 0.015916681 0.998830378
3498.262206144 0.529290199 -0.272270054 7.781643867 0.004672512 0.045416597 0.015916681 0.998830378
3498.262206144 0.529290199 -0.272270054 7.781643867 0.004672512 0.045416597 0.015916681 0.998830378
3498.262206144 0.529290199 -0.272270054 7.781643867 0.004672512 0.045416597 0.015916681 0.998830378
3498.262206144 0.529290199 -0.272270054 7.781643867 0.004672512 0.045416597 0.015916681 0.998830378
3498.262206144 0.529290199 -0.272270054 7.781643867 0.004672512 0.045416597 0.015916681 0.998830378
3498.262206144 0.529290199 -0.272270054 7.781643867 0.004672512 0.045416597 0.015916681 0.998830378
3498.262206144 0.529290199 -0.272270054 7.781643867 0.004672512 0.045416597 0.015916681 0.998830378
3498.262206144 0.529290199 -0.272270054 7.781643867 0.004672512 0.045416597 0.015916681 0.998830378
3498.262206144 0.529290199 -0.272270054 7.781643867 0.004672512 0.045416597 0.015916681 0.998830378
3498.262206144 0.529290199 -0.272270054 7.781643867 0.004672512 0.045416597 0.015916681 0.998830378
3498.262206144 0.529290199 -0.272270054 7.781643867 0.004672512 0.045416597 0.015916681 0.998830378
3498.262206144 0.529290199 -0.272270054 7.781643867 0.004672512 0.045416597 0.015916681 0.998830378
3498.262206144 0.529290199 -0.272270054 7.781643867 0.004672512 0.045416597 0.015916681 0.998830378
3498.262206144 0.529290199 -0.272270054 7.781643867 0.004672512 0.045416597 0.015916681 0.998830378
3498.262206144 0.529290199 -0.272270054 7.781643867 0.004672512 0.045416597 0.015916681 0.998830378
3498.262206144 0.529290199 -0.272270054 7.781643867 0.004672512 0.045416597 0.015916681 0.998830378
3498.262206144 0.529290199 -0.272270054 7.781643867 0.004672512 0.045416597 0.015916681 0.998830378
3498.262206144 0.529290199 -0.272270054 7.781643867 0.004672512 0.045416597 0.015916681 0.998830378
3498.262206144 0.529290199 -0.272270054 7.781643867 0.004672512 0.045416597 0.015916681 0.998830378
3498.262206144 0.529290199 -0.272270054 7.781643867 0.004672512 0.045416597 0.015916681 0.998830378
3498.262206144 0.529290199 -0.272270054 7.781643867 0.004672512 0.045416597 0.015916681 0.998830378
3498.262206144 0.529290199 -0.272270054 7.781643867 0.004672512 0.045416597 0.015916681 0.998830378
3498.262206144 0.529290199 -0.272270054 7.781643867 0.004672512 0.045416597 0.015916681 0.998830378
3498.262206144 0.529290199 -0.272270054 7.781643867 0.004672512 0.045416597 0.015916681 0.998830378
3498.262206144 0.529290199 -0.272270054 7.781643867 0.004672512 0.045416597 0.015916681 0.998830378
3498.262206144 0.529290199 -0.272270054 7.781643867 0.004672512 0.045416597 0.015916681 0.998830378
3498.262206144 0.529290199 -0.272270054 7.781643867 0.004672512 0.045416597 0.015916681 0.998830378
3498.262206144 0.529290199 -0.272270054 7.781643867 0.004672512 0.045416597 0.015916681 0.998830378
3498.262206144 0.529290199 -0.272270054 7.781643867 0.004672512 0.045416597 0.015916681 0.998830378
3498.262206144 0.529290199 -0.272270054 7.781643867 0.004672512 0.045416597 0.015916681 0.998830378
3498.262206144 0.529290199 -0.272270054 7.781643867 0.004672512 0.045416597 0.015916681 0.998830378
3498.262206144 0.529290199 -0.272270054 7.781643867 0.004672512 0.045416597 0.015916681 0.998830378
3498.262206144 0.529290199 -0.272270054 7.781643867 0.004672512 0.045416597 0.015916681 0.998830378
3498.262206144 0.529290199 -0.272270054 7.781643867 0.004672512 0.045416597 0.015916681 0.998830378
3498.262206144 0.529290199 -0.272270054 7.781643867 0.004672512 0.045416597 0.015916681 0.998830378
3498.262206144 0.529290199 -0.272270054 7.781643867 0.004672512 0.045416597 0.015916681 0.998830378
3498.262206144 0.529290199 -0.272270054 7.781643867 0.004672512 0.045416597 0.015916681 0.998830378
3498.262206144 0.529290199 -0.272270054 7.781643867 0.004672512 0.045416597 0.015916681 0.998830378
3498.262206144 0.529290199 -0.272270054 7.781643867 0.004672512 0.045416597 0.015916681 0.998830378
3498.262206144 0.529290199 -0.272270054 7.781643867 0.004672512 0.045416597 0.015916681 0.998830378
3498.262206144 0.529290199 -0.272270054 7.781643867 0.004672512 0.045416597 0.015916681 0.998830378
3498.262206144 0.529290199 -0.272270054 7.781643867 0.004672512 0.045416597 0.015916681 0.998830378
3498.262206144 0.529290199 -0.272270054 7.781643867 0.004672512 0.045416597 0.015916681 0.998830378
3498.262206144 0.529290199 -0.272270054 7.781643867 0.004672512 0.045416597 0.015916681 0.998830378
3498.262206144 0.529290199 -0.272270054 7.781643867 0.004672512 0.045416597 0.015916681 0.998830378
3498.262206144 0.529290199 -0.272270054 7.781643867 0.004672512 0.045416597 0.015916681 0.998830378
3498.262206144 0.529290199 -0.272270054 7.781643867 0.004672512 0.045416597 0.015916681 0.998830378
3498.262206144 0.529290199 -0.272270054 7.781643867 0.004672512 0.045416597 0.015916681 0.998830378
3498.262206144 0.529290199 -0.272270054 7.781643867 0.004672512 0.045416597 0.015916681 0.998830378
3498.262206144 0.529290199 -0.272270054 7.781643867 0.004672512 0.045416597 0.015916681 0.998830378
3498.262206144 0.529290199 -0.272270054 7.781643867 0.004672512 0.045416597 0.015916681 0.998830378
