566.068782624 0.000000000 0.000000000 0.000000000 -0.000000000 -0.000000000 -0.000000000 1.000000000
566.100588320 -0.004338292 -0.004122239 0.138708457 -0.011434353 -0.001265642 -0.019633528 0.999741077
566.131984864 0.001661513 -0.002969834 0.281650633 -0.024249086 -0.001433671 -0.013976897 0.999607205
566.163239616 0.015470725 -0.005226851 0.414894074 -0.019761335 0.002396482 0.004345481 0.999792457
566.194824960 0.024432072 -0.009418028 0.544842005 -0.002851217 0.006599625 0.007788252 0.999943852
566.226701856 0.024058834 -0.015847735 0.673860908 0.002778315 0.009833880 -0.004102909 0.999939382
566.268978144 0.044408586 -0.017058605 0.864870012 0.005541872 0.015293812 0.006341784 0.999847651
566.299546784 0.055715654 -0.021636553 0.999341309 -0.001541980 0.022372613 0.010172753 0.999696732
566.331014080 0.070899606 -0.026851259 1.144325614 -0.009719724 0.031482965 0.006326008 0.999437034
566.363328608 0.086684473 -0.027354304 1.292540669 -0.019075325 0.041797940 0.003356575 0.998938382
566.395411840 0.108329788 -0.024434561 1.433941126 -0.023546278 0.051404711 0.005164105 0.998386919
566.428437152 0.131360650 -0.018610850 1.582504869 -0.033499315 0.060325027 0.004090679 0.997608185
566.464380224 0.158578590 -0.012666738 1.744921923 -0.037944015 0.070234515 -0.000360666 0.996808529
566.495744416 0.177027568 -0.013488659 1.894974351 -0.040389728 0.083210610 -0.011003284 0.995652378
566.527151296 0.166660622 -0.073453993 1.967302084 -0.020402076 0.093032829 -0.009464202 0.995409012
566.558651680 0.101628274 0.011964373 2.207784891 0.004746220 0.107925564 -0.015323376 0.994029582
566.592489600 -0.241957992 0.069276273 3.091275454 0.041915607 0.129071817 -0.018117012 0.990583301
566.632930144 -0.292010039 0.488417953 3.734568119 0.085554071 0.152854860 -0.019297820 0.984349251
566.669498112 -0.243619353 0.433688074 3.930319071 0.080694400 0.169471011 -0.011490288 0.982158840
566.706474208 -0.179677531 0.418095320 4.078487873 0.055834435 0.173947126 0.003396529 0.983165026
566.742565728 -0.112299569 0.403480768 4.227577686 0.031855248 0.180980787 0.008318798 0.982935369
566.777861696 -0.080501363 0.453343332 4.630876541 0.010904823 0.189035445 0.012651863 0.981828213
566.813369888 -0.019870207 0.391962260 4.829500675 0.016440913 0.201494798 0.036885832 0.978656769
566.848612576 0.040118456 0.383496612 4.942879677 0.024258295 0.217107594 0.038675286 0.975079536
566.883230208 0.100367814 0.386597782 5.079556465 0.005680701 0.233386874 0.016110769 0.972233891
566.918460512 0.155272231 0.403074563 5.220605373 -0.009137777 0.253341138 -0.012291144 0.967255771
566.953214720 0.221956775 0.428988248 5.370701790 -0.024124531 0.272924930 -0.041069239 0.960855544
566.988860960 0.308350503 0.355786145 5.429664612 0.016307887 0.279361457 0.020298239 0.959832966
567.024432064 0.387067974 0.351749867 5.548106194 0.011419464 0.291109830 0.028141674 0.956207454
567.059511840 0.470475972 0.312320709 5.663621902 0.005867398 0.303833365 0.032041334 0.952168167
567.094109600 0.550184190 0.318163633 5.783094406 -0.004178784 0.318360716 0.018242242 0.947784901
567.094109600 0.550184190 0.318163633 5.783094406 -0.004178784 0.318360716 0.018242242 0.947784901
567.094109600 0.550184190 0.318163633 5.783094406 -0.004178784 0.318360716 0.018242242 0.947784901
567.198377600 0.776187539 0.308365256 6.053583145 0.024318645 0.345481247 0.049397472 0.936809063
567.238190944 0.866047144 0.305423588 6.175729752 0.020556081 0.351202339 0.028077409 0.935652792
567.272944288 0.955692053 0.302028418 6.279487133 0.024559760 0.350665480 0.033437781 0.935581386
567.308809632 1.045861363 0.293859839 6.372583389 0.026000740 0.347436398 0.048971470 0.936062872
567.344894912 1.131069422 0.281634927 6.479588509 0.022834083 0.346210003 0.034723967 0.937236071
567.381551456 1.218531370 0.276387155 6.584494114 0.019092089 0.344801128 0.028767340 0.938040614
567.421695040 1.323220849 0.274797380 6.696170807 0.018966470 0.341831058 0.042019002 0.938629985
567.457019264 1.430602312 0.258617818 6.822975636 0.017052144 0.340136439 0.054847933 0.938620329
567.492590464 1.463166952 0.250707030 6.851945400 0.006366396 0.333163559 0.043985069 0.941821039
567.528074272 1.480874062 0.273211867 6.894621372 -0.001073084 0.328177512 0.043336891 0.943620861
567.563331232 1.543758154 0.274853230 6.957983494 0.013963213 0.319504142 0.048730616 0.946228027
567.600642432 1.571324825 0.239774704 6.998495579 0.024922809 0.312395126 0.048872907 0.948366821
567.636651552 1.431654930 0.170531467 7.054790497 0.016718088 0.311204374 0.047213838 0.949022233
567.672409600 2.736123800 0.058376186 8.360155106 0.019523220 0.308132946 0.039152823 0.950336814
567.708247072 2.922158718 -0.051812530 8.643834114 0.025762416 0.306604534 0.047053546 0.950324118
567.744436864 2.894822121 0.027946144 8.604969025 0.020757174 0.302924186 0.050403334 0.951454520
567.780167552 2.996384382 -0.023423955 8.737531662 0.013494029 0.300398648 0.034439042 0.953096330
567.816760448 3.221685648 -0.001118168 9.024393082 0.019641936 0.295230925 0.048967134 0.953968108
567.853199392 3.324244261 0.031820178 9.197751045 0.025752421 0.292404294 0.039752182 0.955121100
567.890018272 3.423610926 0.007296316 9.366851807 0.037793443 0.292551488 0.031863295 0.954971254
567.926713312 1.880337119 0.095873140 6.886291981 0.030442344 0.291541129 0.033783756 0.955476761
567.963231296 2.445569992 0.445407420 6.832852840 0.014980183 0.290501893 0.033505943 0.956170321
568.000381376 2.769925117 1.497248888 8.380921364 0.021443181 0.290988415 0.042577729 0.955538154
568.038882368 3.355269909 1.952993870 10.612464905 0.030967206 0.292086512 0.052219201 0.954463005
568.075765056 4.653926373 2.140515804 14.068239212 0.044053555 0.291082591 0.051775973 0.954279602
568.112864704 5.865583420 1.526190281 14.414339066 0.052641302 0.287194520 0.043006379 0.955457389
568.149549856 4.432320595 -0.397500575 11.022709846 0.033987131 0.284136832 0.047599055 0.956998229
568.189607936 2.700116158 -1.493468404 7.791287422 0.024534432 0.282329917 0.060064398 0.957120776
568.226198144 0.388068080 -1.875950336 4.317913055 0.016399570 0.285170585 0.059432112 0.956491828
568.262654816 4.271641731 -0.190398008 9.282249451 0.033994228 0.284859300 0.050537076 0.956632495
568.299050400 4.901656628 -0.720568299 10.691655159 0.030550700 0.286065727 0.054847416 0.956151128
568.336244992 5.718990326 -0.917371452 11.286722183 0.014109230 0.288331658 0.034600034 0.956801355
568.373541024 2.148419619 -0.013442632 7.542095661 0.024741966 0.294203818 0.014177899 0.955317199
568.410980736 2.244051695 -0.015391037 7.652697563 0.014771067 0.287485659 0.051874999 0.956265032
568.448732832 2.307007790 -0.007333234 7.710636139 0.019771542 0.288134128 0.040572196 0.956525862
568.489655200 2.387395382 -0.028338004 7.826407433 0.023903759 0.291340679 0.016724864 0.956174433
568.530709760 2.486247540 -0.046378806 7.935990810 0.027632438 0.286845893 0.027463937 0.957184196
568.561952960 2.553107738 -0.052344903 8.018299103 0.029437382 0.281437755 0.049548034 0.957847178
568.602329888 2.641058445 -0.051592931 8.141730309 0.016409071 0.276595294 0.056060113 0.959209621
568.639758816 2.714344501 -0.053563520 8.249107361 0.011477587 0.275385767 0.040260211 0.960421860
568.680550208 2.781144381 -0.046238348 8.371999741 0.011386725 0.278809637 0.027658703 0.959880471
568.724780736 2.865546703 -0.065441608 8.490077019 0.024384670 0.278902799 0.029273106 0.959563315
568.766737344 2.943928480 -0.076913148 8.615261078 0.039747640 0.280918270 0.029913235 0.958441615
568.808176032 3.169100285 -0.001748487 8.802203178 0.050944515 0.282985002 0.028687531 0.957340658
568.848879200 3.404939175 0.058849555 9.016755104 0.061213568 0.284275591 0.025932783 0.956434906
568.889410688 3.494827271 0.043895919 9.134155273 0.043393016 0.288196236 0.029477270 0.956133425
568.929981344 3.600906610 0.025939152 9.262387276 0.033180971 0.292035967 0.035849359 0.955159068
568.970515776 3.712300301 0.026778132 9.368077278 0.028031375 0.292715192 0.047081858 0.954628408
569.011345344 3.824203730 0.030138135 9.473129272 0.022736320 0.293151647 0.058613021 0.953996778
569.011345344 3.824203730 0.030138135 9.473129272 0.022736320 0.293151647 0.058613021 0.953996778
569.084176032 3.935373306 -0.022418097 9.689172745 0.040287282 0.291251123 0.050471645 0.954464436
569.084176032 3.935373306 -0.022418097 9.689172745 0.040287282 0.291251123 0.050471645 0.954464436
569.147447648 3.438672066 -0.176372111 9.303325653 0.007827157 0.291672766 0.059862223 0.954611063
569.178753632 3.538929462 -0.178944170 9.409355164 0.005715841 0.288489193 0.085361511 0.953653395
569.210102624 3.537037849 0.165376127 9.130543709 0.012361349 0.285498947 0.098455653 0.953228295
569.242291712 3.639764786 -0.256200850 9.832068443 0.030795671 0.295392126 0.037882823 0.954127908
569.273906240 3.611806393 -0.293672144 9.819072723 0.042365145 0.296600461 0.035874620 0.953386784
569.314732224 3.793879271 -0.326993406 10.219897270 0.041397300 0.291547835 0.074983507 0.952713788
569.349089088 3.923319101 -0.212381005 10.850271225 0.044700913 0.286777079 0.106829971 0.950972199
569.380598304 4.157752991 -0.395706892 11.490092278 0.029253030 0.288971245 0.092908412 0.952369690
569.413181664 3.518295050 -0.865035713 11.834119797 0.016804496 0.303547859 0.040596645 0.951802611
569.444665824 3.878553391 -0.192282170 9.748517036 0.029947182 0.287218243 0.067697048 0.955000520
569.478480960 3.877953768 -0.060406893 9.635364532 0.032248214 0.290508986 0.047513206 0.955147684
569.511374592 3.941442013 -0.160888448 9.654275894 0.026711725 0.299474448 0.025364272 0.953393042
569.545266496 3.896632671 -0.338201046 9.897143364 0.016360914 0.310916364 0.007454996 0.950267255
569.577073952 3.526589394 -0.228123844 9.767864227 0.017565021 0.310587168 0.038261205 0.949612200
569.609249472 3.657003880 -0.219105914 9.572736740 0.031843085 0.316434383 0.030206498 0.947598457
569.640679744 3.775535583 -0.297306061 9.707719803 0.027080270 0.326004267 0.005914389 0.944961846
569.672161856 3.954501152 -0.241913915 9.818907738 0.006303478 0.329246938 0.023496320 0.943930507
569.703510368 4.428010464 -0.318783224 10.877860069 0.004003742 0.329815984 0.048851892 0.942771912
569.735190304 4.325779438 -0.404853880 10.493436813 0.022879563 0.331564158 0.053039648 0.941662669
569.766601344 3.880881548 -0.449179560 9.753725052 0.035567876 0.335190177 0.059141953 0.939619482
569.797916288 3.898294449 -0.171171024 10.208547592 0.017682716 0.341248631 0.038153224 0.939032018
569.838170720 4.034192562 -0.282746017 10.378251076 0.002119247 0.337421417 0.049741022 0.940036237
569.868758304 3.954889536 -0.282329291 10.043457031 0.005957002 0.340223283 0.048185814 0.939090431
569.902796480 4.140606403 -0.362127274 10.317906380 -0.013592618 0.339808136 0.048336372 0.939153552
569.934783136 4.277488708 -0.332374811 10.465936661 -0.025089722 0.342276096 0.047244187 0.938075483
569.966434784 4.749353409 -0.584220767 11.232327461 -0.018938130 0.347946405 0.045007091 0.936241984
569.998011840 4.864678860 -0.237059981 10.972182274 0.004066945 0.352187276 0.051257048 0.934516132
570.029456064 4.778012276 -0.276055247 10.871000290 0.006343638 0.354607463 0.041456778 0.934074283
570.060856512 4.106816292 -0.343291491 10.214499474 -0.002659244 0.351818383 0.039621953 0.935225606
570.092341504 4.075938225 -0.392600447 10.192914963 -0.002282110 0.351613611 0.041611660 0.935217202
570.124005696 4.147051334 -0.342178732 10.288856506 -0.001906518 0.351902425 0.034333009 0.935404956
570.155918624 4.184943199 -0.337159097 10.283557892 0.000636117 0.349929363 0.032624651 0.936207592
570.187182816 4.213639259 -0.324395955 10.356298447 0.005034654 0.349371016 0.031629197 0.936436951
570.218474208 4.184470177 -0.372002780 10.393092155 0.001287743 0.350468844 0.022268195 0.936308801
570.250122464 4.186418533 -0.388184071 10.357101440 0.000292503 0.349877805 0.024098802 0.936485350
570.281508352 4.193005562 -0.402127773 10.385919571 -0.000011181 0.349259853 0.026104057 0.936662257
570.313103008 4.209125519 -0.401711702 10.399112701 0.000257051 0.348065585 0.025453923 0.937124550
570.345315328 4.225342274 -0.346439302 10.402210236 0.005461247 0.347117901 0.032429602 0.937244773
570.376757152 4.245265961 -0.408414692 10.396392822 0.007611202 0.345690429 0.039311193 0.937493980
570.408365312 4.246690750 -0.391681790 10.351008415 0.008777469 0.344605476 0.039778885 0.937863410
570.439832992 4.226587772 -0.387177110 10.360372543 0.007790792 0.344110668 0.036034845 0.938205063
