1668.563911648 0.000000000 0.000000000 0.000000000 -0.000000000 -0.000000000 -0.000000000 1.000000000
1668.688858976 0.019087112 -0.019797701 0.460957825 0.002454352 0.005243018 0.001275980 0.999982476
1668.813929280 0.048525475 -0.065320052 0.923755169 -0.005855509 0.006120484 -0.003738906 0.999957144
1668.938885696 0.090093322 -0.077650525 1.365832806 -0.001797332 0.001842371 -0.002527634 0.999993503
1669.063711808 0.128961936 -0.105887011 1.803744435 -0.002634930 0.002466619 -0.000025925 0.999993503
1669.189439712 0.142760664 -0.128599346 2.274087667 0.003510639 0.009516297 0.000005297 0.999948561
1669.313657184 0.173274845 -0.152415022 2.754660130 0.003513154 0.017529033 -0.005483950 0.999825120
1669.438630272 0.215336144 -0.184034511 3.234223843 0.008482386 0.027575828 -0.009275150 0.999540687
1669.564513056 0.264976978 -0.203873768 3.726802588 0.009126071 0.029654484 -0.003540788 0.999512255
1669.688884192 0.313724905 -0.231793597 4.210915565 0.010216863 0.032172170 -0.005424839 0.999415398
1669.813661120 0.348951042 -0.255485147 4.705132008 0.000476316 0.027033562 -0.012625432 0.999554694
1669.938433888 0.379335374 -0.269605935 5.209968567 -0.015349947 0.021863025 -0.023893939 0.999357581
1670.064360192 0.417961776 -0.261963457 5.705580711 -0.017725866 0.029343979 -0.031135306 0.998927116
1670.188627872 0.453267455 -0.261514693 6.202015400 -0.006990400 0.028065078 -0.035983186 0.998933852
1670.314090112 0.479251802 -0.271934777 6.708064556 -0.013608677 0.025182579 -0.032835357 0.999050796
1670.438455072 0.533807814 -0.291536272 7.207921505 0.005288079 0.043289866 -0.004254256 0.999039590
1670.563591328 0.590848029 -0.318531513 7.707776546 0.008570952 0.044540647 0.016387273 0.998836398
1670.689519392 0.669270635 -0.334371299 8.199189186 0.010469544 0.042050146 0.028746121 0.998646975
1670.813648896 0.744873285 -0.339158803 8.464838982 0.056421455 0.009956975 0.101421669 0.993192375
1670.813648896 0.744873285 -0.339158803 8.464838982 0.056421455 0.009956975 0.101421669 0.993192375
1670.813648896 0.744873285 -0.339158803 8.464838982 0.056421455 0.009956975 0.101421669 0.993192375
1670.813648896 0.744873285 -0.339158803 8.464838982 0.056421455 0.009956975 0.101421669 0.993192375
1670.813648896 0.744873285 -0.339158803 8.464838982 0.056421455 0.009956975 0.101421669 0.993192375
1670.813648896 0.744873285 -0.339158803 8.464838982 0.056421455 0.009956975 0.101421669 0.993192375
1670.813648896 0.744873285 -0.339158803 8.464838982 0.056421455 0.009956975 0.101421669 0.993192375
1670.813648896 0.744873285 -0.339158803 8.464838982 0.056421455 0.009956975 0.101421669 0.993192375
1670.813648896 0.744873285 -0.339158803 8.464838982 0.056421455 0.009956975 0.101421669 0.993192375
1670.813648896 0.744873285 -0.339158803 8.464838982 0.056421455 0.009956975 0.101421669 0.993192375
1670.813648896 0.744873285 -0.339158803 8.464838982 0.056421455 0.009956975 0.101421669 0.993192375
1670.813648896 0.744873285 -0.339158803 8.464838982 0.056421455 0.009956975 0.101421669 0.993192375
1670.813648896 0.744873285 -0.339158803 8.464838982 0.056421455 0.009956975 0.101421669 0.993192375
1670.813648896 0.744873285 -0.339158803 8.464838982 0.056421455 0.009956975 0.101421669 0.993192375
1670.813648896 0.744873285 -0.339158803 8.464838982 0.056421455 0.009956975 0.101421669 0.993192375
1670.813648896 0.744873285 -0.339158803 8.464838982 0.056421455 0.009956975 0.101421669 0.993192375
1670.813648896 0.744873285 -0.339158803 8.464838982 0.056421455 0.009956975 0.101421669 0.993192375
1670.813648896 0.744873285 -0.339158803 8.464838982 0.056421455 0.009956975 0.101421669 0.993192375
1670.813648896 0.744873285 -0.339158803 8.464838982 0.056421455 0.009956975 0.101421669 0.993192375
1670.813648896 0.744873285 -0.339158803 8.464838982 0.056421455 0.009956975 0.101421669 0.993192375
1670.813648896 0.744873285 -0.339158803 8.464838982 0.056421455 0.009956975 0.101421669 0.993192375
1670.813648896 0.744873285 -0.339158803 8.464838982 0.056421455 0.009956975 0.101421669 0.993192375
1670.813648896 0.744873285 -0.339158803 8.464838982 0.056421455 0.009956975 0.101421669 0.993192375
1670.813648896 0.744873285 -0.339158803 8.464838982 0.056421455 0.009956975 0.101421669 0.993192375
1670.813648896 0.744873285 -0.339158803 8.464838982 0.056421455 0.009956975 0.101421669 0.993192375
1670.813648896 0.744873285 -0.339158803 8.464838982 0.056421455 0.009956975 0.101421669 0.993192375
1670.813648896 0.744873285 -0.339158803 8.464838982 0.056421455 0.009956975 0.101421669 0.993192375
1670.813648896 0.744873285 -0.339158803 8.464838982 0.056421455 0.009956975 0.101421669 0.993192375
1670.813648896 0.744873285 -0.339158803 8.464838982 0.056421455 0.009956975 0.101421669 0.993192375
1670.813648896 0.744873285 -0.339158803 8.464838982 0.056421455 0.009956975 0.101421669 0.993192375
1670.813648896 0.744873285 -0.339158803 8.464838982 0.056421455 0.009956975 0.101421669 0.993192375
1670.813648896 0.744873285 -0.339158803 8.464838982 0.056421455 0.009956975 0.101421669 0.993192375
1670.813648896 0.744873285 -0.339158803 8.464838982 0.056421455 0.009956975 0.101421669 0.993192375
