3124.229476928 0.000000000 0.000000000 0.000000000 -0.000000000 -0.000000000 -0.000000000 1.000000000
3124.294743584 0.016105566 -0.022308970 0.289920568 0.014284147 0.003148834 -0.000674110 0.999892831
3124.357906016 0.021272892 -0.043313660 0.547959507 0.025700012 0.007291902 0.002204422 0.999640703
3124.420227712 -0.024857668 -0.024257442 0.815210223 0.037407231 0.012579429 0.002378493 0.999218106
3124.480388608 0.033278640 -0.077118762 1.081854939 -0.002939078 -0.000776092 0.019241653 0.999810219
3124.543526592 0.009599376 -0.085437037 1.344251394 -0.000711466 0.001989167 -0.022990474 0.999733508
3124.607575776 -0.010698902 -0.110853255 1.727156878 0.005978587 0.003498510 -0.025516011 0.999650419
3124.668071520 0.015760904 -0.099572219 1.800524354 0.022960408 0.006678937 -0.010631477 0.999657571
3124.729700128 0.079068176 -0.106078498 2.112379551 0.021700427 0.005068235 0.009315509 0.999708295
3124.794037760 0.033074256 -0.134411365 2.280585766 0.019587444 0.009620208 -0.008980293 0.999721527
3124.857071680 0.043186594 -0.143509433 2.529052973 -0.001777528 0.013571148 0.001177600 0.999905646
3124.920177056 0.022482341 -0.161561608 2.567817926 -0.024053564 0.015632639 0.013799632 0.999493241
3124.983506848 0.055704746 -0.155298159 2.937686920 -0.009475795 0.016543826 0.007911483 0.999786913
3125.044710688 0.061062250 -0.155561984 3.235649824 -0.008116162 0.017085811 -0.003582414 0.999814689
3125.107721024 0.076686122 -0.169885978 3.470489979 -0.003061091 0.018182190 0.015607375 0.999708235
3125.170346944 0.090063669 -0.166648373 3.698068619 -0.009588387 0.017693480 0.011019330 0.999736786
3125.236790080 0.091556080 -0.182964727 3.931624174 -0.001776907 0.018013310 0.015701152 0.999712884
3125.301162656 0.100991763 -0.180545747 4.179351807 -0.017539848 0.012049990 0.010984244 0.999713242
3125.364952224 0.102497131 -0.185033649 4.411250114 -0.003401019 0.006094639 -0.003115539 0.999970794
3125.426423616 0.104744673 -0.199491635 4.667642117 0.008622668 -0.000152255 -0.014019627 0.999864578
3125.489988800 0.098987177 -0.198713347 4.890033722 -0.009584803 0.005347725 0.002899767 0.999935567
3125.551471040 0.100684501 -0.209622711 5.105505466 -0.000770274 0.009306168 -0.001474335 0.999955356
3125.616010880 0.103820235 -0.211682290 5.340229511 0.001795332 0.010367160 -0.006599935 0.999922872
3125.676271104 0.116752766 -0.229517430 5.566757679 0.015180575 0.011108258 0.009151335 0.999781191
3125.740033248 0.121596247 -0.229684606 5.802253723 -0.000452612 0.012772576 0.009660937 0.999871671
3125.801912416 0.274818420 -0.263945490 5.765395641 -0.016513785 0.010757035 0.008654528 0.999768317
3125.801912416 0.274818420 -0.263945490 5.765395641 -0.016513785 0.010757035 0.008654528 0.999768317
3125.801912416 0.274818420 -0.263945490 5.765395641 -0.016513785 0.010757035 0.008654528 0.999768317
3125.990835360 0.107607387 -0.292015731 6.553874493 0.006336552 0.023621483 0.025766676 0.999368787
3126.054554400 0.206487000 -0.284005731 6.002820969 0.002582857 0.023234675 0.017938111 0.999565780
3126.118593120 0.185137182 -0.335741282 6.336724281 0.003144806 0.023998080 0.023253011 0.999436677
3126.179413408 0.222665757 -0.332372725 6.618414879 -0.001839808 0.017755797 0.021420494 0.999611199
3126.241193824 0.250698835 -0.326493263 6.922633171 -0.005361979 0.014213253 0.021518800 0.999653041
3126.306040608 0.233503371 -0.285016149 7.479768753 0.007273271 0.012238395 0.014671688 0.999791026
3126.368574944 -1.968468904 4.229569912 9.302041054 0.126261607 0.034163732 0.097491339 0.986603439
3126.368574944 -1.968468904 4.229569912 9.302041054 0.126261607 0.034163732 0.097491339 0.986603439
3126.491246816 0.210767284 -0.389160454 7.646273136 0.001469291 -0.007165743 0.019011369 0.999792576
3126.555587808 0.219814792 -0.389346361 8.167642593 0.004440600 -0.012839895 0.029544508 0.999471188
3126.618941216 0.257146746 -0.347893238 8.771797180 0.000749448 -0.018600689 0.025953257 0.999489844
3126.680333472 0.301084697 -0.373145938 9.164882660 -0.006159592 -0.031767648 0.022380097 0.999225795
3126.745151584 0.194770813 -0.811127186 9.374535561 -0.018884592 -0.042457994 0.016773565 0.998778939
3126.805416896 1.390046716 -0.896734893 10.269609451 -0.028625788 -0.093800165 -0.002524083 0.995176256
3126.805416896 1.390046716 -0.896734893 10.269609451 -0.028625788 -0.093800165 -0.002524083 0.995176256
3126.805416896 1.390046716 -0.896734893 10.269609451 -0.028625788 -0.093800165 -0.002524083 0.995176256
3126.805416896 1.390046716 -0.896734893 10.269609451 -0.028625788 -0.093800165 -0.002524083 0.995176256
3126.805416896 1.390046716 -0.896734893 10.269609451 -0.028625788 -0.093800165 -0.002524083 0.995176256
3126.805416896 1.390046716 -0.896734893 10.269609451 -0.028625788 -0.093800165 -0.002524083 0.995176256
3126.805416896 1.390046716 -0.896734893 10.269609451 -0.028625788 -0.093800165 -0.002524083 0.995176256
3126.805416896 1.390046716 -0.896734893 10.269609451 -0.028625788 -0.093800165 -0.002524083 0.995176256
3126.805416896 1.390046716 -0.896734893 10.269609451 -0.028625788 -0.093800165 -0.002524083 0.995176256
3126.805416896 1.390046716 -0.896734893 10.269609451 -0.028625788 -0.093800165 -0.002524083 0.995176256
3126.805416896 1.390046716 -0.896734893 10.269609451 -0.028625788 -0.093800165 -0.002524083 0.995176256
3126.805416896 1.390046716 -0.896734893 10.269609451 -0.028625788 -0.093800165 -0.002524083 0.995176256
3126.805416896 1.390046716 -0.896734893 10.269609451 -0.028625788 -0.093800165 -0.002524083 0.995176256
3126.805416896 1.390046716 -0.896734893 10.269609451 -0.028625788 -0.093800165 -0.002524083 0.995176256
3126.805416896 1.390046716 -0.896734893 10.269609451 -0.028625788 -0.093800165 -0.002524083 0.995176256
3126.805416896 1.390046716 -0.896734893 10.269609451 -0.028625788 -0.093800165 -0.002524083 0.995176256
3126.805416896 1.390046716 -0.896734893 10.269609451 -0.028625788 -0.093800165 -0.002524083 0.995176256
3126.805416896 1.390046716 -0.896734893 10.269609451 -0.028625788 -0.093800165 -0.002524083 0.995176256
3126.805416896 1.390046716 -0.896734893 10.269609451 -0.028625788 -0.093800165 -0.002524083 0.995176256
3126.805416896 1.390046716 -0.896734893 10.269609451 -0.028625788 -0.093800165 -0.002524083 0.995176256
3126.805416896 1.390046716 -0.896734893 10.269609451 -0.028625788 -0.093800165 -0.002524083 0.995176256
3126.805416896 1.390046716 -0.896734893 10.269609451 -0.028625788 -0.093800165 -0.002524083 0.995176256
3126.805416896 1.390046716 -0.896734893 10.269609451 -0.028625788 -0.093800165 -0.002524083 0.995176256
3126.805416896 1.390046716 -0.896734893 10.269609451 -0.028625788 -0.093800165 -0.002524083 0.995176256
3126.805416896 1.390046716 -0.896734893 10.269609451 -0.028625788 -0.093800165 -0.002524083 0.995176256
3126.805416896 1.390046716 -0.896734893 10.269609451 -0.028625788 -0.093800165 -0.002524083 0.995176256
3126.805416896 1.390046716 -0.896734893 10.269609451 -0.028625788 -0.093800165 -0.002524083 0.995176256
3126.805416896 1.390046716 -0.896734893 10.269609451 -0.028625788 -0.093800165 -0.002524083 0.995176256
3126.805416896 1.390046716 -0.896734893 10.269609451 -0.028625788 -0.093800165 -0.002524083 0.995176256
3126.805416896 1.390046716 -0.896734893 10.269609451 -0.028625788 -0.093800165 -0.002524083 0.995176256
3126.805416896 1.390046716 -0.896734893 10.269609451 -0.028625788 -0.093800165 -0.002524083 0.995176256
3126.805416896 1.390046716 -0.896734893 10.269609451 -0.028625788 -0.093800165 -0.002524083 0.995176256
3126.805416896 1.390046716 -0.896734893 10.269609451 -0.028625788 -0.093800165 -0.002524083 0.995176256
3126.805416896 1.390046716 -0.896734893 10.269609451 -0.028625788 -0.093800165 -0.002524083 0.995176256
3126.805416896 1.390046716 -0.896734893 10.269609451 -0.028625788 -0.093800165 -0.002524083 0.995176256
3126.805416896 1.390046716 -0.896734893 10.269609451 -0.028625788 -0.093800165 -0.002524083 0.995176256
3126.805416896 1.390046716 -0.896734893 10.269609451 -0.028625788 -0.093800165 -0.002524083 0.995176256
3126.805416896 1.390046716 -0.896734893 10.269609451 -0.028625788 -0.093800165 -0.002524083 0.995176256
3126.805416896 1.390046716 -0.896734893 10.269609451 -0.028625788 -0.093800165 -0.002524083 0.995176256
3126.805416896 1.390046716 -0.896734893 10.269609451 -0.028625788 -0.093800165 -0.002524083 0.995176256
3126.805416896 1.390046716 -0.896734893 10.269609451 -0.028625788 -0.093800165 -0.002524083 0.995176256
3126.805416896 1.390046716 -0.896734893 10.269609451 -0.028625788 -0.093800165 -0.002524083 0.995176256
3126.805416896 1.390046716 -0.896734893 10.269609451 -0.028625788 -0.093800165 -0.002524083 0.995176256
3126.805416896 1.390046716 -0.896734893 10.269609451 -0.028625788 -0.093800165 -0.002524083 0.995176256
