355.910794368 0.000000000 0.000000000 0.000000000 -0.000000000 -0.000000000 -0.000000000 1.000000000
355.942398592 0.000114267 -0.000019473 0.000119442 0.000041366 -0.000009005 0.000072293 1.000000000
355.974048576 0.000928896 -0.001004315 0.001168679 0.003247032 -0.000106856 0.001580464 0.999993503
356.005784096 0.001415879 -0.000811321 0.009193451 0.001479348 0.001441840 0.000423582 0.999997795
356.037637088 0.003505956 -0.001086022 0.021595940 0.002165195 0.003690085 0.000601611 0.999990702
356.069145280 0.005426825 -0.001413500 0.039844725 0.003073040 0.006416304 -0.000881642 0.999974310
356.100581568 0.006530716 -0.000596879 0.063231297 0.003903428 0.008467373 -0.005357047 0.999942183
356.132882368 0.008480875 -0.000163109 0.093049221 0.001169279 0.009987310 -0.006714344 0.999926925
356.164596224 0.013271290 -0.002588332 0.127900451 -0.000082266 0.009427125 -0.000258223 0.999955535
356.195843872 0.013838332 -0.004664532 0.163842008 0.002063371 0.004536539 -0.000031554 0.999987602
356.238493280 0.010798750 -0.011029165 0.223076716 0.007148610 -0.006778387 0.004520896 0.999941289
356.268870784 0.010329083 -0.017978398 0.268393487 0.007779202 -0.015537848 0.011975711 0.999777317
356.308072384 0.003510579 -0.021852739 0.331621230 0.008288331 -0.024550537 0.006218810 0.999644935
356.337008992 0.000321599 -0.023737887 0.380814165 0.014000076 -0.028812001 0.004069000 0.999478519
356.369185120 0.002626778 -0.024684919 0.441997141 0.011645272 -0.031844970 0.014044731 0.999326348
356.401308768 -0.000433793 -0.026017226 0.504449725 0.013890082 -0.030952459 0.009406274 0.999380112
356.432992480 -0.002971204 -0.030038122 0.568158805 0.025303967 -0.026484059 -0.000160088 0.999328911
356.465383968 -0.004037895 -0.033091828 0.643649042 0.028060662 -0.018769635 -0.002190974 0.999427617
356.496970656 -0.000562974 -0.034191538 0.719676316 0.024836579 -0.011526577 -0.000534104 0.999625027
356.528617120 0.001066087 -0.037156768 0.799851120 0.021530446 -0.007735742 -0.004473092 0.999728322
356.560085440 0.007781700 -0.046497747 0.876766860 0.018367002 -0.007057417 0.004367708 0.999796867
356.591432544 0.011092696 -0.052216124 0.958369553 0.016385945 -0.006108001 0.002599918 0.999843776
356.622818272 0.013319952 -0.054942615 1.039677501 0.013527373 -0.007211443 0.000830823 0.999882162
356.654035072 0.015861189 -0.057956409 1.124512911 0.013220523 -0.008882152 0.001685369 0.999871731
356.685152096 0.014617235 -0.063095734 1.210140467 0.013454832 -0.008868454 -0.003207290 0.999864995
356.716834400 0.015549686 -0.069475845 1.298079252 0.011999757 -0.008718929 -0.004326037 0.999880672
356.748307488 0.016551908 -0.071292169 1.388641596 0.009462284 -0.007774079 -0.007687022 0.999895513
356.779798144 0.020400455 -0.075115636 1.480749011 0.008266057 -0.005406119 -0.002663085 0.999947727
356.811079968 0.024923224 -0.083495699 1.567523241 0.015414692 -0.002960709 -0.001059452 0.999876261
356.842926912 0.004863393 -0.093489863 1.762715340 0.016734935 -0.001294019 0.006674556 0.999836862
356.874438976 0.033468686 -0.091932260 1.766284704 0.010058918 0.001348716 -0.005778380 0.999931812
356.906617920 0.039744824 -0.102188788 1.862286329 0.011845222 0.003361363 -0.005585530 0.999908626
356.939049600 0.043060657 -0.105942644 1.962800741 0.010513163 0.004934513 0.000245313 0.999932528
356.978218880 0.052363351 -0.111219510 2.070876360 0.009503301 0.006682532 0.008669086 0.999894977
357.010296320 0.057658233 -0.118122108 2.184015751 0.010525865 0.008003834 0.005456519 0.999897718
357.041871200 0.059336171 -0.119982220 2.288596392 0.006271785 0.010138965 -0.003114189 0.999924064
357.073371264 0.064809173 -0.122501425 2.391178608 0.001142626 0.012201932 -0.002504341 0.999921799
357.104872128 0.073502392 -0.128881589 2.484289169 0.007683341 0.011134065 0.003193977 0.999903381
357.136971072 0.078330360 -0.135036990 2.590306282 0.006978544 0.008893644 0.002986760 0.999931633
357.168646688 0.083560891 -0.136861950 2.696938515 -0.000971985 0.005186470 -0.000691215 0.999985874
357.200159296 0.084100783 -0.136894703 2.797202110 -0.001520875 -0.000542826 -0.005176882 0.999985337
357.231764864 0.087985225 -0.141240522 2.894150734 0.004433103 -0.007142999 -0.003561312 0.999958396
357.263709024 0.089400873 -0.144306213 3.002687216 0.002004281 -0.009891629 -0.004465715 0.999939084
357.295679680 0.090181462 -0.146797314 3.112883329 -0.006969045 -0.010660749 -0.007685285 0.999889433
357.327392544 0.091693729 -0.149352103 3.216591835 -0.008330382 -0.010915756 -0.010749617 0.999848008
357.359059104 0.093133010 -0.150907949 3.322604895 -0.003327755 -0.009989566 -0.012625009 0.999864936
357.390500672 0.097444244 -0.152664632 3.429534197 -0.007284696 -0.007685694 -0.008055188 0.999911487
357.422535616 0.101627551 -0.159056574 3.536439657 -0.004483387 -0.005311881 -0.005708120 0.999959648
357.455029184 0.106921472 -0.164843738 3.649919033 -0.001970239 -0.003060655 -0.001901812 0.999991655
357.486495200 0.111966565 -0.165495500 3.760037899 -0.002294096 -0.000452959 -0.000494986 0.999997199
357.518956032 0.111318514 -0.164892763 3.867296934 0.001394425 0.001932395 -0.007504569 0.999969006
357.550710720 0.115158990 -0.167762101 3.982989311 -0.000874576 0.002652724 -0.005380199 0.999981701
357.582033760 0.122738637 -0.170843467 4.096361160 -0.005616924 0.002597045 0.002492325 0.999977827
357.613659264 0.127548903 -0.177639455 4.201970577 -0.001067423 0.002263272 0.003700829 0.999990046
357.655646080 0.146073550 -0.164148122 4.353252888 0.000373846 -0.002236730 0.008397968 0.999962151
357.697397152 0.157094732 -0.158048525 4.482303619 0.002130141 -0.006189164 0.007286376 0.999952078
357.726060352 0.142316952 -0.187712565 4.600254059 0.001007820 -0.001726745 0.000392655 0.999997914
357.757510816 0.146197513 -0.188723952 4.717417240 -0.004781439 -0.002224593 0.000859580 0.999985754
357.788986496 0.148322880 -0.192296833 4.833313942 -0.007645399 -0.003996029 0.000260497 0.999962807
357.820560256 0.146374047 -0.196309403 4.943332195 -0.004274654 -0.005691862 -0.008128321 0.999941647
357.861686080 0.147385404 -0.200028136 5.094630241 -0.004179287 -0.007488610 -0.009969333 0.999913573
357.891768736 0.149816975 -0.219888702 5.239951134 -0.009629332 -0.010321423 -0.014507116 0.999795139
357.923822624 0.151102021 -0.197484598 5.327837467 -0.011033850 -0.010120068 -0.006683454 0.999865592
357.955527872 0.152018711 -0.201566756 5.443496704 -0.005516153 -0.008660947 -0.011150350 0.999885142
357.987011328 0.150708973 -0.202606142 5.567883492 -0.018007973 -0.004316347 -0.017677682 0.999672234
358.018763872 0.152931169 -0.207968175 5.682741642 -0.008500547 -0.001576490 -0.018107403 0.999798715
358.050520224 0.157265782 -0.212104976 5.796088219 0.004623869 0.000438271 -0.013333570 0.999900341
358.082710208 0.160133034 -0.210973129 5.920799732 -0.003641138 0.001712709 -0.013861487 0.999895871
358.114750144 0.166109711 -0.209973454 6.047598362 -0.013752520 0.003730328 -0.009898060 0.999849498
358.149155936 0.170872226 -0.215108857 6.180142403 0.000646229 0.004907097 -0.009266363 0.999944806
358.181595136 0.176714376 -0.227615371 6.329237461 0.013052466 0.006790630 -0.007200432 0.999865830
358.213512832 0.185145587 -0.223787948 6.429145813 -0.011024692 0.011060284 -0.002020591 0.999876022
358.247713312 0.185604274 -0.220098659 6.561259270 -0.002820952 0.013783124 -0.017175112 0.999753535
358.278894304 0.196837291 -0.224731177 6.671156883 -0.006547824 0.016907306 -0.010131344 0.999784291
358.310529376 0.209880978 -0.231815562 6.793637753 -0.008186587 0.021753645 -0.003006957 0.999725342
358.343322816 0.222930312 -0.238966614 6.915433884 -0.001881579 0.027386433 0.001068026 0.999622583
358.375109984 0.233956024 -0.239796713 7.038989067 0.005455426 0.032844231 -0.004372044 0.999436080
358.409913696 0.270725578 -0.207179427 7.194886208 0.012770325 0.037489317 -0.009931563 0.999166071
358.441265248 0.280933142 -0.206188440 7.263050079 0.018179480 0.038789347 0.012595946 0.999002635
358.472766400 0.270067602 -0.177085564 7.374771118 0.016721558 0.043209706 -0.002524574 0.998922944
358.504211200 0.266385496 -0.174079567 7.511887074 0.014944431 0.044234667 -0.015792908 0.998784542
358.535617152 0.286838382 -0.192093343 7.629711628 0.010610172 0.044073623 -0.012541338 0.998893201
358.567324992 0.295150280 -0.202993512 7.694605350 0.013934623 0.043078452 -0.003760957 0.998967469
358.598723040 0.310545057 -0.208293676 7.824162483 0.020989772 0.038786456 -0.005166591 0.999013782
358.630510912 0.331329912 -0.220489725 8.016868591 0.023915553 0.038356893 -0.006797123 0.998954833
358.661965312 0.343403071 -0.226561546 8.138712883 0.022167098 0.039802924 -0.013418663 0.998871565
358.693099680 0.359668374 -0.226115078 8.270243645 0.021198900 0.042936493 0.000293888 0.998852849
358.724782240 0.384979248 -0.240555659 8.396842003 0.016437380 0.045061808 0.008834238 0.998809934
358.756259616 0.410871148 -0.261596322 8.500123978 0.021422159 0.046009175 0.010239088 0.998658836
358.787691296 0.416680545 -0.269679129 8.632678032 0.022961481 0.048391175 0.001386609 0.998563528
358.819261152 0.438476354 -0.281367660 8.736877441 0.016616086 0.049304269 -0.001457156 0.998644590
358.850529536 0.317642689 -0.269321501 8.760931969 0.033171721 0.048540607 0.018056540 0.998106956
358.881892576 0.482303083 -0.068526000 8.665891647 0.031665508 0.033501945 0.027731366 0.998551965
358.913464288 0.466803402 -0.328803003 9.073961258 -0.002224250 0.036847871 0.016776640 0.999177575
358.944941792 0.474069178 -0.327323735 9.248264313 0.004804363 0.032769579 0.009866752 0.999402761
358.976689728 0.474199265 -0.329576254 9.342626572 0.006001081 0.032162353 0.016906442 0.999321640
359.008699104 0.489173204 -0.333762467 9.495512962 -0.006445603 0.032354970 0.018142367 0.999291003
359.040289056 0.535026431 -0.448621541 9.630668640 -0.018649423 0.031190317 0.016276270 0.999206901
359.071823968 0.551276386 -0.394150347 9.772425652 -0.018783242 0.031361591 0.022078756 0.999087691
359.103393088 0.573669136 -0.358839244 9.942519188 -0.029030733 0.030955160 0.017405463 0.998947501
359.135639264 0.570603192 -0.339437366 10.089872360 -0.028533138 0.027585873 0.018239111 0.999045670
359.167352480 0.589384556 -0.340555757 10.212101936 -0.031479843 0.024325609 0.015864333 0.999082446
359.198838720 0.596563816 -0.348542184 10.336224556 -0.029030422 0.021227494 0.017466227 0.999200463
359.230451456 0.593692839 -0.329907119 10.459589005 -0.023936648 0.016986921 0.012540838 0.999490559
359.262164704 0.621556699 -0.323285222 10.576183319 -0.005410320 0.015003820 0.014831169 0.999762833
359.293829760 0.556977510 -0.369240403 10.678220749 -0.004583741 0.020061383 0.022454506 0.999536097
359.327230784 0.533675730 -0.393086582 10.841408730 -0.006385680 0.022129029 0.019993655 0.999534845
359.327230784 0.533675730 -0.393086582 10.841408730 -0.006385680 0.022129029 0.019993655 0.999534845
359.327230784 0.533675730 -0.393086582 10.841408730 -0.006385680 0.022129029 0.019993655 0.999534845
359.327230784 0.533675730 -0.393086582 10.841408730 -0.006385680 0.022129029 0.019993655 0.999534845
359.327230784 0.533675730 -0.393086582 10.841408730 -0.006385680 0.022129029 0.019993655 0.999534845
359.327230784 0.533675730 -0.393086582 10.841408730 -0.006385680 0.022129029 0.019993655 0.999534845
359.327230784 0.533675730 -0.393086582 10.841408730 -0.006385680 0.022129029 0.019993655 0.999534845
359.327230784 0.533675730 -0.393086582 10.841408730 -0.006385680 0.022129029 0.019993655 0.999534845
359.327230784 0.533675730 -0.393086582 10.841408730 -0.006385680 0.022129029 0.019993655 0.999534845
359.327230784 0.533675730 -0.393086582 10.841408730 -0.006385680 0.022129029 0.019993655 0.999534845
359.327230784 0.533675730 -0.393086582 10.841408730 -0.006385680 0.022129029 0.019993655 0.999534845
359.327230784 0.533675730 -0.393086582 10.841408730 -0.006385680 0.022129029 0.019993655 0.999534845
359.327230784 0.533675730 -0.393086582 10.841408730 -0.006385680 0.022129029 0.019993655 0.999534845
359.327230784 0.533675730 -0.393086582 10.841408730 -0.006385680 0.022129029 0.019993655 0.999534845
359.327230784 0.533675730 -0.393086582 10.841408730 -0.006385680 0.022129029 0.019993655 0.999534845
359.327230784 0.533675730 -0.393086582 10.841408730 -0.006385680 0.022129029 0.019993655 0.999534845
359.327230784 0.533675730 -0.393086582 10.841408730 -0.006385680 0.022129029 0.019993655 0.999534845
359.327230784 0.533675730 -0.393086582 10.841408730 -0.006385680 0.022129029 0.019993655 0.999534845
359.327230784 0.533675730 -0.393086582 10.841408730 -0.006385680 0.022129029 0.019993655 0.999534845
359.327230784 0.533675730 -0.393086582 10.841408730 -0.006385680 0.022129029 0.019993655 0.999534845
359.327230784 0.533675730 -0.393086582 10.841408730 -0.006385680 0.022129029 0.019993655 0.999534845
359.327230784 0.533675730 -0.393086582 10.841408730 -0.006385680 0.022129029 0.019993655 0.999534845
359.327230784 0.533675730 -0.393086582 10.841408730 -0.006385680 0.022129029 0.019993655 0.999534845
359.327230784 0.533675730 -0.393086582 10.841408730 -0.006385680 0.022129029 0.019993655 0.999534845
359.327230784 0.533675730 -0.393086582 10.841408730 -0.006385680 0.022129029 0.019993655 0.999534845
359.327230784 0.533675730 -0.393086582 10.841408730 -0.006385680 0.022129029 0.019993655 0.999534845
359.327230784 0.533675730 -0.393086582 10.841408730 -0.006385680 0.022129029 0.019993655 0.999534845
359.327230784 0.533675730 -0.393086582 10.841408730 -0.006385680 0.022129029 0.019993655 0.999534845
359.327230784 0.533675730 -0.393086582 10.841408730 -0.006385680 0.022129029 0.019993655 0.999534845
359.327230784 0.533675730 -0.393086582 10.841408730 -0.006385680 0.022129029 0.019993655 0.999534845
359.327230784 0.533675730 -0.393086582 10.841408730 -0.006385680 0.022129029 0.019993655 0.999534845
359.327230784 0.533675730 -0.393086582 10.841408730 -0.006385680 0.022129029 0.019993655 0.999534845
359.327230784 0.533675730 -0.393086582 10.841408730 -0.006385680 0.022129029 0.019993655 0.999534845
359.327230784 0.533675730 -0.393086582 10.841408730 -0.006385680 0.022129029 0.019993655 0.999534845
359.327230784 0.533675730 -0.393086582 10.841408730 -0.006385680 0.022129029 0.019993655 0.999534845
359.327230784 0.533675730 -0.393086582 10.841408730 -0.006385680 0.022129029 0.019993655 0.999534845
359.327230784 0.533675730 -0.393086582 10.841408730 -0.006385680 0.022129029 0.019993655 0.999534845
359.327230784 0.533675730 -0.393086582 10.841408730 -0.006385680 0.022129029 0.019993655 0.999534845
359.327230784 0.533675730 -0.393086582 10.841408730 -0.006385680 0.022129029 0.019993655 0.999534845
359.327230784 0.533675730 -0.393086582 10.841408730 -0.006385680 0.022129029 0.019993655 0.999534845
359.327230784 0.533675730 -0.393086582 10.841408730 -0.006385680 0.022129029 0.019993655 0.999534845
359.327230784 0.533675730 -0.393086582 10.841408730 -0.006385680 0.022129029 0.019993655 0.999534845
359.327230784 0.533675730 -0.393086582 10.841408730 -0.006385680 0.022129029 0.019993655 0.999534845
359.327230784 0.533675730 -0.393086582 10.841408730 -0.006385680 0.022129029 0.019993655 0.999534845
359.327230784 0.533675730 -0.393086582 10.841408730 -0.006385680 0.022129029 0.019993655 0.999534845
359.327230784 0.533675730 -0.393086582 10.841408730 -0.006385680 0.022129029 0.019993655 0.999534845
359.327230784 0.533675730 -0.393086582 10.841408730 -0.006385680 0.022129029 0.019993655 0.999534845
359.327230784 0.533675730 -0.393086582 10.841408730 -0.006385680 0.022129029 0.019993655 0.999534845
359.327230784 0.533675730 -0.393086582 10.841408730 -0.006385680 0.022129029 0.019993655 0.999534845
359.327230784 0.533675730 -0.393086582 10.841408730 -0.006385680 0.022129029 0.019993655 0.999534845
359.327230784 0.533675730 -0.393086582 10.841408730 -0.006385680 0.022129029 0.019993655 0.999534845
359.327230784 0.533675730 -0.393086582 10.841408730 -0.006385680 0.022129029 0.019993655 0.999534845
359.327230784 0.533675730 -0.393086582 10.841408730 -0.006385680 0.022129029 0.019993655 0.999534845
359.327230784 0.533675730 -0.393086582 10.841408730 -0.006385680 0.022129029 0.019993655 0.999534845
359.327230784 0.533675730 -0.393086582 10.841408730 -0.006385680 0.022129029 0.019993655 0.999534845
359.327230784 0.533675730 -0.393086582 10.841408730 -0.006385680 0.022129029 0.019993655 0.999534845
359.327230784 0.533675730 -0.393086582 10.841408730 -0.006385680 0.022129029 0.019993655 0.999534845
359.327230784 0.533675730 -0.393086582 10.841408730 -0.006385680 0.022129029 0.019993655 0.999534845
359.327230784 0.533675730 -0.393086582 10.841408730 -0.006385680 0.022129029 0.019993655 0.999534845
359.327230784 0.533675730 -0.393086582 10.841408730 -0.006385680 0.022129029 0.019993655 0.999534845
359.327230784 0.533675730 -0.393086582 10.841408730 -0.006385680 0.022129029 0.019993655 0.999534845
359.327230784 0.533675730 -0.393086582 10.841408730 -0.006385680 0.022129029 0.019993655 0.999534845
359.327230784 0.533675730 -0.393086582 10.841408730 -0.006385680 0.022129029 0.019993655 0.999534845
359.327230784 0.533675730 -0.393086582 10.841408730 -0.006385680 0.022129029 0.019993655 0.999534845
359.327230784 0.533675730 -0.393086582 10.841408730 -0.006385680 0.022129029 0.019993655 0.999534845
359.327230784 0.533675730 -0.393086582 10.841408730 -0.006385680 0.022129029 0.019993655 0.999534845
359.327230784 0.533675730 -0.393086582 10.841408730 -0.006385680 0.022129029 0.019993655 0.999534845
359.327230784 0.533675730 -0.393086582 10.841408730 -0.006385680 0.022129029 0.019993655 0.999534845
359.327230784 0.533675730 -0.393086582 10.841408730 -0.006385680 0.022129029 0.019993655 0.999534845
359.327230784 0.533675730 -0.393086582 10.841408730 -0.006385680 0.022129029 0.019993655 0.999534845
359.327230784 0.533675730 -0.393086582 10.841408730 -0.006385680 0.022129029 0.019993655 0.999534845
359.327230784 0.533675730 -0.393086582 10.841408730 -0.006385680 0.022129029 0.019993655 0.999534845
359.327230784 0.533675730 -0.393086582 10.841408730 -0.006385680 0.022129029 0.019993655 0.999534845
359.327230784 0.533675730 -0.393086582 10.841408730 -0.006385680 0.022129029 0.019993655 0.999534845
359.327230784 0.533675730 -0.393086582 10.841408730 -0.006385680 0.022129029 0.019993655 0.999534845
359.327230784 0.533675730 -0.393086582 10.841408730 -0.006385680 0.022129029 0.019993655 0.999534845
359.327230784 0.533675730 -0.393086582 10.841408730 -0.006385680 0.022129029 0.019993655 0.999534845
359.327230784 0.533675730 -0.393086582 10.841408730 -0.006385680 0.022129029 0.019993655 0.999534845
359.327230784 0.533675730 -0.393086582 10.841408730 -0.006385680 0.022129029 0.019993655 0.999534845
359.327230784 0.533675730 -0.393086582 10.841408730 -0.006385680 0.022129029 0.019993655 0.999534845
359.327230784 0.533675730 -0.393086582 10.841408730 -0.006385680 0.022129029 0.019993655 0.999534845
359.327230784 0.533675730 -0.393086582 10.841408730 -0.006385680 0.022129029 0.019993655 0.999534845
359.327230784 0.533675730 -0.393086582 10.841408730 -0.006385680 0.022129029 0.019993655 0.999534845
359.327230784 0.533675730 -0.393086582 10.841408730 -0.006385680 0.022129029 0.019993655 0.999534845
359.327230784 0.533675730 -0.393086582 10.841408730 -0.006385680 0.022129029 0.019993655 0.999534845
359.327230784 0.533675730 -0.393086582 10.841408730 -0.006385680 0.022129029 0.019993655 0.999534845
359.327230784 0.533675730 -0.393086582 10.841408730 -0.006385680 0.022129029 0.019993655 0.999534845
359.327230784 0.533675730 -0.393086582 10.841408730 -0.006385680 0.022129029 0.019993655 0.999534845
359.327230784 0.533675730 -0.393086582 10.841408730 -0.006385680 0.022129029 0.019993655 0.999534845
359.327230784 0.533675730 -0.393086582 10.841408730 -0.006385680 0.022129029 0.019993655 0.999534845
359.327230784 0.533675730 -0.393086582 10.841408730 -0.006385680 0.022129029 0.019993655 0.999534845
359.327230784 0.533675730 -0.393086582 10.841408730 -0.006385680 0.022129029 0.019993655 0.999534845
359.327230784 0.533675730 -0.393086582 10.841408730 -0.006385680 0.022129029 0.019993655 0.999534845
359.327230784 0.533675730 -0.393086582 10.841408730 -0.006385680 0.022129029 0.019993655 0.999534845
359.327230784 0.533675730 -0.393086582 10.841408730 -0.006385680 0.022129029 0.019993655 0.999534845
359.327230784 0.533675730 -0.393086582 10.841408730 -0.006385680 0.022129029 0.019993655 0.999534845
359.327230784 0.533675730 -0.393086582 10.841408730 -0.006385680 0.022129029 0.019993655 0.999534845
359.327230784 0.533675730 -0.393086582 10.841408730 -0.006385680 0.022129029 0.019993655 0.999534845
359.327230784 0.533675730 -0.393086582 10.841408730 -0.006385680 0.022129029 0.019993655 0.999534845
359.327230784 0.533675730 -0.393086582 10.841408730 -0.006385680 0.022129029 0.019993655 0.999534845
359.327230784 0.533675730 -0.393086582 10.841408730 -0.006385680 0.022129029 0.019993655 0.999534845
359.327230784 0.533675730 -0.393086582 10.841408730 -0.006385680 0.022129029 0.019993655 0.999534845
359.327230784 0.533675730 -0.393086582 10.841408730 -0.006385680 0.022129029 0.019993655 0.999534845
359.327230784 0.533675730 -0.393086582 10.841408730 -0.006385680 0.022129029 0.019993655 0.999534845
359.327230784 0.533675730 -0.393086582 10.841408730 -0.006385680 0.022129029 0.019993655 0.999534845
359.327230784 0.533675730 -0.393086582 10.841408730 -0.006385680 0.022129029 0.019993655 0.999534845
359.327230784 0.533675730 -0.393086582 10.841408730 -0.006385680 0.022129029 0.019993655 0.999534845
359.327230784 0.533675730 -0.393086582 10.841408730 -0.006385680 0.022129029 0.019993655 0.999534845
359.327230784 0.533675730 -0.393086582 10.841408730 -0.006385680 0.022129029 0.019993655 0.999534845
359.327230784 0.533675730 -0.393086582 10.841408730 -0.006385680 0.022129029 0.019993655 0.999534845
359.327230784 0.533675730 -0.393086582 10.841408730 -0.006385680 0.022129029 0.019993655 0.999534845
359.327230784 0.533675730 -0.393086582 10.841408730 -0.006385680 0.022129029 0.019993655 0.999534845
359.327230784 0.533675730 -0.393086582 10.841408730 -0.006385680 0.022129029 0.019993655 0.999534845
359.327230784 0.533675730 -0.393086582 10.841408730 -0.006385680 0.022129029 0.019993655 0.999534845
359.327230784 0.533675730 -0.393086582 10.841408730 -0.006385680 0.022129029 0.019993655 0.999534845
359.327230784 0.533675730 -0.393086582 10.841408730 -0.006385680 0.022129029 0.019993655 0.999534845
359.327230784 0.533675730 -0.393086582 10.841408730 -0.006385680 0.022129029 0.019993655 0.999534845
359.327230784 0.533675730 -0.393086582 10.841408730 -0.006385680 0.022129029 0.019993655 0.999534845
359.327230784 0.533675730 -0.393086582 10.841408730 -0.006385680 0.022129029 0.019993655 0.999534845
359.327230784 0.533675730 -0.393086582 10.841408730 -0.006385680 0.022129029 0.019993655 0.999534845
359.327230784 0.533675730 -0.393086582 10.841408730 -0.006385680 0.022129029 0.019993655 0.999534845
359.327230784 0.533675730 -0.393086582 10.841408730 -0.006385680 0.022129029 0.019993655 0.999534845
359.327230784 0.533675730 -0.393086582 10.841408730 -0.006385680 0.022129029 0.019993655 0.999534845
359.327230784 0.533675730 -0.393086582 10.841408730 -0.006385680 0.022129029 0.019993655 0.999534845
359.327230784 0.533675730 -0.393086582 10.841408730 -0.006385680 0.022129029 0.019993655 0.999534845
359.327230784 0.533675730 -0.393086582 10.841408730 -0.006385680 0.022129029 0.019993655 0.999534845
359.327230784 0.533675730 -0.393086582 10.841408730 -0.006385680 0.022129029 0.019993655 0.999534845
359.327230784 0.533675730 -0.393086582 10.841408730 -0.006385680 0.022129029 0.019993655 0.999534845
359.327230784 0.533675730 -0.393086582 10.841408730 -0.006385680 0.022129029 0.019993655 0.999534845
359.327230784 0.533675730 -0.393086582 10.841408730 -0.006385680 0.022129029 0.019993655 0.999534845
359.327230784 0.533675730 -0.393086582 10.841408730 -0.006385680 0.022129029 0.019993655 0.999534845
359.327230784 0.533675730 -0.393086582 10.841408730 -0.006385680 0.022129029 0.019993655 0.999534845
359.327230784 0.533675730 -0.393086582 10.841408730 -0.006385680 0.022129029 0.019993655 0.999534845
359.327230784 0.533675730 -0.393086582 10.841408730 -0.006385680 0.022129029 0.019993655 0.999534845
359.327230784 0.533675730 -0.393086582 10.841408730 -0.006385680 0.022129029 0.019993655 0.999534845
359.327230784 0.533675730 -0.393086582 10.841408730 -0.006385680 0.022129029 0.019993655 0.999534845
359.327230784 0.533675730 -0.393086582 10.841408730 -0.006385680 0.022129029 0.019993655 0.999534845
359.327230784 0.533675730 -0.393086582 10.841408730 -0.006385680 0.022129029 0.019993655 0.999534845
359.327230784 0.533675730 -0.393086582 10.841408730 -0.006385680 0.022129029 0.019993655 0.999534845
359.327230784 0.533675730 -0.393086582 10.841408730 -0.006385680 0.022129029 0.019993655 0.999534845
359.327230784 0.533675730 -0.393086582 10.841408730 -0.006385680 0.022129029 0.019993655 0.999534845
359.327230784 0.533675730 -0.393086582 10.841408730 -0.006385680 0.022129029 0.019993655 0.999534845
359.327230784 0.533675730 -0.393086582 10.841408730 -0.006385680 0.022129029 0.019993655 0.999534845
359.327230784 0.533675730 -0.393086582 10.841408730 -0.006385680 0.022129029 0.019993655 0.999534845
359.327230784 0.533675730 -0.393086582 10.841408730 -0.006385680 0.022129029 0.019993655 0.999534845
359.327230784 0.533675730 -0.393086582 10.841408730 -0.006385680 0.022129029 0.019993655 0.999534845
359.327230784 0.533675730 -0.393086582 10.841408730 -0.006385680 0.022129029 0.019993655 0.999534845
359.327230784 0.533675730 -0.393086582 10.841408730 -0.006385680 0.022129029 0.019993655 0.999534845
359.327230784 0.533675730 -0.393086582 10.841408730 -0.006385680 0.022129029 0.019993655 0.999534845
359.327230784 0.533675730 -0.393086582 10.841408730 -0.006385680 0.022129029 0.019993655 0.999534845
359.327230784 0.533675730 -0.393086582 10.841408730 -0.006385680 0.022129029 0.019993655 0.999534845
359.327230784 0.533675730 -0.393086582 10.841408730 -0.006385680 0.022129029 0.019993655 0.999534845
359.327230784 0.533675730 -0.393086582 10.841408730 -0.006385680 0.022129029 0.019993655 0.999534845
359.327230784 0.533675730 -0.393086582 10.841408730 -0.006385680 0.022129029 0.019993655 0.999534845
359.327230784 0.533675730 -0.393086582 10.841408730 -0.006385680 0.022129029 0.019993655 0.999534845
359.327230784 0.533675730 -0.393086582 10.841408730 -0.006385680 0.022129029 0.019993655 0.999534845
