610.910111584 0.000000000 0.000000000 0.000000000 -0.000000000 -0.000000000 -0.000000000 1.000000000
611.159992736 -0.163173825 -0.008444314 0.924945772 -0.023282075 0.000550657 -0.003154595 0.999723852
611.408733760 -0.083512738 -0.029164091 1.630986929 -0.013406432 0.003278516 -0.009580034 0.999858916
611.657666048 0.023058157 -0.059249166 2.395541906 -0.002670631 0.004544836 -0.022392020 0.999735415
611.908584032 -0.139613301 -0.059851047 3.155592203 -0.011994154 0.006701818 0.012235291 0.999830782
612.159468064 -0.164617240 -0.058563136 3.875752687 0.004895753 0.015829444 -0.006120439 0.999844015
612.410668960 -0.213203877 -0.075082831 4.591057777 0.011204957 -0.003034344 0.015634736 0.999810398
612.657632704 -0.175632149 -0.075284779 5.301751137 -0.017825514 0.032970197 -0.002346690 0.999294639
612.907933248 -0.181722447 -0.094727509 5.703024864 -0.007265773 0.020635080 -0.012084128 0.999687612
613.159512512 -0.168890074 -0.110012256 6.195267200 -0.050679937 0.062410437 -0.033724774 0.996192336
613.407737024 -0.095577583 -0.086295076 6.569339275 -0.013153330 0.083412565 0.021870309 0.996188283
613.655981536 -0.057282530 -0.090325236 6.751878738 -0.028321786 0.069527328 0.004978780 0.997165501
613.907779776 -0.021286130 -0.082819283 6.802264214 -0.012189938 0.079062648 0.005077011 0.996782184
