1947.188366016 0.000000000 0.000000000 0.000000000 -0.000000000 -0.000000000 -0.000000000 1.000000000
1947.313486272 0.008172525 -0.023076719 0.398140520 0.002800900 0.016930247 -0.000617351 0.999852598
1947.438568224 0.035358034 -0.053709257 0.815715849 0.014924751 0.038059138 0.004763535 0.999152660
1947.563585952 0.037869256 -0.071011603 1.252047539 0.010260904 0.060822386 -0.000537621 0.998095751
1947.688853120 0.114047691 -0.106850341 1.660959601 0.009757772 0.048380774 0.028444288 0.998376250
1947.813595360 0.163924351 -0.130844086 2.025604248 0.013313694 0.041356795 0.035765592 0.998415351
1947.938425984 0.244928494 -0.113980606 2.492997646 0.018205168 0.040547553 0.038337782 0.998275876
1948.063374240 0.226923287 -0.001428085 2.655868530 0.020173954 0.036844924 0.031856235 0.998609364
1948.188327808 0.211173043 -0.053564519 2.962443829 0.017624376 0.051246855 0.018432638 0.998360336
1948.313360736 0.210875705 -0.062380861 3.194621086 -0.018154252 0.051881064 0.061333165 0.996602774
1948.438381952 0.223180577 -0.060794611 3.363034487 -0.010636102 0.058097690 0.036826108 0.997574747
1948.563392768 0.252394706 -0.072864033 3.504229546 -0.010489308 0.058645766 0.015907640 0.998097003
1948.688896288 0.300279766 -0.059649251 3.638856411 0.000153594 0.051147316 0.016691459 0.998551607
1948.813855968 0.309922606 -0.058900386 3.684608459 0.005884619 0.049444608 0.023617150 0.998480260
1948.938515840 0.318816245 -0.060136694 3.728661776 0.004723032 0.045200258 0.028037760 0.998573303
1949.063461952 0.319311053 -0.061056655 3.760387182 0.004677574 0.048001532 0.023290753 0.998564780
1949.188339968 0.320611626 -0.062574111 3.777352810 0.004846107 0.049975265 0.021519676 0.998506904
1949.313342080 0.320611656 -0.062335163 3.774448872 0.004947399 0.049677342 0.022437364 0.998501003
1949.438461440 0.320689380 -0.061076231 3.764482498 0.004911373 0.048309002 0.023562236 0.998542428
1949.563574880 0.319570512 -0.060781099 3.757362843 0.004932147 0.048468538 0.023864472 0.998527408
1949.688734112 0.319779336 -0.060404889 3.754750967 0.005012629 0.048429079 0.024205497 0.998520732
1949.813410048 0.319925934 -0.060497548 3.754520893 0.004964443 0.048427049 0.024250185 0.998519957
