3487.256639872 0.000000000 0.000000000 0.000000000 -0.000000000 -0.000000000 -0.000000000 1.000000000
3487.288203936 0.001349163 -0.009994309 0.110213831 -0.007448410 -0.003409783 0.002410176 0.999963582
3487.320481664 0.005496866 -0.019794742 0.218051091 -0.008853397 -0.007846068 0.005795975 0.999913216
3487.351605568 0.003260504 -0.021294262 0.321772277 -0.008778379 -0.009666828 -0.003269696 0.999909401
3487.382959520 -0.004962046 -0.019942937 0.433269650 -0.001486412 -0.011677557 -0.013275517 0.999842584
3487.415046688 -0.017107317 -0.036754716 0.532134533 0.009991070 -0.013235880 -0.008657328 0.999825001
3487.449184672 -0.029573470 -0.041076519 0.624631584 0.015183967 -0.017968068 -0.005685338 0.999707103
3487.482951328 -0.027585398 -0.052843101 0.733179867 0.017145853 -0.025657728 -0.003767681 0.999516666
3487.517719712 -0.039325807 -0.061245520 0.860976160 0.016797595 -0.033639666 -0.003422001 0.999287009
3487.551027968 -0.048718177 -0.061870221 0.977932096 0.015072222 -0.041176986 -0.003708191 0.999031305
3487.583224032 -0.062231056 -0.070133783 1.092187524 0.017138314 -0.045368575 -0.007259958 0.998796940
3487.616224320 -0.064227864 -0.082853980 1.199986458 0.015649509 -0.049391512 -0.010857460 0.998597860
3487.651776672 -0.078308910 -0.082920879 1.322542191 0.012247694 -0.051660016 -0.012084335 0.998516500
3487.694339808 -0.085123986 -0.090933725 1.511864424 0.008015236 -0.052557979 -0.008058736 0.998553216
3487.725829088 -0.093493715 -0.087070122 1.622306108 0.017143967 -0.051926725 -0.011571220 0.998436689
3487.757635904 -0.108409606 -0.113418847 1.718435645 0.017136984 -0.049119581 -0.017467864 0.998493135
3487.790109504 -0.104359761 -0.117490105 1.812775850 0.013886229 -0.048705567 -0.020435372 0.998507619
3487.825743104 -0.115393281 -0.091480769 1.917118788 0.020377049 -0.048671640 -0.018094523 0.998443007
3487.857409568 -0.119349323 -0.084343046 2.056169510 0.024149057 -0.050852489 -0.016150957 0.998283565
3487.890104704 -0.114893481 -0.074995577 2.145488977 0.023616260 -0.053812601 -0.017597305 0.998116672
3487.890104704 -0.114893481 -0.074995577 2.145488977 0.023616260 -0.053812601 -0.017597305 0.998116672
3487.890104704 -0.114893481 -0.074995577 2.145488977 0.023616260 -0.053812601 -0.017597305 0.998116672
3487.890104704 -0.114893481 -0.074995577 2.145488977 0.023616260 -0.053812601 -0.017597305 0.998116672
3487.890104704 -0.114893481 -0.074995577 2.145488977 0.023616260 -0.053812601 -0.017597305 0.998116672
3487.890104704 -0.114893481 -0.074995577 2.145488977 0.023616260 -0.053812601 -0.017597305 0.998116672
3487.890104704 -0.114893481 -0.074995577 2.145488977 0.023616260 -0.053812601 -0.017597305 0.998116672
3487.890104704 -0.114893481 -0.074995577 2.145488977 0.023616260 -0.053812601 -0.017597305 0.998116672
3487.890104704 -0.114893481 -0.074995577 2.145488977 0.023616260 -0.053812601 -0.017597305 0.998116672
3487.890104704 -0.114893481 -0.074995577 2.145488977 0.023616260 -0.053812601 -0.017597305 0.998116672
3487.890104704 -0.114893481 -0.074995577 2.145488977 0.023616260 -0.053812601 -0.017597305 0.998116672
3487.890104704 -0.114893481 -0.074995577 2.145488977 0.023616260 -0.053812601 -0.017597305 0.998116672
3487.890104704 -0.114893481 -0.074995577 2.145488977 0.023616260 -0.053812601 -0.017597305 0.998116672
3487.890104704 -0.114893481 -0.074995577 2.145488977 0.023616260 -0.053812601 -0.017597305 0.998116672
3487.890104704 -0.114893481 -0.074995577 2.145488977 0.023616260 -0.053812601 -0.017597305 0.998116672
3487.890104704 -0.114893481 -0.074995577 2.145488977 0.023616260 -0.053812601 -0.017597305 0.998116672
3487.890104704 -0.114893481 -0.074995577 2.145488977 0.023616260 -0.053812601 -0.017597305 0.998116672
3487.890104704 -0.114893481 -0.074995577 2.145488977 0.023616260 -0.053812601 -0.017597305 0.998116672
3487.890104704 -0.114893481 -0.074995577 2.145488977 0.023616260 -0.053812601 -0.017597305 0.998116672
3487.890104704 -0.114893481 -0.074995577 2.145488977 0.023616260 -0.053812601 -0.017597305 0.998116672
3487.890104704 -0.114893481 -0.074995577 2.145488977 0.023616260 -0.053812601 -0.017597305 0.998116672
3487.890104704 -0.114893481 -0.074995577 2.145488977 0.023616260 -0.053812601 -0.017597305 0.998116672
3487.890104704 -0.114893481 -0.074995577 2.145488977 0.023616260 -0.053812601 -0.017597305 0.998116672
3487.890104704 -0.114893481 -0.074995577 2.145488977 0.023616260 -0.053812601 -0.017597305 0.998116672
3487.890104704 -0.114893481 -0.074995577 2.145488977 0.023616260 -0.053812601 -0.017597305 0.998116672
3487.890104704 -0.114893481 -0.074995577 2.145488977 0.023616260 -0.053812601 -0.017597305 0.998116672
3487.890104704 -0.114893481 -0.074995577 2.145488977 0.023616260 -0.053812601 -0.017597305 0.998116672
3487.890104704 -0.114893481 -0.074995577 2.145488977 0.023616260 -0.053812601 -0.017597305 0.998116672
3487.890104704 -0.114893481 -0.074995577 2.145488977 0.023616260 -0.053812601 -0.017597305 0.998116672
3487.890104704 -0.114893481 -0.074995577 2.145488977 0.023616260 -0.053812601 -0.017597305 0.998116672
3487.890104704 -0.114893481 -0.074995577 2.145488977 0.023616260 -0.053812601 -0.017597305 0.998116672
3487.890104704 -0.114893481 -0.074995577 2.145488977 0.023616260 -0.053812601 -0.017597305 0.998116672
3487.890104704 -0.114893481 -0.074995577 2.145488977 0.023616260 -0.053812601 -0.017597305 0.998116672
3487.890104704 -0.114893481 -0.074995577 2.145488977 0.023616260 -0.053812601 -0.017597305 0.998116672
3487.890104704 -0.114893481 -0.074995577 2.145488977 0.023616260 -0.053812601 -0.017597305 0.998116672
3487.890104704 -0.114893481 -0.074995577 2.145488977 0.023616260 -0.053812601 -0.017597305 0.998116672
3487.890104704 -0.114893481 -0.074995577 2.145488977 0.023616260 -0.053812601 -0.017597305 0.998116672
3487.890104704 -0.114893481 -0.074995577 2.145488977 0.023616260 -0.053812601 -0.017597305 0.998116672
3487.890104704 -0.114893481 -0.074995577 2.145488977 0.023616260 -0.053812601 -0.017597305 0.998116672
3487.890104704 -0.114893481 -0.074995577 2.145488977 0.023616260 -0.053812601 -0.017597305 0.998116672
3487.890104704 -0.114893481 -0.074995577 2.145488977 0.023616260 -0.053812601 -0.017597305 0.998116672
3487.890104704 -0.114893481 -0.074995577 2.145488977 0.023616260 -0.053812601 -0.017597305 0.998116672
3487.890104704 -0.114893481 -0.074995577 2.145488977 0.023616260 -0.053812601 -0.017597305 0.998116672
3487.890104704 -0.114893481 -0.074995577 2.145488977 0.023616260 -0.053812601 -0.017597305 0.998116672
3487.890104704 -0.114893481 -0.074995577 2.145488977 0.023616260 -0.053812601 -0.017597305 0.998116672
3487.890104704 -0.114893481 -0.074995577 2.145488977 0.023616260 -0.053812601 -0.017597305 0.998116672
3487.890104704 -0.114893481 -0.074995577 2.145488977 0.023616260 -0.053812601 -0.017597305 0.998116672
3487.890104704 -0.114893481 -0.074995577 2.145488977 0.023616260 -0.053812601 -0.017597305 0.998116672
3487.890104704 -0.114893481 -0.074995577 2.145488977 0.023616260 -0.053812601 -0.017597305 0.998116672
3487.890104704 -0.114893481 -0.074995577 2.145488977 0.023616260 -0.053812601 -0.017597305 0.998116672
3487.890104704 -0.114893481 -0.074995577 2.145488977 0.023616260 -0.053812601 -0.017597305 0.998116672
3487.890104704 -0.114893481 -0.074995577 2.145488977 0.023616260 -0.053812601 -0.017597305 0.998116672
3487.890104704 -0.114893481 -0.074995577 2.145488977 0.023616260 -0.053812601 -0.017597305 0.998116672
3487.890104704 -0.114893481 -0.074995577 2.145488977 0.023616260 -0.053812601 -0.017597305 0.998116672
3487.890104704 -0.114893481 -0.074995577 2.145488977 0.023616260 -0.053812601 -0.017597305 0.998116672
3487.890104704 -0.114893481 -0.074995577 2.145488977 0.023616260 -0.053812601 -0.017597305 0.998116672
3487.890104704 -0.114893481 -0.074995577 2.145488977 0.023616260 -0.053812601 -0.017597305 0.998116672
3487.890104704 -0.114893481 -0.074995577 2.145488977 0.023616260 -0.053812601 -0.017597305 0.998116672
3487.890104704 -0.114893481 -0.074995577 2.145488977 0.023616260 -0.053812601 -0.017597305 0.998116672
3487.890104704 -0.114893481 -0.074995577 2.145488977 0.023616260 -0.053812601 -0.017597305 0.998116672
3487.890104704 -0.114893481 -0.074995577 2.145488977 0.023616260 -0.053812601 -0.017597305 0.998116672
3487.890104704 -0.114893481 -0.074995577 2.145488977 0.023616260 -0.053812601 -0.017597305 0.998116672
3487.890104704 -0.114893481 -0.074995577 2.145488977 0.023616260 -0.053812601 -0.017597305 0.998116672
3487.890104704 -0.114893481 -0.074995577 2.145488977 0.023616260 -0.053812601 -0.017597305 0.998116672
3487.890104704 -0.114893481 -0.074995577 2.145488977 0.023616260 -0.053812601 -0.017597305 0.998116672
3487.890104704 -0.114893481 -0.074995577 2.145488977 0.023616260 -0.053812601 -0.017597305 0.998116672
3487.890104704 -0.114893481 -0.074995577 2.145488977 0.023616260 -0.053812601 -0.017597305 0.998116672
3487.890104704 -0.114893481 -0.074995577 2.145488977 0.023616260 -0.053812601 -0.017597305 0.998116672
3487.890104704 -0.114893481 -0.074995577 2.145488977 0.023616260 -0.053812601 -0.017597305 0.998116672
3487.890104704 -0.114893481 -0.074995577 2.145488977 0.023616260 -0.053812601 -0.017597305 0.998116672
3487.890104704 -0.114893481 -0.074995577 2.145488977 0.023616260 -0.053812601 -0.017597305 0.998116672
3487.890104704 -0.114893481 -0.074995577 2.145488977 0.023616260 -0.053812601 -0.017597305 0.998116672
3487.890104704 -0.114893481 -0.074995577 2.145488977 0.023616260 -0.053812601 -0.017597305 0.998116672
3487.890104704 -0.114893481 -0.074995577 2.145488977 0.023616260 -0.053812601 -0.017597305 0.998116672
3487.890104704 -0.114893481 -0.074995577 2.145488977 0.023616260 -0.053812601 -0.017597305 0.998116672
3487.890104704 -0.114893481 -0.074995577 2.145488977 0.023616260 -0.053812601 -0.017597305 0.998116672
3487.890104704 -0.114893481 -0.074995577 2.145488977 0.023616260 -0.053812601 -0.017597305 0.998116672
3487.890104704 -0.114893481 -0.074995577 2.145488977 0.023616260 -0.053812601 -0.017597305 0.998116672
3487.890104704 -0.114893481 -0.074995577 2.145488977 0.023616260 -0.053812601 -0.017597305 0.998116672
3487.890104704 -0.114893481 -0.074995577 2.145488977 0.023616260 -0.053812601 -0.017597305 0.998116672
3487.890104704 -0.114893481 -0.074995577 2.145488977 0.023616260 -0.053812601 -0.017597305 0.998116672
3487.890104704 -0.114893481 -0.074995577 2.145488977 0.023616260 -0.053812601 -0.017597305 0.998116672
3487.890104704 -0.114893481 -0.074995577 2.145488977 0.023616260 -0.053812601 -0.017597305 0.998116672
3487.890104704 -0.114893481 -0.074995577 2.145488977 0.023616260 -0.053812601 -0.017597305 0.998116672
3487.890104704 -0.114893481 -0.074995577 2.145488977 0.023616260 -0.053812601 -0.017597305 0.998116672
3487.890104704 -0.114893481 -0.074995577 2.145488977 0.023616260 -0.053812601 -0.017597305 0.998116672
3487.890104704 -0.114893481 -0.074995577 2.145488977 0.023616260 -0.053812601 -0.017597305 0.998116672
3487.890104704 -0.114893481 -0.074995577 2.145488977 0.023616260 -0.053812601 -0.017597305 0.998116672
3487.890104704 -0.114893481 -0.074995577 2.145488977 0.023616260 -0.053812601 -0.017597305 0.998116672
3487.890104704 -0.114893481 -0.074995577 2.145488977 0.023616260 -0.053812601 -0.017597305 0.998116672
3487.890104704 -0.114893481 -0.074995577 2.145488977 0.023616260 -0.053812601 -0.017597305 0.998116672
3487.890104704 -0.114893481 -0.074995577 2.145488977 0.023616260 -0.053812601 -0.017597305 0.998116672
3487.890104704 -0.114893481 -0.074995577 2.145488977 0.023616260 -0.053812601 -0.017597305 0.998116672
3487.890104704 -0.114893481 -0.074995577 2.145488977 0.023616260 -0.053812601 -0.017597305 0.998116672
3487.890104704 -0.114893481 -0.074995577 2.145488977 0.023616260 -0.053812601 -0.017597305 0.998116672
3487.890104704 -0.114893481 -0.074995577 2.145488977 0.023616260 -0.053812601 -0.017597305 0.998116672
3487.890104704 -0.114893481 -0.074995577 2.145488977 0.023616260 -0.053812601 -0.017597305 0.998116672
3487.890104704 -0.114893481 -0.074995577 2.145488977 0.023616260 -0.053812601 -0.017597305 0.998116672
3487.890104704 -0.114893481 -0.074995577 2.145488977 0.023616260 -0.053812601 -0.017597305 0.998116672
3487.890104704 -0.114893481 -0.074995577 2.145488977 0.023616260 -0.053812601 -0.017597305 0.998116672
3487.890104704 -0.114893481 -0.074995577 2.145488977 0.023616260 -0.053812601 -0.017597305 0.998116672
3487.890104704 -0.114893481 -0.074995577 2.145488977 0.023616260 -0.053812601 -0.017597305 0.998116672
3487.890104704 -0.114893481 -0.074995577 2.145488977 0.023616260 -0.053812601 -0.017597305 0.998116672
3487.890104704 -0.114893481 -0.074995577 2.145488977 0.023616260 -0.053812601 -0.017597305 0.998116672
3487.890104704 -0.114893481 -0.074995577 2.145488977 0.023616260 -0.053812601 -0.017597305 0.998116672
3487.890104704 -0.114893481 -0.074995577 2.145488977 0.023616260 -0.053812601 -0.017597305 0.998116672
3487.890104704 -0.114893481 -0.074995577 2.145488977 0.023616260 -0.053812601 -0.017597305 0.998116672
3487.890104704 -0.114893481 -0.074995577 2.145488977 0.023616260 -0.053812601 -0.017597305 0.998116672
3487.890104704 -0.114893481 -0.074995577 2.145488977 0.023616260 -0.053812601 -0.017597305 0.998116672
3487.890104704 -0.114893481 -0.074995577 2.145488977 0.023616260 -0.053812601 -0.017597305 0.998116672
3487.890104704 -0.114893481 -0.074995577 2.145488977 0.023616260 -0.053812601 -0.017597305 0.998116672
3487.890104704 -0.114893481 -0.074995577 2.145488977 0.023616260 -0.053812601 -0.017597305 0.998116672
3487.890104704 -0.114893481 -0.074995577 2.145488977 0.023616260 -0.053812601 -0.017597305 0.998116672
3487.890104704 -0.114893481 -0.074995577 2.145488977 0.023616260 -0.053812601 -0.017597305 0.998116672
3487.890104704 -0.114893481 -0.074995577 2.145488977 0.023616260 -0.053812601 -0.017597305 0.998116672
3487.890104704 -0.114893481 -0.074995577 2.145488977 0.023616260 -0.053812601 -0.017597305 0.998116672
3487.890104704 -0.114893481 -0.074995577 2.145488977 0.023616260 -0.053812601 -0.017597305 0.998116672
3487.890104704 -0.114893481 -0.074995577 2.145488977 0.023616260 -0.053812601 -0.017597305 0.998116672
3487.890104704 -0.114893481 -0.074995577 2.145488977 0.023616260 -0.053812601 -0.017597305 0.998116672
3487.890104704 -0.114893481 -0.074995577 2.145488977 0.023616260 -0.053812601 -0.017597305 0.998116672
3487.890104704 -0.114893481 -0.074995577 2.145488977 0.023616260 -0.053812601 -0.017597305 0.998116672
3487.890104704 -0.114893481 -0.074995577 2.145488977 0.023616260 -0.053812601 -0.017597305 0.998116672
3487.890104704 -0.114893481 -0.074995577 2.145488977 0.023616260 -0.053812601 -0.017597305 0.998116672
3487.890104704 -0.114893481 -0.074995577 2.145488977 0.023616260 -0.053812601 -0.017597305 0.998116672
3487.890104704 -0.114893481 -0.074995577 2.145488977 0.023616260 -0.053812601 -0.017597305 0.998116672
3487.890104704 -0.114893481 -0.074995577 2.145488977 0.023616260 -0.053812601 -0.017597305 0.998116672
3487.890104704 -0.114893481 -0.074995577 2.145488977 0.023616260 -0.053812601 -0.017597305 0.998116672
3487.890104704 -0.114893481 -0.074995577 2.145488977 0.023616260 -0.053812601 -0.017597305 0.998116672
3487.890104704 -0.114893481 -0.074995577 2.145488977 0.023616260 -0.053812601 -0.017597305 0.998116672
3487.890104704 -0.114893481 -0.074995577 2.145488977 0.023616260 -0.053812601 -0.017597305 0.998116672
3487.890104704 -0.114893481 -0.074995577 2.145488977 0.023616260 -0.053812601 -0.017597305 0.998116672
