642.503972544 0.000000000 0.000000000 0.000000000 -0.000000000 -0.000000000 -0.000000000 1.000000000
642.535622208 0.009456975 -0.001010308 0.137243941 -0.017800212 0.003112240 0.002761403 0.999832928
642.567422016 0.014273866 -0.003754350 0.275943875 -0.034833435 0.006223272 -0.004888442 0.999361813
642.598912832 0.015836095 0.002327948 0.415249825 -0.048200574 0.009306149 -0.018460499 0.998623729
642.630742752 0.023050277 0.016096281 0.554462492 -0.064056493 0.012488209 -0.017458178 0.997715414
642.663148416 -0.027089013 0.034261409 0.634592533 -0.078945100 0.018045707 -0.016636882 0.996576846
642.702891872 0.059510492 0.033390462 0.850092351 -0.045119032 0.031331532 0.004746787 0.998478889
642.733164000 0.066150658 0.042087976 0.979148746 -0.043845277 0.038019724 -0.012027248 0.998242259
642.764305088 0.086002670 0.047693055 1.110564947 -0.039954096 0.043374427 -0.003132803 0.998254716
642.795681344 0.111132957 0.053994965 1.242312312 -0.039399132 0.046898901 0.010644541 0.998065591
642.830389024 0.133377209 0.063522495 1.390548825 -0.047272291 0.053118270 0.006486191 0.997447610
642.862910816 0.155800447 0.076055907 1.530581832 -0.055567376 0.065090314 -0.002661762 0.996327519
642.894287872 0.186223298 0.088582315 1.669472337 -0.062529542 0.079976343 -0.002767468 0.994829774
642.929097568 0.220702454 0.101607375 1.804685712 -0.067983411 0.096836552 -0.003862301 0.992968321
642.961218368 0.263758004 0.119934224 1.958315969 -0.077148311 0.116002873 -0.008040088 0.990215600
642.992649024 0.307963133 0.136085987 2.093051434 -0.077074677 0.132696077 -0.010292611 0.988101900
643.029588544 0.356644630 0.145234212 2.217293739 -0.067002267 0.144737944 0.000732558 0.987198651
643.066502176 0.412242085 0.148391619 2.350719452 -0.052766118 0.158617795 0.004408862 0.985919237
643.098322848 0.459397495 0.142436415 2.538816929 -0.038987026 0.172182143 0.008626431 0.984255493
643.130113632 -0.669216275 0.892547429 -4.302076340 -0.017670253 0.174375743 0.039199017 0.983739972
643.171210944 0.571297169 0.103107035 2.705680847 0.036385056 0.201764241 0.005185643 0.978744328
643.207614176 0.645733476 0.096556656 2.840013266 0.032122925 0.205439091 0.022117108 0.977892518
643.243578496 0.718906999 0.089807346 2.972129345 0.018032130 0.207751706 0.035247251 0.977380037
643.279161024 0.786204219 0.083073884 3.107209444 -0.001654693 0.210062176 0.033097386 0.977126300
643.315048064 0.854453623 0.076913632 3.236426592 -0.015275525 0.212453350 0.039916422 0.976236105
643.351919616 0.917723596 0.079012170 3.368465900 -0.022787327 0.214721009 0.032690413 0.975862205
643.387493536 1.061469674 0.112774298 3.575946808 -0.024259295 0.218101680 0.027317716 0.975241959
643.422266400 1.086387038 0.103722617 3.672343493 -0.015503478 0.218721405 0.017166926 0.975513160
643.457006912 1.098813295 0.084167235 3.754304886 -0.006671822 0.215678275 0.019043623 0.976255953
643.492412224 1.166794538 0.066121086 3.773028374 -0.008839350 0.211377203 0.032446299 0.976825893
643.527201728 1.169053078 0.070468754 3.854624271 -0.012698106 0.209883854 0.023724480 0.977355957
643.562484000 1.162686586 0.034453269 3.803122759 -0.024971163 0.204805806 0.031214047 0.977986097
643.597104064 1.199757338 0.005682322 3.947270393 -0.017113857 0.204684660 0.006462658 0.978657067
643.632057600 1.272288918 0.001887508 4.239717960 -0.013830404 0.204846308 0.010388170 0.978641272
643.666612864 1.329537868 0.030210722 4.311309338 -0.016581884 0.205928370 0.020490032 0.978211999
643.701502240 1.374355197 0.041837163 4.416686058 -0.015801044 0.209522471 0.011181508 0.977612257
643.736355136 1.438202381 0.046270140 4.539815426 -0.015819006 0.217211515 0.010074759 0.975944400
643.772554784 1.492817998 0.035360307 4.641129017 -0.006195693 0.224883050 0.016367232 0.974228621
643.815595296 1.571496129 0.033700611 4.793475628 -0.003664176 0.229054883 0.012029123 0.973332345
643.852529216 1.599414825 0.025426745 4.851709366 -0.010203647 0.229200736 0.015395637 0.973203957
643.887493536 1.669458866 0.024379097 4.976140499 -0.009652826 0.225883573 0.024180247 0.973806322
643.922284704 1.731498122 0.025727982 5.101654053 -0.017134326 0.225048974 0.016459282 0.974057734
643.957061440 1.800100803 0.032726802 5.216518402 -0.032853719 0.224462017 0.025924109 0.973583817
643.992041280 1.828674436 0.032317568 5.287900925 -0.033150181 0.230244040 0.027671887 0.972174466
644.027286176 1.873552561 0.033036001 5.363258362 -0.033876911 0.235712767 0.017842811 0.971068263
644.063601792 1.935688615 0.029048830 5.443382740 -0.034572471 0.240162104 0.029500043 0.969668388
644.101762560 2.010016441 0.034371562 5.574549198 -0.021944188 0.243048489 0.029968331 0.969302773
644.137047328 2.101633310 0.022118069 5.713351250 -0.013666078 0.241985127 0.036984436 0.969478548
644.172029824 2.164750338 -0.004505306 5.784286499 -0.006886901 0.234069273 0.064491786 0.970054150
644.208879392 2.267257214 -0.005734727 5.910392761 0.005480441 0.229688570 0.084598444 0.969565034
644.243799872 2.221346378 0.035400890 5.930728436 -0.013347441 0.239082009 0.023478238 0.970623791
644.278937984 2.111989498 0.110565506 5.978886604 -0.029884940 0.247809470 -0.025609143 0.968009055
644.316553600 2.179963589 0.108959146 6.063510418 -0.019626986 0.250467777 -0.011547941 0.967857063
644.352480224 2.200946808 0.087534726 6.102117062 -0.013545070 0.251963913 0.004297068 0.967632294
644.392229056 2.295991898 0.041156489 6.214107037 -0.011671918 0.251909584 0.011965981 0.967606425
644.428418528 2.418649435 0.027374871 6.388522625 -0.016764307 0.253035665 0.014984905 0.967195690
644.472766272 2.543778419 0.037085377 6.566832066 -0.023363000 0.249859497 0.042302236 0.967075467
644.509853024 2.624127150 0.036398053 6.697216988 -0.019979039 0.251449525 0.042610928 0.966725588
644.548262368 2.692988396 0.040803656 6.825996876 -0.018399196 0.254137665 0.013874702 0.966893554
644.584314976 2.763923645 0.050227787 6.934020996 -0.012001646 0.257371217 0.022580031 0.965974212
644.623331936 2.842035770 0.052277561 7.052877426 -0.007534375 0.263425022 0.022127707 0.964396656
644.660771264 2.917427063 0.051994853 7.172411919 -0.009186071 0.266849786 0.018051177 0.963525295
644.697779040 2.994915247 0.056789678 7.297652245 -0.019119687 0.267646223 0.017698688 0.963164926
644.734052096 3.058499813 0.073869631 7.412157059 -0.026161442 0.270280004 0.009659475 0.962377787
644.771623456 3.120099306 0.082715273 7.502583981 -0.006566605 0.272999734 0.007084596 0.961965621
644.807672320 3.579259634 -0.070674472 7.787388802 -0.005460956 0.271684825 -0.006732993 0.962347209
644.846247808 3.966397524 -0.194602877 8.076466560 -0.000398338 0.272893131 -0.000988745 0.962043762
644.882436320 4.052293301 -0.181470096 8.192911148 -0.018044282 0.266196877 0.026827620 0.963376284
644.919030688 4.141203880 -0.165998697 8.315273285 -0.061309837 0.259544581 0.052095793 0.962374032
644.956344512 4.204396725 -0.162155569 8.425273895 -0.056362722 0.253185898 0.024144854 0.965472519
644.993202752 4.346452713 -0.137729213 8.634853363 -0.046292383 0.247976437 0.003421960 0.967653334
645.031345504 4.340912342 -0.146108970 8.693456650 -0.035544835 0.244222164 -0.013170020 0.968978167
645.068781824 4.353007317 -0.206008643 8.781417847 -0.037492353 0.245017901 -0.029126398 0.968355417
645.108544608 4.399322510 -0.201400489 8.857081413 -0.062286373 0.245645702 -0.043320380 0.966386020
645.146068512 4.463784218 -0.205546007 8.954432487 -0.045907758 0.243351460 -0.036965530 0.968145669
645.183364800 4.526216030 -0.202000409 9.061966896 -0.056866214 0.242509156 -0.034384429 0.967870474
645.222421216 4.576571465 -0.195519507 9.180505753 -0.064319991 0.240481794 -0.071238764 0.965896785
645.262970976 4.641197681 -0.175343573 9.302583694 -0.071119338 0.238563031 -0.108361796 0.962438285
645.303636992 4.689526081 -0.154738784 9.431576729 -0.077855535 0.236158445 -0.146124020 0.957504869
645.344173024 7.145477295 -0.770971715 12.252617836 -0.032104567 0.222827226 -0.004214518 0.974320114
645.384681344 7.145477295 -0.770971715 12.252617836 -0.032104567 0.222827226 -0.004214518 0.974320114
645.425159456 4.841452599 -0.298322916 9.543024063 -0.061827440 0.226654246 -0.046895780 0.970878959
645.465892384 4.918193817 -0.180262834 9.724716187 -0.067459792 0.230089694 -0.075343631 0.967900455
645.506695424 4.941590309 -0.163268059 9.820686340 -0.068513580 0.236485004 -0.064039923 0.967098594
645.555660512 4.884609699 0.197388813 10.198102951 -0.062769823 0.256098628 -0.047243614 0.963452935
645.584476480 5.015035629 0.006103650 10.382538795 -0.054885335 0.268041015 -0.046610069 0.960712850
645.625187904 5.151101112 -0.164512724 10.109951019 -0.068724573 0.284110099 -0.060509399 0.954409301
645.658496896 5.243999004 -0.155022696 10.251656532 -0.058071468 0.295884937 -0.054725710 0.951884985
645.690052640 5.319211483 -0.148042396 10.366876602 -0.050681025 0.302783251 -0.052727699 0.950249255
645.721412672 5.372812271 -0.148685828 10.433805466 -0.048804771 0.304850221 -0.064280383 0.948974431
645.754084160 5.414400578 -0.166192278 10.288471222 -0.052217521 0.305505008 -0.044244960 0.949727595
645.796681824 5.468343735 -0.134236604 10.148382187 -0.050573349 0.304917812 -0.035861418 0.950358689
645.839651840 5.531647205 -0.202306569 10.464002609 -0.053505700 0.306690931 -0.039587021 0.949479163
645.886413408 5.531032562 -0.460802019 10.283874512 -0.057909541 0.312347144 -0.051936280 0.946777880
645.924752320 5.799961090 -0.170996338 11.295325279 -0.029665153 0.323330164 -0.082977943 0.942174256
645.956375008 4.956973553 -0.274910271 9.753732681 -0.028101105 0.325348973 -0.067048974 0.942795217
645.987911456 4.412956715 -0.392447710 8.478117943 -0.032310605 0.323590934 -0.052385986 0.944193125
646.020169888 5.889863968 -0.277711183 10.960540771 -0.045754507 0.323618531 -0.040575195 0.944209397
646.051735456 5.863674164 -0.292072445 10.870187759 -0.053583857 0.335965931 -0.037429791 0.939603508
646.084245408 5.636864185 -0.306659818 10.619211197 -0.084009729 0.348046929 -0.073373765 0.930817962
646.117900992 5.724121571 0.019022435 10.835741043 -0.067102522 0.364643514 -0.076379023 0.925580204
646.149294400 5.955677986 -0.162870914 11.015066147 -0.040169943 0.375744790 -0.062861063 0.923715770
646.180857664 5.846130848 0.008292496 11.151798248 -0.021220760 0.383546144 -0.035194613 0.922606826
646.212615200 5.895589828 -0.319846332 10.708070755 -0.045146544 0.381454349 -0.020519894 0.923056483
646.244012256 6.263708591 -0.201942042 11.492032051 -0.062541544 0.385384470 -0.039795332 0.919773698
646.275112064 6.380799294 -0.212320998 11.464368820 -0.068900317 0.387720317 -0.061118696 0.917164266
646.313890592 6.600507259 0.280376852 11.666101456 -0.043959334 0.382542670 -0.077539951 0.919628382
646.344156224 6.392243385 -0.243090957 11.708949089 -0.045540046 0.381295085 -0.051618703 0.921887040
646.376019808 6.393907070 -0.180245951 11.810491562 -0.056762535 0.375178844 -0.035653293 0.924525738
646.417437152 6.344734192 -0.001866266 12.145318985 -0.058954895 0.373132885 -0.023841817 0.925595880
646.452705024 7.320180416 -0.153703332 13.205160141 -0.045477767 0.373633474 -0.055157911 0.924817562
646.491968032 7.368365288 -0.483896166 12.275572777 -0.059156235 0.371367723 -0.051423568 0.925171435
646.521914368 6.644144058 -0.193037525 12.621261597 -0.058077883 0.375514686 -0.040491026 0.924108326
646.553536032 6.447997093 -0.065162212 12.849231720 -0.053753637 0.377246976 -0.028799172 0.924102783
646.593656608 6.553131104 0.001706049 13.040931702 -0.051139444 0.379745603 -0.040756911 0.922776759
646.622281792 6.572173119 0.003005400 13.062908173 -0.058560789 0.386879832 -0.041961491 0.919311643
646.656566784 6.589551926 0.000591472 13.083518982 -0.061996028 0.392342508 -0.042963427 0.916721344
646.688827712 6.606601238 -0.000437319 13.105388641 -0.063414335 0.398462921 -0.049092054 0.913671672
646.720348768 6.616663933 0.001053602 13.121256828 -0.060070876 0.403278500 -0.057231329 0.911308169
646.752273984 6.632044315 0.003284305 13.133889198 -0.059432115 0.406110585 -0.051399313 0.910439610
646.783627584 6.647886753 0.004033297 13.143217087 -0.057227369 0.409257352 -0.043034684 0.909605205
646.815016416 6.656921387 0.004187971 13.149230957 -0.048168156 0.409983039 -0.046759278 0.909619391
646.846788512 6.665424347 0.010782748 13.157146454 -0.047490161 0.408926725 -0.048380028 0.910045624
646.877887552 6.681079865 0.004058823 13.163167953 -0.047426458 0.406938106 -0.037565485 0.911449969
646.909865824 6.690180302 0.003588721 13.168474197 -0.044576954 0.405408561 -0.037042003 0.912296414
646.941890112 6.699013710 0.004757285 13.174053192 -0.042330347 0.405216336 -0.035302717 0.912557781
646.973635456 6.706317902 0.005972832 13.180473328 -0.043016855 0.405349970 -0.034633771 0.912491977
647.006281344 6.711819172 0.005781829 13.186363220 -0.045671809 0.404745936 -0.035412293 0.912601113
647.039576736 6.715860844 0.004486457 13.190011024 -0.045382947 0.404154390 -0.034702733 0.912904918
647.071189408 6.718282700 0.004802898 13.192907333 -0.045506168 0.403562337 -0.035171002 0.913142800
647.103250560 6.720201492 0.005355731 13.194690704 -0.045793720 0.403223902 -0.035171539 0.913277924
