2169.383749792 0.000000000 0.000000000 0.000000000 -0.000000000 -0.000000000 -0.000000000 1.000000000
2169.510326944 0.005251647 -0.003797561 0.025830168 0.004703812 0.000762157 0.006539606 0.999967277
2169.636380448 0.018865218 -0.015453198 0.071646728 0.003898061 -0.005706974 0.006249254 0.999956608
2169.759953248 0.028321046 -0.016702825 0.233850554 0.016724974 -0.001394493 0.013143535 0.999772787
2169.883676352 0.046667643 -0.006587689 0.470118791 0.025803862 -0.002551975 0.022743125 0.999405026
2170.009791840 0.045667931 -0.020922707 0.754880369 0.023808692 -0.002260367 0.015792511 0.999589205
2170.136638656 0.050113760 -0.041973144 1.073369622 0.020629684 -0.009563456 0.013070634 0.999656022
2170.259615456 0.014144151 -0.072299592 1.389743805 0.016781233 -0.007159120 0.011241615 0.999770343
2170.383204736 -0.018016614 -0.084499963 1.716491222 0.019325420 -0.000137985 0.008837533 0.999774218
2170.511015008 -0.010083653 -0.113853224 2.090388775 0.017230792 0.002370789 0.013868989 0.999752581
2170.636660288 0.002443087 -0.132259011 2.480630875 0.010962330 0.004970352 0.010963488 0.999867499
2170.759768736 0.013167667 -0.145895481 2.869948864 0.006480598 -0.007861670 0.005769580 0.999931455
2170.883113952 0.020142322 -0.167338759 3.271042585 -0.000622721 -0.022205818 0.002558736 0.999749959
2171.010100608 0.015253308 -0.182606921 3.664745092 -0.007786914 -0.036400780 -0.000894058 0.999306560
2171.136503712 0.067130804 -0.183978036 4.093739986 0.004044973 0.010264815 0.017949259 0.999778032
2171.136503712 0.067130804 -0.183978036 4.093739986 0.004044973 0.010264815 0.017949259 0.999778032
2171.383036896 0.077604681 -0.193278491 4.906239033 0.002550939 0.007797253 0.005205443 0.999952793
2171.383036896 0.077604681 -0.193278491 4.906239033 0.002550939 0.007797253 0.005205443 0.999952793
2171.383036896 0.077604681 -0.193278491 4.906239033 0.002550939 0.007797253 0.005205443 0.999952793
2171.383036896 0.077604681 -0.193278491 4.906239033 0.002550939 0.007797253 0.005205443 0.999952793
2171.383036896 0.077604681 -0.193278491 4.906239033 0.002550939 0.007797253 0.005205443 0.999952793
2171.383036896 0.077604681 -0.193278491 4.906239033 0.002550939 0.007797253 0.005205443 0.999952793
2171.383036896 0.077604681 -0.193278491 4.906239033 0.002550939 0.007797253 0.005205443 0.999952793
2171.383036896 0.077604681 -0.193278491 4.906239033 0.002550939 0.007797253 0.005205443 0.999952793
2171.383036896 0.077604681 -0.193278491 4.906239033 0.002550939 0.007797253 0.005205443 0.999952793
2171.383036896 0.077604681 -0.193278491 4.906239033 0.002550939 0.007797253 0.005205443 0.999952793
2171.383036896 0.077604681 -0.193278491 4.906239033 0.002550939 0.007797253 0.005205443 0.999952793
2171.383036896 0.077604681 -0.193278491 4.906239033 0.002550939 0.007797253 0.005205443 0.999952793
2171.383036896 0.077604681 -0.193278491 4.906239033 0.002550939 0.007797253 0.005205443 0.999952793
2171.383036896 0.077604681 -0.193278491 4.906239033 0.002550939 0.007797253 0.005205443 0.999952793
2171.383036896 0.077604681 -0.193278491 4.906239033 0.002550939 0.007797253 0.005205443 0.999952793
2171.383036896 0.077604681 -0.193278491 4.906239033 0.002550939 0.007797253 0.005205443 0.999952793
2171.383036896 0.077604681 -0.193278491 4.906239033 0.002550939 0.007797253 0.005205443 0.999952793
2171.383036896 0.077604681 -0.193278491 4.906239033 0.002550939 0.007797253 0.005205443 0.999952793
2171.383036896 0.077604681 -0.193278491 4.906239033 0.002550939 0.007797253 0.005205443 0.999952793
2171.383036896 0.077604681 -0.193278491 4.906239033 0.002550939 0.007797253 0.005205443 0.999952793
2171.383036896 0.077604681 -0.193278491 4.906239033 0.002550939 0.007797253 0.005205443 0.999952793
2171.383036896 0.077604681 -0.193278491 4.906239033 0.002550939 0.007797253 0.005205443 0.999952793
2171.383036896 0.077604681 -0.193278491 4.906239033 0.002550939 0.007797253 0.005205443 0.999952793
2171.383036896 0.077604681 -0.193278491 4.906239033 0.002550939 0.007797253 0.005205443 0.999952793
2171.383036896 0.077604681 -0.193278491 4.906239033 0.002550939 0.007797253 0.005205443 0.999952793
2171.383036896 0.077604681 -0.193278491 4.906239033 0.002550939 0.007797253 0.005205443 0.999952793
2171.383036896 0.077604681 -0.193278491 4.906239033 0.002550939 0.007797253 0.005205443 0.999952793
2171.383036896 0.077604681 -0.193278491 4.906239033 0.002550939 0.007797253 0.005205443 0.999952793
2171.383036896 0.077604681 -0.193278491 4.906239033 0.002550939 0.007797253 0.005205443 0.999952793
2171.383036896 0.077604681 -0.193278491 4.906239033 0.002550939 0.007797253 0.005205443 0.999952793
2171.383036896 0.077604681 -0.193278491 4.906239033 0.002550939 0.007797253 0.005205443 0.999952793
2171.383036896 0.077604681 -0.193278491 4.906239033 0.002550939 0.007797253 0.005205443 0.999952793
2171.383036896 0.077604681 -0.193278491 4.906239033 0.002550939 0.007797253 0.005205443 0.999952793
2171.383036896 0.077604681 -0.193278491 4.906239033 0.002550939 0.007797253 0.005205443 0.999952793
2171.383036896 0.077604681 -0.193278491 4.906239033 0.002550939 0.007797253 0.005205443 0.999952793
2171.383036896 0.077604681 -0.193278491 4.906239033 0.002550939 0.007797253 0.005205443 0.999952793
2171.383036896 0.077604681 -0.193278491 4.906239033 0.002550939 0.007797253 0.005205443 0.999952793
2171.383036896 0.077604681 -0.193278491 4.906239033 0.002550939 0.007797253 0.005205443 0.999952793
2171.383036896 0.077604681 -0.193278491 4.906239033 0.002550939 0.007797253 0.005205443 0.999952793
2171.383036896 0.077604681 -0.193278491 4.906239033 0.002550939 0.007797253 0.005205443 0.999952793
2171.383036896 0.077604681 -0.193278491 4.906239033 0.002550939 0.007797253 0.005205443 0.999952793
