297.711086400 0.000000000 0.000000000 0.000000000 -0.000000000 -0.000000000 -0.000000000 1.000000000
297.742680832 -0.002594404 -0.004644839 0.142740101 -0.002269704 0.003474494 -0.008512110 0.999955177
297.773823104 -0.000880826 -0.005648654 0.283417135 -0.010740770 0.003841219 -0.004566009 0.999924541
297.805231136 -0.000064445 -0.006289883 0.418883473 -0.013488452 0.004467914 -0.004116269 0.999890566
297.836804544 0.001668293 -0.009580696 0.543317676 -0.007031069 0.006365450 -0.003425146 0.999949157
297.868740192 -0.057594035 -0.026112737 0.589503050 -0.005307804 0.010062731 -0.006780625 0.999912322
297.900640352 0.002511026 -0.013429155 0.789940476 -0.017235512 0.009311050 -0.002588779 0.999804735
297.932095168 0.003903415 -0.014056392 0.896473527 -0.011292496 0.011620860 -0.001038751 0.999868155
297.964465920 0.003666542 -0.013367022 1.014226198 -0.020682672 0.011342228 -0.000463749 0.999721706
297.996464256 0.006730095 -0.016975177 1.116858244 -0.026174175 0.010933349 0.005953669 0.999579847
298.027868736 0.020805635 -0.016553422 1.218009472 -0.030261664 0.010152562 0.021453675 0.999260187
298.059363872 0.006136855 -0.021473970 1.302341819 -0.014112585 0.013228166 0.001168541 0.999812245
298.090937440 0.007249987 -0.019145753 1.392552614 -0.022244578 0.013978963 0.002008903 0.999652863
298.124469408 0.006307839 -0.021237800 1.476426482 -0.018582009 0.014663873 0.000660988 0.999719620
298.156831808 0.004625574 -0.021752782 1.555666447 -0.015346562 0.015052052 -0.002322543 0.999766290
298.188562720 0.005320837 -0.023114396 1.625670314 -0.016448058 0.014142930 0.000418708 0.999764621
298.220350560 0.006981721 -0.025687443 1.693248868 -0.016313968 0.013581737 0.003406378 0.999768853
298.251800928 0.006359783 -0.028441722 1.757205367 -0.015781671 0.013767309 0.001390527 0.999779701
298.283216736 0.006402221 -0.029976465 1.814105630 -0.011712034 0.013176575 0.002262633 0.999842048
298.314868384 0.009157867 -0.030022318 1.870121837 -0.014202313 0.011782803 0.008808837 0.999790967
298.343840800 0.007791050 -0.030867394 1.916782379 -0.011740752 0.011420035 0.006018349 0.999847770
298.375591936 0.005501918 -0.031620897 1.964364767 -0.009417720 0.011375029 0.000727947 0.999890685
298.407761440 0.004834321 -0.031406287 2.011132002 -0.013151983 0.011229966 0.000087319 0.999850452
298.439070592 0.005410960 -0.034158885 2.051109552 -0.009055272 0.011161281 0.001091190 0.999896169
298.470787392 0.006115315 -0.035131607 2.088961363 -0.009764981 0.010410497 0.002224064 0.999895692
298.502188960 0.006982591 -0.036184732 2.124571085 -0.007859210 0.009843041 0.002938439 0.999916375
298.533706080 0.007229925 -0.036568869 2.158311605 -0.008292837 0.009868723 0.002256744 0.999914408
298.567048896 0.007346642 -0.036847442 2.189297199 -0.009354849 0.009801676 0.001533271 0.999907017
298.606604960 0.007812221 -0.037962511 2.224932671 -0.008583050 0.008718148 0.002787852 0.999921322
298.637032000 0.007235396 -0.038846899 2.248157978 -0.007108154 0.007792597 0.001521845 0.999943256
298.668739648 0.006409922 -0.040080059 2.270253658 -0.006005658 0.007223314 -0.000091973 0.999955952
298.701952096 0.006272439 -0.041864470 2.291804552 -0.005770750 0.006892369 -0.000008097 0.999959588
298.733645632 0.006448464 -0.042758897 2.311442614 -0.006055921 0.006769350 0.000388409 0.999958694
298.769557984 0.006525639 -0.042838395 2.331123352 -0.006232223 0.006894706 0.000750312 0.999956548
298.801122816 0.007159514 -0.042401046 2.348464489 -0.006973680 0.006156978 0.002138180 0.999954522
298.832894464 0.007719981 -0.042789295 2.361978531 -0.006572039 0.005660895 0.002505009 0.999959290
298.864420576 0.007790123 -0.043688722 2.375335217 -0.006126784 0.005957182 0.001758936 0.999962032
298.897351200 0.008069929 -0.044117752 2.387906551 -0.006418270 0.006339640 0.002273328 0.999956727
298.928987776 0.008649987 -0.043609254 2.398240805 -0.005663285 0.006108198 0.002609865 0.999961972
298.961037408 0.008932350 -0.043905471 2.409658909 -0.006091683 0.005425801 0.002787849 0.999962866
298.992595776 0.008617962 -0.044509456 2.418996572 -0.005769641 0.005438478 0.001937452 0.999966741
299.024600320 0.008319830 -0.044791147 2.427046537 -0.005934457 0.005708004 0.001172859 0.999965429
299.056788896 0.008200580 -0.044664189 2.433178902 -0.005900888 0.005721693 0.000638606 0.999966085
