4159.620976992 0.000000000 0.000000000 0.000000000 -0.000000000 -0.000000000 -0.000000000 1.000000000
4159.668246720 0.000040078 -0.000023654 0.000081631 -0.000024373 0.000004813 -0.000020990 1.000000000
4159.713511808 -0.000071932 -0.000066995 0.000097848 -0.000054163 0.000027405 -0.000000090 1.000000000
4159.752920320 -0.000161249 -0.000019394 -0.000038604 -0.000023960 0.000056236 0.000037822 1.000000000
4159.795350240 -0.000003540 -0.000181941 -0.000165061 -0.000012425 0.000006602 0.000008460 1.000000000
4159.837561920 -0.000043812 -0.000000112 0.000065242 -0.000010837 0.000017654 0.000032149 1.000000000
4159.883652864 -0.000062202 -0.000000813 -0.000139384 -0.000219686 -0.000001360 0.000013187 1.000000000
4159.929568384 0.000970881 -0.001020692 -0.000265780 0.003299398 0.000038058 0.001957292 0.999992728
4159.996238464 0.003457061 0.002257847 0.022567125 0.000650626 -0.000375484 0.003479584 0.999993682
4160.036715808 0.005125392 0.001703335 0.046148777 0.004070391 -0.000679780 0.003650749 0.999984860
4160.077404352 0.007223499 0.000844710 0.082136177 0.000347266 0.002447468 0.000951787 0.999996543
4160.118653056 0.012520764 -0.002380985 0.124716766 -0.000348680 0.005242185 0.003938443 0.999978483
4160.155143872 0.015103572 -0.003933124 0.170556635 0.001500121 0.007837110 -0.000503193 0.999968052
4160.199181184 0.020446064 -0.004368513 0.226608381 0.003490940 0.009913926 -0.000752896 0.999944568
4160.243568352 0.031626705 -0.009802489 0.296336263 0.002773320 0.010399585 0.009636223 0.999895692
4160.283211136 0.033867732 -0.013508325 0.363949090 0.010767002 0.010612565 0.001377917 0.999884784
4160.323260672 0.042243902 -0.016281180 0.438313663 0.007608364 0.010802533 0.006143970 0.999893844
4160.392637984 0.004882211 0.003169165 0.456916034 0.008577589 0.010140860 0.014752214 0.999803007
4160.434169088 0.035150032 0.058869664 0.570371032 0.014797124 0.008496027 0.006185563 0.999835312
4160.473675968 0.068845853 -0.009943373 0.681764603 0.018844454 0.006377916 0.005810760 0.999785244
4160.514945536 0.071230963 -0.017816909 0.784248710 0.019911118 0.007175103 0.001692949 0.999774575
4160.558190400 0.045774397 -0.035965137 0.811657786 0.018678775 0.006572812 0.002777815 0.999800086
4160.607804032 0.078878447 -0.050586890 0.901507497 0.020638824 0.004265041 0.007583838 0.999749184
4160.649103360 0.041269459 -0.009663569 1.026669741 0.020242078 0.003251945 0.001504485 0.999788761
4160.687382368 0.083104730 -0.040530127 1.179953456 0.006441377 -0.000626683 -0.008907772 0.999939382
4160.727883200 0.088498421 -0.047009598 1.286904693 0.003378371 -0.001643847 -0.003459815 0.999987006
4160.775439296 0.090940990 -0.048863403 1.415875196 0.004370894 -0.001754510 -0.006740696 0.999966264
4160.815596352 0.095132411 -0.056366637 1.527781129 0.008142151 -0.001277214 -0.003169704 0.999961019
4160.853360224 0.096848838 -0.062510565 1.640217423 0.005400237 -0.001014445 -0.005895382 0.999967575
4160.895597632 0.099019744 -0.066899620 1.756762743 0.004900810 -0.000268201 -0.009145184 0.999946177
4160.943993280 0.109334521 -0.069662631 1.895909429 0.004178192 0.002217663 0.004152732 0.999980211
4160.984264320 0.117937841 -0.077169865 2.005434036 0.012299858 0.005104697 0.007045609 0.999886513
4161.024694208 0.145548001 -0.070615977 2.141102076 0.022428632 0.005498956 0.014870232 0.999622762
4161.067028096 0.170331180 -0.068154946 2.287459135 0.032638330 0.006162445 0.022335865 0.999198616
4161.116441888 0.133390099 -0.090711549 2.397672415 0.004149653 0.010056487 0.003044491 0.999936223
4161.161830208 0.139091790 -0.095664799 2.526723146 0.001419146 0.008579613 0.003465459 0.999956250
4161.196967872 0.140680894 -0.096832544 2.652329922 -0.006852542 0.005627220 -0.005311352 0.999946594
4161.240057760 0.137915224 -0.099870540 2.775970459 -0.015478306 0.001953087 -0.015403816 0.999759674
4161.286974656 0.150183976 -0.104463585 2.921233416 -0.003111793 -0.003255820 -0.003972347 0.999981999
4161.329353824 0.153514683 -0.106759101 3.057268143 -0.009877205 -0.004996019 -0.006801103 0.999915600
4161.366453120 0.162372857 -0.120408215 3.184003353 -0.014731960 -0.007844095 -0.006958721 0.999836504
4161.412221216 0.168628648 -0.118863530 3.330950975 -0.020589931 -0.007526839 -0.000923297 0.999759257
4161.457767936 0.176067725 -0.116837949 3.466133833 -0.016624521 -0.008225238 0.002744243 0.999824226
4161.501746816 0.179701835 -0.122209489 3.602685452 -0.015955642 -0.006934917 -0.000367631 0.999848604
4161.536971584 0.182900265 -0.120111644 3.728868008 -0.011623064 -0.005710929 -0.000859645 0.999915838
4161.576477984 0.187743381 -0.119766518 3.859037638 -0.014792227 -0.004801402 0.001868323 0.999877334
4161.623453856 0.191373050 -0.120161504 4.010905743 -0.019997733 -0.004222548 0.004235683 0.999782205
4161.691224672 0.199127182 -0.119630508 4.249145031 -0.021987708 -0.002144147 0.006822091 0.999732673
4161.727819520 0.199863270 -0.119302481 4.367746353 -0.019559378 -0.000284908 0.001704057 0.999807239
4161.770161056 0.203359619 -0.121869445 4.516404152 -0.014009076 0.000840761 0.005234995 0.999887884
4161.815786784 0.202306464 -0.072678946 4.780733109 -0.006971705 0.002279853 0.009659396 0.999926507
4161.854826592 0.216994166 -0.052214291 4.914481640 -0.000779837 0.000683586 0.008769379 0.999961019
4161.889728864 0.267682731 -0.058614079 5.054033279 -0.001931402 -0.005509878 0.005304320 0.999968946
4161.932077312 0.218001619 -0.113506921 5.084473133 -0.024354819 -0.004986079 0.002044279 0.999688923
4162.006115200 0.212314278 -0.105822831 5.368221283 -0.026282912 -0.008053332 -0.007371129 0.999594986
4162.047249216 0.217991933 -0.118567936 5.505673409 -0.022675475 -0.010476535 -0.006150892 0.999669075
4162.111974688 0.229746237 -0.118165217 5.740883350 -0.014010498 -0.012415251 -0.002880091 0.999820650
4162.148184128 0.240017265 -0.115532003 5.783174038 -0.023878502 -0.010188449 0.000763099 0.999662697
4162.215668800 0.249196857 -0.245650798 5.860962868 -0.037451722 -0.010279600 -0.000615218 0.999245346
4162.254911616 0.264321744 -0.124772646 6.057467937 -0.014674153 0.001998635 0.019106550 0.999707818
4162.291014720 0.232636601 -0.160585031 6.210015774 -0.019110404 0.010610170 0.022871194 0.999499500
4162.335818496 0.340783477 -0.210100651 6.446886539 -0.014229209 0.008166349 0.024525754 0.999564588
4162.335818496 0.340783477 -0.210100651 6.446886539 -0.014229209 0.008166349 0.024525754 0.999564588
4162.335818496 0.340783477 -0.210100651 6.446886539 -0.014229209 0.008166349 0.024525754 0.999564588
4162.335818496 0.340783477 -0.210100651 6.446886539 -0.014229209 0.008166349 0.024525754 0.999564588
4162.521459744 0.311856478 -0.191149637 7.022945404 0.010860456 0.011234999 0.033102233 0.999329805
4162.521459744 0.311856478 -0.191149637 7.022945404 0.010860456 0.011234999 0.033102233 0.999329805
4162.521459744 0.311856478 -0.191149637 7.022945404 0.010860456 0.011234999 0.033102233 0.999329805
4162.521459744 0.311856478 -0.191149637 7.022945404 0.010860456 0.011234999 0.033102233 0.999329805
4162.694991456 0.358305395 -0.114617117 7.876083374 -0.014443853 -0.006470464 0.036174744 0.999220192
4162.694991456 0.358305395 -0.114617117 7.876083374 -0.014443853 -0.006470464 0.036174744 0.999220192
4162.694991456 0.358305395 -0.114617117 7.876083374 -0.014443853 -0.006470464 0.036174744 0.999220192
4162.694991456 0.358305395 -0.114617117 7.876083374 -0.014443853 -0.006470464 0.036174744 0.999220192
4162.694991456 0.358305395 -0.114617117 7.876083374 -0.014443853 -0.006470464 0.036174744 0.999220192
4162.694991456 0.358305395 -0.114617117 7.876083374 -0.014443853 -0.006470464 0.036174744 0.999220192
4162.694991456 0.358305395 -0.114617117 7.876083374 -0.014443853 -0.006470464 0.036174744 0.999220192
4162.694991456 0.358305395 -0.114617117 7.876083374 -0.014443853 -0.006470464 0.036174744 0.999220192
4162.694991456 0.358305395 -0.114617117 7.876083374 -0.014443853 -0.006470464 0.036174744 0.999220192
4162.694991456 0.358305395 -0.114617117 7.876083374 -0.014443853 -0.006470464 0.036174744 0.999220192
4162.694991456 0.358305395 -0.114617117 7.876083374 -0.014443853 -0.006470464 0.036174744 0.999220192
4162.694991456 0.358305395 -0.114617117 7.876083374 -0.014443853 -0.006470464 0.036174744 0.999220192
4162.694991456 0.358305395 -0.114617117 7.876083374 -0.014443853 -0.006470464 0.036174744 0.999220192
4162.694991456 0.358305395 -0.114617117 7.876083374 -0.014443853 -0.006470464 0.036174744 0.999220192
4162.694991456 0.358305395 -0.114617117 7.876083374 -0.014443853 -0.006470464 0.036174744 0.999220192
4162.694991456 0.358305395 -0.114617117 7.876083374 -0.014443853 -0.006470464 0.036174744 0.999220192
4162.694991456 0.358305395 -0.114617117 7.876083374 -0.014443853 -0.006470464 0.036174744 0.999220192
4162.694991456 0.358305395 -0.114617117 7.876083374 -0.014443853 -0.006470464 0.036174744 0.999220192
4162.694991456 0.358305395 -0.114617117 7.876083374 -0.014443853 -0.006470464 0.036174744 0.999220192
4162.694991456 0.358305395 -0.114617117 7.876083374 -0.014443853 -0.006470464 0.036174744 0.999220192
4162.694991456 0.358305395 -0.114617117 7.876083374 -0.014443853 -0.006470464 0.036174744 0.999220192
4162.694991456 0.358305395 -0.114617117 7.876083374 -0.014443853 -0.006470464 0.036174744 0.999220192
4162.694991456 0.358305395 -0.114617117 7.876083374 -0.014443853 -0.006470464 0.036174744 0.999220192
4162.694991456 0.358305395 -0.114617117 7.876083374 -0.014443853 -0.006470464 0.036174744 0.999220192
4162.694991456 0.358305395 -0.114617117 7.876083374 -0.014443853 -0.006470464 0.036174744 0.999220192
4162.694991456 0.358305395 -0.114617117 7.876083374 -0.014443853 -0.006470464 0.036174744 0.999220192
4162.694991456 0.358305395 -0.114617117 7.876083374 -0.014443853 -0.006470464 0.036174744 0.999220192
4162.694991456 0.358305395 -0.114617117 7.876083374 -0.014443853 -0.006470464 0.036174744 0.999220192
4162.694991456 0.358305395 -0.114617117 7.876083374 -0.014443853 -0.006470464 0.036174744 0.999220192
4162.694991456 0.358305395 -0.114617117 7.876083374 -0.014443853 -0.006470464 0.036174744 0.999220192
4162.694991456 0.358305395 -0.114617117 7.876083374 -0.014443853 -0.006470464 0.036174744 0.999220192
4162.694991456 0.358305395 -0.114617117 7.876083374 -0.014443853 -0.006470464 0.036174744 0.999220192
4162.694991456 0.358305395 -0.114617117 7.876083374 -0.014443853 -0.006470464 0.036174744 0.999220192
4162.694991456 0.358305395 -0.114617117 7.876083374 -0.014443853 -0.006470464 0.036174744 0.999220192
4162.694991456 0.358305395 -0.114617117 7.876083374 -0.014443853 -0.006470464 0.036174744 0.999220192
4162.694991456 0.358305395 -0.114617117 7.876083374 -0.014443853 -0.006470464 0.036174744 0.999220192
4162.694991456 0.358305395 -0.114617117 7.876083374 -0.014443853 -0.006470464 0.036174744 0.999220192
4162.694991456 0.358305395 -0.114617117 7.876083374 -0.014443853 -0.006470464 0.036174744 0.999220192
4162.694991456 0.358305395 -0.114617117 7.876083374 -0.014443853 -0.006470464 0.036174744 0.999220192
4162.694991456 0.358305395 -0.114617117 7.876083374 -0.014443853 -0.006470464 0.036174744 0.999220192
4162.694991456 0.358305395 -0.114617117 7.876083374 -0.014443853 -0.006470464 0.036174744 0.999220192
4162.694991456 0.358305395 -0.114617117 7.876083374 -0.014443853 -0.006470464 0.036174744 0.999220192
4162.694991456 0.358305395 -0.114617117 7.876083374 -0.014443853 -0.006470464 0.036174744 0.999220192
4162.694991456 0.358305395 -0.114617117 7.876083374 -0.014443853 -0.006470464 0.036174744 0.999220192
4162.694991456 0.358305395 -0.114617117 7.876083374 -0.014443853 -0.006470464 0.036174744 0.999220192
4162.694991456 0.358305395 -0.114617117 7.876083374 -0.014443853 -0.006470464 0.036174744 0.999220192
4162.694991456 0.358305395 -0.114617117 7.876083374 -0.014443853 -0.006470464 0.036174744 0.999220192
4162.694991456 0.358305395 -0.114617117 7.876083374 -0.014443853 -0.006470464 0.036174744 0.999220192
4162.694991456 0.358305395 -0.114617117 7.876083374 -0.014443853 -0.006470464 0.036174744 0.999220192
4162.694991456 0.358305395 -0.114617117 7.876083374 -0.014443853 -0.006470464 0.036174744 0.999220192
4162.694991456 0.358305395 -0.114617117 7.876083374 -0.014443853 -0.006470464 0.036174744 0.999220192
4162.694991456 0.358305395 -0.114617117 7.876083374 -0.014443853 -0.006470464 0.036174744 0.999220192
4162.694991456 0.358305395 -0.114617117 7.876083374 -0.014443853 -0.006470464 0.036174744 0.999220192
4162.694991456 0.358305395 -0.114617117 7.876083374 -0.014443853 -0.006470464 0.036174744 0.999220192
4162.694991456 0.358305395 -0.114617117 7.876083374 -0.014443853 -0.006470464 0.036174744 0.999220192
4162.694991456 0.358305395 -0.114617117 7.876083374 -0.014443853 -0.006470464 0.036174744 0.999220192
4162.694991456 0.358305395 -0.114617117 7.876083374 -0.014443853 -0.006470464 0.036174744 0.999220192
4162.694991456 0.358305395 -0.114617117 7.876083374 -0.014443853 -0.006470464 0.036174744 0.999220192
4162.694991456 0.358305395 -0.114617117 7.876083374 -0.014443853 -0.006470464 0.036174744 0.999220192
4162.694991456 0.358305395 -0.114617117 7.876083374 -0.014443853 -0.006470464 0.036174744 0.999220192
4162.694991456 0.358305395 -0.114617117 7.876083374 -0.014443853 -0.006470464 0.036174744 0.999220192
4162.694991456 0.358305395 -0.114617117 7.876083374 -0.014443853 -0.006470464 0.036174744 0.999220192
4162.694991456 0.358305395 -0.114617117 7.876083374 -0.014443853 -0.006470464 0.036174744 0.999220192
4162.694991456 0.358305395 -0.114617117 7.876083374 -0.014443853 -0.006470464 0.036174744 0.999220192
4162.694991456 0.358305395 -0.114617117 7.876083374 -0.014443853 -0.006470464 0.036174744 0.999220192
4162.694991456 0.358305395 -0.114617117 7.876083374 -0.014443853 -0.006470464 0.036174744 0.999220192
4162.694991456 0.358305395 -0.114617117 7.876083374 -0.014443853 -0.006470464 0.036174744 0.999220192
4162.694991456 0.358305395 -0.114617117 7.876083374 -0.014443853 -0.006470464 0.036174744 0.999220192
4162.694991456 0.358305395 -0.114617117 7.876083374 -0.014443853 -0.006470464 0.036174744 0.999220192
4162.694991456 0.358305395 -0.114617117 7.876083374 -0.014443853 -0.006470464 0.036174744 0.999220192
4162.694991456 0.358305395 -0.114617117 7.876083374 -0.014443853 -0.006470464 0.036174744 0.999220192
4162.694991456 0.358305395 -0.114617117 7.876083374 -0.014443853 -0.006470464 0.036174744 0.999220192
4162.694991456 0.358305395 -0.114617117 7.876083374 -0.014443853 -0.006470464 0.036174744 0.999220192
4162.694991456 0.358305395 -0.114617117 7.876083374 -0.014443853 -0.006470464 0.036174744 0.999220192
4162.694991456 0.358305395 -0.114617117 7.876083374 -0.014443853 -0.006470464 0.036174744 0.999220192
4162.694991456 0.358305395 -0.114617117 7.876083374 -0.014443853 -0.006470464 0.036174744 0.999220192
4162.694991456 0.358305395 -0.114617117 7.876083374 -0.014443853 -0.006470464 0.036174744 0.999220192
4162.694991456 0.358305395 -0.114617117 7.876083374 -0.014443853 -0.006470464 0.036174744 0.999220192
4162.694991456 0.358305395 -0.114617117 7.876083374 -0.014443853 -0.006470464 0.036174744 0.999220192
4162.694991456 0.358305395 -0.114617117 7.876083374 -0.014443853 -0.006470464 0.036174744 0.999220192
4162.694991456 0.358305395 -0.114617117 7.876083374 -0.014443853 -0.006470464 0.036174744 0.999220192
4162.694991456 0.358305395 -0.114617117 7.876083374 -0.014443853 -0.006470464 0.036174744 0.999220192
4162.694991456 0.358305395 -0.114617117 7.876083374 -0.014443853 -0.006470464 0.036174744 0.999220192
4162.694991456 0.358305395 -0.114617117 7.876083374 -0.014443853 -0.006470464 0.036174744 0.999220192
4162.694991456 0.358305395 -0.114617117 7.876083374 -0.014443853 -0.006470464 0.036174744 0.999220192
4162.694991456 0.358305395 -0.114617117 7.876083374 -0.014443853 -0.006470464 0.036174744 0.999220192
4162.694991456 0.358305395 -0.114617117 7.876083374 -0.014443853 -0.006470464 0.036174744 0.999220192
4162.694991456 0.358305395 -0.114617117 7.876083374 -0.014443853 -0.006470464 0.036174744 0.999220192
4162.694991456 0.358305395 -0.114617117 7.876083374 -0.014443853 -0.006470464 0.036174744 0.999220192
4162.694991456 0.358305395 -0.114617117 7.876083374 -0.014443853 -0.006470464 0.036174744 0.999220192
4162.694991456 0.358305395 -0.114617117 7.876083374 -0.014443853 -0.006470464 0.036174744 0.999220192
4162.694991456 0.358305395 -0.114617117 7.876083374 -0.014443853 -0.006470464 0.036174744 0.999220192
4162.694991456 0.358305395 -0.114617117 7.876083374 -0.014443853 -0.006470464 0.036174744 0.999220192
4162.694991456 0.358305395 -0.114617117 7.876083374 -0.014443853 -0.006470464 0.036174744 0.999220192
4162.694991456 0.358305395 -0.114617117 7.876083374 -0.014443853 -0.006470464 0.036174744 0.999220192
4162.694991456 0.358305395 -0.114617117 7.876083374 -0.014443853 -0.006470464 0.036174744 0.999220192
4162.694991456 0.358305395 -0.114617117 7.876083374 -0.014443853 -0.006470464 0.036174744 0.999220192
4162.694991456 0.358305395 -0.114617117 7.876083374 -0.014443853 -0.006470464 0.036174744 0.999220192
4162.694991456 0.358305395 -0.114617117 7.876083374 -0.014443853 -0.006470464 0.036174744 0.999220192
4162.694991456 0.358305395 -0.114617117 7.876083374 -0.014443853 -0.006470464 0.036174744 0.999220192
4162.694991456 0.358305395 -0.114617117 7.876083374 -0.014443853 -0.006470464 0.036174744 0.999220192
4162.694991456 0.358305395 -0.114617117 7.876083374 -0.014443853 -0.006470464 0.036174744 0.999220192
4162.694991456 0.358305395 -0.114617117 7.876083374 -0.014443853 -0.006470464 0.036174744 0.999220192
4162.694991456 0.358305395 -0.114617117 7.876083374 -0.014443853 -0.006470464 0.036174744 0.999220192
4162.694991456 0.358305395 -0.114617117 7.876083374 -0.014443853 -0.006470464 0.036174744 0.999220192
4162.694991456 0.358305395 -0.114617117 7.876083374 -0.014443853 -0.006470464 0.036174744 0.999220192
4162.694991456 0.358305395 -0.114617117 7.876083374 -0.014443853 -0.006470464 0.036174744 0.999220192
4162.694991456 0.358305395 -0.114617117 7.876083374 -0.014443853 -0.006470464 0.036174744 0.999220192
4162.694991456 0.358305395 -0.114617117 7.876083374 -0.014443853 -0.006470464 0.036174744 0.999220192
4162.694991456 0.358305395 -0.114617117 7.876083374 -0.014443853 -0.006470464 0.036174744 0.999220192
4162.694991456 0.358305395 -0.114617117 7.876083374 -0.014443853 -0.006470464 0.036174744 0.999220192
4162.694991456 0.358305395 -0.114617117 7.876083374 -0.014443853 -0.006470464 0.036174744 0.999220192
4162.694991456 0.358305395 -0.114617117 7.876083374 -0.014443853 -0.006470464 0.036174744 0.999220192
4162.694991456 0.358305395 -0.114617117 7.876083374 -0.014443853 -0.006470464 0.036174744 0.999220192
4162.694991456 0.358305395 -0.114617117 7.876083374 -0.014443853 -0.006470464 0.036174744 0.999220192
4162.694991456 0.358305395 -0.114617117 7.876083374 -0.014443853 -0.006470464 0.036174744 0.999220192
4162.694991456 0.358305395 -0.114617117 7.876083374 -0.014443853 -0.006470464 0.036174744 0.999220192
4162.694991456 0.358305395 -0.114617117 7.876083374 -0.014443853 -0.006470464 0.036174744 0.999220192
4162.694991456 0.358305395 -0.114617117 7.876083374 -0.014443853 -0.006470464 0.036174744 0.999220192
4162.694991456 0.358305395 -0.114617117 7.876083374 -0.014443853 -0.006470464 0.036174744 0.999220192
4162.694991456 0.358305395 -0.114617117 7.876083374 -0.014443853 -0.006470464 0.036174744 0.999220192
4162.694991456 0.358305395 -0.114617117 7.876083374 -0.014443853 -0.006470464 0.036174744 0.999220192
4162.694991456 0.358305395 -0.114617117 7.876083374 -0.014443853 -0.006470464 0.036174744 0.999220192
4162.694991456 0.358305395 -0.114617117 7.876083374 -0.014443853 -0.006470464 0.036174744 0.999220192
4162.694991456 0.358305395 -0.114617117 7.876083374 -0.014443853 -0.006470464 0.036174744 0.999220192
4162.694991456 0.358305395 -0.114617117 7.876083374 -0.014443853 -0.006470464 0.036174744 0.999220192
4162.694991456 0.358305395 -0.114617117 7.876083374 -0.014443853 -0.006470464 0.036174744 0.999220192
4162.694991456 0.358305395 -0.114617117 7.876083374 -0.014443853 -0.006470464 0.036174744 0.999220192
