4234.015146432 0.000000000 0.000000000 0.000000000 -0.000000000 -0.000000000 -0.000000000 1.000000000
4234.060433408 0.000094571 -0.000022817 -0.000159046 0.000033439 -0.000083218 0.000152203 1.000000000
4234.103680960 0.001619869 -0.000887643 0.003578039 0.002973731 0.000596743 0.003008648 0.999990880
4234.176488512 0.005230795 -0.001460405 0.030299541 0.004812120 -0.000356354 0.007148263 0.999962807
4234.218385536 0.008104011 -0.000952921 0.055391051 0.005765164 -0.001271925 0.009359309 0.999938786
4234.264742400 0.005740962 0.001021738 0.094331652 0.007536055 -0.004800130 0.001657073 0.999958694
4234.308848512 0.004250040 -0.001299764 0.144653574 0.006596414 -0.004534101 -0.002215249 0.999965549
4234.359542432 0.006020348 -0.005404331 0.204142749 0.007323600 -0.002554262 -0.001097470 0.999969363
4234.401013088 0.009037631 -0.008057210 0.270838648 0.008989110 -0.000802265 -0.000184380 0.999959290
4234.444616640 0.012600329 -0.012021173 0.346525967 0.006830727 -0.001852472 0.002055757 0.999972820
4234.496989504 0.028775869 -0.024164474 0.413546562 0.015391679 -0.001869339 0.000317019 0.999879777
4234.544867072 0.025768423 -0.024524389 0.503808141 0.004911573 -0.001609656 0.006688121 0.999964297
4234.587898176 0.029769162 -0.030427583 0.595250607 0.020404993 -0.003935548 0.007806778 0.999753594
4234.626435808 0.028378319 -0.029530654 0.687156260 0.013358860 -0.003573515 -0.000487436 0.999904275
4234.676117984 0.029807668 -0.017988149 0.779652476 0.009522660 -0.003565977 -0.009948822 0.999898851
4234.749812992 0.029983424 -0.044977382 0.979695916 0.006571974 -0.003755495 -0.005556243 0.999955893
4234.789160192 0.033402544 -0.051806569 1.077678323 0.010818238 -0.006145480 -0.000799013 0.999922276
4234.832132448 0.035236873 -0.057621356 1.185623407 0.007409972 -0.006526754 -0.002261767 0.999948740
4234.876363552 0.034906968 -0.061969887 1.292474151 0.004866353 -0.006391386 -0.007526967 0.999939442
4234.919387552 0.035649896 -0.069085836 1.418518305 0.002064503 -0.007473478 -0.009770577 0.999922276
4234.965759072 0.043078192 -0.084291369 1.540746570 0.004596976 -0.009196371 -0.008634861 0.999909878
4235.000867200 0.042615648 -0.080521926 1.640758991 0.012068099 -0.008070876 -0.005974684 0.999876797
4235.046369056 0.046027824 -0.083585382 1.768094420 0.004787600 -0.007351459 -0.006039961 0.999943256
4235.091861056 0.030306362 -0.092116468 1.850227714 0.001408477 -0.004813571 -0.005057387 0.999974668
4235.140177248 0.050073463 -0.098173223 2.016979933 0.012830216 -0.007117531 -0.008273182 0.999858141
4235.177105248 0.055272430 -0.099308990 2.144464731 0.003005522 -0.005906335 -0.003001634 0.999973536
4235.247644736 0.067063764 -0.115071334 2.176377773 -0.006917612 -0.003726003 0.006828255 0.999945819
4235.289441536 0.038595106 -0.088214375 2.309196472 -0.012056455 0.001580761 0.008126057 0.999893069
4235.329291328 0.068680406 -0.117373675 2.592269182 0.000294697 0.010569611 -0.013808386 0.999848783
4235.391776768 0.080238558 -0.124445215 2.783441305 -0.001538540 0.015046303 -0.012602881 0.999806225
4235.428675648 0.086246312 -0.125910982 2.895011425 -0.002733242 0.015427079 -0.016401924 0.999742746
4235.479287872 0.097598694 -0.129572392 3.028664827 0.002251436 0.013262651 -0.010684436 0.999852479
4235.521357984 0.117059462 -0.117475100 3.150865078 0.007018607 0.006963075 -0.005208821 0.999937594
4235.562568800 0.123404264 -0.129947692 3.273535490 0.005017630 0.005916997 0.003298358 0.999964476
4235.607634592 0.119337074 -0.146540746 3.396068811 0.002582133 0.008167009 -0.002949520 0.999958992
4235.656984800 0.137866244 -0.153001413 3.552987576 0.005177167 0.013021701 0.006519436 0.999880552
4235.698155008 0.150224864 -0.158519164 3.694860697 0.005415933 0.016962476 0.012306355 0.999765754
4235.761483616 0.165381446 -0.166266382 3.905612946 0.009661918 0.019750595 0.013487665 0.999667287
4235.797564192 0.200534821 -0.155844122 4.083600998 0.011050761 0.020702962 0.010901541 0.999665141
4235.852370080 0.192731962 -0.178044602 4.193962097 0.005816987 0.017646074 0.017324626 0.999677300
4235.852370080 0.192731962 -0.178044602 4.193962097 0.005816987 0.017646074 0.017324626 0.999677300
4235.936873696 0.187015951 -0.171504512 4.402875900 -0.007456476 0.020406116 -0.006203633 0.999744773
4235.974790208 0.199030697 -0.175699025 4.538243771 -0.004419771 0.018292625 0.000230289 0.999822855
4236.023374528 0.206331521 -0.177287519 4.696619034 -0.008368053 0.015943255 -0.005223783 0.999824226
4236.066935136 0.213316515 -0.180158973 4.844744682 -0.007399344 0.013826808 -0.008338220 0.999842286
4236.109943424 0.217821807 -0.184799448 4.980041504 -0.000737328 0.012092083 -0.015736509 0.999802828
4236.175146848 0.198510751 -0.183156177 5.257057190 0.002597636 0.011340523 -0.019624431 0.999739766
4236.221646688 0.184581429 -0.162023768 5.477483273 0.006326246 0.009570255 -0.010231454 0.999881923
4236.262214208 0.183066711 -0.183633178 5.534046650 -0.004963413 0.013398513 -0.024215430 0.999604702
4236.299336192 0.212995097 -0.152329236 5.370107651 0.013731103 0.014722649 -0.019081006 0.999615312
4236.339324832 0.216009200 -0.190331101 5.879122734 0.015750991 0.015284775 -0.026910553 0.999396920
4236.392310784 0.267049223 -0.188509107 5.898619175 0.003243356 0.015027751 -0.015651762 0.999759316
4236.436602240 0.199850619 -0.185197353 6.231563091 0.018825287 0.021154502 -0.017354701 0.999448359
4236.508615744 0.855001867 -0.601938367 8.477077484 0.031368494 0.019478295 -0.014112599 0.999218464
4236.545570240 0.342604488 -0.279677868 6.607477665 0.006164295 0.018375235 0.007238265 0.999786019
4236.545570240 0.342604488 -0.279677868 6.607477665 0.006164295 0.018375235 0.007238265 0.999786019
4236.545570240 0.342604488 -0.279677868 6.607477665 0.006164295 0.018375235 0.007238265 0.999786019
4236.545570240 0.342604488 -0.279677868 6.607477665 0.006164295 0.018375235 0.007238265 0.999786019
4236.545570240 0.342604488 -0.279677868 6.607477665 0.006164295 0.018375235 0.007238265 0.999786019
4236.790691872 0.387162119 -0.348712474 7.672701359 0.007363597 0.036572158 0.018876798 0.999125600
4236.790691872 0.387162119 -0.348712474 7.672701359 0.007363597 0.036572158 0.018876798 0.999125600
4236.790691872 0.387162119 -0.348712474 7.672701359 0.007363597 0.036572158 0.018876798 0.999125600
4236.790691872 0.387162119 -0.348712474 7.672701359 0.007363597 0.036572158 0.018876798 0.999125600
4236.790691872 0.387162119 -0.348712474 7.672701359 0.007363597 0.036572158 0.018876798 0.999125600
4236.790691872 0.387162119 -0.348712474 7.672701359 0.007363597 0.036572158 0.018876798 0.999125600
4237.036352896 0.497515351 -0.296339929 8.211041451 0.004340132 0.037161052 0.011491968 0.999233842
4237.036352896 0.497515351 -0.296339929 8.211041451 0.004340132 0.037161052 0.011491968 0.999233842
4237.036352896 0.497515351 -0.296339929 8.211041451 0.004340132 0.037161052 0.011491968 0.999233842
4237.036352896 0.497515351 -0.296339929 8.211041451 0.004340132 0.037161052 0.011491968 0.999233842
4237.036352896 0.497515351 -0.296339929 8.211041451 0.004340132 0.037161052 0.011491968 0.999233842
4237.036352896 0.497515351 -0.296339929 8.211041451 0.004340132 0.037161052 0.011491968 0.999233842
4237.036352896 0.497515351 -0.296339929 8.211041451 0.004340132 0.037161052 0.011491968 0.999233842
4237.036352896 0.497515351 -0.296339929 8.211041451 0.004340132 0.037161052 0.011491968 0.999233842
4237.036352896 0.497515351 -0.296339929 8.211041451 0.004340132 0.037161052 0.011491968 0.999233842
4237.036352896 0.497515351 -0.296339929 8.211041451 0.004340132 0.037161052 0.011491968 0.999233842
4237.036352896 0.497515351 -0.296339929 8.211041451 0.004340132 0.037161052 0.011491968 0.999233842
4237.036352896 0.497515351 -0.296339929 8.211041451 0.004340132 0.037161052 0.011491968 0.999233842
4237.036352896 0.497515351 -0.296339929 8.211041451 0.004340132 0.037161052 0.011491968 0.999233842
4237.036352896 0.497515351 -0.296339929 8.211041451 0.004340132 0.037161052 0.011491968 0.999233842
4237.036352896 0.497515351 -0.296339929 8.211041451 0.004340132 0.037161052 0.011491968 0.999233842
4237.036352896 0.497515351 -0.296339929 8.211041451 0.004340132 0.037161052 0.011491968 0.999233842
4237.036352896 0.497515351 -0.296339929 8.211041451 0.004340132 0.037161052 0.011491968 0.999233842
4237.036352896 0.497515351 -0.296339929 8.211041451 0.004340132 0.037161052 0.011491968 0.999233842
4237.036352896 0.497515351 -0.296339929 8.211041451 0.004340132 0.037161052 0.011491968 0.999233842
4237.036352896 0.497515351 -0.296339929 8.211041451 0.004340132 0.037161052 0.011491968 0.999233842
4237.036352896 0.497515351 -0.296339929 8.211041451 0.004340132 0.037161052 0.011491968 0.999233842
4237.036352896 0.497515351 -0.296339929 8.211041451 0.004340132 0.037161052 0.011491968 0.999233842
4237.036352896 0.497515351 -0.296339929 8.211041451 0.004340132 0.037161052 0.011491968 0.999233842
4237.036352896 0.497515351 -0.296339929 8.211041451 0.004340132 0.037161052 0.011491968 0.999233842
4237.036352896 0.497515351 -0.296339929 8.211041451 0.004340132 0.037161052 0.011491968 0.999233842
4237.036352896 0.497515351 -0.296339929 8.211041451 0.004340132 0.037161052 0.011491968 0.999233842
4237.036352896 0.497515351 -0.296339929 8.211041451 0.004340132 0.037161052 0.011491968 0.999233842
4237.036352896 0.497515351 -0.296339929 8.211041451 0.004340132 0.037161052 0.011491968 0.999233842
4237.036352896 0.497515351 -0.296339929 8.211041451 0.004340132 0.037161052 0.011491968 0.999233842
4237.036352896 0.497515351 -0.296339929 8.211041451 0.004340132 0.037161052 0.011491968 0.999233842
4237.036352896 0.497515351 -0.296339929 8.211041451 0.004340132 0.037161052 0.011491968 0.999233842
4237.036352896 0.497515351 -0.296339929 8.211041451 0.004340132 0.037161052 0.011491968 0.999233842
4237.036352896 0.497515351 -0.296339929 8.211041451 0.004340132 0.037161052 0.011491968 0.999233842
4237.036352896 0.497515351 -0.296339929 8.211041451 0.004340132 0.037161052 0.011491968 0.999233842
4237.036352896 0.497515351 -0.296339929 8.211041451 0.004340132 0.037161052 0.011491968 0.999233842
4237.036352896 0.497515351 -0.296339929 8.211041451 0.004340132 0.037161052 0.011491968 0.999233842
4237.036352896 0.497515351 -0.296339929 8.211041451 0.004340132 0.037161052 0.011491968 0.999233842
4237.036352896 0.497515351 -0.296339929 8.211041451 0.004340132 0.037161052 0.011491968 0.999233842
4237.036352896 0.497515351 -0.296339929 8.211041451 0.004340132 0.037161052 0.011491968 0.999233842
4237.036352896 0.497515351 -0.296339929 8.211041451 0.004340132 0.037161052 0.011491968 0.999233842
4237.036352896 0.497515351 -0.296339929 8.211041451 0.004340132 0.037161052 0.011491968 0.999233842
4237.036352896 0.497515351 -0.296339929 8.211041451 0.004340132 0.037161052 0.011491968 0.999233842
4237.036352896 0.497515351 -0.296339929 8.211041451 0.004340132 0.037161052 0.011491968 0.999233842
4237.036352896 0.497515351 -0.296339929 8.211041451 0.004340132 0.037161052 0.011491968 0.999233842
4237.036352896 0.497515351 -0.296339929 8.211041451 0.004340132 0.037161052 0.011491968 0.999233842
4237.036352896 0.497515351 -0.296339929 8.211041451 0.004340132 0.037161052 0.011491968 0.999233842
4237.036352896 0.497515351 -0.296339929 8.211041451 0.004340132 0.037161052 0.011491968 0.999233842
4237.036352896 0.497515351 -0.296339929 8.211041451 0.004340132 0.037161052 0.011491968 0.999233842
4237.036352896 0.497515351 -0.296339929 8.211041451 0.004340132 0.037161052 0.011491968 0.999233842
4237.036352896 0.497515351 -0.296339929 8.211041451 0.004340132 0.037161052 0.011491968 0.999233842
4237.036352896 0.497515351 -0.296339929 8.211041451 0.004340132 0.037161052 0.011491968 0.999233842
4237.036352896 0.497515351 -0.296339929 8.211041451 0.004340132 0.037161052 0.011491968 0.999233842
4237.036352896 0.497515351 -0.296339929 8.211041451 0.004340132 0.037161052 0.011491968 0.999233842
4237.036352896 0.497515351 -0.296339929 8.211041451 0.004340132 0.037161052 0.011491968 0.999233842
4237.036352896 0.497515351 -0.296339929 8.211041451 0.004340132 0.037161052 0.011491968 0.999233842
4237.036352896 0.497515351 -0.296339929 8.211041451 0.004340132 0.037161052 0.011491968 0.999233842
4237.036352896 0.497515351 -0.296339929 8.211041451 0.004340132 0.037161052 0.011491968 0.999233842
4237.036352896 0.497515351 -0.296339929 8.211041451 0.004340132 0.037161052 0.011491968 0.999233842
4237.036352896 0.497515351 -0.296339929 8.211041451 0.004340132 0.037161052 0.011491968 0.999233842
4237.036352896 0.497515351 -0.296339929 8.211041451 0.004340132 0.037161052 0.011491968 0.999233842
4237.036352896 0.497515351 -0.296339929 8.211041451 0.004340132 0.037161052 0.011491968 0.999233842
4237.036352896 0.497515351 -0.296339929 8.211041451 0.004340132 0.037161052 0.011491968 0.999233842
4237.036352896 0.497515351 -0.296339929 8.211041451 0.004340132 0.037161052 0.011491968 0.999233842
4237.036352896 0.497515351 -0.296339929 8.211041451 0.004340132 0.037161052 0.011491968 0.999233842
4237.036352896 0.497515351 -0.296339929 8.211041451 0.004340132 0.037161052 0.011491968 0.999233842
4237.036352896 0.497515351 -0.296339929 8.211041451 0.004340132 0.037161052 0.011491968 0.999233842
4237.036352896 0.497515351 -0.296339929 8.211041451 0.004340132 0.037161052 0.011491968 0.999233842
4237.036352896 0.497515351 -0.296339929 8.211041451 0.004340132 0.037161052 0.011491968 0.999233842
4237.036352896 0.497515351 -0.296339929 8.211041451 0.004340132 0.037161052 0.011491968 0.999233842
4237.036352896 0.497515351 -0.296339929 8.211041451 0.004340132 0.037161052 0.011491968 0.999233842
4237.036352896 0.497515351 -0.296339929 8.211041451 0.004340132 0.037161052 0.011491968 0.999233842
4237.036352896 0.497515351 -0.296339929 8.211041451 0.004340132 0.037161052 0.011491968 0.999233842
4237.036352896 0.497515351 -0.296339929 8.211041451 0.004340132 0.037161052 0.011491968 0.999233842
4237.036352896 0.497515351 -0.296339929 8.211041451 0.004340132 0.037161052 0.011491968 0.999233842
4237.036352896 0.497515351 -0.296339929 8.211041451 0.004340132 0.037161052 0.011491968 0.999233842
4237.036352896 0.497515351 -0.296339929 8.211041451 0.004340132 0.037161052 0.011491968 0.999233842
4237.036352896 0.497515351 -0.296339929 8.211041451 0.004340132 0.037161052 0.011491968 0.999233842
4237.036352896 0.497515351 -0.296339929 8.211041451 0.004340132 0.037161052 0.011491968 0.999233842
4237.036352896 0.497515351 -0.296339929 8.211041451 0.004340132 0.037161052 0.011491968 0.999233842
4237.036352896 0.497515351 -0.296339929 8.211041451 0.004340132 0.037161052 0.011491968 0.999233842
4237.036352896 0.497515351 -0.296339929 8.211041451 0.004340132 0.037161052 0.011491968 0.999233842
4237.036352896 0.497515351 -0.296339929 8.211041451 0.004340132 0.037161052 0.011491968 0.999233842
4237.036352896 0.497515351 -0.296339929 8.211041451 0.004340132 0.037161052 0.011491968 0.999233842
4237.036352896 0.497515351 -0.296339929 8.211041451 0.004340132 0.037161052 0.011491968 0.999233842
4237.036352896 0.497515351 -0.296339929 8.211041451 0.004340132 0.037161052 0.011491968 0.999233842
4237.036352896 0.497515351 -0.296339929 8.211041451 0.004340132 0.037161052 0.011491968 0.999233842
4237.036352896 0.497515351 -0.296339929 8.211041451 0.004340132 0.037161052 0.011491968 0.999233842
4237.036352896 0.497515351 -0.296339929 8.211041451 0.004340132 0.037161052 0.011491968 0.999233842
4237.036352896 0.497515351 -0.296339929 8.211041451 0.004340132 0.037161052 0.011491968 0.999233842
4237.036352896 0.497515351 -0.296339929 8.211041451 0.004340132 0.037161052 0.011491968 0.999233842
4237.036352896 0.497515351 -0.296339929 8.211041451 0.004340132 0.037161052 0.011491968 0.999233842
4237.036352896 0.497515351 -0.296339929 8.211041451 0.004340132 0.037161052 0.011491968 0.999233842
4237.036352896 0.497515351 -0.296339929 8.211041451 0.004340132 0.037161052 0.011491968 0.999233842
4237.036352896 0.497515351 -0.296339929 8.211041451 0.004340132 0.037161052 0.011491968 0.999233842
4237.036352896 0.497515351 -0.296339929 8.211041451 0.004340132 0.037161052 0.011491968 0.999233842
4237.036352896 0.497515351 -0.296339929 8.211041451 0.004340132 0.037161052 0.011491968 0.999233842
4237.036352896 0.497515351 -0.296339929 8.211041451 0.004340132 0.037161052 0.011491968 0.999233842
4237.036352896 0.497515351 -0.296339929 8.211041451 0.004340132 0.037161052 0.011491968 0.999233842
4237.036352896 0.497515351 -0.296339929 8.211041451 0.004340132 0.037161052 0.011491968 0.999233842
4237.036352896 0.497515351 -0.296339929 8.211041451 0.004340132 0.037161052 0.011491968 0.999233842
4237.036352896 0.497515351 -0.296339929 8.211041451 0.004340132 0.037161052 0.011491968 0.999233842
4237.036352896 0.497515351 -0.296339929 8.211041451 0.004340132 0.037161052 0.011491968 0.999233842
4237.036352896 0.497515351 -0.296339929 8.211041451 0.004340132 0.037161052 0.011491968 0.999233842
4237.036352896 0.497515351 -0.296339929 8.211041451 0.004340132 0.037161052 0.011491968 0.999233842
4237.036352896 0.497515351 -0.296339929 8.211041451 0.004340132 0.037161052 0.011491968 0.999233842
4237.036352896 0.497515351 -0.296339929 8.211041451 0.004340132 0.037161052 0.011491968 0.999233842
4237.036352896 0.497515351 -0.296339929 8.211041451 0.004340132 0.037161052 0.011491968 0.999233842
4237.036352896 0.497515351 -0.296339929 8.211041451 0.004340132 0.037161052 0.011491968 0.999233842
4237.036352896 0.497515351 -0.296339929 8.211041451 0.004340132 0.037161052 0.011491968 0.999233842
4237.036352896 0.497515351 -0.296339929 8.211041451 0.004340132 0.037161052 0.011491968 0.999233842
4237.036352896 0.497515351 -0.296339929 8.211041451 0.004340132 0.037161052 0.011491968 0.999233842
4237.036352896 0.497515351 -0.296339929 8.211041451 0.004340132 0.037161052 0.011491968 0.999233842
4237.036352896 0.497515351 -0.296339929 8.211041451 0.004340132 0.037161052 0.011491968 0.999233842
4237.036352896 0.497515351 -0.296339929 8.211041451 0.004340132 0.037161052 0.011491968 0.999233842
4237.036352896 0.497515351 -0.296339929 8.211041451 0.004340132 0.037161052 0.011491968 0.999233842
4237.036352896 0.497515351 -0.296339929 8.211041451 0.004340132 0.037161052 0.011491968 0.999233842
4237.036352896 0.497515351 -0.296339929 8.211041451 0.004340132 0.037161052 0.011491968 0.999233842
4237.036352896 0.497515351 -0.296339929 8.211041451 0.004340132 0.037161052 0.011491968 0.999233842
4237.036352896 0.497515351 -0.296339929 8.211041451 0.004340132 0.037161052 0.011491968 0.999233842
4237.036352896 0.497515351 -0.296339929 8.211041451 0.004340132 0.037161052 0.011491968 0.999233842
4237.036352896 0.497515351 -0.296339929 8.211041451 0.004340132 0.037161052 0.011491968 0.999233842
4237.036352896 0.497515351 -0.296339929 8.211041451 0.004340132 0.037161052 0.011491968 0.999233842
