2433.386251264 0.000000000 0.000000000 0.000000000 -0.000000000 -0.000000000 -0.000000000 1.000000000
2433.511793824 0.103003882 -0.027370350 0.321447253 -0.002878054 -0.005304495 -0.000817654 0.999981463
2433.637042784 0.222484902 -0.037375055 0.624371231 -0.005907065 -0.011932840 0.002161622 0.999909043
2433.761885632 0.281381369 -0.114878863 1.027508497 -0.012804536 -0.007330909 -0.004061095 0.999882936
2433.884971168 0.304144502 -0.096379623 1.501924872 -0.060675010 0.011260555 -0.009874524 0.998045266
2434.011242880 0.379218727 -0.087156378 1.926976204 -0.040590324 0.045434445 -0.009352434 0.998098552
2434.137242176 0.866697013 -0.518261373 1.838486075 -0.027350746 0.076367550 -0.017027495 0.996559143
2434.260258080 0.660650432 -0.087457672 2.670893669 -0.078733660 0.100309834 -0.014423818 0.991731286
2434.384681824 0.799357772 -0.081719115 3.120240450 0.001152790 0.136241153 -0.014823186 0.990564108
2434.510208416 0.976146102 -0.092754707 3.550549269 0.017273271 0.174547493 -0.000450659 0.984497190
2434.636597248 1.170406699 -0.136137560 3.934571505 0.031421918 0.211424947 0.013815419 0.976791322
2434.759970048 1.389315844 -0.134749711 4.403401375 -0.020024365 0.257602930 0.013363367 0.965950966
2434.883822112 1.628346682 -0.132512480 4.799742699 -0.013271212 0.264680982 0.016381590 0.964105606
2435.009597760 1.855499148 -0.135028288 5.163088799 -0.020116080 0.265408665 0.012908121 0.963839769
2435.136630208 2.079590559 -0.127363890 5.518470287 0.002665677 0.275785595 0.014119648 0.961111784
2435.259618656 2.316395998 -0.176036119 5.832876205 -0.017893113 0.278329074 0.016621679 0.960175276
2435.382885504 2.786568403 -0.141291171 6.221904278 -0.037207030 0.274178028 0.015361045 0.960836112
2435.508099744 3.108756065 -0.325506419 6.692501068 -0.024493475 0.276189953 0.008437821 0.960753918
2435.633677088 3.037454128 -0.190222934 6.770155907 -0.026793387 0.277226150 0.008648522 0.960392118
2435.758057760 3.287125826 -0.415213466 7.350292683 -0.017913416 0.274324447 0.008352193 0.961434066
2435.882400096 3.595190287 -0.345802635 7.851155758 -0.021862060 0.280117452 0.017471876 0.959557772
2436.007665376 4.724728584 0.073384106 8.430343628 -0.013962748 0.275616884 0.012792202 0.961081028
2436.133961024 4.318426609 -0.193246365 8.664267540 -0.023563251 0.284854203 0.015987167 0.958147883
2436.258016224 4.604134560 -0.190281823 9.077021599 -0.018306648 0.278333008 -0.001463953 0.960309088
2436.383189728 4.836417675 -0.172988623 9.448544502 -0.018330235 0.260459542 -0.002892044 0.965306461
2436.507926432 5.036889076 -0.157637298 9.819626808 -0.019786332 0.244175866 -0.006090201 0.969509959
2436.634020640 5.226833820 -0.140597910 10.200426102 -0.021230493 0.227792516 -0.009121508 0.973435581
2436.758133472 5.549852371 -0.151218057 10.574228287 -0.011872843 0.270707637 0.025075074 0.962261796
2436.882544448 5.709022999 -0.142416939 10.862519264 -0.031730324 0.268490314 0.005572766 0.962743521
2437.007635936 6.169443607 0.132383525 10.977889061 -0.050245222 0.266166776 -0.024016296 0.962316990
2437.007635936 6.169443607 0.132383525 10.977889061 -0.050245222 0.266166776 -0.024016296 0.962316990
2437.007635936 6.169443607 0.132383525 10.977889061 -0.050245222 0.266166776 -0.024016296 0.962316990
2437.007635936 6.169443607 0.132383525 10.977889061 -0.050245222 0.266166776 -0.024016296 0.962316990
2437.007635936 6.169443607 0.132383525 10.977889061 -0.050245222 0.266166776 -0.024016296 0.962316990
2437.007635936 6.169443607 0.132383525 10.977889061 -0.050245222 0.266166776 -0.024016296 0.962316990
2437.007635936 6.169443607 0.132383525 10.977889061 -0.050245222 0.266166776 -0.024016296 0.962316990
2437.007635936 6.169443607 0.132383525 10.977889061 -0.050245222 0.266166776 -0.024016296 0.962316990
2437.007635936 6.169443607 0.132383525 10.977889061 -0.050245222 0.266166776 -0.024016296 0.962316990
2437.007635936 6.169443607 0.132383525 10.977889061 -0.050245222 0.266166776 -0.024016296 0.962316990
2437.007635936 6.169443607 0.132383525 10.977889061 -0.050245222 0.266166776 -0.024016296 0.962316990
2438.382348800 6.802235126 -0.350758553 12.169969559 -0.031463485 0.340439975 -0.004300680 0.939729929
2438.507887584 7.375660419 -0.103414364 13.312514305 -0.025560608 0.334529728 0.001643996 0.942037106
2438.634832992 8.255849838 -0.679871798 14.291862488 -0.032818098 0.330470234 -0.000540912 0.943245590
2438.758021120 8.277777672 -0.702144384 14.554569244 -0.038014270 0.336232513 -0.000144350 0.941011488
2438.882419392 8.184040070 -0.661778927 14.794412613 -0.038952716 0.340341449 0.000971658 0.939494252
2439.007959456 8.225910187 -0.548850596 14.811475754 -0.036951501 0.340422869 0.002482302 0.939542830
2439.134381536 8.082735062 -0.370128214 14.803087234 -0.034231111 0.342148364 -0.000550808 0.939022064
2439.258345472 7.910772800 -0.304333121 14.672142982 -0.033430412 0.344168067 -0.002267184 0.938310027
2439.382863808 7.703379154 -0.323592633 14.459023476 -0.033804573 0.345903605 -0.002346678 0.937657952
