3563.718183072 0.000000000 0.000000000 0.000000000 -0.000000000 -0.000000000 -0.000000000 1.000000000
3563.749837408 0.000139590 -0.000990375 0.102701671 -0.008027119 -0.001805215 -0.002723535 0.999962449
3563.781991104 0.000677204 -0.000841727 0.208733186 -0.014969741 -0.003137572 -0.003021741 0.999878466
3563.813949184 -0.013084021 0.001674794 0.315950096 -0.020960029 -0.003606131 -0.000345389 0.999773741
3563.845484192 0.000109339 -0.001675863 0.424727142 -0.025419261 -0.006548719 -0.003232125 0.999650180
3563.876908800 0.000598081 0.000026443 0.526854217 -0.025718253 -0.008322037 -0.001807267 0.999632955
3563.908392096 0.003869277 -0.000340461 0.630120337 -0.019252768 -0.009438016 0.005782153 0.999753475
3563.940149056 0.000755928 -0.012449757 0.735331714 -0.013437967 -0.008167517 0.009516378 0.999831080
3563.971781312 0.005383813 -0.004692526 0.832037270 -0.008435389 -0.005733308 0.007095882 0.999922812
3564.003662496 0.004370756 -0.003412138 0.939006984 -0.010177212 -0.002378269 0.001221509 0.999944687
3564.035379424 0.001799207 -0.001479385 1.045920849 -0.009856476 -0.001152331 -0.004902796 0.999938786
3564.066962496 0.006509319 -0.001149030 1.148443580 -0.010370681 -0.002272870 0.001810439 0.999942005
3564.098401408 0.012287083 0.001227352 1.259204745 -0.020511428 -0.005152411 0.008159248 0.999743104
3564.129851616 0.018055512 0.005371662 1.368213177 -0.030258402 -0.008288974 0.005398562 0.999493182
3564.161363264 0.015265060 0.009976503 1.477281570 -0.040984541 -0.010581737 0.004210252 0.999094903
3564.192756640 0.006610063 0.023474777 1.577846050 -0.049192075 -0.013726400 -0.007887569 0.998663902
3564.224209760 0.001258679 0.028652078 1.692173481 -0.064689353 -0.017740311 -0.010967523 0.997687519
3564.264278176 0.006380490 0.056852758 1.836120725 -0.079142727 -0.022646153 -0.007681060 0.996576488
3564.296028768 0.024327038 0.092515774 1.948641419 -0.092120118 -0.028585764 0.007180218 0.995311677
3564.327643072 -0.000223128 0.075086690 2.045393467 -0.084827073 -0.019685732 -0.003125123 0.996196330
3564.359235232 -0.003963170 0.079321139 2.152588367 -0.084679440 -0.016401041 -0.012437809 0.996195674
3564.391332864 -0.011696028 0.067844443 2.278587580 -0.079035312 -0.012881167 -0.017342901 0.996637702
3564.422751904 -0.022125434 0.090819962 2.386375427 -0.064567730 -0.009604651 -0.013820923 0.997771382
3564.454058624 0.005181966 0.090767317 2.479299068 -0.056178834 -0.011957639 -0.006118307 0.998330355
3564.486587936 0.030872891 0.092025466 2.569283724 -0.047433838 -0.014034186 0.002024128 0.998773813
3564.486587936 0.030872891 0.092025466 2.569283724 -0.047433838 -0.014034186 0.002024128 0.998773813
3564.486587936 0.030872891 0.092025466 2.569283724 -0.047433838 -0.014034186 0.002024128 0.998773813
3564.585620480 -0.001033042 0.084474847 2.946314335 -0.058855720 -0.032914110 -0.004141015 0.997715175
3564.585620480 -0.001033042 0.084474847 2.946314335 -0.058855720 -0.032914110 -0.004141015 0.997715175
3564.585620480 -0.001033042 0.084474847 2.946314335 -0.058855720 -0.032914110 -0.004141015 0.997715175
3564.585620480 -0.001033042 0.084474847 2.946314335 -0.058855720 -0.032914110 -0.004141015 0.997715175
3564.585620480 -0.001033042 0.084474847 2.946314335 -0.058855720 -0.032914110 -0.004141015 0.997715175
3564.585620480 -0.001033042 0.084474847 2.946314335 -0.058855720 -0.032914110 -0.004141015 0.997715175
3564.585620480 -0.001033042 0.084474847 2.946314335 -0.058855720 -0.032914110 -0.004141015 0.997715175
3564.585620480 -0.001033042 0.084474847 2.946314335 -0.058855720 -0.032914110 -0.004141015 0.997715175
3564.585620480 -0.001033042 0.084474847 2.946314335 -0.058855720 -0.032914110 -0.004141015 0.997715175
3564.585620480 -0.001033042 0.084474847 2.946314335 -0.058855720 -0.032914110 -0.004141015 0.997715175
3564.585620480 -0.001033042 0.084474847 2.946314335 -0.058855720 -0.032914110 -0.004141015 0.997715175
3564.585620480 -0.001033042 0.084474847 2.946314335 -0.058855720 -0.032914110 -0.004141015 0.997715175
3564.585620480 -0.001033042 0.084474847 2.946314335 -0.058855720 -0.032914110 -0.004141015 0.997715175
3564.585620480 -0.001033042 0.084474847 2.946314335 -0.058855720 -0.032914110 -0.004141015 0.997715175
3564.585620480 -0.001033042 0.084474847 2.946314335 -0.058855720 -0.032914110 -0.004141015 0.997715175
3564.585620480 -0.001033042 0.084474847 2.946314335 -0.058855720 -0.032914110 -0.004141015 0.997715175
3564.585620480 -0.001033042 0.084474847 2.946314335 -0.058855720 -0.032914110 -0.004141015 0.997715175
3564.585620480 -0.001033042 0.084474847 2.946314335 -0.058855720 -0.032914110 -0.004141015 0.997715175
3564.585620480 -0.001033042 0.084474847 2.946314335 -0.058855720 -0.032914110 -0.004141015 0.997715175
3564.585620480 -0.001033042 0.084474847 2.946314335 -0.058855720 -0.032914110 -0.004141015 0.997715175
3564.585620480 -0.001033042 0.084474847 2.946314335 -0.058855720 -0.032914110 -0.004141015 0.997715175
3564.585620480 -0.001033042 0.084474847 2.946314335 -0.058855720 -0.032914110 -0.004141015 0.997715175
3564.585620480 -0.001033042 0.084474847 2.946314335 -0.058855720 -0.032914110 -0.004141015 0.997715175
3564.585620480 -0.001033042 0.084474847 2.946314335 -0.058855720 -0.032914110 -0.004141015 0.997715175
3564.585620480 -0.001033042 0.084474847 2.946314335 -0.058855720 -0.032914110 -0.004141015 0.997715175
3564.585620480 -0.001033042 0.084474847 2.946314335 -0.058855720 -0.032914110 -0.004141015 0.997715175
3564.585620480 -0.001033042 0.084474847 2.946314335 -0.058855720 -0.032914110 -0.004141015 0.997715175
3564.585620480 -0.001033042 0.084474847 2.946314335 -0.058855720 -0.032914110 -0.004141015 0.997715175
3564.585620480 -0.001033042 0.084474847 2.946314335 -0.058855720 -0.032914110 -0.004141015 0.997715175
3564.585620480 -0.001033042 0.084474847 2.946314335 -0.058855720 -0.032914110 -0.004141015 0.997715175
3564.585620480 -0.001033042 0.084474847 2.946314335 -0.058855720 -0.032914110 -0.004141015 0.997715175
3564.585620480 -0.001033042 0.084474847 2.946314335 -0.058855720 -0.032914110 -0.004141015 0.997715175
3564.585620480 -0.001033042 0.084474847 2.946314335 -0.058855720 -0.032914110 -0.004141015 0.997715175
3564.585620480 -0.001033042 0.084474847 2.946314335 -0.058855720 -0.032914110 -0.004141015 0.997715175
3564.585620480 -0.001033042 0.084474847 2.946314335 -0.058855720 -0.032914110 -0.004141015 0.997715175
3564.585620480 -0.001033042 0.084474847 2.946314335 -0.058855720 -0.032914110 -0.004141015 0.997715175
3564.585620480 -0.001033042 0.084474847 2.946314335 -0.058855720 -0.032914110 -0.004141015 0.997715175
3564.585620480 -0.001033042 0.084474847 2.946314335 -0.058855720 -0.032914110 -0.004141015 0.997715175
3564.585620480 -0.001033042 0.084474847 2.946314335 -0.058855720 -0.032914110 -0.004141015 0.997715175
3564.585620480 -0.001033042 0.084474847 2.946314335 -0.058855720 -0.032914110 -0.004141015 0.997715175
3564.585620480 -0.001033042 0.084474847 2.946314335 -0.058855720 -0.032914110 -0.004141015 0.997715175
3564.585620480 -0.001033042 0.084474847 2.946314335 -0.058855720 -0.032914110 -0.004141015 0.997715175
3564.585620480 -0.001033042 0.084474847 2.946314335 -0.058855720 -0.032914110 -0.004141015 0.997715175
3564.585620480 -0.001033042 0.084474847 2.946314335 -0.058855720 -0.032914110 -0.004141015 0.997715175
3564.585620480 -0.001033042 0.084474847 2.946314335 -0.058855720 -0.032914110 -0.004141015 0.997715175
3564.585620480 -0.001033042 0.084474847 2.946314335 -0.058855720 -0.032914110 -0.004141015 0.997715175
3564.585620480 -0.001033042 0.084474847 2.946314335 -0.058855720 -0.032914110 -0.004141015 0.997715175
3564.585620480 -0.001033042 0.084474847 2.946314335 -0.058855720 -0.032914110 -0.004141015 0.997715175
3564.585620480 -0.001033042 0.084474847 2.946314335 -0.058855720 -0.032914110 -0.004141015 0.997715175
3564.585620480 -0.001033042 0.084474847 2.946314335 -0.058855720 -0.032914110 -0.004141015 0.997715175
3564.585620480 -0.001033042 0.084474847 2.946314335 -0.058855720 -0.032914110 -0.004141015 0.997715175
3564.585620480 -0.001033042 0.084474847 2.946314335 -0.058855720 -0.032914110 -0.004141015 0.997715175
3564.585620480 -0.001033042 0.084474847 2.946314335 -0.058855720 -0.032914110 -0.004141015 0.997715175
3564.585620480 -0.001033042 0.084474847 2.946314335 -0.058855720 -0.032914110 -0.004141015 0.997715175
3564.585620480 -0.001033042 0.084474847 2.946314335 -0.058855720 -0.032914110 -0.004141015 0.997715175
3564.585620480 -0.001033042 0.084474847 2.946314335 -0.058855720 -0.032914110 -0.004141015 0.997715175
3564.585620480 -0.001033042 0.084474847 2.946314335 -0.058855720 -0.032914110 -0.004141015 0.997715175
3564.585620480 -0.001033042 0.084474847 2.946314335 -0.058855720 -0.032914110 -0.004141015 0.997715175
3564.585620480 -0.001033042 0.084474847 2.946314335 -0.058855720 -0.032914110 -0.004141015 0.997715175
3564.585620480 -0.001033042 0.084474847 2.946314335 -0.058855720 -0.032914110 -0.004141015 0.997715175
3564.585620480 -0.001033042 0.084474847 2.946314335 -0.058855720 -0.032914110 -0.004141015 0.997715175
3564.585620480 -0.001033042 0.084474847 2.946314335 -0.058855720 -0.032914110 -0.004141015 0.997715175
3564.585620480 -0.001033042 0.084474847 2.946314335 -0.058855720 -0.032914110 -0.004141015 0.997715175
3564.585620480 -0.001033042 0.084474847 2.946314335 -0.058855720 -0.032914110 -0.004141015 0.997715175
3564.585620480 -0.001033042 0.084474847 2.946314335 -0.058855720 -0.032914110 -0.004141015 0.997715175
3564.585620480 -0.001033042 0.084474847 2.946314335 -0.058855720 -0.032914110 -0.004141015 0.997715175
3564.585620480 -0.001033042 0.084474847 2.946314335 -0.058855720 -0.032914110 -0.004141015 0.997715175
3564.585620480 -0.001033042 0.084474847 2.946314335 -0.058855720 -0.032914110 -0.004141015 0.997715175
3564.585620480 -0.001033042 0.084474847 2.946314335 -0.058855720 -0.032914110 -0.004141015 0.997715175
3564.585620480 -0.001033042 0.084474847 2.946314335 -0.058855720 -0.032914110 -0.004141015 0.997715175
3564.585620480 -0.001033042 0.084474847 2.946314335 -0.058855720 -0.032914110 -0.004141015 0.997715175
3564.585620480 -0.001033042 0.084474847 2.946314335 -0.058855720 -0.032914110 -0.004141015 0.997715175
3564.585620480 -0.001033042 0.084474847 2.946314335 -0.058855720 -0.032914110 -0.004141015 0.997715175
3564.585620480 -0.001033042 0.084474847 2.946314335 -0.058855720 -0.032914110 -0.004141015 0.997715175
3564.585620480 -0.001033042 0.084474847 2.946314335 -0.058855720 -0.032914110 -0.004141015 0.997715175
3564.585620480 -0.001033042 0.084474847 2.946314335 -0.058855720 -0.032914110 -0.004141015 0.997715175
3564.585620480 -0.001033042 0.084474847 2.946314335 -0.058855720 -0.032914110 -0.004141015 0.997715175
3564.585620480 -0.001033042 0.084474847 2.946314335 -0.058855720 -0.032914110 -0.004141015 0.997715175
3564.585620480 -0.001033042 0.084474847 2.946314335 -0.058855720 -0.032914110 -0.004141015 0.997715175
3564.585620480 -0.001033042 0.084474847 2.946314335 -0.058855720 -0.032914110 -0.004141015 0.997715175
3564.585620480 -0.001033042 0.084474847 2.946314335 -0.058855720 -0.032914110 -0.004141015 0.997715175
3564.585620480 -0.001033042 0.084474847 2.946314335 -0.058855720 -0.032914110 -0.004141015 0.997715175
3564.585620480 -0.001033042 0.084474847 2.946314335 -0.058855720 -0.032914110 -0.004141015 0.997715175
3564.585620480 -0.001033042 0.084474847 2.946314335 -0.058855720 -0.032914110 -0.004141015 0.997715175
3564.585620480 -0.001033042 0.084474847 2.946314335 -0.058855720 -0.032914110 -0.004141015 0.997715175
3564.585620480 -0.001033042 0.084474847 2.946314335 -0.058855720 -0.032914110 -0.004141015 0.997715175
3564.585620480 -0.001033042 0.084474847 2.946314335 -0.058855720 -0.032914110 -0.004141015 0.997715175
3564.585620480 -0.001033042 0.084474847 2.946314335 -0.058855720 -0.032914110 -0.004141015 0.997715175
3564.585620480 -0.001033042 0.084474847 2.946314335 -0.058855720 -0.032914110 -0.004141015 0.997715175
3564.585620480 -0.001033042 0.084474847 2.946314335 -0.058855720 -0.032914110 -0.004141015 0.997715175
3564.585620480 -0.001033042 0.084474847 2.946314335 -0.058855720 -0.032914110 -0.004141015 0.997715175
3564.585620480 -0.001033042 0.084474847 2.946314335 -0.058855720 -0.032914110 -0.004141015 0.997715175
3564.585620480 -0.001033042 0.084474847 2.946314335 -0.058855720 -0.032914110 -0.004141015 0.997715175
3564.585620480 -0.001033042 0.084474847 2.946314335 -0.058855720 -0.032914110 -0.004141015 0.997715175
3564.585620480 -0.001033042 0.084474847 2.946314335 -0.058855720 -0.032914110 -0.004141015 0.997715175
3564.585620480 -0.001033042 0.084474847 2.946314335 -0.058855720 -0.032914110 -0.004141015 0.997715175
3564.585620480 -0.001033042 0.084474847 2.946314335 -0.058855720 -0.032914110 -0.004141015 0.997715175
3564.585620480 -0.001033042 0.084474847 2.946314335 -0.058855720 -0.032914110 -0.004141015 0.997715175
3564.585620480 -0.001033042 0.084474847 2.946314335 -0.058855720 -0.032914110 -0.004141015 0.997715175
3564.585620480 -0.001033042 0.084474847 2.946314335 -0.058855720 -0.032914110 -0.004141015 0.997715175
3564.585620480 -0.001033042 0.084474847 2.946314335 -0.058855720 -0.032914110 -0.004141015 0.997715175
3564.585620480 -0.001033042 0.084474847 2.946314335 -0.058855720 -0.032914110 -0.004141015 0.997715175
3564.585620480 -0.001033042 0.084474847 2.946314335 -0.058855720 -0.032914110 -0.004141015 0.997715175
3564.585620480 -0.001033042 0.084474847 2.946314335 -0.058855720 -0.032914110 -0.004141015 0.997715175
3564.585620480 -0.001033042 0.084474847 2.946314335 -0.058855720 -0.032914110 -0.004141015 0.997715175
3564.585620480 -0.001033042 0.084474847 2.946314335 -0.058855720 -0.032914110 -0.004141015 0.997715175
3564.585620480 -0.001033042 0.084474847 2.946314335 -0.058855720 -0.032914110 -0.004141015 0.997715175
3564.585620480 -0.001033042 0.084474847 2.946314335 -0.058855720 -0.032914110 -0.004141015 0.997715175
3564.585620480 -0.001033042 0.084474847 2.946314335 -0.058855720 -0.032914110 -0.004141015 0.997715175
3564.585620480 -0.001033042 0.084474847 2.946314335 -0.058855720 -0.032914110 -0.004141015 0.997715175
3564.585620480 -0.001033042 0.084474847 2.946314335 -0.058855720 -0.032914110 -0.004141015 0.997715175
3564.585620480 -0.001033042 0.084474847 2.946314335 -0.058855720 -0.032914110 -0.004141015 0.997715175
3564.585620480 -0.001033042 0.084474847 2.946314335 -0.058855720 -0.032914110 -0.004141015 0.997715175
3564.585620480 -0.001033042 0.084474847 2.946314335 -0.058855720 -0.032914110 -0.004141015 0.997715175
3564.585620480 -0.001033042 0.084474847 2.946314335 -0.058855720 -0.032914110 -0.004141015 0.997715175
3564.585620480 -0.001033042 0.084474847 2.946314335 -0.058855720 -0.032914110 -0.004141015 0.997715175
3564.585620480 -0.001033042 0.084474847 2.946314335 -0.058855720 -0.032914110 -0.004141015 0.997715175
3564.585620480 -0.001033042 0.084474847 2.946314335 -0.058855720 -0.032914110 -0.004141015 0.997715175
3564.585620480 -0.001033042 0.084474847 2.946314335 -0.058855720 -0.032914110 -0.004141015 0.997715175
3564.585620480 -0.001033042 0.084474847 2.946314335 -0.058855720 -0.032914110 -0.004141015 0.997715175
3564.585620480 -0.001033042 0.084474847 2.946314335 -0.058855720 -0.032914110 -0.004141015 0.997715175
3564.585620480 -0.001033042 0.084474847 2.946314335 -0.058855720 -0.032914110 -0.004141015 0.997715175
3564.585620480 -0.001033042 0.084474847 2.946314335 -0.058855720 -0.032914110 -0.004141015 0.997715175
3564.585620480 -0.001033042 0.084474847 2.946314335 -0.058855720 -0.032914110 -0.004141015 0.997715175
3564.585620480 -0.001033042 0.084474847 2.946314335 -0.058855720 -0.032914110 -0.004141015 0.997715175
3564.585620480 -0.001033042 0.084474847 2.946314335 -0.058855720 -0.032914110 -0.004141015 0.997715175
3564.585620480 -0.001033042 0.084474847 2.946314335 -0.058855720 -0.032914110 -0.004141015 0.997715175
3564.585620480 -0.001033042 0.084474847 2.946314335 -0.058855720 -0.032914110 -0.004141015 0.997715175
3564.585620480 -0.001033042 0.084474847 2.946314335 -0.058855720 -0.032914110 -0.004141015 0.997715175
3564.585620480 -0.001033042 0.084474847 2.946314335 -0.058855720 -0.032914110 -0.004141015 0.997715175
3564.585620480 -0.001033042 0.084474847 2.946314335 -0.058855720 -0.032914110 -0.004141015 0.997715175
3564.585620480 -0.001033042 0.084474847 2.946314335 -0.058855720 -0.032914110 -0.004141015 0.997715175
3564.585620480 -0.001033042 0.084474847 2.946314335 -0.058855720 -0.032914110 -0.004141015 0.997715175
3564.585620480 -0.001033042 0.084474847 2.946314335 -0.058855720 -0.032914110 -0.004141015 0.997715175
3564.585620480 -0.001033042 0.084474847 2.946314335 -0.058855720 -0.032914110 -0.004141015 0.997715175
3564.585620480 -0.001033042 0.084474847 2.946314335 -0.058855720 -0.032914110 -0.004141015 0.997715175
3564.585620480 -0.001033042 0.084474847 2.946314335 -0.058855720 -0.032914110 -0.004141015 0.997715175
3564.585620480 -0.001033042 0.084474847 2.946314335 -0.058855720 -0.032914110 -0.004141015 0.997715175
3564.585620480 -0.001033042 0.084474847 2.946314335 -0.058855720 -0.032914110 -0.004141015 0.997715175
3564.585620480 -0.001033042 0.084474847 2.946314335 -0.058855720 -0.032914110 -0.004141015 0.997715175
3564.585620480 -0.001033042 0.084474847 2.946314335 -0.058855720 -0.032914110 -0.004141015 0.997715175
3564.585620480 -0.001033042 0.084474847 2.946314335 -0.058855720 -0.032914110 -0.004141015 0.997715175
3564.585620480 -0.001033042 0.084474847 2.946314335 -0.058855720 -0.032914110 -0.004141015 0.997715175
