515.849952960 0.000000000 0.000000000 0.000000000 -0.000000000 -0.000000000 -0.000000000 1.000000000
515.885911744 0.020943847 -0.000156862 0.107115969 -0.007652903 -0.000161993 0.041589297 0.999105513
515.921932960 0.056450676 0.018521417 0.240524739 -0.014226459 -0.002510424 0.080496065 0.996650219
515.958154624 0.013767036 -0.001117548 0.311489642 0.005796480 0.013329890 0.011935624 0.999823093
515.994608416 0.000992208 -0.005811373 0.424727231 -0.011065816 0.024377419 -0.016488867 0.999505579
516.034908192 -0.015014805 -0.006752977 0.541035116 -0.029245969 0.038265798 -0.045804225 0.997788787
516.072233664 0.019424751 -0.022056460 0.634745896 0.006660196 0.026116451 0.031600390 0.999137163
516.109497024 0.015765686 -0.017767686 0.745285809 -0.005841079 0.025176741 0.017619740 0.999510705
516.146952000 0.007743969 -0.008954243 0.861569881 -0.013989527 0.024526743 -0.004699720 0.999590278
516.193585216 0.025118345 -0.050853621 1.018218756 -0.018202346 0.023900228 -0.020107433 0.999346435
516.231285600 0.011570910 -0.017608836 1.115181088 -0.022232661 0.020373894 0.000349920 0.999545157
516.271722432 0.019160140 -0.017675884 1.235793829 -0.021185966 0.020372495 0.010224222 0.999515712
516.317481664 0.026035503 -0.010614171 1.359067321 -0.020177102 0.022417024 0.013216422 0.999457717
516.358755328 0.040564220 -0.009117348 1.501266241 -0.023568138 0.019228209 0.028320614 0.999136031
516.402188192 0.040999807 -0.013036179 1.632032990 -0.014813264 0.019994756 0.016116787 0.999560475
516.445552352 0.048084281 -0.019690938 1.755465984 -0.004729456 0.019471809 0.016570274 0.999661922
516.487271968 0.000583951 0.008309730 1.921895981 0.014011982 0.028306868 0.008994605 0.999460638
516.529202944 0.071138419 -0.011989226 2.034136534 -0.012426600 0.022436883 0.031460218 0.999175906
516.569892448 0.088215485 -0.017625133 2.161030293 -0.002998533 0.021491027 0.046321657 0.998690844
516.614870720 0.123712800 -0.014918253 2.289115667 0.007477895 0.017002920 0.059441376 0.998058975
516.655392544 0.105656378 -0.023022108 2.445341110 -0.011103350 0.019872800 0.037070040 0.999053359
516.698629792 0.121165559 -0.015169520 2.586407661 -0.024316683 0.017699795 0.047528513 0.998417020
516.744677504 0.139245644 0.006995465 2.735358477 -0.038460169 0.009656774 0.062346403 0.997266591
516.744677504 0.139245644 0.006995465 2.735358477 -0.038460169 0.009656774 0.062346403 0.997266591
516.816929824 0.144283384 0.013063516 3.013265371 -0.057213504 0.009795527 0.042547874 0.997406840
516.848824704 0.156478032 0.008295152 3.119868517 -0.042770471 0.012028927 0.050846945 0.997717679
516.880306720 0.160937682 0.006712030 3.216238260 -0.017711686 0.013635668 0.044932388 0.998739958
516.911810496 0.161217645 0.002104793 3.316092014 0.010475720 0.015013041 0.038638994 0.999085605
516.944011360 0.162779540 -0.006754317 3.413750887 0.041902151 0.010170653 0.039763883 0.998278320
516.975786976 0.144375473 -0.048613336 3.511810780 0.068909436 0.006421831 0.039618611 0.996815264
517.007377888 0.064491212 -0.077091560 3.612510681 0.094680928 0.010881783 0.035393693 0.994818807
517.007377888 0.064491212 -0.077091560 3.612510681 0.094680928 0.010881783 0.035393693 0.994818807
517.007377888 0.064491212 -0.077091560 3.612510681 0.094680928 0.010881783 0.035393693 0.994818807
517.007377888 0.064491212 -0.077091560 3.612510681 0.094680928 0.010881783 0.035393693 0.994818807
517.007377888 0.064491212 -0.077091560 3.612510681 0.094680928 0.010881783 0.035393693 0.994818807
517.007377888 0.064491212 -0.077091560 3.612510681 0.094680928 0.010881783 0.035393693 0.994818807
517.007377888 0.064491212 -0.077091560 3.612510681 0.094680928 0.010881783 0.035393693 0.994818807
517.007377888 0.064491212 -0.077091560 3.612510681 0.094680928 0.010881783 0.035393693 0.994818807
517.007377888 0.064491212 -0.077091560 3.612510681 0.094680928 0.010881783 0.035393693 0.994818807
517.007377888 0.064491212 -0.077091560 3.612510681 0.094680928 0.010881783 0.035393693 0.994818807
517.007377888 0.064491212 -0.077091560 3.612510681 0.094680928 0.010881783 0.035393693 0.994818807
517.007377888 0.064491212 -0.077091560 3.612510681 0.094680928 0.010881783 0.035393693 0.994818807
517.007377888 0.064491212 -0.077091560 3.612510681 0.094680928 0.010881783 0.035393693 0.994818807
517.007377888 0.064491212 -0.077091560 3.612510681 0.094680928 0.010881783 0.035393693 0.994818807
517.007377888 0.064491212 -0.077091560 3.612510681 0.094680928 0.010881783 0.035393693 0.994818807
517.007377888 0.064491212 -0.077091560 3.612510681 0.094680928 0.010881783 0.035393693 0.994818807
517.007377888 0.064491212 -0.077091560 3.612510681 0.094680928 0.010881783 0.035393693 0.994818807
517.007377888 0.064491212 -0.077091560 3.612510681 0.094680928 0.010881783 0.035393693 0.994818807
517.007377888 0.064491212 -0.077091560 3.612510681 0.094680928 0.010881783 0.035393693 0.994818807
517.007377888 0.064491212 -0.077091560 3.612510681 0.094680928 0.010881783 0.035393693 0.994818807
517.007377888 0.064491212 -0.077091560 3.612510681 0.094680928 0.010881783 0.035393693 0.994818807
517.007377888 0.064491212 -0.077091560 3.612510681 0.094680928 0.010881783 0.035393693 0.994818807
517.007377888 0.064491212 -0.077091560 3.612510681 0.094680928 0.010881783 0.035393693 0.994818807
517.007377888 0.064491212 -0.077091560 3.612510681 0.094680928 0.010881783 0.035393693 0.994818807
517.007377888 0.064491212 -0.077091560 3.612510681 0.094680928 0.010881783 0.035393693 0.994818807
517.007377888 0.064491212 -0.077091560 3.612510681 0.094680928 0.010881783 0.035393693 0.994818807
517.007377888 0.064491212 -0.077091560 3.612510681 0.094680928 0.010881783 0.035393693 0.994818807
517.007377888 0.064491212 -0.077091560 3.612510681 0.094680928 0.010881783 0.035393693 0.994818807
517.007377888 0.064491212 -0.077091560 3.612510681 0.094680928 0.010881783 0.035393693 0.994818807
517.007377888 0.064491212 -0.077091560 3.612510681 0.094680928 0.010881783 0.035393693 0.994818807
517.007377888 0.064491212 -0.077091560 3.612510681 0.094680928 0.010881783 0.035393693 0.994818807
517.007377888 0.064491212 -0.077091560 3.612510681 0.094680928 0.010881783 0.035393693 0.994818807
517.007377888 0.064491212 -0.077091560 3.612510681 0.094680928 0.010881783 0.035393693 0.994818807
517.007377888 0.064491212 -0.077091560 3.612510681 0.094680928 0.010881783 0.035393693 0.994818807
517.007377888 0.064491212 -0.077091560 3.612510681 0.094680928 0.010881783 0.035393693 0.994818807
517.007377888 0.064491212 -0.077091560 3.612510681 0.094680928 0.010881783 0.035393693 0.994818807
517.007377888 0.064491212 -0.077091560 3.612510681 0.094680928 0.010881783 0.035393693 0.994818807
517.007377888 0.064491212 -0.077091560 3.612510681 0.094680928 0.010881783 0.035393693 0.994818807
517.007377888 0.064491212 -0.077091560 3.612510681 0.094680928 0.010881783 0.035393693 0.994818807
517.007377888 0.064491212 -0.077091560 3.612510681 0.094680928 0.010881783 0.035393693 0.994818807
517.007377888 0.064491212 -0.077091560 3.612510681 0.094680928 0.010881783 0.035393693 0.994818807
517.007377888 0.064491212 -0.077091560 3.612510681 0.094680928 0.010881783 0.035393693 0.994818807
517.007377888 0.064491212 -0.077091560 3.612510681 0.094680928 0.010881783 0.035393693 0.994818807
517.007377888 0.064491212 -0.077091560 3.612510681 0.094680928 0.010881783 0.035393693 0.994818807
517.007377888 0.064491212 -0.077091560 3.612510681 0.094680928 0.010881783 0.035393693 0.994818807
517.007377888 0.064491212 -0.077091560 3.612510681 0.094680928 0.010881783 0.035393693 0.994818807
517.007377888 0.064491212 -0.077091560 3.612510681 0.094680928 0.010881783 0.035393693 0.994818807
517.007377888 0.064491212 -0.077091560 3.612510681 0.094680928 0.010881783 0.035393693 0.994818807
517.007377888 0.064491212 -0.077091560 3.612510681 0.094680928 0.010881783 0.035393693 0.994818807
517.007377888 0.064491212 -0.077091560 3.612510681 0.094680928 0.010881783 0.035393693 0.994818807
517.007377888 0.064491212 -0.077091560 3.612510681 0.094680928 0.010881783 0.035393693 0.994818807
517.007377888 0.064491212 -0.077091560 3.612510681 0.094680928 0.010881783 0.035393693 0.994818807
517.007377888 0.064491212 -0.077091560 3.612510681 0.094680928 0.010881783 0.035393693 0.994818807
517.007377888 0.064491212 -0.077091560 3.612510681 0.094680928 0.010881783 0.035393693 0.994818807
517.007377888 0.064491212 -0.077091560 3.612510681 0.094680928 0.010881783 0.035393693 0.994818807
517.007377888 0.064491212 -0.077091560 3.612510681 0.094680928 0.010881783 0.035393693 0.994818807
517.007377888 0.064491212 -0.077091560 3.612510681 0.094680928 0.010881783 0.035393693 0.994818807
517.007377888 0.064491212 -0.077091560 3.612510681 0.094680928 0.010881783 0.035393693 0.994818807
517.007377888 0.064491212 -0.077091560 3.612510681 0.094680928 0.010881783 0.035393693 0.994818807
517.007377888 0.064491212 -0.077091560 3.612510681 0.094680928 0.010881783 0.035393693 0.994818807
517.007377888 0.064491212 -0.077091560 3.612510681 0.094680928 0.010881783 0.035393693 0.994818807
517.007377888 0.064491212 -0.077091560 3.612510681 0.094680928 0.010881783 0.035393693 0.994818807
517.007377888 0.064491212 -0.077091560 3.612510681 0.094680928 0.010881783 0.035393693 0.994818807
517.007377888 0.064491212 -0.077091560 3.612510681 0.094680928 0.010881783 0.035393693 0.994818807
517.007377888 0.064491212 -0.077091560 3.612510681 0.094680928 0.010881783 0.035393693 0.994818807
517.007377888 0.064491212 -0.077091560 3.612510681 0.094680928 0.010881783 0.035393693 0.994818807
517.007377888 0.064491212 -0.077091560 3.612510681 0.094680928 0.010881783 0.035393693 0.994818807
517.007377888 0.064491212 -0.077091560 3.612510681 0.094680928 0.010881783 0.035393693 0.994818807
517.007377888 0.064491212 -0.077091560 3.612510681 0.094680928 0.010881783 0.035393693 0.994818807
517.007377888 0.064491212 -0.077091560 3.612510681 0.094680928 0.010881783 0.035393693 0.994818807
517.007377888 0.064491212 -0.077091560 3.612510681 0.094680928 0.010881783 0.035393693 0.994818807
517.007377888 0.064491212 -0.077091560 3.612510681 0.094680928 0.010881783 0.035393693 0.994818807
517.007377888 0.064491212 -0.077091560 3.612510681 0.094680928 0.010881783 0.035393693 0.994818807
517.007377888 0.064491212 -0.077091560 3.612510681 0.094680928 0.010881783 0.035393693 0.994818807
517.007377888 0.064491212 -0.077091560 3.612510681 0.094680928 0.010881783 0.035393693 0.994818807
517.007377888 0.064491212 -0.077091560 3.612510681 0.094680928 0.010881783 0.035393693 0.994818807
517.007377888 0.064491212 -0.077091560 3.612510681 0.094680928 0.010881783 0.035393693 0.994818807
517.007377888 0.064491212 -0.077091560 3.612510681 0.094680928 0.010881783 0.035393693 0.994818807
517.007377888 0.064491212 -0.077091560 3.612510681 0.094680928 0.010881783 0.035393693 0.994818807
517.007377888 0.064491212 -0.077091560 3.612510681 0.094680928 0.010881783 0.035393693 0.994818807
517.007377888 0.064491212 -0.077091560 3.612510681 0.094680928 0.010881783 0.035393693 0.994818807
517.007377888 0.064491212 -0.077091560 3.612510681 0.094680928 0.010881783 0.035393693 0.994818807
517.007377888 0.064491212 -0.077091560 3.612510681 0.094680928 0.010881783 0.035393693 0.994818807
517.007377888 0.064491212 -0.077091560 3.612510681 0.094680928 0.010881783 0.035393693 0.994818807
517.007377888 0.064491212 -0.077091560 3.612510681 0.094680928 0.010881783 0.035393693 0.994818807
517.007377888 0.064491212 -0.077091560 3.612510681 0.094680928 0.010881783 0.035393693 0.994818807
517.007377888 0.064491212 -0.077091560 3.612510681 0.094680928 0.010881783 0.035393693 0.994818807
517.007377888 0.064491212 -0.077091560 3.612510681 0.094680928 0.010881783 0.035393693 0.994818807
517.007377888 0.064491212 -0.077091560 3.612510681 0.094680928 0.010881783 0.035393693 0.994818807
517.007377888 0.064491212 -0.077091560 3.612510681 0.094680928 0.010881783 0.035393693 0.994818807
517.007377888 0.064491212 -0.077091560 3.612510681 0.094680928 0.010881783 0.035393693 0.994818807
517.007377888 0.064491212 -0.077091560 3.612510681 0.094680928 0.010881783 0.035393693 0.994818807
517.007377888 0.064491212 -0.077091560 3.612510681 0.094680928 0.010881783 0.035393693 0.994818807
517.007377888 0.064491212 -0.077091560 3.612510681 0.094680928 0.010881783 0.035393693 0.994818807
517.007377888 0.064491212 -0.077091560 3.612510681 0.094680928 0.010881783 0.035393693 0.994818807
517.007377888 0.064491212 -0.077091560 3.612510681 0.094680928 0.010881783 0.035393693 0.994818807
517.007377888 0.064491212 -0.077091560 3.612510681 0.094680928 0.010881783 0.035393693 0.994818807
517.007377888 0.064491212 -0.077091560 3.612510681 0.094680928 0.010881783 0.035393693 0.994818807
517.007377888 0.064491212 -0.077091560 3.612510681 0.094680928 0.010881783 0.035393693 0.994818807
517.007377888 0.064491212 -0.077091560 3.612510681 0.094680928 0.010881783 0.035393693 0.994818807
517.007377888 0.064491212 -0.077091560 3.612510681 0.094680928 0.010881783 0.035393693 0.994818807
517.007377888 0.064491212 -0.077091560 3.612510681 0.094680928 0.010881783 0.035393693 0.994818807
517.007377888 0.064491212 -0.077091560 3.612510681 0.094680928 0.010881783 0.035393693 0.994818807
517.007377888 0.064491212 -0.077091560 3.612510681 0.094680928 0.010881783 0.035393693 0.994818807
517.007377888 0.064491212 -0.077091560 3.612510681 0.094680928 0.010881783 0.035393693 0.994818807
517.007377888 0.064491212 -0.077091560 3.612510681 0.094680928 0.010881783 0.035393693 0.994818807
517.007377888 0.064491212 -0.077091560 3.612510681 0.094680928 0.010881783 0.035393693 0.994818807
517.007377888 0.064491212 -0.077091560 3.612510681 0.094680928 0.010881783 0.035393693 0.994818807
517.007377888 0.064491212 -0.077091560 3.612510681 0.094680928 0.010881783 0.035393693 0.994818807
517.007377888 0.064491212 -0.077091560 3.612510681 0.094680928 0.010881783 0.035393693 0.994818807
517.007377888 0.064491212 -0.077091560 3.612510681 0.094680928 0.010881783 0.035393693 0.994818807
517.007377888 0.064491212 -0.077091560 3.612510681 0.094680928 0.010881783 0.035393693 0.994818807
517.007377888 0.064491212 -0.077091560 3.612510681 0.094680928 0.010881783 0.035393693 0.994818807
517.007377888 0.064491212 -0.077091560 3.612510681 0.094680928 0.010881783 0.035393693 0.994818807
517.007377888 0.064491212 -0.077091560 3.612510681 0.094680928 0.010881783 0.035393693 0.994818807
517.007377888 0.064491212 -0.077091560 3.612510681 0.094680928 0.010881783 0.035393693 0.994818807
517.007377888 0.064491212 -0.077091560 3.612510681 0.094680928 0.010881783 0.035393693 0.994818807
517.007377888 0.064491212 -0.077091560 3.612510681 0.094680928 0.010881783 0.035393693 0.994818807
517.007377888 0.064491212 -0.077091560 3.612510681 0.094680928 0.010881783 0.035393693 0.994818807
517.007377888 0.064491212 -0.077091560 3.612510681 0.094680928 0.010881783 0.035393693 0.994818807
517.007377888 0.064491212 -0.077091560 3.612510681 0.094680928 0.010881783 0.035393693 0.994818807
517.007377888 0.064491212 -0.077091560 3.612510681 0.094680928 0.010881783 0.035393693 0.994818807
517.007377888 0.064491212 -0.077091560 3.612510681 0.094680928 0.010881783 0.035393693 0.994818807
517.007377888 0.064491212 -0.077091560 3.612510681 0.094680928 0.010881783 0.035393693 0.994818807
517.007377888 0.064491212 -0.077091560 3.612510681 0.094680928 0.010881783 0.035393693 0.994818807
517.007377888 0.064491212 -0.077091560 3.612510681 0.094680928 0.010881783 0.035393693 0.994818807
517.007377888 0.064491212 -0.077091560 3.612510681 0.094680928 0.010881783 0.035393693 0.994818807
517.007377888 0.064491212 -0.077091560 3.612510681 0.094680928 0.010881783 0.035393693 0.994818807
517.007377888 0.064491212 -0.077091560 3.612510681 0.094680928 0.010881783 0.035393693 0.994818807
517.007377888 0.064491212 -0.077091560 3.612510681 0.094680928 0.010881783 0.035393693 0.994818807
517.007377888 0.064491212 -0.077091560 3.612510681 0.094680928 0.010881783 0.035393693 0.994818807
517.007377888 0.064491212 -0.077091560 3.612510681 0.094680928 0.010881783 0.035393693 0.994818807
517.007377888 0.064491212 -0.077091560 3.612510681 0.094680928 0.010881783 0.035393693 0.994818807
517.007377888 0.064491212 -0.077091560 3.612510681 0.094680928 0.010881783 0.035393693 0.994818807
517.007377888 0.064491212 -0.077091560 3.612510681 0.094680928 0.010881783 0.035393693 0.994818807
517.007377888 0.064491212 -0.077091560 3.612510681 0.094680928 0.010881783 0.035393693 0.994818807
517.007377888 0.064491212 -0.077091560 3.612510681 0.094680928 0.010881783 0.035393693 0.994818807
517.007377888 0.064491212 -0.077091560 3.612510681 0.094680928 0.010881783 0.035393693 0.994818807
517.007377888 0.064491212 -0.077091560 3.612510681 0.094680928 0.010881783 0.035393693 0.994818807
517.007377888 0.064491212 -0.077091560 3.612510681 0.094680928 0.010881783 0.035393693 0.994818807
517.007377888 0.064491212 -0.077091560 3.612510681 0.094680928 0.010881783 0.035393693 0.994818807
517.007377888 0.064491212 -0.077091560 3.612510681 0.094680928 0.010881783 0.035393693 0.994818807
517.007377888 0.064491212 -0.077091560 3.612510681 0.094680928 0.010881783 0.035393693 0.994818807
517.007377888 0.064491212 -0.077091560 3.612510681 0.094680928 0.010881783 0.035393693 0.994818807
517.007377888 0.064491212 -0.077091560 3.612510681 0.094680928 0.010881783 0.035393693 0.994818807
517.007377888 0.064491212 -0.077091560 3.612510681 0.094680928 0.010881783 0.035393693 0.994818807
