1979.313705696 0.000000000 0.000000000 0.000000000 -0.000000000 -0.000000000 -0.000000000 1.000000000
1979.438770240 0.012973635 -0.005924132 0.525317550 -0.016825719 0.003856672 0.007139735 0.999825537
1979.563781600 0.060610197 -0.060068835 1.056986213 -0.037810970 0.004809278 0.010874142 0.999214172
1979.688352992 0.053745877 -0.006562790 1.459580183 -0.025032137 0.013472781 0.007901367 0.999564648
1979.813597216 0.069922850 -0.000813899 1.906694889 -0.024960889 0.002139567 0.015210553 0.999570429
1979.938936064 0.077278137 0.001319771 2.269659042 -0.023665715 0.000348476 0.011918820 0.999648809
1980.063828864 0.084089212 0.001905780 2.562455654 -0.024940442 0.002006864 0.013253923 0.999599040
1980.189222368 0.085711487 0.001158457 2.786993504 -0.022205248 0.005633909 0.009159043 0.999695599
1980.313562368 0.091341473 -0.002401802 2.955320597 -0.021719193 0.006989055 0.014135248 0.999639750
1980.439472352 0.096021771 -0.003919324 3.077481747 -0.015234718 0.009048131 0.015127768 0.999728560
1980.563757088 0.098091789 -0.005330282 3.167428493 -0.014604802 0.008655210 0.014470370 0.999751210
1980.688438656 0.098350950 -0.006770527 3.229740858 -0.010727742 0.008335111 0.013211667 0.999820471
1980.814503360 0.097923346 -0.008564603 3.281692266 -0.009228999 0.007924400 0.010641902 0.999869406
1980.938678752 0.098906048 -0.009252615 3.325561047 -0.007403777 0.007048873 0.010408929 0.999893606
1981.063968960 0.100361988 -0.010531561 3.365038633 -0.004933567 0.006990314 0.010491705 0.999908388
1981.188767712 0.101430640 -0.010803036 3.398334742 -0.003222205 0.006756646 0.010553154 0.999916315
1981.313707904 0.102942534 -0.010830620 3.431952953 -0.004469027 0.005526138 0.011800302 0.999905169
1981.438543456 0.101898752 -0.011226284 3.460532188 -0.006340339 0.004054191 0.010688025 0.999914646
1981.563716064 0.102434695 -0.011531660 3.485306978 -0.007113706 0.003633051 0.010257465 0.999915540
1981.688676128 0.102106228 -0.011876908 3.504499674 -0.007647504 0.003179653 0.009582018 0.999919772
1981.813869920 0.102758609 -0.012006080 3.520989656 -0.007478803 0.002630158 0.010076403 0.999917865
1981.939512256 0.103330716 -0.012409425 3.532628298 -0.007501138 0.002440139 0.010578111 0.999912977
1982.063393408 0.103497215 -0.012733049 3.538417101 -0.007097760 0.002126562 0.010801599 0.999914289
