3080.148544576 0.000000000 0.000000000 0.000000000 -0.000000000 -0.000000000 -0.000000000 1.000000000
3080.214164416 -0.000076946 0.000044376 0.000071929 -0.000013015 0.000005344 -0.000049232 1.000000000
3080.276426144 0.000322127 -0.000118057 0.000241925 0.001791452 0.000157837 0.001722221 0.999996901
3080.339538528 0.002738774 -0.000103647 0.015733950 0.000986793 0.000311700 0.004568510 0.999989092
3080.398067360 0.002471722 0.001838641 0.050447445 0.004815992 -0.001628906 0.001495745 0.999985933
3080.463949088 -0.000052072 0.001039262 0.109366216 0.005892823 -0.008048087 -0.002427540 0.999947309
3080.526213248 -0.004153762 0.001290363 0.188108116 -0.001950606 -0.013142057 -0.005093505 0.999898791
3080.589271200 -0.002449469 -0.009621070 0.278342932 0.009113485 -0.017098349 0.003202077 0.999807179
3080.648324928 -0.004114645 -0.015693901 0.383466035 0.013415140 -0.018809594 0.001600243 0.999731839
3080.713482944 -0.007235457 -0.017132787 0.502147973 0.013634141 -0.017687611 -0.002002025 0.999748588
3080.776287008 0.028343473 -0.023510305 0.592543304 0.025644569 -0.016804585 -0.002634366 0.999526381
3080.839044384 0.027122391 -0.025718180 0.746125281 0.018600572 -0.011028053 -0.004469011 0.999756217
3080.898252608 0.026677990 -0.038826045 0.901405275 0.012553736 -0.007332984 -0.002772858 0.999890506
3080.963459488 0.029711831 -0.046506111 1.072825193 0.009951726 -0.009672896 0.000409599 0.999903619
3081.026704192 0.028491888 -0.054032858 1.244096756 0.007164027 -0.013934977 -0.006506177 0.999856114
3081.089598304 0.028259022 -0.060049251 1.419383287 0.004410930 -0.013819411 -0.006639343 0.999872744
3081.148561664 0.028899262 -0.068800762 1.588822126 0.009396609 -0.009663815 -0.005633445 0.999893308
3081.213744000 0.032838136 -0.075578019 1.779166460 0.007731058 -0.006666554 -0.006595827 0.999926150
3081.283101632 0.044295158 -0.082273304 1.989466310 0.005473605 -0.003389824 0.005706396 0.999962986
3081.345379648 0.046910871 -0.093456343 2.185080051 0.003071082 0.001625950 -0.001177153 0.999993324
3081.411229248 0.055701137 -0.096192390 2.392351627 0.001984578 0.004725446 0.002553512 0.999983609
3081.476927360 0.062516414 -0.106954671 2.593686819 0.000386799 0.001695641 -0.001368546 0.999997556
3081.540054272 0.068340346 -0.109170407 2.794154644 -0.001754568 -0.004844852 -0.003145233 0.999981821
3081.602005856 0.072463520 -0.111948587 2.995525599 -0.006480747 -0.011294180 -0.005392237 0.999900699
3081.661352224 0.071878888 -0.115976796 3.196441174 -0.008919834 -0.014117329 -0.013048279 0.999775410
3081.726132160 0.078109436 -0.119903743 3.407194376 -0.009959879 -0.012061889 -0.007024582 0.999853015
3081.789691744 0.081590906 -0.127111837 3.617630482 -0.006646455 -0.008665071 -0.007579354 0.999911666
3081.851090784 0.086039379 -0.129106537 3.828273058 -0.001409955 -0.004905323 -0.006117318 0.999968290
3081.911018688 0.045807056 -0.134831682 3.972737312 0.002330093 0.002592287 -0.020707445 0.999779522
3081.976237056 0.081181444 -0.134489268 4.184168339 0.001353849 -0.000268550 -0.019139709 0.999815881
3082.039731712 0.093252644 -0.127063453 4.411276817 0.003073951 -0.003164573 -0.022124087 0.999745488
3082.101660128 0.112120815 -0.141918913 4.634985924 -0.011247068 -0.014685779 0.000626085 0.999828756
3082.161252768 0.089196764 -0.138680220 4.843713760 -0.005849233 -0.021382533 -0.008305594 0.999719799
3082.226514400 0.064009100 -0.101055793 5.427147388 -0.003805664 -0.028216325 -0.026623860 0.999239981
3082.289485504 -1.147986054 0.029966384 11.527916908 -0.003860504 0.011800658 -0.152866378 0.988168955
3082.351674560 0.098042771 -0.139857426 5.599657059 -0.010133444 -0.030239129 -0.008577535 0.999454558
3082.410719328 0.087468058 -0.135631442 5.780942917 -0.011190656 -0.027249370 -0.016706008 0.999426425
3082.477013632 0.108392656 -0.108762830 6.110591412 -0.005123970 -0.023955969 -0.016877271 0.999557495
3082.540658304 0.149036899 -0.103115462 6.350280762 -0.004788267 -0.019145992 -0.004370547 0.999795735
3082.540658304 0.149036899 -0.103115462 6.350280762 -0.004788267 -0.019145992 -0.004370547 0.999795735
3082.662119200 0.047178924 -0.140663028 6.654046535 -0.004977833 -0.008676441 -0.001843078 0.999948263
3082.662119200 0.047178924 -0.140663028 6.654046535 -0.004977833 -0.008676441 -0.001843078 0.999948263
3082.662119200 0.047178924 -0.140663028 6.654046535 -0.004977833 -0.008676441 -0.001843078 0.999948263
3082.662119200 0.047178924 -0.140663028 6.654046535 -0.004977833 -0.008676441 -0.001843078 0.999948263
3082.662119200 0.047178924 -0.140663028 6.654046535 -0.004977833 -0.008676441 -0.001843078 0.999948263
3082.662119200 0.047178924 -0.140663028 6.654046535 -0.004977833 -0.008676441 -0.001843078 0.999948263
3082.662119200 0.047178924 -0.140663028 6.654046535 -0.004977833 -0.008676441 -0.001843078 0.999948263
3082.662119200 0.047178924 -0.140663028 6.654046535 -0.004977833 -0.008676441 -0.001843078 0.999948263
3082.662119200 0.047178924 -0.140663028 6.654046535 -0.004977833 -0.008676441 -0.001843078 0.999948263
3082.662119200 0.047178924 -0.140663028 6.654046535 -0.004977833 -0.008676441 -0.001843078 0.999948263
3082.662119200 0.047178924 -0.140663028 6.654046535 -0.004977833 -0.008676441 -0.001843078 0.999948263
3082.662119200 0.047178924 -0.140663028 6.654046535 -0.004977833 -0.008676441 -0.001843078 0.999948263
3082.662119200 0.047178924 -0.140663028 6.654046535 -0.004977833 -0.008676441 -0.001843078 0.999948263
3082.662119200 0.047178924 -0.140663028 6.654046535 -0.004977833 -0.008676441 -0.001843078 0.999948263
3082.662119200 0.047178924 -0.140663028 6.654046535 -0.004977833 -0.008676441 -0.001843078 0.999948263
3082.662119200 0.047178924 -0.140663028 6.654046535 -0.004977833 -0.008676441 -0.001843078 0.999948263
3082.662119200 0.047178924 -0.140663028 6.654046535 -0.004977833 -0.008676441 -0.001843078 0.999948263
3082.662119200 0.047178924 -0.140663028 6.654046535 -0.004977833 -0.008676441 -0.001843078 0.999948263
3082.662119200 0.047178924 -0.140663028 6.654046535 -0.004977833 -0.008676441 -0.001843078 0.999948263
3082.662119200 0.047178924 -0.140663028 6.654046535 -0.004977833 -0.008676441 -0.001843078 0.999948263
3082.662119200 0.047178924 -0.140663028 6.654046535 -0.004977833 -0.008676441 -0.001843078 0.999948263
3082.662119200 0.047178924 -0.140663028 6.654046535 -0.004977833 -0.008676441 -0.001843078 0.999948263
3082.662119200 0.047178924 -0.140663028 6.654046535 -0.004977833 -0.008676441 -0.001843078 0.999948263
3082.662119200 0.047178924 -0.140663028 6.654046535 -0.004977833 -0.008676441 -0.001843078 0.999948263
3082.662119200 0.047178924 -0.140663028 6.654046535 -0.004977833 -0.008676441 -0.001843078 0.999948263
3082.662119200 0.047178924 -0.140663028 6.654046535 -0.004977833 -0.008676441 -0.001843078 0.999948263
3082.662119200 0.047178924 -0.140663028 6.654046535 -0.004977833 -0.008676441 -0.001843078 0.999948263
3082.662119200 0.047178924 -0.140663028 6.654046535 -0.004977833 -0.008676441 -0.001843078 0.999948263
3082.662119200 0.047178924 -0.140663028 6.654046535 -0.004977833 -0.008676441 -0.001843078 0.999948263
3082.662119200 0.047178924 -0.140663028 6.654046535 -0.004977833 -0.008676441 -0.001843078 0.999948263
3082.662119200 0.047178924 -0.140663028 6.654046535 -0.004977833 -0.008676441 -0.001843078 0.999948263
3082.662119200 0.047178924 -0.140663028 6.654046535 -0.004977833 -0.008676441 -0.001843078 0.999948263
3082.662119200 0.047178924 -0.140663028 6.654046535 -0.004977833 -0.008676441 -0.001843078 0.999948263
3082.662119200 0.047178924 -0.140663028 6.654046535 -0.004977833 -0.008676441 -0.001843078 0.999948263
3082.662119200 0.047178924 -0.140663028 6.654046535 -0.004977833 -0.008676441 -0.001843078 0.999948263
3082.662119200 0.047178924 -0.140663028 6.654046535 -0.004977833 -0.008676441 -0.001843078 0.999948263
3082.662119200 0.047178924 -0.140663028 6.654046535 -0.004977833 -0.008676441 -0.001843078 0.999948263
3082.662119200 0.047178924 -0.140663028 6.654046535 -0.004977833 -0.008676441 -0.001843078 0.999948263
3082.662119200 0.047178924 -0.140663028 6.654046535 -0.004977833 -0.008676441 -0.001843078 0.999948263
3082.662119200 0.047178924 -0.140663028 6.654046535 -0.004977833 -0.008676441 -0.001843078 0.999948263
3082.662119200 0.047178924 -0.140663028 6.654046535 -0.004977833 -0.008676441 -0.001843078 0.999948263
3082.662119200 0.047178924 -0.140663028 6.654046535 -0.004977833 -0.008676441 -0.001843078 0.999948263
3082.662119200 0.047178924 -0.140663028 6.654046535 -0.004977833 -0.008676441 -0.001843078 0.999948263
3082.662119200 0.047178924 -0.140663028 6.654046535 -0.004977833 -0.008676441 -0.001843078 0.999948263
3082.662119200 0.047178924 -0.140663028 6.654046535 -0.004977833 -0.008676441 -0.001843078 0.999948263
3082.662119200 0.047178924 -0.140663028 6.654046535 -0.004977833 -0.008676441 -0.001843078 0.999948263
3082.662119200 0.047178924 -0.140663028 6.654046535 -0.004977833 -0.008676441 -0.001843078 0.999948263
3082.662119200 0.047178924 -0.140663028 6.654046535 -0.004977833 -0.008676441 -0.001843078 0.999948263
3082.662119200 0.047178924 -0.140663028 6.654046535 -0.004977833 -0.008676441 -0.001843078 0.999948263
3082.662119200 0.047178924 -0.140663028 6.654046535 -0.004977833 -0.008676441 -0.001843078 0.999948263
3082.662119200 0.047178924 -0.140663028 6.654046535 -0.004977833 -0.008676441 -0.001843078 0.999948263
3082.662119200 0.047178924 -0.140663028 6.654046535 -0.004977833 -0.008676441 -0.001843078 0.999948263
3082.662119200 0.047178924 -0.140663028 6.654046535 -0.004977833 -0.008676441 -0.001843078 0.999948263
3082.662119200 0.047178924 -0.140663028 6.654046535 -0.004977833 -0.008676441 -0.001843078 0.999948263
3082.662119200 0.047178924 -0.140663028 6.654046535 -0.004977833 -0.008676441 -0.001843078 0.999948263
3082.662119200 0.047178924 -0.140663028 6.654046535 -0.004977833 -0.008676441 -0.001843078 0.999948263
3082.662119200 0.047178924 -0.140663028 6.654046535 -0.004977833 -0.008676441 -0.001843078 0.999948263
3082.662119200 0.047178924 -0.140663028 6.654046535 -0.004977833 -0.008676441 -0.001843078 0.999948263
3082.662119200 0.047178924 -0.140663028 6.654046535 -0.004977833 -0.008676441 -0.001843078 0.999948263
3082.662119200 0.047178924 -0.140663028 6.654046535 -0.004977833 -0.008676441 -0.001843078 0.999948263
3082.662119200 0.047178924 -0.140663028 6.654046535 -0.004977833 -0.008676441 -0.001843078 0.999948263
3082.662119200 0.047178924 -0.140663028 6.654046535 -0.004977833 -0.008676441 -0.001843078 0.999948263
3082.662119200 0.047178924 -0.140663028 6.654046535 -0.004977833 -0.008676441 -0.001843078 0.999948263
3082.662119200 0.047178924 -0.140663028 6.654046535 -0.004977833 -0.008676441 -0.001843078 0.999948263
3082.662119200 0.047178924 -0.140663028 6.654046535 -0.004977833 -0.008676441 -0.001843078 0.999948263
3082.662119200 0.047178924 -0.140663028 6.654046535 -0.004977833 -0.008676441 -0.001843078 0.999948263
3082.662119200 0.047178924 -0.140663028 6.654046535 -0.004977833 -0.008676441 -0.001843078 0.999948263
3082.662119200 0.047178924 -0.140663028 6.654046535 -0.004977833 -0.008676441 -0.001843078 0.999948263
3082.662119200 0.047178924 -0.140663028 6.654046535 -0.004977833 -0.008676441 -0.001843078 0.999948263
3082.662119200 0.047178924 -0.140663028 6.654046535 -0.004977833 -0.008676441 -0.001843078 0.999948263
3082.662119200 0.047178924 -0.140663028 6.654046535 -0.004977833 -0.008676441 -0.001843078 0.999948263
3082.662119200 0.047178924 -0.140663028 6.654046535 -0.004977833 -0.008676441 -0.001843078 0.999948263
3082.662119200 0.047178924 -0.140663028 6.654046535 -0.004977833 -0.008676441 -0.001843078 0.999948263
3082.662119200 0.047178924 -0.140663028 6.654046535 -0.004977833 -0.008676441 -0.001843078 0.999948263
3082.662119200 0.047178924 -0.140663028 6.654046535 -0.004977833 -0.008676441 -0.001843078 0.999948263
3082.662119200 0.047178924 -0.140663028 6.654046535 -0.004977833 -0.008676441 -0.001843078 0.999948263
3082.662119200 0.047178924 -0.140663028 6.654046535 -0.004977833 -0.008676441 -0.001843078 0.999948263
3082.662119200 0.047178924 -0.140663028 6.654046535 -0.004977833 -0.008676441 -0.001843078 0.999948263
3082.662119200 0.047178924 -0.140663028 6.654046535 -0.004977833 -0.008676441 -0.001843078 0.999948263
3082.662119200 0.047178924 -0.140663028 6.654046535 -0.004977833 -0.008676441 -0.001843078 0.999948263
3082.662119200 0.047178924 -0.140663028 6.654046535 -0.004977833 -0.008676441 -0.001843078 0.999948263
