4195.934957376 0.000000000 0.000000000 0.000000000 -0.000000000 -0.000000000 -0.000000000 1.000000000
4195.978923296 0.010600024 -0.004533982 0.186398268 -0.003334998 -0.001518710 -0.000418334 0.999993205
4196.019469632 0.015373597 -0.009300653 0.364973843 0.000385723 -0.001972758 -0.002567792 0.999994695
4196.081928512 0.028450232 -0.019868717 0.574647188 0.004940215 -0.002947781 -0.006369497 0.999963164
4196.142870464 0.034539659 -0.032736059 0.831890941 0.012386123 -0.004647035 -0.007456664 0.999884725
4196.176873024 0.029774595 -0.042557597 0.991993248 0.017256163 -0.004187413 -0.009880277 0.999793589
4196.227395936 0.031883862 -0.059419118 1.227145076 0.018447803 -0.004525281 -0.016397661 0.999685109
4196.267358560 0.030416204 -0.071920455 1.407320261 0.019053847 -0.006429004 -0.019851711 0.999600708
4196.314560576 0.033521753 -0.083984025 1.605707645 0.021117125 -0.009195904 -0.016573310 0.999597311
4196.354533728 0.030284001 -0.097145945 1.795028925 0.015222516 -0.009322011 -0.023447692 0.999565721
4196.392006944 0.043305259 -0.127595946 1.932189822 -0.000492553 -0.009938859 -0.026209919 0.999606967
4196.438534400 0.041017156 -0.114815183 2.147657156 -0.029784996 -0.011263700 -0.029522020 0.999056816
4196.484748576 0.032068402 -0.084937155 2.379744053 -0.056748793 -0.013007551 -0.030101372 0.997849882
4196.484748576 0.032068402 -0.084937155 2.379744053 -0.056748793 -0.013007551 -0.030101372 0.997849882
4196.484748576 0.032068402 -0.084937155 2.379744053 -0.056748793 -0.013007551 -0.030101372 0.997849882
4196.484748576 0.032068402 -0.084937155 2.379744053 -0.056748793 -0.013007551 -0.030101372 0.997849882
4196.484748576 0.032068402 -0.084937155 2.379744053 -0.056748793 -0.013007551 -0.030101372 0.997849882
4196.706908992 0.029057646 -0.171189949 3.249417543 -0.004727116 -0.000107972 0.027262924 0.999617159
4196.746770208 0.011009399 -0.170558617 3.427883387 -0.018275812 0.017556952 -0.025687743 0.999348760
4196.791872480 0.017462455 -0.173499808 3.612792730 -0.021883938 0.023197252 -0.014186133 0.999390721
4196.843142592 0.035847627 -0.182672918 3.800778151 -0.006168010 0.015548569 0.020159401 0.999656856
4196.884246688 0.076025210 -0.198631644 3.970669746 0.012836581 0.002468711 0.057737414 0.998246253
4196.918555360 0.113755092 -0.217828453 4.141728878 0.031808987 -0.010753083 0.095521033 0.994861007
4196.961735840 0.029676527 -0.206791773 4.256383419 0.026637085 -0.002979122 0.005910425 0.999623299
4197.008731104 0.028517978 -0.217722803 4.437085152 0.023873024 0.000685332 -0.003100784 0.999709964
4197.050565408 0.039594993 -0.233506709 4.607743263 0.018941483 0.003740059 0.014628350 0.999706626
4197.091326208 0.043862309 -0.245477304 4.773396969 0.013178507 0.004945528 0.016106900 0.999771237
4197.134320480 0.045135733 -0.254269600 4.939520836 0.011100791 0.004778564 0.013117953 0.999840975
4197.179045472 0.047300048 -0.263301879 5.108346939 0.014739037 0.001335107 0.013698135 0.999796629
4197.220756480 0.049254078 -0.276241571 5.268062115 0.017869117 -0.001856201 0.012947077 0.999754786
4197.263374944 0.050206181 -0.283950120 5.431526661 0.011902018 -0.002407121 0.010872206 0.999867201
4197.308090752 0.053564858 -0.283127308 5.608038902 0.002274180 -0.000426099 0.011202450 0.999934614
4197.358097120 0.054082718 -0.292644918 5.787391186 -0.000127528 -0.000169756 0.010260032 0.999947369
4197.399890112 0.053533494 -0.301993221 5.947453976 -0.002515611 -0.000989353 0.005674633 0.999980271
4197.440478048 0.057954565 -0.302167654 6.107346535 -0.004288539 -0.001438920 0.011925480 0.999918699
4197.486388256 0.057213604 -0.298212260 6.271002293 -0.003386440 -0.002265329 0.007253369 0.999965429
4197.534792064 0.061230756 -0.304159641 6.452480316 -0.010928993 -0.001142670 0.012782961 0.999857962
4197.577276832 0.088494785 -0.322888643 6.590088367 -0.017254008 -0.000306253 0.016378272 0.999716938
4197.616370176 0.151670516 -0.330251127 6.663737774 -0.014959486 0.002493966 0.016721992 0.999745190
4197.662027648 0.151490927 -0.327367038 6.744986057 -0.008588930 0.008891764 0.029680736 0.999483049
4197.711711200 0.146165594 -0.344942927 6.806632519 -0.000575230 0.012643510 0.038833071 0.999165535
4197.755240640 0.142966494 -0.362234920 6.864929199 0.007654374 0.016188862 0.047926016 0.998690426
4197.793884480 0.094644181 -0.359030247 7.411052704 0.009657776 0.016929729 0.051959246 0.998459041
4197.838688416 -0.093040846 -0.299272716 7.425324917 -0.004265822 0.016987929 0.060010757 0.998044133
4197.885550784 0.043426342 -0.372003376 7.708473682 0.010858078 0.010093975 0.068801023 0.997520268
4197.930445760 0.201165557 -0.359555364 8.111917496 0.025571113 0.001831994 0.072960764 0.997005343
4197.970102080 0.228025407 -0.375688732 8.330555916 0.035467867 -0.002059641 0.061627049 0.997466743
4198.011874816 0.161034018 -0.399537563 8.234438896 0.019304298 0.000396609 0.056840532 0.998196602
4198.059424032 0.573199391 -0.577285826 7.949501514 -0.002817250 -0.003847130 0.039436083 0.999210775
4198.102332736 -0.111084715 -0.366877705 8.229106903 0.032322045 -0.001797509 0.051969849 0.998123884
4198.139302240 0.039058931 -0.444408834 8.476594925 0.015002979 -0.008518835 0.051735323 0.998511791
4198.180656224 0.190927774 -0.450198710 8.911138535 0.014359209 -0.020377193 0.050888252 0.998393297
4198.228420160 0.778446913 0.207670629 0.979829788 -0.003682258 -0.034386989 0.107414298 0.993612707
4198.228420160 0.778446913 0.207670629 0.979829788 -0.003682258 -0.034386989 0.107414298 0.993612707
4198.341223200 0.040940091 -0.484331369 8.587083817 0.000546956 -0.043934669 0.032947518 0.998490870
4198.378028672 0.185475945 -0.183194876 9.035482407 0.175983846 -0.210987151 0.075772919 0.958526254
4198.378028672 0.185475945 -0.183194876 9.035482407 0.175983846 -0.210987151 0.075772919 0.958526254
4198.378028672 0.185475945 -0.183194876 9.035482407 0.175983846 -0.210987151 0.075772919 0.958526254
4198.378028672 0.185475945 -0.183194876 9.035482407 0.175983846 -0.210987151 0.075772919 0.958526254
4198.378028672 0.185475945 -0.183194876 9.035482407 0.175983846 -0.210987151 0.075772919 0.958526254
4198.378028672 0.185475945 -0.183194876 9.035482407 0.175983846 -0.210987151 0.075772919 0.958526254
4198.378028672 0.185475945 -0.183194876 9.035482407 0.175983846 -0.210987151 0.075772919 0.958526254
4198.378028672 0.185475945 -0.183194876 9.035482407 0.175983846 -0.210987151 0.075772919 0.958526254
4198.378028672 0.185475945 -0.183194876 9.035482407 0.175983846 -0.210987151 0.075772919 0.958526254
4198.378028672 0.185475945 -0.183194876 9.035482407 0.175983846 -0.210987151 0.075772919 0.958526254
4198.378028672 0.185475945 -0.183194876 9.035482407 0.175983846 -0.210987151 0.075772919 0.958526254
4198.859077408 -0.045546420 -0.383705705 10.170235634 -0.006229283 -0.060045883 0.015981514 0.998048246
4198.859077408 -0.045546420 -0.383705705 10.170235634 -0.006229283 -0.060045883 0.015981514 0.998048246
4198.859077408 -0.045546420 -0.383705705 10.170235634 -0.006229283 -0.060045883 0.015981514 0.998048246
4198.859077408 -0.045546420 -0.383705705 10.170235634 -0.006229283 -0.060045883 0.015981514 0.998048246
4198.859077408 -0.045546420 -0.383705705 10.170235634 -0.006229283 -0.060045883 0.015981514 0.998048246
4198.859077408 -0.045546420 -0.383705705 10.170235634 -0.006229283 -0.060045883 0.015981514 0.998048246
4198.859077408 -0.045546420 -0.383705705 10.170235634 -0.006229283 -0.060045883 0.015981514 0.998048246
4198.859077408 -0.045546420 -0.383705705 10.170235634 -0.006229283 -0.060045883 0.015981514 0.998048246
4198.859077408 -0.045546420 -0.383705705 10.170235634 -0.006229283 -0.060045883 0.015981514 0.998048246
4198.859077408 -0.045546420 -0.383705705 10.170235634 -0.006229283 -0.060045883 0.015981514 0.998048246
4198.859077408 -0.045546420 -0.383705705 10.170235634 -0.006229283 -0.060045883 0.015981514 0.998048246
4198.859077408 -0.045546420 -0.383705705 10.170235634 -0.006229283 -0.060045883 0.015981514 0.998048246
4198.859077408 -0.045546420 -0.383705705 10.170235634 -0.006229283 -0.060045883 0.015981514 0.998048246
4198.859077408 -0.045546420 -0.383705705 10.170235634 -0.006229283 -0.060045883 0.015981514 0.998048246
4198.859077408 -0.045546420 -0.383705705 10.170235634 -0.006229283 -0.060045883 0.015981514 0.998048246
4198.859077408 -0.045546420 -0.383705705 10.170235634 -0.006229283 -0.060045883 0.015981514 0.998048246
4198.859077408 -0.045546420 -0.383705705 10.170235634 -0.006229283 -0.060045883 0.015981514 0.998048246
4198.859077408 -0.045546420 -0.383705705 10.170235634 -0.006229283 -0.060045883 0.015981514 0.998048246
4198.859077408 -0.045546420 -0.383705705 10.170235634 -0.006229283 -0.060045883 0.015981514 0.998048246
4198.859077408 -0.045546420 -0.383705705 10.170235634 -0.006229283 -0.060045883 0.015981514 0.998048246
4198.859077408 -0.045546420 -0.383705705 10.170235634 -0.006229283 -0.060045883 0.015981514 0.998048246
4198.859077408 -0.045546420 -0.383705705 10.170235634 -0.006229283 -0.060045883 0.015981514 0.998048246
4198.859077408 -0.045546420 -0.383705705 10.170235634 -0.006229283 -0.060045883 0.015981514 0.998048246
4198.859077408 -0.045546420 -0.383705705 10.170235634 -0.006229283 -0.060045883 0.015981514 0.998048246
4198.859077408 -0.045546420 -0.383705705 10.170235634 -0.006229283 -0.060045883 0.015981514 0.998048246
4198.859077408 -0.045546420 -0.383705705 10.170235634 -0.006229283 -0.060045883 0.015981514 0.998048246
4198.859077408 -0.045546420 -0.383705705 10.170235634 -0.006229283 -0.060045883 0.015981514 0.998048246
4198.859077408 -0.045546420 -0.383705705 10.170235634 -0.006229283 -0.060045883 0.015981514 0.998048246
4198.859077408 -0.045546420 -0.383705705 10.170235634 -0.006229283 -0.060045883 0.015981514 0.998048246
4198.859077408 -0.045546420 -0.383705705 10.170235634 -0.006229283 -0.060045883 0.015981514 0.998048246
4198.859077408 -0.045546420 -0.383705705 10.170235634 -0.006229283 -0.060045883 0.015981514 0.998048246
4198.859077408 -0.045546420 -0.383705705 10.170235634 -0.006229283 -0.060045883 0.015981514 0.998048246
4198.859077408 -0.045546420 -0.383705705 10.170235634 -0.006229283 -0.060045883 0.015981514 0.998048246
4198.859077408 -0.045546420 -0.383705705 10.170235634 -0.006229283 -0.060045883 0.015981514 0.998048246
4198.859077408 -0.045546420 -0.383705705 10.170235634 -0.006229283 -0.060045883 0.015981514 0.998048246
4198.859077408 -0.045546420 -0.383705705 10.170235634 -0.006229283 -0.060045883 0.015981514 0.998048246
4198.859077408 -0.045546420 -0.383705705 10.170235634 -0.006229283 -0.060045883 0.015981514 0.998048246
4198.859077408 -0.045546420 -0.383705705 10.170235634 -0.006229283 -0.060045883 0.015981514 0.998048246
4198.859077408 -0.045546420 -0.383705705 10.170235634 -0.006229283 -0.060045883 0.015981514 0.998048246
4198.859077408 -0.045546420 -0.383705705 10.170235634 -0.006229283 -0.060045883 0.015981514 0.998048246
4198.859077408 -0.045546420 -0.383705705 10.170235634 -0.006229283 -0.060045883 0.015981514 0.998048246
4198.859077408 -0.045546420 -0.383705705 10.170235634 -0.006229283 -0.060045883 0.015981514 0.998048246
4198.859077408 -0.045546420 -0.383705705 10.170235634 -0.006229283 -0.060045883 0.015981514 0.998048246
4198.859077408 -0.045546420 -0.383705705 10.170235634 -0.006229283 -0.060045883 0.015981514 0.998048246
4198.859077408 -0.045546420 -0.383705705 10.170235634 -0.006229283 -0.060045883 0.015981514 0.998048246
4198.859077408 -0.045546420 -0.383705705 10.170235634 -0.006229283 -0.060045883 0.015981514 0.998048246
4198.859077408 -0.045546420 -0.383705705 10.170235634 -0.006229283 -0.060045883 0.015981514 0.998048246
4198.859077408 -0.045546420 -0.383705705 10.170235634 -0.006229283 -0.060045883 0.015981514 0.998048246
4198.859077408 -0.045546420 -0.383705705 10.170235634 -0.006229283 -0.060045883 0.015981514 0.998048246
4198.859077408 -0.045546420 -0.383705705 10.170235634 -0.006229283 -0.060045883 0.015981514 0.998048246
4198.859077408 -0.045546420 -0.383705705 10.170235634 -0.006229283 -0.060045883 0.015981514 0.998048246
4198.859077408 -0.045546420 -0.383705705 10.170235634 -0.006229283 -0.060045883 0.015981514 0.998048246
4198.859077408 -0.045546420 -0.383705705 10.170235634 -0.006229283 -0.060045883 0.015981514 0.998048246
4198.859077408 -0.045546420 -0.383705705 10.170235634 -0.006229283 -0.060045883 0.015981514 0.998048246
4198.859077408 -0.045546420 -0.383705705 10.170235634 -0.006229283 -0.060045883 0.015981514 0.998048246
4198.859077408 -0.045546420 -0.383705705 10.170235634 -0.006229283 -0.060045883 0.015981514 0.998048246
4198.859077408 -0.045546420 -0.383705705 10.170235634 -0.006229283 -0.060045883 0.015981514 0.998048246
4198.859077408 -0.045546420 -0.383705705 10.170235634 -0.006229283 -0.060045883 0.015981514 0.998048246
4198.859077408 -0.045546420 -0.383705705 10.170235634 -0.006229283 -0.060045883 0.015981514 0.998048246
4198.859077408 -0.045546420 -0.383705705 10.170235634 -0.006229283 -0.060045883 0.015981514 0.998048246
4198.859077408 -0.045546420 -0.383705705 10.170235634 -0.006229283 -0.060045883 0.015981514 0.998048246
4198.859077408 -0.045546420 -0.383705705 10.170235634 -0.006229283 -0.060045883 0.015981514 0.998048246
4198.859077408 -0.045546420 -0.383705705 10.170235634 -0.006229283 -0.060045883 0.015981514 0.998048246
4198.859077408 -0.045546420 -0.383705705 10.170235634 -0.006229283 -0.060045883 0.015981514 0.998048246
4198.859077408 -0.045546420 -0.383705705 10.170235634 -0.006229283 -0.060045883 0.015981514 0.998048246
4198.859077408 -0.045546420 -0.383705705 10.170235634 -0.006229283 -0.060045883 0.015981514 0.998048246
4198.859077408 -0.045546420 -0.383705705 10.170235634 -0.006229283 -0.060045883 0.015981514 0.998048246
4198.859077408 -0.045546420 -0.383705705 10.170235634 -0.006229283 -0.060045883 0.015981514 0.998048246
4198.859077408 -0.045546420 -0.383705705 10.170235634 -0.006229283 -0.060045883 0.015981514 0.998048246
4198.859077408 -0.045546420 -0.383705705 10.170235634 -0.006229283 -0.060045883 0.015981514 0.998048246
4198.859077408 -0.045546420 -0.383705705 10.170235634 -0.006229283 -0.060045883 0.015981514 0.998048246
4198.859077408 -0.045546420 -0.383705705 10.170235634 -0.006229283 -0.060045883 0.015981514 0.998048246
4198.859077408 -0.045546420 -0.383705705 10.170235634 -0.006229283 -0.060045883 0.015981514 0.998048246
4198.859077408 -0.045546420 -0.383705705 10.170235634 -0.006229283 -0.060045883 0.015981514 0.998048246
4198.859077408 -0.045546420 -0.383705705 10.170235634 -0.006229283 -0.060045883 0.015981514 0.998048246
4198.859077408 -0.045546420 -0.383705705 10.170235634 -0.006229283 -0.060045883 0.015981514 0.998048246
4198.859077408 -0.045546420 -0.383705705 10.170235634 -0.006229283 -0.060045883 0.015981514 0.998048246
4198.859077408 -0.045546420 -0.383705705 10.170235634 -0.006229283 -0.060045883 0.015981514 0.998048246
4198.859077408 -0.045546420 -0.383705705 10.170235634 -0.006229283 -0.060045883 0.015981514 0.998048246
4198.859077408 -0.045546420 -0.383705705 10.170235634 -0.006229283 -0.060045883 0.015981514 0.998048246
4198.859077408 -0.045546420 -0.383705705 10.170235634 -0.006229283 -0.060045883 0.015981514 0.998048246
4198.859077408 -0.045546420 -0.383705705 10.170235634 -0.006229283 -0.060045883 0.015981514 0.998048246
4198.859077408 -0.045546420 -0.383705705 10.170235634 -0.006229283 -0.060045883 0.015981514 0.998048246
4198.859077408 -0.045546420 -0.383705705 10.170235634 -0.006229283 -0.060045883 0.015981514 0.998048246
4198.859077408 -0.045546420 -0.383705705 10.170235634 -0.006229283 -0.060045883 0.015981514 0.998048246
4198.859077408 -0.045546420 -0.383705705 10.170235634 -0.006229283 -0.060045883 0.015981514 0.998048246
4198.859077408 -0.045546420 -0.383705705 10.170235634 -0.006229283 -0.060045883 0.015981514 0.998048246
4198.859077408 -0.045546420 -0.383705705 10.170235634 -0.006229283 -0.060045883 0.015981514 0.998048246
4198.859077408 -0.045546420 -0.383705705 10.170235634 -0.006229283 -0.060045883 0.015981514 0.998048246
4198.859077408 -0.045546420 -0.383705705 10.170235634 -0.006229283 -0.060045883 0.015981514 0.998048246
4198.859077408 -0.045546420 -0.383705705 10.170235634 -0.006229283 -0.060045883 0.015981514 0.998048246
4198.859077408 -0.045546420 -0.383705705 10.170235634 -0.006229283 -0.060045883 0.015981514 0.998048246
4198.859077408 -0.045546420 -0.383705705 10.170235634 -0.006229283 -0.060045883 0.015981514 0.998048246
4198.859077408 -0.045546420 -0.383705705 10.170235634 -0.006229283 -0.060045883 0.015981514 0.998048246
4198.859077408 -0.045546420 -0.383705705 10.170235634 -0.006229283 -0.060045883 0.015981514 0.998048246
4198.859077408 -0.045546420 -0.383705705 10.170235634 -0.006229283 -0.060045883 0.015981514 0.998048246
4198.859077408 -0.045546420 -0.383705705 10.170235634 -0.006229283 -0.060045883 0.015981514 0.998048246
4198.859077408 -0.045546420 -0.383705705 10.170235634 -0.006229283 -0.060045883 0.015981514 0.998048246
4198.859077408 -0.045546420 -0.383705705 10.170235634 -0.006229283 -0.060045883 0.015981514 0.998048246
4198.859077408 -0.045546420 -0.383705705 10.170235634 -0.006229283 -0.060045883 0.015981514 0.998048246
4198.859077408 -0.045546420 -0.383705705 10.170235634 -0.006229283 -0.060045883 0.015981514 0.998048246
4198.859077408 -0.045546420 -0.383705705 10.170235634 -0.006229283 -0.060045883 0.015981514 0.998048246
4198.859077408 -0.045546420 -0.383705705 10.170235634 -0.006229283 -0.060045883 0.015981514 0.998048246
4198.859077408 -0.045546420 -0.383705705 10.170235634 -0.006229283 -0.060045883 0.015981514 0.998048246
4198.859077408 -0.045546420 -0.383705705 10.170235634 -0.006229283 -0.060045883 0.015981514 0.998048246
