3459.688928384 0.000000000 0.000000000 0.000000000 -0.000000000 -0.000000000 -0.000000000 1.000000000
3459.721032192 -0.003945025 -0.003365329 0.123838730 0.008574483 0.003887707 -0.018070031 0.999792397
3459.753168320 0.015414600 0.025629412 0.226255655 0.026457546 0.005304444 -0.029211432 0.999208987
3459.785219104 0.009612053 -0.036313105 0.359202653 0.060319021 0.011346913 -0.016543262 0.997977555
3459.817308032 0.018800694 -0.053201400 0.485242099 0.053504936 0.013688648 -0.014463118 0.998368979
3459.849290400 0.032750241 -0.061385680 0.616621077 0.042041115 0.014534964 -0.002596824 0.999006808
3459.880693696 0.043439202 -0.062013030 0.749511182 0.024306778 0.015240264 -0.001399409 0.999587417
3459.912024704 0.043343063 -0.070821241 0.876559913 0.001582641 0.015324002 -0.006235861 0.999861896
3459.943671584 0.030329311 -0.117392763 0.963979244 -0.026516937 0.018582953 -0.011139534 0.999413550
3459.943671584 0.030329311 -0.117392763 0.963979244 -0.026516937 0.018582953 -0.011139534 0.999413550
3460.006920160 0.069509484 -0.102127209 1.253023267 0.002956596 0.015116222 -0.018800179 0.999704599
3460.038271648 0.068440922 -0.102071211 1.374371171 0.005390496 0.012298473 -0.014882402 0.999799073
3460.069645216 0.083262578 -0.106664240 1.506267309 0.007156617 0.012138040 -0.013292338 0.999812365
3460.101083872 0.094396673 -0.114418939 1.634954929 0.005966600 0.013064198 -0.017912412 0.999736428
3460.132300416 0.095262721 -0.122763537 1.765747070 0.005032482 0.013999805 -0.023816410 0.999605715
3460.164607680 0.102872744 -0.127911597 1.899733305 0.008751185 0.014942178 -0.025968710 0.999512792
3460.196767392 0.109952621 -0.136647224 2.024296284 0.014151208 0.015544857 -0.026845966 0.999418557
3460.228213888 0.114005104 -0.144750416 2.150446653 0.018601574 0.014787143 -0.030268002 0.999259412
3460.264025536 0.123909272 -0.156227618 2.297451019 0.019704418 0.013712768 -0.030629678 0.999242485
3460.298502944 0.129816622 -0.167858019 2.443069220 0.021155678 0.012622843 -0.031503499 0.999200046
3460.333570240 0.132232115 -0.176263809 2.576817274 0.020624258 0.013065114 -0.033966914 0.999124706
3460.365578720 0.143081143 -0.193505794 2.732612133 0.023562422 0.013013253 -0.038359948 0.998901427
3460.397647712 0.146053329 -0.194452167 2.859771967 0.020846646 0.013432542 -0.037577644 0.998985946
3460.429381920 0.150396749 -0.211645737 2.998488903 0.021892643 0.013086506 -0.037377004 0.998975694
3460.461028352 0.156041160 -0.221267596 3.126390934 0.024305454 0.011894079 -0.039499506 0.998853207
3460.493444096 0.167449176 -0.234534115 3.273834705 0.023354189 0.010758672 -0.039792027 0.998877168
3460.525625376 0.164143085 -0.237023532 3.390321255 0.022913851 0.010243746 -0.040059119 0.998881996
3460.557221376 0.171444327 -0.253615737 3.539484739 0.020485094 0.009812105 -0.040390618 0.998925805
3460.588683712 0.175841600 -0.260097057 3.670425892 0.012858507 0.010879379 -0.042383861 0.998959422
3460.628065728 0.192190900 -0.277757347 3.858101368 0.010430711 0.011471741 -0.040272009 0.999068439
3460.659422624 0.193465263 -0.282263279 3.989722252 0.012939233 0.012148487 -0.042631634 0.998933196
3460.691017696 0.196625695 -0.289572060 4.123321056 0.008416171 0.012870211 -0.042771254 0.998966575
3460.722505152 0.204191953 -0.301151216 4.256958008 0.010479246 0.012135907 -0.040967353 0.999031901
3460.753906912 0.215088248 -0.312646687 4.392986774 0.011812180 0.011019646 -0.036972396 0.999185741
3460.787633696 0.214708209 -0.311135083 4.528934479 0.015255146 0.012069397 -0.040642790 0.998984396
3460.826659936 0.220638335 -0.323042780 4.687613487 0.014737393 0.012951942 -0.039758742 0.999016762
3460.858547520 0.228994399 -0.338698626 4.841480732 0.014084610 0.013768139 -0.039163165 0.999038696
3460.891571648 0.251471490 -0.381247818 4.932344437 0.012474167 0.013072339 -0.039750870 0.999046266
3460.925197440 0.280682802 -0.392308474 5.143072605 0.016482135 0.011688280 -0.031399075 0.999302745
3460.956748736 0.255890340 -0.366118342 5.272714615 0.022360411 0.012845100 -0.036456302 0.999002516
3460.989643968 0.261940181 -0.376645744 5.406097412 0.022950977 0.013158241 -0.039326757 0.998876154
3461.031606112 0.275696605 -0.414869875 5.600737572 0.025112137 0.013392897 -0.043820202 0.998634040
3461.063116384 0.267688304 -0.405817181 5.736251831 0.028941464 0.013502964 -0.039870776 0.998694360
3461.094530464 0.274555057 -0.414295316 5.871435642 0.027503775 0.013377146 -0.038955834 0.998772800
3461.127220192 0.279204905 -0.429350913 6.014456749 0.029292468 0.015050616 -0.041644659 0.998589635
3461.159332864 0.276069731 -0.317087173 5.615636826 0.026342593 0.018264981 -0.054135244 0.998019040
3461.159332864 0.276069731 -0.317087173 5.615636826 0.026342593 0.018264981 -0.054135244 0.998019040
3461.159332864 0.276069731 -0.317087173 5.615636826 0.026342593 0.018264981 -0.054135244 0.998019040
3461.159332864 0.276069731 -0.317087173 5.615636826 0.026342593 0.018264981 -0.054135244 0.998019040
3461.159332864 0.276069731 -0.317087173 5.615636826 0.026342593 0.018264981 -0.054135244 0.998019040
3461.159332864 0.276069731 -0.317087173 5.615636826 0.026342593 0.018264981 -0.054135244 0.998019040
3461.159332864 0.276069731 -0.317087173 5.615636826 0.026342593 0.018264981 -0.054135244 0.998019040
3461.159332864 0.276069731 -0.317087173 5.615636826 0.026342593 0.018264981 -0.054135244 0.998019040
3461.159332864 0.276069731 -0.317087173 5.615636826 0.026342593 0.018264981 -0.054135244 0.998019040
3461.159332864 0.276069731 -0.317087173 5.615636826 0.026342593 0.018264981 -0.054135244 0.998019040
3461.159332864 0.276069731 -0.317087173 5.615636826 0.026342593 0.018264981 -0.054135244 0.998019040
3461.159332864 0.276069731 -0.317087173 5.615636826 0.026342593 0.018264981 -0.054135244 0.998019040
3461.159332864 0.276069731 -0.317087173 5.615636826 0.026342593 0.018264981 -0.054135244 0.998019040
3461.159332864 0.276069731 -0.317087173 5.615636826 0.026342593 0.018264981 -0.054135244 0.998019040
3461.159332864 0.276069731 -0.317087173 5.615636826 0.026342593 0.018264981 -0.054135244 0.998019040
3461.159332864 0.276069731 -0.317087173 5.615636826 0.026342593 0.018264981 -0.054135244 0.998019040
3461.159332864 0.276069731 -0.317087173 5.615636826 0.026342593 0.018264981 -0.054135244 0.998019040
3461.709071168 0.501940787 -0.694645226 8.486725807 0.037614774 0.033715244 -0.049293160 0.997506201
3461.709071168 0.501940787 -0.694645226 8.486725807 0.037614774 0.033715244 -0.049293160 0.997506201
3461.771802432 0.520951390 -0.724105060 8.753177643 0.038191341 0.032089416 -0.052567896 0.997370720
3461.771802432 0.520951390 -0.724105060 8.753177643 0.038191341 0.032089416 -0.052567896 0.997370720
3461.834844960 0.541747332 -0.752086222 9.022962570 0.033986975 0.029313140 -0.049758740 0.997752309
3461.866620960 0.553097308 -0.767832637 9.155307770 0.037868761 0.027864344 -0.049918897 0.997646093
3461.898591584 0.557751536 -0.782408714 9.291375160 0.038431544 0.028285010 -0.053114817 0.997447670
3461.930065728 0.632923424 -0.799276292 9.414107323 0.033875003 0.024800273 -0.051356569 0.997797549
3461.961573216 0.585523069 -0.814658225 9.585167885 0.037737466 0.029090079 -0.054079108 0.997399271
3461.994542496 0.560946882 -0.851345479 9.715015411 0.033404969 0.030244164 -0.050959077 0.997683644
3462.025959136 0.573499560 -0.864271998 9.849113464 0.032702420 0.030161750 -0.051987506 0.997656345
3462.057688608 0.615548193 -0.868522406 10.009860039 0.036651071 0.027580973 -0.051069170 0.997641206
3462.092394240 0.597775400 -0.907235384 10.146278381 0.037517149 0.025559012 -0.031954531 0.998457849
3462.123974272 0.572794914 -0.948213220 10.214804649 0.034741204 0.025832893 -0.030405223 0.998599648
3462.155583872 0.645286560 -0.905673504 10.330760002 0.038480252 0.028508028 -0.053907562 0.997396886
3462.155583872 0.645286560 -0.905673504 10.330760002 0.038480252 0.028508028 -0.053907562 0.997396886
3462.219205568 0.663224459 -0.938367367 10.599867821 0.039673455 0.029077632 -0.050574288 0.997508287
3462.259101184 0.663396955 -0.938771844 10.599700928 0.040735077 0.029470522 -0.050213963 0.997472167
3462.290474944 0.680765569 -0.969372451 10.900319099 0.041101377 0.030194126 -0.050158963 0.997438252
3462.290474944 0.680765569 -0.969372451 10.900319099 0.041101377 0.030194126 -0.050158963 0.997438252
3462.290474944 0.680765569 -0.969372451 10.900319099 0.041101377 0.030194126 -0.050158963 0.997438252
3462.290474944 0.680765569 -0.969372451 10.900319099 0.041101377 0.030194126 -0.050158963 0.997438252
3462.290474944 0.680765569 -0.969372451 10.900319099 0.041101377 0.030194126 -0.050158963 0.997438252
3462.290474944 0.680765569 -0.969372451 10.900319099 0.041101377 0.030194126 -0.050158963 0.997438252
3462.290474944 0.680765569 -0.969372451 10.900319099 0.041101377 0.030194126 -0.050158963 0.997438252
3462.290474944 0.680765569 -0.969372451 10.900319099 0.041101377 0.030194126 -0.050158963 0.997438252
3462.290474944 0.680765569 -0.969372451 10.900319099 0.041101377 0.030194126 -0.050158963 0.997438252
3462.290474944 0.680765569 -0.969372451 10.900319099 0.041101377 0.030194126 -0.050158963 0.997438252
3462.290474944 0.680765569 -0.969372451 10.900319099 0.041101377 0.030194126 -0.050158963 0.997438252
3462.290474944 0.680765569 -0.969372451 10.900319099 0.041101377 0.030194126 -0.050158963 0.997438252
3462.290474944 0.680765569 -0.969372451 10.900319099 0.041101377 0.030194126 -0.050158963 0.997438252
3462.290474944 0.680765569 -0.969372451 10.900319099 0.041101377 0.030194126 -0.050158963 0.997438252
3462.290474944 0.680765569 -0.969372451 10.900319099 0.041101377 0.030194126 -0.050158963 0.997438252
3462.290474944 0.680765569 -0.969372451 10.900319099 0.041101377 0.030194126 -0.050158963 0.997438252
3462.290474944 0.680765569 -0.969372451 10.900319099 0.041101377 0.030194126 -0.050158963 0.997438252
3462.290474944 0.680765569 -0.969372451 10.900319099 0.041101377 0.030194126 -0.050158963 0.997438252
3462.290474944 0.680765569 -0.969372451 10.900319099 0.041101377 0.030194126 -0.050158963 0.997438252
3462.290474944 0.680765569 -0.969372451 10.900319099 0.041101377 0.030194126 -0.050158963 0.997438252
3462.290474944 0.680765569 -0.969372451 10.900319099 0.041101377 0.030194126 -0.050158963 0.997438252
3462.290474944 0.680765569 -0.969372451 10.900319099 0.041101377 0.030194126 -0.050158963 0.997438252
3462.290474944 0.680765569 -0.969372451 10.900319099 0.041101377 0.030194126 -0.050158963 0.997438252
3462.290474944 0.680765569 -0.969372451 10.900319099 0.041101377 0.030194126 -0.050158963 0.997438252
3462.290474944 0.680765569 -0.969372451 10.900319099 0.041101377 0.030194126 -0.050158963 0.997438252
3462.290474944 0.680765569 -0.969372451 10.900319099 0.041101377 0.030194126 -0.050158963 0.997438252
3462.290474944 0.680765569 -0.969372451 10.900319099 0.041101377 0.030194126 -0.050158963 0.997438252
3462.290474944 0.680765569 -0.969372451 10.900319099 0.041101377 0.030194126 -0.050158963 0.997438252
3462.290474944 0.680765569 -0.969372451 10.900319099 0.041101377 0.030194126 -0.050158963 0.997438252
3462.290474944 0.680765569 -0.969372451 10.900319099 0.041101377 0.030194126 -0.050158963 0.997438252
3462.290474944 0.680765569 -0.969372451 10.900319099 0.041101377 0.030194126 -0.050158963 0.997438252
3462.290474944 0.680765569 -0.969372451 10.900319099 0.041101377 0.030194126 -0.050158963 0.997438252
3462.290474944 0.680765569 -0.969372451 10.900319099 0.041101377 0.030194126 -0.050158963 0.997438252
3462.290474944 0.680765569 -0.969372451 10.900319099 0.041101377 0.030194126 -0.050158963 0.997438252
3462.290474944 0.680765569 -0.969372451 10.900319099 0.041101377 0.030194126 -0.050158963 0.997438252
3462.290474944 0.680765569 -0.969372451 10.900319099 0.041101377 0.030194126 -0.050158963 0.997438252
3462.290474944 0.680765569 -0.969372451 10.900319099 0.041101377 0.030194126 -0.050158963 0.997438252
3462.290474944 0.680765569 -0.969372451 10.900319099 0.041101377 0.030194126 -0.050158963 0.997438252
3462.290474944 0.680765569 -0.969372451 10.900319099 0.041101377 0.030194126 -0.050158963 0.997438252
3462.290474944 0.680765569 -0.969372451 10.900319099 0.041101377 0.030194126 -0.050158963 0.997438252
3462.290474944 0.680765569 -0.969372451 10.900319099 0.041101377 0.030194126 -0.050158963 0.997438252
3462.290474944 0.680765569 -0.969372451 10.900319099 0.041101377 0.030194126 -0.050158963 0.997438252
3462.290474944 0.680765569 -0.969372451 10.900319099 0.041101377 0.030194126 -0.050158963 0.997438252
3462.290474944 0.680765569 -0.969372451 10.900319099 0.041101377 0.030194126 -0.050158963 0.997438252
3462.290474944 0.680765569 -0.969372451 10.900319099 0.041101377 0.030194126 -0.050158963 0.997438252
3462.290474944 0.680765569 -0.969372451 10.900319099 0.041101377 0.030194126 -0.050158963 0.997438252
3462.290474944 0.680765569 -0.969372451 10.900319099 0.041101377 0.030194126 -0.050158963 0.997438252
3462.290474944 0.680765569 -0.969372451 10.900319099 0.041101377 0.030194126 -0.050158963 0.997438252
3462.290474944 0.680765569 -0.969372451 10.900319099 0.041101377 0.030194126 -0.050158963 0.997438252
3462.290474944 0.680765569 -0.969372451 10.900319099 0.041101377 0.030194126 -0.050158963 0.997438252
3462.290474944 0.680765569 -0.969372451 10.900319099 0.041101377 0.030194126 -0.050158963 0.997438252
3462.290474944 0.680765569 -0.969372451 10.900319099 0.041101377 0.030194126 -0.050158963 0.997438252
3462.290474944 0.680765569 -0.969372451 10.900319099 0.041101377 0.030194126 -0.050158963 0.997438252
3462.290474944 0.680765569 -0.969372451 10.900319099 0.041101377 0.030194126 -0.050158963 0.997438252
3462.290474944 0.680765569 -0.969372451 10.900319099 0.041101377 0.030194126 -0.050158963 0.997438252
3462.290474944 0.680765569 -0.969372451 10.900319099 0.041101377 0.030194126 -0.050158963 0.997438252
3462.290474944 0.680765569 -0.969372451 10.900319099 0.041101377 0.030194126 -0.050158963 0.997438252
3462.290474944 0.680765569 -0.969372451 10.900319099 0.041101377 0.030194126 -0.050158963 0.997438252
3462.290474944 0.680765569 -0.969372451 10.900319099 0.041101377 0.030194126 -0.050158963 0.997438252
3462.290474944 0.680765569 -0.969372451 10.900319099 0.041101377 0.030194126 -0.050158963 0.997438252
3462.290474944 0.680765569 -0.969372451 10.900319099 0.041101377 0.030194126 -0.050158963 0.997438252
3462.290474944 0.680765569 -0.969372451 10.900319099 0.041101377 0.030194126 -0.050158963 0.997438252
3462.290474944 0.680765569 -0.969372451 10.900319099 0.041101377 0.030194126 -0.050158963 0.997438252
3462.290474944 0.680765569 -0.969372451 10.900319099 0.041101377 0.030194126 -0.050158963 0.997438252
3462.290474944 0.680765569 -0.969372451 10.900319099 0.041101377 0.030194126 -0.050158963 0.997438252
3462.290474944 0.680765569 -0.969372451 10.900319099 0.041101377 0.030194126 -0.050158963 0.997438252
3462.290474944 0.680765569 -0.969372451 10.900319099 0.041101377 0.030194126 -0.050158963 0.997438252
3462.290474944 0.680765569 -0.969372451 10.900319099 0.041101377 0.030194126 -0.050158963 0.997438252
3462.290474944 0.680765569 -0.969372451 10.900319099 0.041101377 0.030194126 -0.050158963 0.997438252
3462.290474944 0.680765569 -0.969372451 10.900319099 0.041101377 0.030194126 -0.050158963 0.997438252
3462.290474944 0.680765569 -0.969372451 10.900319099 0.041101377 0.030194126 -0.050158963 0.997438252
3462.290474944 0.680765569 -0.969372451 10.900319099 0.041101377 0.030194126 -0.050158963 0.997438252
3462.290474944 0.680765569 -0.969372451 10.900319099 0.041101377 0.030194126 -0.050158963 0.997438252
3462.290474944 0.680765569 -0.969372451 10.900319099 0.041101377 0.030194126 -0.050158963 0.997438252
3462.290474944 0.680765569 -0.969372451 10.900319099 0.041101377 0.030194126 -0.050158963 0.997438252
3462.290474944 0.680765569 -0.969372451 10.900319099 0.041101377 0.030194126 -0.050158963 0.997438252
3462.290474944 0.680765569 -0.969372451 10.900319099 0.041101377 0.030194126 -0.050158963 0.997438252
3462.290474944 0.680765569 -0.969372451 10.900319099 0.041101377 0.030194126 -0.050158963 0.997438252
3462.290474944 0.680765569 -0.969372451 10.900319099 0.041101377 0.030194126 -0.050158963 0.997438252
3462.290474944 0.680765569 -0.969372451 10.900319099 0.041101377 0.030194126 -0.050158963 0.997438252
3462.290474944 0.680765569 -0.969372451 10.900319099 0.041101377 0.030194126 -0.050158963 0.997438252
3462.290474944 0.680765569 -0.969372451 10.900319099 0.041101377 0.030194126 -0.050158963 0.997438252
3462.290474944 0.680765569 -0.969372451 10.900319099 0.041101377 0.030194126 -0.050158963 0.997438252
3462.290474944 0.680765569 -0.969372451 10.900319099 0.041101377 0.030194126 -0.050158963 0.997438252
3462.290474944 0.680765569 -0.969372451 10.900319099 0.041101377 0.030194126 -0.050158963 0.997438252
3462.290474944 0.680765569 -0.969372451 10.900319099 0.041101377 0.030194126 -0.050158963 0.997438252
3462.290474944 0.680765569 -0.969372451 10.900319099 0.041101377 0.030194126 -0.050158963 0.997438252
3462.290474944 0.680765569 -0.969372451 10.900319099 0.041101377 0.030194126 -0.050158963 0.997438252
3462.290474944 0.680765569 -0.969372451 10.900319099 0.041101377 0.030194126 -0.050158963 0.997438252
3462.290474944 0.680765569 -0.969372451 10.900319099 0.041101377 0.030194126 -0.050158963 0.997438252
3462.290474944 0.680765569 -0.969372451 10.900319099 0.041101377 0.030194126 -0.050158963 0.997438252
3462.290474944 0.680765569 -0.969372451 10.900319099 0.041101377 0.030194126 -0.050158963 0.997438252
3462.290474944 0.680765569 -0.969372451 10.900319099 0.041101377 0.030194126 -0.050158963 0.997438252
3462.290474944 0.680765569 -0.969372451 10.900319099 0.041101377 0.030194126 -0.050158963 0.997438252
3462.290474944 0.680765569 -0.969372451 10.900319099 0.041101377 0.030194126 -0.050158963 0.997438252
3462.290474944 0.680765569 -0.969372451 10.900319099 0.041101377 0.030194126 -0.050158963 0.997438252
3462.290474944 0.680765569 -0.969372451 10.900319099 0.041101377 0.030194126 -0.050158963 0.997438252
3462.290474944 0.680765569 -0.969372451 10.900319099 0.041101377 0.030194126 -0.050158963 0.997438252
3462.290474944 0.680765569 -0.969372451 10.900319099 0.041101377 0.030194126 -0.050158963 0.997438252
3462.290474944 0.680765569 -0.969372451 10.900319099 0.041101377 0.030194126 -0.050158963 0.997438252
3462.290474944 0.680765569 -0.969372451 10.900319099 0.041101377 0.030194126 -0.050158963 0.997438252
3462.290474944 0.680765569 -0.969372451 10.900319099 0.041101377 0.030194126 -0.050158963 0.997438252
3462.290474944 0.680765569 -0.969372451 10.900319099 0.041101377 0.030194126 -0.050158963 0.997438252
3462.290474944 0.680765569 -0.969372451 10.900319099 0.041101377 0.030194126 -0.050158963 0.997438252
3462.290474944 0.680765569 -0.969372451 10.900319099 0.041101377 0.030194126 -0.050158963 0.997438252
3462.290474944 0.680765569 -0.969372451 10.900319099 0.041101377 0.030194126 -0.050158963 0.997438252
3462.290474944 0.680765569 -0.969372451 10.900319099 0.041101377 0.030194126 -0.050158963 0.997438252
3462.290474944 0.680765569 -0.969372451 10.900319099 0.041101377 0.030194126 -0.050158963 0.997438252
3462.290474944 0.680765569 -0.969372451 10.900319099 0.041101377 0.030194126 -0.050158963 0.997438252
3462.290474944 0.680765569 -0.969372451 10.900319099 0.041101377 0.030194126 -0.050158963 0.997438252
3462.290474944 0.680765569 -0.969372451 10.900319099 0.041101377 0.030194126 -0.050158963 0.997438252
3462.290474944 0.680765569 -0.969372451 10.900319099 0.041101377 0.030194126 -0.050158963 0.997438252
3462.290474944 0.680765569 -0.969372451 10.900319099 0.041101377 0.030194126 -0.050158963 0.997438252
3462.290474944 0.680765569 -0.969372451 10.900319099 0.041101377 0.030194126 -0.050158963 0.997438252
3462.290474944 0.680765569 -0.969372451 10.900319099 0.041101377 0.030194126 -0.050158963 0.997438252
3462.290474944 0.680765569 -0.969372451 10.900319099 0.041101377 0.030194126 -0.050158963 0.997438252
3462.290474944 0.680765569 -0.969372451 10.900319099 0.041101377 0.030194126 -0.050158963 0.997438252
3462.290474944 0.680765569 -0.969372451 10.900319099 0.041101377 0.030194126 -0.050158963 0.997438252
3462.290474944 0.680765569 -0.969372451 10.900319099 0.041101377 0.030194126 -0.050158963 0.997438252
3462.290474944 0.680765569 -0.969372451 10.900319099 0.041101377 0.030194126 -0.050158963 0.997438252
3462.290474944 0.680765569 -0.969372451 10.900319099 0.041101377 0.030194126 -0.050158963 0.997438252
3462.290474944 0.680765569 -0.969372451 10.900319099 0.041101377 0.030194126 -0.050158963 0.997438252
3462.290474944 0.680765569 -0.969372451 10.900319099 0.041101377 0.030194126 -0.050158963 0.997438252
3462.290474944 0.680765569 -0.969372451 10.900319099 0.041101377 0.030194126 -0.050158963 0.997438252
3462.290474944 0.680765569 -0.969372451 10.900319099 0.041101377 0.030194126 -0.050158963 0.997438252
3462.290474944 0.680765569 -0.969372451 10.900319099 0.041101377 0.030194126 -0.050158963 0.997438252
3462.290474944 0.680765569 -0.969372451 10.900319099 0.041101377 0.030194126 -0.050158963 0.997438252
3462.290474944 0.680765569 -0.969372451 10.900319099 0.041101377 0.030194126 -0.050158963 0.997438252
3462.290474944 0.680765569 -0.969372451 10.900319099 0.041101377 0.030194126 -0.050158963 0.997438252
3462.290474944 0.680765569 -0.969372451 10.900319099 0.041101377 0.030194126 -0.050158963 0.997438252
3462.290474944 0.680765569 -0.969372451 10.900319099 0.041101377 0.030194126 -0.050158963 0.997438252
3462.290474944 0.680765569 -0.969372451 10.900319099 0.041101377 0.030194126 -0.050158963 0.997438252
3462.290474944 0.680765569 -0.969372451 10.900319099 0.041101377 0.030194126 -0.050158963 0.997438252
3462.290474944 0.680765569 -0.969372451 10.900319099 0.041101377 0.030194126 -0.050158963 0.997438252
3462.290474944 0.680765569 -0.969372451 10.900319099 0.041101377 0.030194126 -0.050158963 0.997438252
3462.290474944 0.680765569 -0.969372451 10.900319099 0.041101377 0.030194126 -0.050158963 0.997438252
3462.290474944 0.680765569 -0.969372451 10.900319099 0.041101377 0.030194126 -0.050158963 0.997438252
3462.290474944 0.680765569 -0.969372451 10.900319099 0.041101377 0.030194126 -0.050158963 0.997438252
3462.290474944 0.680765569 -0.969372451 10.900319099 0.041101377 0.030194126 -0.050158963 0.997438252
3462.290474944 0.680765569 -0.969372451 10.900319099 0.041101377 0.030194126 -0.050158963 0.997438252
3462.290474944 0.680765569 -0.969372451 10.900319099 0.041101377 0.030194126 -0.050158963 0.997438252
3462.290474944 0.680765569 -0.969372451 10.900319099 0.041101377 0.030194126 -0.050158963 0.997438252
