3623.386632704 0.000000000 0.000000000 0.000000000 -0.000000000 -0.000000000 -0.000000000 1.000000000
3623.418460000 0.000081893 -0.016215296 0.111025743 0.006407639 0.002317618 -0.003472719 0.999970794
3623.450035296 0.000790278 -0.028719760 0.224124521 0.013471247 0.004578679 -0.005787381 0.999882042
3623.481310336 0.006358444 -0.042995095 0.335390389 0.018001620 0.003749632 0.008446133 0.999795258
3623.514188480 -0.011557363 -0.092244305 0.414219916 0.018659113 0.004254621 0.026474137 0.999466300
3623.546470112 0.019117204 -0.029199025 0.578450263 0.005141723 -0.005920932 0.012664187 0.999889076
3623.580091328 0.020366466 -0.045466319 0.694925129 0.016503442 -0.006039057 0.011723462 0.999776840
3623.611925312 0.035355847 -0.056516644 0.827038050 0.029675437 -0.005955449 0.003332404 0.999536335
3623.645072352 0.031687561 -0.086981528 0.912859738 0.057955269 -0.003129073 0.015858371 0.998188317
3623.677163168 0.030560587 -0.092681825 1.024634123 0.060579419 0.000964139 0.002414839 0.998160005
3623.708758080 -0.036329567 -0.027053803 1.234064102 0.062292900 0.007217294 -0.000973791 0.998031378
3623.742571360 -0.089450188 0.035233431 1.452931166 0.066404283 0.010243263 0.001404115 0.997739315
3623.773926784 0.049924459 -0.116112627 1.400121331 0.012574099 -0.004970933 0.029221125 0.999481499
3623.805709344 0.047853980 -0.132956028 1.513426661 0.010101528 -0.009276836 0.013312243 0.999817312
3623.838691712 0.040618710 -0.141689047 1.629212976 0.013218821 -0.014157792 0.004259836 0.999803305
3623.883402016 0.058617972 -0.117332920 1.797310829 0.025775975 -0.026707264 -0.001177332 0.999310255
3623.924707936 0.040561289 -0.083255850 1.959555626 0.035736375 -0.033929955 -0.006652275 0.998762965
3623.957848640 0.029470492 -0.113278046 2.077457428 0.029189201 -0.034902424 -0.010784755 0.998906195
3623.957848640 0.029470492 -0.113278046 2.077457428 0.029189201 -0.034902424 -0.010784755 0.998906195
3624.022521152 0.022565130 -0.161245257 2.311472178 0.020697096 -0.033142585 -0.013421413 0.999146163
3624.053852576 0.022565130 -0.161245257 2.311472178 0.020697096 -0.033142585 -0.013421413 0.999146163
3624.085395104 0.008968284 -0.206201151 2.532768726 0.027483115 -0.030577533 -0.008608518 0.999117434
3624.118812576 0.002700141 -0.220616505 2.654215336 0.030748753 -0.030860975 -0.008948372 0.999010563
3624.158126016 -0.002738073 -0.235397294 2.804361343 0.035742167 -0.031562384 -0.010056769 0.998811901
3624.193065856 -0.010204398 -0.245497927 2.927331924 0.034111217 -0.032200571 -0.008480248 0.998863161
3624.224509920 -0.017807227 -0.255206257 3.050325632 0.032480087 -0.032838579 -0.006903677 0.998908937
3624.256243488 -0.023024447 -0.271340638 3.175861835 0.034496218 -0.034997132 -0.012404620 0.998714864
3624.287639936 0.018185880 -0.649935126 2.969809771 0.013028923 -0.034561239 -0.022669911 0.999060512
3624.319665280 -0.038815118 -0.295932204 3.415400982 0.037066381 -0.038931642 -0.015259500 0.998437583
3624.319665280 -0.038815118 -0.295932204 3.415400982 0.037066381 -0.038931642 -0.015259500 0.998437583
3624.382981120 -0.056271944 -0.316135198 3.664450169 0.034676298 -0.046827577 -0.018252624 0.998134077
3624.382981120 -0.056271944 -0.316135198 3.664450169 0.034676298 -0.046827577 -0.018252624 0.998134077
3624.446375712 -0.078780398 -0.347193718 3.912232161 0.033668000 -0.053092249 -0.018701097 0.997846663
3624.481069344 -0.092874125 -0.357855171 4.030261040 0.028249592 -0.055366345 -0.022413874 0.997814715
3624.517001120 -0.106250368 -0.364315629 4.176449299 0.022492491 -0.058424599 -0.017915793 0.997877598
3624.553775328 -0.124545179 -0.375993878 4.333628654 0.022051489 -0.062097695 -0.017935377 0.997665286
3624.585458176 -0.139496297 -0.388127059 4.455006599 0.018215917 -0.064603768 -0.019616507 0.997551918
3624.618579360 -0.153405860 -0.398619711 4.583980083 0.017737199 -0.065885596 -0.024390811 0.997371376
3624.651401984 -0.168856815 -0.405580252 4.695485592 0.022497440 -0.067604445 -0.017988777 0.997296333
3624.684096704 -0.183781013 -0.411600769 4.835403919 0.024562009 -0.069034927 -0.015417345 0.997192681
3624.716110208 -0.194599375 -0.423757702 4.959608555 0.024206828 -0.069081999 -0.016339231 0.997183502
3624.748114080 -0.207667232 -0.434303820 5.077298164 0.024367314 -0.068149194 -0.017663380 0.997221112
3624.780181472 -0.225151882 -0.446815252 5.203626156 0.026090622 -0.066427715 -0.020963449 0.997229755
3624.811738880 -0.238546684 -0.457141578 5.336609364 0.028231116 -0.065982603 -0.020181188 0.997217178
3624.843447680 -0.252572626 -0.466098577 5.463691235 0.029170770 -0.067352749 -0.022973165 0.997038066
3624.875902784 -0.262869239 -0.482966989 5.579811573 0.031289142 -0.068440504 -0.020091852 0.996962011
3624.908013248 -0.280023456 -0.494656056 5.718577385 0.031265110 -0.066762581 -0.020559838 0.997066975
3624.941821664 -0.299551517 -0.504222453 5.841405392 0.033321142 -0.064897858 -0.025574353 0.997007549
3624.974422496 -0.314688265 -0.516998231 5.979216576 0.038547810 -0.064323671 -0.027933409 0.996792972
3625.006259200 -0.239183918 -0.714283407 6.323421478 0.034256920 -0.068264455 -0.020407328 0.996870100
3625.039009088 -0.347704232 -0.543900073 6.247409344 0.038286507 -0.061908260 -0.024618329 0.997043371
3625.073264384 -0.202938914 -0.491963387 6.309738159 0.040691175 -0.064086474 -0.042771652 0.996196687
3625.106494208 -0.363255411 -0.573821783 6.513105392 0.037745625 -0.055863965 -0.025033088 0.997410595
3625.106494208 -0.363255411 -0.573821783 6.513105392 0.037745625 -0.055863965 -0.025033088 0.997410595
3625.171224448 -0.384677827 -0.604973018 6.773568153 0.039129872 -0.049747050 -0.025062487 0.997680306
3625.203875104 -0.395159245 -0.620541692 6.910275936 0.033956390 -0.046450220 -0.024885701 0.998033166
3625.236617792 -0.402153194 -0.632203043 7.036893368 0.037241776 -0.044201761 -0.025216114 0.998009741
3625.268105088 -0.382617623 -0.585133135 7.105840683 0.041148305 -0.043945447 -0.022722624 0.997927547
3625.299506784 -0.418581218 -0.648018062 7.303841114 0.040377088 -0.043697517 -0.023746364 0.997946084
3625.330842496 -0.429506034 -0.678703904 7.420050144 0.040672801 -0.043316897 -0.023643985 0.997953117
3625.362664608 -0.439941347 -0.688322365 7.549094677 0.041454524 -0.042328283 -0.026013438 0.997904420
3625.395920032 -0.428443700 -0.637868226 7.596651077 0.045974206 -0.044071253 -0.021658052 0.997734964
3625.428953152 -0.456214428 -0.716101348 7.810213089 0.045946393 -0.044357579 -0.028883453 0.997540534
3625.460445440 -0.469254345 -0.737354100 7.937765598 0.044079755 -0.046057682 -0.027006555 0.997600317
3625.493814368 -0.479835749 -0.752482355 8.070695877 0.045614295 -0.046957683 -0.027949085 0.997463405
3625.525699872 -0.480664015 -0.768183827 8.197330475 0.044869862 -0.048076615 -0.029230516 0.997407138
3625.558523904 -0.497511297 -0.779863060 8.330715179 0.048419464 -0.048569810 -0.031034319 0.997162700
3625.593131360 -0.509002924 -0.795533955 8.460172653 0.048673671 -0.049430996 -0.031012112 0.997108698
3625.624967136 -0.519974768 -0.811871231 8.598408699 0.043863118 -0.049348049 -0.030125687 0.997363210
3625.657499264 -0.500650942 -0.784334540 8.757363319 0.043309048 -0.051287591 -0.021567393 0.997511268
3625.690099776 -0.551014125 -0.596717179 8.821723938 0.053155441 -0.051375877 -0.006240558 0.997244298
3625.722435776 -0.597803056 -0.557341158 9.225715637 0.060683675 -0.051082090 -0.005375522 0.996834636
3625.722435776 -0.597803056 -0.557341158 9.225715637 0.060683675 -0.051082090 -0.005375522 0.996834636
3625.722435776 -0.597803056 -0.557341158 9.225715637 0.060683675 -0.051082090 -0.005375522 0.996834636
3625.722435776 -0.597803056 -0.557341158 9.225715637 0.060683675 -0.051082090 -0.005375522 0.996834636
3625.722435776 -0.597803056 -0.557341158 9.225715637 0.060683675 -0.051082090 -0.005375522 0.996834636
3625.722435776 -0.597803056 -0.557341158 9.225715637 0.060683675 -0.051082090 -0.005375522 0.996834636
3625.914454336 -0.533642530 -1.039746523 9.375229836 0.040883597 -0.053316008 -0.031182138 0.997253001
3625.914454336 -0.533642530 -1.039746523 9.375229836 0.040883597 -0.053316008 -0.031182138 0.997253001
3625.914454336 -0.533642530 -1.039746523 9.375229836 0.040883597 -0.053316008 -0.031182138 0.997253001
3626.013467296 -0.652608991 -1.002130508 10.128076553 0.044419032 -0.049740579 -0.037261967 0.997077942
3626.013467296 -0.652608991 -1.002130508 10.128076553 0.044419032 -0.049740579 -0.037261967 0.997077942
3626.077374560 -0.671057701 -1.037390351 10.378044128 0.046442796 -0.048130710 -0.033557873 0.997196257
3626.114142272 -0.682233334 -1.053431392 10.524738312 0.043056920 -0.046139311 -0.034068618 0.997425020
3626.146247392 -0.691551566 -1.068976998 10.650215149 0.050562721 -0.045347732 -0.032756023 0.997152984
3626.178050624 -0.723496675 -1.031718254 10.658113480 0.054830264 -0.042965449 -0.030890143 0.997092545
3626.210064192 -0.739643037 -1.077613950 10.612648010 0.048748523 -0.043367144 -0.022120079 0.997624040
3626.245201568 -0.480160683 -1.335479140 11.117499352 0.036434069 -0.052204527 -0.057040531 0.996340156
3626.279450752 -0.723562062 -1.140107274 11.157567978 0.052611548 -0.040907152 -0.031411536 0.997282267
3626.279450752 -0.723562062 -1.140107274 11.157567978 0.052611548 -0.040907152 -0.031411536 0.997282267
3626.345771872 -0.737944961 -1.174261332 11.408818245 0.054413050 -0.039048795 -0.030064994 0.997301698
3626.345771872 -0.737944961 -1.174261332 11.408818245 0.054413050 -0.039048795 -0.030064994 0.997301698
3626.345771872 -0.737944961 -1.174261332 11.408818245 0.054413050 -0.039048795 -0.030064994 0.997301698
3626.345771872 -0.737944961 -1.174261332 11.408818245 0.054413050 -0.039048795 -0.030064994 0.997301698
3626.488841472 -0.731853008 -1.222374678 11.656486511 0.050012693 -0.035178576 -0.035094123 0.997511744
3626.488841472 -0.731853008 -1.222374678 11.656486511 0.050012693 -0.035178576 -0.035094123 0.997511744
3626.488841472 -0.731853008 -1.222374678 11.656486511 0.050012693 -0.035178576 -0.035094123 0.997511744
3626.488841472 -0.731853008 -1.222374678 11.656486511 0.050012693 -0.035178576 -0.035094123 0.997511744
3626.488841472 -0.731853008 -1.222374678 11.656486511 0.050012693 -0.035178576 -0.035094123 0.997511744
3626.488841472 -0.731853008 -1.222374678 11.656486511 0.050012693 -0.035178576 -0.035094123 0.997511744
3626.488841472 -0.731853008 -1.222374678 11.656486511 0.050012693 -0.035178576 -0.035094123 0.997511744
3626.488841472 -0.731853008 -1.222374678 11.656486511 0.050012693 -0.035178576 -0.035094123 0.997511744
3626.488841472 -0.731853008 -1.222374678 11.656486511 0.050012693 -0.035178576 -0.035094123 0.997511744
3626.488841472 -0.731853008 -1.222374678 11.656486511 0.050012693 -0.035178576 -0.035094123 0.997511744
3626.814995168 -0.832162261 -1.415110946 13.202689171 0.045969550 -0.037069131 -0.030092835 0.997801185
3626.814995168 -0.832162261 -1.415110946 13.202689171 0.045969550 -0.037069131 -0.030092835 0.997801185
3626.814995168 -0.832162261 -1.415110946 13.202689171 0.045969550 -0.037069131 -0.030092835 0.997801185
3626.814995168 -0.832162261 -1.415110946 13.202689171 0.045969550 -0.037069131 -0.030092835 0.997801185
3626.814995168 -0.832162261 -1.415110946 13.202689171 0.045969550 -0.037069131 -0.030092835 0.997801185
3626.814995168 -0.832162261 -1.415110946 13.202689171 0.045969550 -0.037069131 -0.030092835 0.997801185
3626.814995168 -0.832162261 -1.415110946 13.202689171 0.045969550 -0.037069131 -0.030092835 0.997801185
3626.814995168 -0.832162261 -1.415110946 13.202689171 0.045969550 -0.037069131 -0.030092835 0.997801185
3626.814995168 -0.832162261 -1.415110946 13.202689171 0.045969550 -0.037069131 -0.030092835 0.997801185
3626.814995168 -0.832162261 -1.415110946 13.202689171 0.045969550 -0.037069131 -0.030092835 0.997801185
3626.814995168 -0.832162261 -1.415110946 13.202689171 0.045969550 -0.037069131 -0.030092835 0.997801185
3626.814995168 -0.832162261 -1.415110946 13.202689171 0.045969550 -0.037069131 -0.030092835 0.997801185
3626.814995168 -0.832162261 -1.415110946 13.202689171 0.045969550 -0.037069131 -0.030092835 0.997801185
3626.814995168 -0.832162261 -1.415110946 13.202689171 0.045969550 -0.037069131 -0.030092835 0.997801185
3626.814995168 -0.832162261 -1.415110946 13.202689171 0.045969550 -0.037069131 -0.030092835 0.997801185
3626.814995168 -0.832162261 -1.415110946 13.202689171 0.045969550 -0.037069131 -0.030092835 0.997801185
3626.814995168 -0.832162261 -1.415110946 13.202689171 0.045969550 -0.037069131 -0.030092835 0.997801185
3626.814995168 -0.832162261 -1.415110946 13.202689171 0.045969550 -0.037069131 -0.030092835 0.997801185
3626.814995168 -0.832162261 -1.415110946 13.202689171 0.045969550 -0.037069131 -0.030092835 0.997801185
3626.814995168 -0.832162261 -1.415110946 13.202689171 0.045969550 -0.037069131 -0.030092835 0.997801185
3626.814995168 -0.832162261 -1.415110946 13.202689171 0.045969550 -0.037069131 -0.030092835 0.997801185
3626.814995168 -0.832162261 -1.415110946 13.202689171 0.045969550 -0.037069131 -0.030092835 0.997801185
3626.814995168 -0.832162261 -1.415110946 13.202689171 0.045969550 -0.037069131 -0.030092835 0.997801185
3626.814995168 -0.832162261 -1.415110946 13.202689171 0.045969550 -0.037069131 -0.030092835 0.997801185
3626.814995168 -0.832162261 -1.415110946 13.202689171 0.045969550 -0.037069131 -0.030092835 0.997801185
3626.814995168 -0.832162261 -1.415110946 13.202689171 0.045969550 -0.037069131 -0.030092835 0.997801185
3626.814995168 -0.832162261 -1.415110946 13.202689171 0.045969550 -0.037069131 -0.030092835 0.997801185
3626.814995168 -0.832162261 -1.415110946 13.202689171 0.045969550 -0.037069131 -0.030092835 0.997801185
3626.814995168 -0.832162261 -1.415110946 13.202689171 0.045969550 -0.037069131 -0.030092835 0.997801185
3626.814995168 -0.832162261 -1.415110946 13.202689171 0.045969550 -0.037069131 -0.030092835 0.997801185
3626.814995168 -0.832162261 -1.415110946 13.202689171 0.045969550 -0.037069131 -0.030092835 0.997801185
3626.814995168 -0.832162261 -1.415110946 13.202689171 0.045969550 -0.037069131 -0.030092835 0.997801185
3626.814995168 -0.832162261 -1.415110946 13.202689171 0.045969550 -0.037069131 -0.030092835 0.997801185
3626.814995168 -0.832162261 -1.415110946 13.202689171 0.045969550 -0.037069131 -0.030092835 0.997801185
3626.814995168 -0.832162261 -1.415110946 13.202689171 0.045969550 -0.037069131 -0.030092835 0.997801185
3626.814995168 -0.832162261 -1.415110946 13.202689171 0.045969550 -0.037069131 -0.030092835 0.997801185
3626.814995168 -0.832162261 -1.415110946 13.202689171 0.045969550 -0.037069131 -0.030092835 0.997801185
3626.814995168 -0.832162261 -1.415110946 13.202689171 0.045969550 -0.037069131 -0.030092835 0.997801185
3626.814995168 -0.832162261 -1.415110946 13.202689171 0.045969550 -0.037069131 -0.030092835 0.997801185
3626.814995168 -0.832162261 -1.415110946 13.202689171 0.045969550 -0.037069131 -0.030092835 0.997801185
3626.814995168 -0.832162261 -1.415110946 13.202689171 0.045969550 -0.037069131 -0.030092835 0.997801185
3626.814995168 -0.832162261 -1.415110946 13.202689171 0.045969550 -0.037069131 -0.030092835 0.997801185
3626.814995168 -0.832162261 -1.415110946 13.202689171 0.045969550 -0.037069131 -0.030092835 0.997801185
3626.814995168 -0.832162261 -1.415110946 13.202689171 0.045969550 -0.037069131 -0.030092835 0.997801185
3626.814995168 -0.832162261 -1.415110946 13.202689171 0.045969550 -0.037069131 -0.030092835 0.997801185
3626.814995168 -0.832162261 -1.415110946 13.202689171 0.045969550 -0.037069131 -0.030092835 0.997801185
3626.814995168 -0.832162261 -1.415110946 13.202689171 0.045969550 -0.037069131 -0.030092835 0.997801185
3626.814995168 -0.832162261 -1.415110946 13.202689171 0.045969550 -0.037069131 -0.030092835 0.997801185
3626.814995168 -0.832162261 -1.415110946 13.202689171 0.045969550 -0.037069131 -0.030092835 0.997801185
3626.814995168 -0.832162261 -1.415110946 13.202689171 0.045969550 -0.037069131 -0.030092835 0.997801185
3626.814995168 -0.832162261 -1.415110946 13.202689171 0.045969550 -0.037069131 -0.030092835 0.997801185
3626.814995168 -0.832162261 -1.415110946 13.202689171 0.045969550 -0.037069131 -0.030092835 0.997801185
3626.814995168 -0.832162261 -1.415110946 13.202689171 0.045969550 -0.037069131 -0.030092835 0.997801185
3626.814995168 -0.832162261 -1.415110946 13.202689171 0.045969550 -0.037069131 -0.030092835 0.997801185
3626.814995168 -0.832162261 -1.415110946 13.202689171 0.045969550 -0.037069131 -0.030092835 0.997801185
3626.814995168 -0.832162261 -1.415110946 13.202689171 0.045969550 -0.037069131 -0.030092835 0.997801185
3626.814995168 -0.832162261 -1.415110946 13.202689171 0.045969550 -0.037069131 -0.030092835 0.997801185
3626.814995168 -0.832162261 -1.415110946 13.202689171 0.045969550 -0.037069131 -0.030092835 0.997801185
3626.814995168 -0.832162261 -1.415110946 13.202689171 0.045969550 -0.037069131 -0.030092835 0.997801185
3626.814995168 -0.832162261 -1.415110946 13.202689171 0.045969550 -0.037069131 -0.030092835 0.997801185
3626.814995168 -0.832162261 -1.415110946 13.202689171 0.045969550 -0.037069131 -0.030092835 0.997801185
3626.814995168 -0.832162261 -1.415110946 13.202689171 0.045969550 -0.037069131 -0.030092835 0.997801185
3626.814995168 -0.832162261 -1.415110946 13.202689171 0.045969550 -0.037069131 -0.030092835 0.997801185
3626.814995168 -0.832162261 -1.415110946 13.202689171 0.045969550 -0.037069131 -0.030092835 0.997801185
3626.814995168 -0.832162261 -1.415110946 13.202689171 0.045969550 -0.037069131 -0.030092835 0.997801185
3626.814995168 -0.832162261 -1.415110946 13.202689171 0.045969550 -0.037069131 -0.030092835 0.997801185
3626.814995168 -0.832162261 -1.415110946 13.202689171 0.045969550 -0.037069131 -0.030092835 0.997801185
3626.814995168 -0.832162261 -1.415110946 13.202689171 0.045969550 -0.037069131 -0.030092835 0.997801185
3626.814995168 -0.832162261 -1.415110946 13.202689171 0.045969550 -0.037069131 -0.030092835 0.997801185
3626.814995168 -0.832162261 -1.415110946 13.202689171 0.045969550 -0.037069131 -0.030092835 0.997801185
3626.814995168 -0.832162261 -1.415110946 13.202689171 0.045969550 -0.037069131 -0.030092835 0.997801185
3626.814995168 -0.832162261 -1.415110946 13.202689171 0.045969550 -0.037069131 -0.030092835 0.997801185
3626.814995168 -0.832162261 -1.415110946 13.202689171 0.045969550 -0.037069131 -0.030092835 0.997801185
3626.814995168 -0.832162261 -1.415110946 13.202689171 0.045969550 -0.037069131 -0.030092835 0.997801185
3626.814995168 -0.832162261 -1.415110946 13.202689171 0.045969550 -0.037069131 -0.030092835 0.997801185
3626.814995168 -0.832162261 -1.415110946 13.202689171 0.045969550 -0.037069131 -0.030092835 0.997801185
3626.814995168 -0.832162261 -1.415110946 13.202689171 0.045969550 -0.037069131 -0.030092835 0.997801185
3626.814995168 -0.832162261 -1.415110946 13.202689171 0.045969550 -0.037069131 -0.030092835 0.997801185
3626.814995168 -0.832162261 -1.415110946 13.202689171 0.045969550 -0.037069131 -0.030092835 0.997801185
3626.814995168 -0.832162261 -1.415110946 13.202689171 0.045969550 -0.037069131 -0.030092835 0.997801185
3626.814995168 -0.832162261 -1.415110946 13.202689171 0.045969550 -0.037069131 -0.030092835 0.997801185
3626.814995168 -0.832162261 -1.415110946 13.202689171 0.045969550 -0.037069131 -0.030092835 0.997801185
3626.814995168 -0.832162261 -1.415110946 13.202689171 0.045969550 -0.037069131 -0.030092835 0.997801185
3626.814995168 -0.832162261 -1.415110946 13.202689171 0.045969550 -0.037069131 -0.030092835 0.997801185
3626.814995168 -0.832162261 -1.415110946 13.202689171 0.045969550 -0.037069131 -0.030092835 0.997801185
3626.814995168 -0.832162261 -1.415110946 13.202689171 0.045969550 -0.037069131 -0.030092835 0.997801185
3626.814995168 -0.832162261 -1.415110946 13.202689171 0.045969550 -0.037069131 -0.030092835 0.997801185
3626.814995168 -0.832162261 -1.415110946 13.202689171 0.045969550 -0.037069131 -0.030092835 0.997801185
3626.814995168 -0.832162261 -1.415110946 13.202689171 0.045969550 -0.037069131 -0.030092835 0.997801185
3626.814995168 -0.832162261 -1.415110946 13.202689171 0.045969550 -0.037069131 -0.030092835 0.997801185
3626.814995168 -0.832162261 -1.415110946 13.202689171 0.045969550 -0.037069131 -0.030092835 0.997801185
3626.814995168 -0.832162261 -1.415110946 13.202689171 0.045969550 -0.037069131 -0.030092835 0.997801185
3626.814995168 -0.832162261 -1.415110946 13.202689171 0.045969550 -0.037069131 -0.030092835 0.997801185
3626.814995168 -0.832162261 -1.415110946 13.202689171 0.045969550 -0.037069131 -0.030092835 0.997801185
3626.814995168 -0.832162261 -1.415110946 13.202689171 0.045969550 -0.037069131 -0.030092835 0.997801185
3626.814995168 -0.832162261 -1.415110946 13.202689171 0.045969550 -0.037069131 -0.030092835 0.997801185
3626.814995168 -0.832162261 -1.415110946 13.202689171 0.045969550 -0.037069131 -0.030092835 0.997801185
3626.814995168 -0.832162261 -1.415110946 13.202689171 0.045969550 -0.037069131 -0.030092835 0.997801185
3626.814995168 -0.832162261 -1.415110946 13.202689171 0.045969550 -0.037069131 -0.030092835 0.997801185
3626.814995168 -0.832162261 -1.415110946 13.202689171 0.045969550 -0.037069131 -0.030092835 0.997801185
3626.814995168 -0.832162261 -1.415110946 13.202689171 0.045969550 -0.037069131 -0.030092835 0.997801185
3626.814995168 -0.832162261 -1.415110946 13.202689171 0.045969550 -0.037069131 -0.030092835 0.997801185
3626.814995168 -0.832162261 -1.415110946 13.202689171 0.045969550 -0.037069131 -0.030092835 0.997801185
3626.814995168 -0.832162261 -1.415110946 13.202689171 0.045969550 -0.037069131 -0.030092835 0.997801185
3626.814995168 -0.832162261 -1.415110946 13.202689171 0.045969550 -0.037069131 -0.030092835 0.997801185
3626.814995168 -0.832162261 -1.415110946 13.202689171 0.045969550 -0.037069131 -0.030092835 0.997801185
3626.814995168 -0.832162261 -1.415110946 13.202689171 0.045969550 -0.037069131 -0.030092835 0.997801185
3626.814995168 -0.832162261 -1.415110946 13.202689171 0.045969550 -0.037069131 -0.030092835 0.997801185
3626.814995168 -0.832162261 -1.415110946 13.202689171 0.045969550 -0.037069131 -0.030092835 0.997801185
3626.814995168 -0.832162261 -1.415110946 13.202689171 0.045969550 -0.037069131 -0.030092835 0.997801185
3626.814995168 -0.832162261 -1.415110946 13.202689171 0.045969550 -0.037069131 -0.030092835 0.997801185
3626.814995168 -0.832162261 -1.415110946 13.202689171 0.045969550 -0.037069131 -0.030092835 0.997801185
3626.814995168 -0.832162261 -1.415110946 13.202689171 0.045969550 -0.037069131 -0.030092835 0.997801185
3626.814995168 -0.832162261 -1.415110946 13.202689171 0.045969550 -0.037069131 -0.030092835 0.997801185
3626.814995168 -0.832162261 -1.415110946 13.202689171 0.045969550 -0.037069131 -0.030092835 0.997801185
3626.814995168 -0.832162261 -1.415110946 13.202689171 0.045969550 -0.037069131 -0.030092835 0.997801185
3626.814995168 -0.832162261 -1.415110946 13.202689171 0.045969550 -0.037069131 -0.030092835 0.997801185
3626.814995168 -0.832162261 -1.415110946 13.202689171 0.045969550 -0.037069131 -0.030092835 0.997801185
3626.814995168 -0.832162261 -1.415110946 13.202689171 0.045969550 -0.037069131 -0.030092835 0.997801185
3626.814995168 -0.832162261 -1.415110946 13.202689171 0.045969550 -0.037069131 -0.030092835 0.997801185
3626.814995168 -0.832162261 -1.415110946 13.202689171 0.045969550 -0.037069131 -0.030092835 0.997801185
3626.814995168 -0.832162261 -1.415110946 13.202689171 0.045969550 -0.037069131 -0.030092835 0.997801185
3626.814995168 -0.832162261 -1.415110946 13.202689171 0.045969550 -0.037069131 -0.030092835 0.997801185
3626.814995168 -0.832162261 -1.415110946 13.202689171 0.045969550 -0.037069131 -0.030092835 0.997801185
3626.814995168 -0.832162261 -1.415110946 13.202689171 0.045969550 -0.037069131 -0.030092835 0.997801185
3626.814995168 -0.832162261 -1.415110946 13.202689171 0.045969550 -0.037069131 -0.030092835 0.997801185
3626.814995168 -0.832162261 -1.415110946 13.202689171 0.045969550 -0.037069131 -0.030092835 0.997801185
3626.814995168 -0.832162261 -1.415110946 13.202689171 0.045969550 -0.037069131 -0.030092835 0.997801185
3626.814995168 -0.832162261 -1.415110946 13.202689171 0.045969550 -0.037069131 -0.030092835 0.997801185
3626.814995168 -0.832162261 -1.415110946 13.202689171 0.045969550 -0.037069131 -0.030092835 0.997801185
3626.814995168 -0.832162261 -1.415110946 13.202689171 0.045969550 -0.037069131 -0.030092835 0.997801185
3626.814995168 -0.832162261 -1.415110946 13.202689171 0.045969550 -0.037069131 -0.030092835 0.997801185
3626.814995168 -0.832162261 -1.415110946 13.202689171 0.045969550 -0.037069131 -0.030092835 0.997801185
3626.814995168 -0.832162261 -1.415110946 13.202689171 0.045969550 -0.037069131 -0.030092835 0.997801185
3626.814995168 -0.832162261 -1.415110946 13.202689171 0.045969550 -0.037069131 -0.030092835 0.997801185
3626.814995168 -0.832162261 -1.415110946 13.202689171 0.045969550 -0.037069131 -0.030092835 0.997801185
3626.814995168 -0.832162261 -1.415110946 13.202689171 0.045969550 -0.037069131 -0.030092835 0.997801185
3626.814995168 -0.832162261 -1.415110946 13.202689171 0.045969550 -0.037069131 -0.030092835 0.997801185
3626.814995168 -0.832162261 -1.415110946 13.202689171 0.045969550 -0.037069131 -0.030092835 0.997801185
3626.814995168 -0.832162261 -1.415110946 13.202689171 0.045969550 -0.037069131 -0.030092835 0.997801185
3626.814995168 -0.832162261 -1.415110946 13.202689171 0.045969550 -0.037069131 -0.030092835 0.997801185
3626.814995168 -0.832162261 -1.415110946 13.202689171 0.045969550 -0.037069131 -0.030092835 0.997801185
3626.814995168 -0.832162261 -1.415110946 13.202689171 0.045969550 -0.037069131 -0.030092835 0.997801185
