530.909630624 0.000000000 0.000000000 0.000000000 -0.000000000 -0.000000000 -0.000000000 1.000000000
531.159290592 0.097540013 -0.042461380 0.671160996 0.007498635 0.048241012 0.027856553 0.998419046
531.408838368 0.331859559 -0.132969528 1.137715936 0.006343438 0.053072453 0.021259962 0.998344183
531.656875104 0.419549972 -0.227656111 2.054607153 -0.016479040 0.093082048 0.014454730 0.995417178
531.908287200 0.399262995 -0.176561922 3.285032272 0.007079555 0.103142850 0.030979341 0.994158804
532.159520640 0.616391242 -0.210586011 4.086822987 -0.005140361 0.108146243 0.037063543 0.993430555
532.407550560 0.790021837 -0.235126063 4.845227242 0.002678759 0.092658505 0.003156807 0.995689332
532.656176192 0.904704034 -0.235882133 5.505131245 -0.011347185 0.114252202 0.017270703 0.993236899
532.907457888 1.153927207 -0.260810107 6.307475090 0.011375048 0.117488600 0.015993504 0.992880285
533.159185952 1.328753948 -0.292115927 7.025431156 -0.007656047 0.085818037 -0.004168514 0.996272683
533.407298688 1.491352797 -0.297709972 7.747344017 -0.001088123 0.102108404 0.005098698 0.994759619
533.656066016 1.621942997 -0.349437773 8.354920387 0.000896937 0.127335772 0.009060963 0.991817892
533.907504576 2.016880274 -0.453048795 9.167008400 0.011352635 0.155814379 0.022289233 0.987469614
534.159502432 2.077627659 -0.359931052 9.759003639 -0.016885959 0.147467837 0.027316403 0.988545358
534.407560992 2.207657099 -0.361403644 10.180007935 0.000919115 0.139764547 0.013993149 0.990085483
534.655979104 2.271899462 -0.372119367 10.391503334 -0.013762764 0.149984747 0.008588194 0.988555193
534.906092000 2.279124260 -0.373520166 10.432671547 -0.005379565 0.153947100 0.001062680 0.988063931
535.156297216 2.236296177 -0.377261251 10.454151154 -0.001769642 0.158563524 -0.013753729 0.987251401
