2988.765466784 0.000000000 0.000000000 0.000000000 -0.000000000 -0.000000000 -0.000000000 1.000000000
2988.827223200 0.000035135 0.000092976 -0.000041095 0.000058172 -0.000003534 0.000101317 1.000000000
2988.887536960 0.000463861 -0.000928996 0.005232849 0.001964805 0.000840972 -0.000093580 0.999997735
2988.951886272 0.003499612 -0.002362832 0.028481973 0.003437411 0.005795260 0.001228723 0.999976635
2989.015620736 0.008060913 -0.003228088 0.069840766 0.001951631 0.012103654 0.000511738 0.999924719
2989.076956480 -0.008035017 0.003434894 0.163672701 0.004224271 0.014171374 0.000182571 0.999890685
2989.137083072 -0.006180547 -0.007257046 0.217281386 0.006663919 0.004323552 0.005111413 0.999955416
2989.201884096 0.010765944 -0.018760536 0.293386281 0.014227022 -0.005695513 0.010922026 0.999822915
2989.266520768 0.014483484 -0.021800349 0.403330028 0.012430139 -0.008876036 0.013816277 0.999787867
2989.327176320 0.015638480 -0.028271593 0.522383273 0.017978875 -0.008861883 0.009357871 0.999755323
2989.387843136 0.016872967 -0.029861236 0.656664073 0.021962704 -0.005674171 0.006785221 0.999719679
2989.451491872 0.025811771 -0.030042876 0.803915441 0.018710356 -0.003333101 0.006757201 0.999796569
2989.515441504 0.025525084 -0.050000139 0.960636258 0.013140293 -0.002432889 0.004128237 0.999902189
2989.576296352 0.029532967 -0.055293765 1.121908307 0.008884155 -0.004030613 0.003315613 0.999946892
2989.637106976 0.031479534 -0.064695880 1.284247160 0.006389089 -0.005926266 0.000059693 0.999962032
2989.702130336 0.034975316 -0.071800210 1.456435323 0.008712643 -0.005104257 0.000819412 0.999948680
2989.765566240 0.040770698 -0.083075874 1.630815268 0.003276435 -0.001382242 0.003955094 0.999985874
2989.826632032 0.045418605 -0.095441736 1.813860178 0.001630149 0.000549138 0.009057580 0.999957502
2989.887363648 0.055517230 -0.105437994 1.994795918 -0.000725469 0.000864823 0.016442884 0.999864161
2989.951963648 0.064722650 -0.100233056 2.190875053 0.000977288 0.000841906 0.017469488 0.999846578
2990.015355296 0.073860988 -0.081025682 2.248814583 -0.003428069 0.003357072 0.006962549 0.999964297
2990.077735936 0.104303874 -0.044310562 2.323081017 -0.001306082 0.002638635 -0.006813464 0.999972463
2990.137538720 0.099319354 -0.042345293 2.555315971 -0.003239083 -0.004504807 -0.011274943 0.999921083
2990.201710208 0.060411137 -0.078700133 2.817650080 -0.001238397 -0.010178933 -0.007714525 0.999917686
2990.265364448 0.037209127 -0.133347183 3.079993486 -0.007208368 -0.009268279 -0.010291312 0.999878109
2990.327017696 0.033400625 -0.138500601 3.278815746 -0.009467883 -0.004193335 -0.013478493 0.999855578
2990.387273408 0.040076237 -0.146548286 3.478235960 -0.004302931 0.001926913 -0.008036390 0.999956608
2990.451713536 0.051135637 -0.148074105 3.684645176 -0.000261152 0.007482521 -0.002177550 0.999969661
2990.522946624 0.111496590 -0.129951015 3.967890978 0.002251386 0.008842849 0.008428226 0.999922872
2990.583074912 0.118057422 -0.178602591 4.175513744 0.002439616 0.009154486 0.015725423 0.999831498
2990.645507392 0.091416657 -0.193510234 4.159318924 -0.012587175 0.015864367 -0.002684074 0.999791384
2990.709131456 0.127816141 -0.153436765 4.371107101 -0.007089449 0.016171152 0.006267943 0.999824524
2990.772708096 0.106684275 -0.110694081 4.696593761 -0.005483559 0.014730995 0.008487461 0.999840498
2990.834238976 0.127058983 -0.140072227 4.887334347 -0.003716465 0.011127383 -0.005469931 0.999916255
2990.894148064 0.141984612 -0.157448336 5.013564110 -0.009338826 0.008135744 -0.013163292 0.999836683
2990.960410080 0.304834783 -0.130288482 5.133937836 -0.013169738 0.006239058 -0.016367279 0.999759853
2991.022434080 0.467403829 -0.103219397 5.254711151 -0.017000273 0.004342193 -0.019570800 0.999654531
2991.084069856 0.190353855 -0.170029491 5.746832848 -0.015956122 0.016083881 -0.006622022 0.999721467
2991.084069856 0.190353855 -0.170029491 5.746832848 -0.015956122 0.016083881 -0.006622022 0.999721467
2991.084069856 0.190353855 -0.170029491 5.746832848 -0.015956122 0.016083881 -0.006622022 0.999721467
2991.084069856 0.190353855 -0.170029491 5.746832848 -0.015956122 0.016083881 -0.006622022 0.999721467
2991.084069856 0.190353855 -0.170029491 5.746832848 -0.015956122 0.016083881 -0.006622022 0.999721467
2991.394181280 0.328231543 -0.233759731 7.142062664 -0.006057205 0.054434415 -0.006549025 0.998477519
2991.394181280 0.328231543 -0.233759731 7.142062664 -0.006057205 0.054434415 -0.006549025 0.998477519
2991.394181280 0.328231543 -0.233759731 7.142062664 -0.006057205 0.054434415 -0.006549025 0.998477519
2991.394181280 0.328231543 -0.233759731 7.142062664 -0.006057205 0.054434415 -0.006549025 0.998477519
2991.394181280 0.328231543 -0.233759731 7.142062664 -0.006057205 0.054434415 -0.006549025 0.998477519
2991.394181280 0.328231543 -0.233759731 7.142062664 -0.006057205 0.054434415 -0.006549025 0.998477519
2991.394181280 0.328231543 -0.233759731 7.142062664 -0.006057205 0.054434415 -0.006549025 0.998477519
2991.394181280 0.328231543 -0.233759731 7.142062664 -0.006057205 0.054434415 -0.006549025 0.998477519
2991.394181280 0.328231543 -0.233759731 7.142062664 -0.006057205 0.054434415 -0.006549025 0.998477519
2991.394181280 0.328231543 -0.233759731 7.142062664 -0.006057205 0.054434415 -0.006549025 0.998477519
2991.394181280 0.328231543 -0.233759731 7.142062664 -0.006057205 0.054434415 -0.006549025 0.998477519
2991.394181280 0.328231543 -0.233759731 7.142062664 -0.006057205 0.054434415 -0.006549025 0.998477519
2991.394181280 0.328231543 -0.233759731 7.142062664 -0.006057205 0.054434415 -0.006549025 0.998477519
2991.394181280 0.328231543 -0.233759731 7.142062664 -0.006057205 0.054434415 -0.006549025 0.998477519
2991.394181280 0.328231543 -0.233759731 7.142062664 -0.006057205 0.054434415 -0.006549025 0.998477519
2991.394181280 0.328231543 -0.233759731 7.142062664 -0.006057205 0.054434415 -0.006549025 0.998477519
2991.394181280 0.328231543 -0.233759731 7.142062664 -0.006057205 0.054434415 -0.006549025 0.998477519
2991.394181280 0.328231543 -0.233759731 7.142062664 -0.006057205 0.054434415 -0.006549025 0.998477519
2991.394181280 0.328231543 -0.233759731 7.142062664 -0.006057205 0.054434415 -0.006549025 0.998477519
2991.394181280 0.328231543 -0.233759731 7.142062664 -0.006057205 0.054434415 -0.006549025 0.998477519
2991.394181280 0.328231543 -0.233759731 7.142062664 -0.006057205 0.054434415 -0.006549025 0.998477519
2991.394181280 0.328231543 -0.233759731 7.142062664 -0.006057205 0.054434415 -0.006549025 0.998477519
2991.394181280 0.328231543 -0.233759731 7.142062664 -0.006057205 0.054434415 -0.006549025 0.998477519
2991.394181280 0.328231543 -0.233759731 7.142062664 -0.006057205 0.054434415 -0.006549025 0.998477519
2991.394181280 0.328231543 -0.233759731 7.142062664 -0.006057205 0.054434415 -0.006549025 0.998477519
2991.394181280 0.328231543 -0.233759731 7.142062664 -0.006057205 0.054434415 -0.006549025 0.998477519
2991.394181280 0.328231543 -0.233759731 7.142062664 -0.006057205 0.054434415 -0.006549025 0.998477519
2991.394181280 0.328231543 -0.233759731 7.142062664 -0.006057205 0.054434415 -0.006549025 0.998477519
2991.394181280 0.328231543 -0.233759731 7.142062664 -0.006057205 0.054434415 -0.006549025 0.998477519
2991.394181280 0.328231543 -0.233759731 7.142062664 -0.006057205 0.054434415 -0.006549025 0.998477519
2991.394181280 0.328231543 -0.233759731 7.142062664 -0.006057205 0.054434415 -0.006549025 0.998477519
2991.394181280 0.328231543 -0.233759731 7.142062664 -0.006057205 0.054434415 -0.006549025 0.998477519
2991.394181280 0.328231543 -0.233759731 7.142062664 -0.006057205 0.054434415 -0.006549025 0.998477519
2991.394181280 0.328231543 -0.233759731 7.142062664 -0.006057205 0.054434415 -0.006549025 0.998477519
2991.394181280 0.328231543 -0.233759731 7.142062664 -0.006057205 0.054434415 -0.006549025 0.998477519
2991.394181280 0.328231543 -0.233759731 7.142062664 -0.006057205 0.054434415 -0.006549025 0.998477519
2991.394181280 0.328231543 -0.233759731 7.142062664 -0.006057205 0.054434415 -0.006549025 0.998477519
2991.394181280 0.328231543 -0.233759731 7.142062664 -0.006057205 0.054434415 -0.006549025 0.998477519
2991.394181280 0.328231543 -0.233759731 7.142062664 -0.006057205 0.054434415 -0.006549025 0.998477519
2991.394181280 0.328231543 -0.233759731 7.142062664 -0.006057205 0.054434415 -0.006549025 0.998477519
2991.394181280 0.328231543 -0.233759731 7.142062664 -0.006057205 0.054434415 -0.006549025 0.998477519
2991.394181280 0.328231543 -0.233759731 7.142062664 -0.006057205 0.054434415 -0.006549025 0.998477519
2991.394181280 0.328231543 -0.233759731 7.142062664 -0.006057205 0.054434415 -0.006549025 0.998477519
2991.394181280 0.328231543 -0.233759731 7.142062664 -0.006057205 0.054434415 -0.006549025 0.998477519
2991.394181280 0.328231543 -0.233759731 7.142062664 -0.006057205 0.054434415 -0.006549025 0.998477519
2991.394181280 0.328231543 -0.233759731 7.142062664 -0.006057205 0.054434415 -0.006549025 0.998477519
2991.394181280 0.328231543 -0.233759731 7.142062664 -0.006057205 0.054434415 -0.006549025 0.998477519
2991.394181280 0.328231543 -0.233759731 7.142062664 -0.006057205 0.054434415 -0.006549025 0.998477519
2991.394181280 0.328231543 -0.233759731 7.142062664 -0.006057205 0.054434415 -0.006549025 0.998477519
2991.394181280 0.328231543 -0.233759731 7.142062664 -0.006057205 0.054434415 -0.006549025 0.998477519
2991.394181280 0.328231543 -0.233759731 7.142062664 -0.006057205 0.054434415 -0.006549025 0.998477519
2991.394181280 0.328231543 -0.233759731 7.142062664 -0.006057205 0.054434415 -0.006549025 0.998477519
2991.394181280 0.328231543 -0.233759731 7.142062664 -0.006057205 0.054434415 -0.006549025 0.998477519
2991.394181280 0.328231543 -0.233759731 7.142062664 -0.006057205 0.054434415 -0.006549025 0.998477519
2991.394181280 0.328231543 -0.233759731 7.142062664 -0.006057205 0.054434415 -0.006549025 0.998477519
2991.394181280 0.328231543 -0.233759731 7.142062664 -0.006057205 0.054434415 -0.006549025 0.998477519
2991.394181280 0.328231543 -0.233759731 7.142062664 -0.006057205 0.054434415 -0.006549025 0.998477519
2991.394181280 0.328231543 -0.233759731 7.142062664 -0.006057205 0.054434415 -0.006549025 0.998477519
2991.394181280 0.328231543 -0.233759731 7.142062664 -0.006057205 0.054434415 -0.006549025 0.998477519
2991.394181280 0.328231543 -0.233759731 7.142062664 -0.006057205 0.054434415 -0.006549025 0.998477519
2991.394181280 0.328231543 -0.233759731 7.142062664 -0.006057205 0.054434415 -0.006549025 0.998477519
2991.394181280 0.328231543 -0.233759731 7.142062664 -0.006057205 0.054434415 -0.006549025 0.998477519
2991.394181280 0.328231543 -0.233759731 7.142062664 -0.006057205 0.054434415 -0.006549025 0.998477519
2991.394181280 0.328231543 -0.233759731 7.142062664 -0.006057205 0.054434415 -0.006549025 0.998477519
2991.394181280 0.328231543 -0.233759731 7.142062664 -0.006057205 0.054434415 -0.006549025 0.998477519
2991.394181280 0.328231543 -0.233759731 7.142062664 -0.006057205 0.054434415 -0.006549025 0.998477519
2991.394181280 0.328231543 -0.233759731 7.142062664 -0.006057205 0.054434415 -0.006549025 0.998477519
2991.394181280 0.328231543 -0.233759731 7.142062664 -0.006057205 0.054434415 -0.006549025 0.998477519
2991.394181280 0.328231543 -0.233759731 7.142062664 -0.006057205 0.054434415 -0.006549025 0.998477519
2991.394181280 0.328231543 -0.233759731 7.142062664 -0.006057205 0.054434415 -0.006549025 0.998477519
2991.394181280 0.328231543 -0.233759731 7.142062664 -0.006057205 0.054434415 -0.006549025 0.998477519
2991.394181280 0.328231543 -0.233759731 7.142062664 -0.006057205 0.054434415 -0.006549025 0.998477519
2991.394181280 0.328231543 -0.233759731 7.142062664 -0.006057205 0.054434415 -0.006549025 0.998477519
2991.394181280 0.328231543 -0.233759731 7.142062664 -0.006057205 0.054434415 -0.006549025 0.998477519
2991.394181280 0.328231543 -0.233759731 7.142062664 -0.006057205 0.054434415 -0.006549025 0.998477519
2991.394181280 0.328231543 -0.233759731 7.142062664 -0.006057205 0.054434415 -0.006549025 0.998477519
