3868.259232672 0.000000000 0.000000000 0.000000000 -0.000000000 -0.000000000 -0.000000000 1.000000000
3868.322730208 0.004186922 -0.013114013 0.118444018 0.020231018 -0.008317756 0.015654527 0.999638200
3868.384500896 0.000721371 -0.008421973 0.263209552 -0.013932470 -0.025092220 0.016577942 0.999450564
3868.446936064 -0.009248265 -0.012181644 0.399628341 -0.003051339 -0.029867318 0.007886730 0.999518096
3868.509410720 -0.016583337 0.000091479 0.552505970 0.012050586 -0.032952949 -0.002186399 0.999381900
3868.574573824 -0.019538037 -0.012031862 0.707324088 0.014974684 -0.031716485 0.006636112 0.999362707
3868.634169344 -0.023986619 -0.013564871 0.871112645 0.005786356 -0.026140036 0.007601216 0.999612629
3868.697180608 -0.035605773 -0.019479904 1.032199144 0.024553379 -0.018519681 -0.004249447 0.999517977
3868.759385728 -0.034262154 -0.052079551 1.169688463 0.034222908 -0.027734227 0.010184485 0.998977423
3868.822626144 0.300354958 0.167503774 1.432979584 0.033558656 -0.069918707 0.011515354 0.996921539
3868.884134240 0.283078253 0.148500606 1.577526569 0.075448282 -0.068698652 0.009439513 0.994735658
3868.947196896 0.254607499 0.124014623 1.755352259 0.032556113 -0.057899427 -0.009303499 0.997748077
3869.009868512 0.236677617 0.098199286 1.911358953 0.050683286 -0.047898311 -0.003971804 0.997557700
3869.072207648 0.219223633 0.092208840 2.083285093 0.038579326 -0.048283808 0.006327983 0.998068273
3869.135098848 0.196559936 0.068308696 2.250635147 0.034832586 -0.049781848 -0.003023580 0.998147964
3869.197833696 0.176859379 0.046727318 2.426013231 0.038120072 -0.052903391 -0.002842419 0.997867763
3869.260526016 0.167327628 0.032142032 2.593833208 0.033002812 -0.051228814 0.008653737 0.998103976
3869.324362912 0.154029921 0.010303639 2.775992632 0.036348589 -0.048280444 0.013956300 0.998074651
3869.386654592 0.133861944 -0.004874415 2.960150242 0.034509789 -0.046368174 0.001298492 0.998327315
3869.448996384 0.129887521 -0.024153862 3.147396088 0.031812306 -0.046840049 0.027420430 0.998019099
3869.511395808 0.117569633 -0.046368737 3.328171015 0.038709648 -0.043379243 0.031199694 0.997820795
3869.574199840 0.099374391 -0.064086393 3.522323847 0.038058147 -0.039623730 0.021323673 0.998261929
3869.636721760 0.093099281 -0.085858323 3.714432955 0.035338860 -0.037289932 0.037911177 0.997959673
3869.700383392 0.074070498 -0.094887100 3.925810814 0.009761791 -0.044288062 0.024459675 0.998671651
3869.761835424 0.057409294 -0.095483363 4.134382725 -0.014511142 -0.052821204 0.008380542 0.998463392
3869.824048960 0.029959792 -0.120613948 4.324129581 0.004990292 -0.071640380 0.027468674 0.997039735
3869.887347488 0.009269534 -0.142331094 4.514216900 0.032658745 -0.075650528 0.035458665 0.995968461
3869.949230464 -0.018546056 -0.174874008 4.691707134 0.086334482 -0.071621470 0.027403906 0.993310571
3870.011640672 -0.024882808 -0.221222520 4.866602421 0.139318720 -0.069721349 0.027300213 0.987412810
3870.074200256 -0.071365647 -0.256578445 5.085106850 0.110202007 -0.072781466 0.039088245 0.990469873
3870.136684192 -0.105430327 -0.304146349 5.289172649 0.094991788 -0.080063954 0.030083908 0.991797030
3870.199421824 -0.135761008 -0.342045605 5.491546154 0.074253321 -0.088562973 0.029709887 0.992854714
3870.261721248 -0.210462049 -0.405266643 5.707182884 0.051319789 -0.090698019 0.024340456 0.994257390
3870.324687392 -0.226230875 -0.413440883 5.897891045 0.065331519 -0.103730269 0.028841486 0.992038369
3870.386666272 -0.261153132 -0.453323901 6.090487957 0.072787590 -0.103807129 0.045231652 0.990898669
3870.450518720 -0.323970050 -0.490266949 6.271117687 0.081932925 -0.096448675 0.053416908 0.990520716
3870.450518720 -0.323970050 -0.490266949 6.271117687 0.081932925 -0.096448675 0.053416908 0.990520716
3870.450518720 -0.323970050 -0.490266949 6.271117687 0.081932925 -0.096448675 0.053416908 0.990520716
3870.450518720 -0.323970050 -0.490266949 6.271117687 0.081932925 -0.096448675 0.053416908 0.990520716
3870.450518720 -0.323970050 -0.490266949 6.271117687 0.081932925 -0.096448675 0.053416908 0.990520716
3870.450518720 -0.323970050 -0.490266949 6.271117687 0.081932925 -0.096448675 0.053416908 0.990520716
3870.450518720 -0.323970050 -0.490266949 6.271117687 0.081932925 -0.096448675 0.053416908 0.990520716
3870.450518720 -0.323970050 -0.490266949 6.271117687 0.081932925 -0.096448675 0.053416908 0.990520716
3870.450518720 -0.323970050 -0.490266949 6.271117687 0.081932925 -0.096448675 0.053416908 0.990520716
3870.450518720 -0.323970050 -0.490266949 6.271117687 0.081932925 -0.096448675 0.053416908 0.990520716
3870.450518720 -0.323970050 -0.490266949 6.271117687 0.081932925 -0.096448675 0.053416908 0.990520716
3870.450518720 -0.323970050 -0.490266949 6.271117687 0.081932925 -0.096448675 0.053416908 0.990520716
3870.450518720 -0.323970050 -0.490266949 6.271117687 0.081932925 -0.096448675 0.053416908 0.990520716
3870.450518720 -0.323970050 -0.490266949 6.271117687 0.081932925 -0.096448675 0.053416908 0.990520716
3870.450518720 -0.323970050 -0.490266949 6.271117687 0.081932925 -0.096448675 0.053416908 0.990520716
3870.450518720 -0.323970050 -0.490266949 6.271117687 0.081932925 -0.096448675 0.053416908 0.990520716
3870.450518720 -0.323970050 -0.490266949 6.271117687 0.081932925 -0.096448675 0.053416908 0.990520716
3870.450518720 -0.323970050 -0.490266949 6.271117687 0.081932925 -0.096448675 0.053416908 0.990520716
3870.450518720 -0.323970050 -0.490266949 6.271117687 0.081932925 -0.096448675 0.053416908 0.990520716
3870.450518720 -0.323970050 -0.490266949 6.271117687 0.081932925 -0.096448675 0.053416908 0.990520716
3870.450518720 -0.323970050 -0.490266949 6.271117687 0.081932925 -0.096448675 0.053416908 0.990520716
3870.450518720 -0.323970050 -0.490266949 6.271117687 0.081932925 -0.096448675 0.053416908 0.990520716
3870.450518720 -0.323970050 -0.490266949 6.271117687 0.081932925 -0.096448675 0.053416908 0.990520716
3870.450518720 -0.323970050 -0.490266949 6.271117687 0.081932925 -0.096448675 0.053416908 0.990520716
3870.450518720 -0.323970050 -0.490266949 6.271117687 0.081932925 -0.096448675 0.053416908 0.990520716
3870.450518720 -0.323970050 -0.490266949 6.271117687 0.081932925 -0.096448675 0.053416908 0.990520716
3870.450518720 -0.323970050 -0.490266949 6.271117687 0.081932925 -0.096448675 0.053416908 0.990520716
3870.450518720 -0.323970050 -0.490266949 6.271117687 0.081932925 -0.096448675 0.053416908 0.990520716
3870.450518720 -0.323970050 -0.490266949 6.271117687 0.081932925 -0.096448675 0.053416908 0.990520716
3870.450518720 -0.323970050 -0.490266949 6.271117687 0.081932925 -0.096448675 0.053416908 0.990520716
3870.450518720 -0.323970050 -0.490266949 6.271117687 0.081932925 -0.096448675 0.053416908 0.990520716
3870.450518720 -0.323970050 -0.490266949 6.271117687 0.081932925 -0.096448675 0.053416908 0.990520716
3870.450518720 -0.323970050 -0.490266949 6.271117687 0.081932925 -0.096448675 0.053416908 0.990520716
3870.450518720 -0.323970050 -0.490266949 6.271117687 0.081932925 -0.096448675 0.053416908 0.990520716
3870.450518720 -0.323970050 -0.490266949 6.271117687 0.081932925 -0.096448675 0.053416908 0.990520716
3870.450518720 -0.323970050 -0.490266949 6.271117687 0.081932925 -0.096448675 0.053416908 0.990520716
3870.450518720 -0.323970050 -0.490266949 6.271117687 0.081932925 -0.096448675 0.053416908 0.990520716
3870.450518720 -0.323970050 -0.490266949 6.271117687 0.081932925 -0.096448675 0.053416908 0.990520716
3870.450518720 -0.323970050 -0.490266949 6.271117687 0.081932925 -0.096448675 0.053416908 0.990520716
3870.450518720 -0.323970050 -0.490266949 6.271117687 0.081932925 -0.096448675 0.053416908 0.990520716
3870.450518720 -0.323970050 -0.490266949 6.271117687 0.081932925 -0.096448675 0.053416908 0.990520716
3870.450518720 -0.323970050 -0.490266949 6.271117687 0.081932925 -0.096448675 0.053416908 0.990520716
3870.450518720 -0.323970050 -0.490266949 6.271117687 0.081932925 -0.096448675 0.053416908 0.990520716
3870.450518720 -0.323970050 -0.490266949 6.271117687 0.081932925 -0.096448675 0.053416908 0.990520716
3870.450518720 -0.323970050 -0.490266949 6.271117687 0.081932925 -0.096448675 0.053416908 0.990520716
3870.450518720 -0.323970050 -0.490266949 6.271117687 0.081932925 -0.096448675 0.053416908 0.990520716
3870.450518720 -0.323970050 -0.490266949 6.271117687 0.081932925 -0.096448675 0.053416908 0.990520716
3870.450518720 -0.323970050 -0.490266949 6.271117687 0.081932925 -0.096448675 0.053416908 0.990520716
3870.450518720 -0.323970050 -0.490266949 6.271117687 0.081932925 -0.096448675 0.053416908 0.990520716
3870.450518720 -0.323970050 -0.490266949 6.271117687 0.081932925 -0.096448675 0.053416908 0.990520716
3870.450518720 -0.323970050 -0.490266949 6.271117687 0.081932925 -0.096448675 0.053416908 0.990520716
3870.450518720 -0.323970050 -0.490266949 6.271117687 0.081932925 -0.096448675 0.053416908 0.990520716
3870.450518720 -0.323970050 -0.490266949 6.271117687 0.081932925 -0.096448675 0.053416908 0.990520716
3870.450518720 -0.323970050 -0.490266949 6.271117687 0.081932925 -0.096448675 0.053416908 0.990520716
3870.450518720 -0.323970050 -0.490266949 6.271117687 0.081932925 -0.096448675 0.053416908 0.990520716
3870.450518720 -0.323970050 -0.490266949 6.271117687 0.081932925 -0.096448675 0.053416908 0.990520716
3870.450518720 -0.323970050 -0.490266949 6.271117687 0.081932925 -0.096448675 0.053416908 0.990520716
3870.450518720 -0.323970050 -0.490266949 6.271117687 0.081932925 -0.096448675 0.053416908 0.990520716
3870.450518720 -0.323970050 -0.490266949 6.271117687 0.081932925 -0.096448675 0.053416908 0.990520716
3870.450518720 -0.323970050 -0.490266949 6.271117687 0.081932925 -0.096448675 0.053416908 0.990520716
3870.450518720 -0.323970050 -0.490266949 6.271117687 0.081932925 -0.096448675 0.053416908 0.990520716
3870.450518720 -0.323970050 -0.490266949 6.271117687 0.081932925 -0.096448675 0.053416908 0.990520716
3870.450518720 -0.323970050 -0.490266949 6.271117687 0.081932925 -0.096448675 0.053416908 0.990520716
3870.450518720 -0.323970050 -0.490266949 6.271117687 0.081932925 -0.096448675 0.053416908 0.990520716
3870.450518720 -0.323970050 -0.490266949 6.271117687 0.081932925 -0.096448675 0.053416908 0.990520716
3870.450518720 -0.323970050 -0.490266949 6.271117687 0.081932925 -0.096448675 0.053416908 0.990520716
3870.450518720 -0.323970050 -0.490266949 6.271117687 0.081932925 -0.096448675 0.053416908 0.990520716
3870.450518720 -0.323970050 -0.490266949 6.271117687 0.081932925 -0.096448675 0.053416908 0.990520716
3870.450518720 -0.323970050 -0.490266949 6.271117687 0.081932925 -0.096448675 0.053416908 0.990520716
3870.450518720 -0.323970050 -0.490266949 6.271117687 0.081932925 -0.096448675 0.053416908 0.990520716
3870.450518720 -0.323970050 -0.490266949 6.271117687 0.081932925 -0.096448675 0.053416908 0.990520716
3870.450518720 -0.323970050 -0.490266949 6.271117687 0.081932925 -0.096448675 0.053416908 0.990520716
3870.450518720 -0.323970050 -0.490266949 6.271117687 0.081932925 -0.096448675 0.053416908 0.990520716
3870.450518720 -0.323970050 -0.490266949 6.271117687 0.081932925 -0.096448675 0.053416908 0.990520716
3870.450518720 -0.323970050 -0.490266949 6.271117687 0.081932925 -0.096448675 0.053416908 0.990520716
3870.450518720 -0.323970050 -0.490266949 6.271117687 0.081932925 -0.096448675 0.053416908 0.990520716
3870.450518720 -0.323970050 -0.490266949 6.271117687 0.081932925 -0.096448675 0.053416908 0.990520716
3870.450518720 -0.323970050 -0.490266949 6.271117687 0.081932925 -0.096448675 0.053416908 0.990520716
3870.450518720 -0.323970050 -0.490266949 6.271117687 0.081932925 -0.096448675 0.053416908 0.990520716
3870.450518720 -0.323970050 -0.490266949 6.271117687 0.081932925 -0.096448675 0.053416908 0.990520716
3870.450518720 -0.323970050 -0.490266949 6.271117687 0.081932925 -0.096448675 0.053416908 0.990520716
