1093.112201120 0.000000000 0.000000000 0.000000000 -0.000000000 -0.000000000 -0.000000000 1.000000000
1093.362640160 0.038329143 -0.040277518 1.092135668 -0.015423767 0.011484371 0.001947319 0.999813199
1093.612789216 0.066854589 -0.051186226 2.152834892 -0.013648196 -0.000515363 0.013161203 0.999820113
1093.862704096 0.080883302 -0.034376070 3.216074467 -0.013223430 -0.009692163 0.009797218 0.999817610
1094.112271488 0.071693279 -0.038869694 4.282279491 -0.016440323 -0.033074949 0.016105637 0.999187887
1094.362234304 -0.025339302 -0.069888607 5.242676258 0.000637973 -0.058790628 0.007120230 0.998244762
1094.612531584 -0.171479821 -0.085592069 6.215829372 -0.004287711 -0.067693412 0.014613334 0.997589946
1094.862756576 -0.319643587 -0.108578071 7.198345661 -0.012588690 -0.068315960 0.015221472 0.997468174
1095.112464288 -0.447110206 -0.108883254 8.221889496 -0.024960507 -0.075818725 0.000642987 0.996808946
1095.362486592 -0.583946288 -0.103929058 9.238688469 -0.017635556 -0.079010673 -0.000308037 0.996717691
1095.613129088 -0.738622546 -0.095049776 10.280307770 -0.015813500 -0.083388492 -0.008804628 0.996352732
1095.862725728 -0.896025360 -0.067541614 11.353199959 -0.040586032 -0.069155402 -0.004909792 0.996767879
1096.112592768 -1.042785406 -0.001243156 12.468987465 -0.044181995 -0.066540286 0.001108469 0.996804476
1096.362390464 -1.166237473 0.058547985 13.407916069 -0.048569772 -0.057805397 0.002971619 0.997141302
1096.612782336 -1.248177528 0.086822666 13.977132797 -0.050305314 -0.059510160 -0.002776544 0.996955454
1096.863211872 -1.304966927 0.107241169 14.385746956 -0.044676241 -0.059015293 0.003300528 0.997251391
1097.113143072 -1.333837509 0.118417293 14.591112137 -0.040840235 -0.063884795 -0.000171970 0.997121274
1097.362991104 -1.377280354 0.125976250 14.708459854 -0.038638722 -0.061077937 -0.001730886 0.997383356
1097.612367968 -1.382443547 0.127623796 14.770585060 -0.038355406 -0.060698044 0.000841697 0.997418642
1097.862596480 -1.386302590 0.128663033 14.805424690 -0.037607949 -0.061230063 0.000755267 0.997414708
1098.112948448 -1.389547110 0.130885959 14.834408760 -0.038157593 -0.061798837 0.002157004 0.997356653
1098.362496608 -1.392459512 0.132562548 14.871757507 -0.038228352 -0.062200647 0.004765941 0.997319877
