1861.188866560 0.000000000 0.000000000 0.000000000 -0.000000000 -0.000000000 -0.000000000 1.000000000
1861.313546848 0.025056066 -0.018518779 0.402775526 0.003612557 0.016346123 0.006422094 0.999839246
1861.438695872 0.060929939 -0.030168546 0.832980752 -0.001053666 0.030857654 0.007656385 0.999493957
1861.564272320 0.110192269 -0.044643354 1.256683230 -0.004356309 0.038536504 0.013505724 0.999156415
1861.688760608 0.161016092 -0.059454456 1.677786589 0.000382857 0.038643021 0.016510163 0.999116600
1861.813414208 0.200830564 -0.065446652 2.121341705 -0.005415304 0.028646849 0.009512169 0.999529719
1861.938976064 0.243032157 -0.086585939 2.582159758 0.009712869 0.032385129 0.002822129 0.999424279
1862.063745856 0.292122275 -0.096633717 3.033503532 0.004262587 0.038059760 0.009051815 0.999225378
1862.189414528 0.348596960 -0.104242064 3.482154608 -0.004766359 0.048353828 0.020225339 0.998614132
1862.314702144 0.409615785 -0.124371111 3.927963495 0.001898549 0.053241197 0.016761260 0.998439193
1862.438856896 0.498080879 -0.148121163 4.413079262 0.003043241 0.048735324 0.018769471 0.998630762
1862.564255232 0.556982577 -0.181093007 4.875008106 0.009867900 0.040340994 0.019563764 0.998945713
1862.689170880 0.631692469 -0.243107259 5.354295254 0.015298765 0.031030575 0.027048897 0.999035239
1862.813976832 0.694459498 -0.308111846 5.832516193 0.020563673 0.021769039 0.035024390 0.998937726
1862.938698880 0.741105139 -0.260265917 6.292374611 0.001331173 0.027617186 0.033022612 0.999072134
1862.938698880 0.741105139 -0.260265917 6.292374611 0.001331173 0.027617186 0.033022612 0.999072134
1862.938698880 0.741105139 -0.260265917 6.292374611 0.001331173 0.027617186 0.033022612 0.999072134
1862.938698880 0.741105139 -0.260265917 6.292374611 0.001331173 0.027617186 0.033022612 0.999072134
1862.938698880 0.741105139 -0.260265917 6.292374611 0.001331173 0.027617186 0.033022612 0.999072134
1862.938698880 0.741105139 -0.260265917 6.292374611 0.001331173 0.027617186 0.033022612 0.999072134
1862.938698880 0.741105139 -0.260265917 6.292374611 0.001331173 0.027617186 0.033022612 0.999072134
1862.938698880 0.741105139 -0.260265917 6.292374611 0.001331173 0.027617186 0.033022612 0.999072134
1862.938698880 0.741105139 -0.260265917 6.292374611 0.001331173 0.027617186 0.033022612 0.999072134
1862.938698880 0.741105139 -0.260265917 6.292374611 0.001331173 0.027617186 0.033022612 0.999072134
1862.938698880 0.741105139 -0.260265917 6.292374611 0.001331173 0.027617186 0.033022612 0.999072134
1862.938698880 0.741105139 -0.260265917 6.292374611 0.001331173 0.027617186 0.033022612 0.999072134
1862.938698880 0.741105139 -0.260265917 6.292374611 0.001331173 0.027617186 0.033022612 0.999072134
1862.938698880 0.741105139 -0.260265917 6.292374611 0.001331173 0.027617186 0.033022612 0.999072134
1862.938698880 0.741105139 -0.260265917 6.292374611 0.001331173 0.027617186 0.033022612 0.999072134
1862.938698880 0.741105139 -0.260265917 6.292374611 0.001331173 0.027617186 0.033022612 0.999072134
1862.938698880 0.741105139 -0.260265917 6.292374611 0.001331173 0.027617186 0.033022612 0.999072134
1862.938698880 0.741105139 -0.260265917 6.292374611 0.001331173 0.027617186 0.033022612 0.999072134
1862.938698880 0.741105139 -0.260265917 6.292374611 0.001331173 0.027617186 0.033022612 0.999072134
1862.938698880 0.741105139 -0.260265917 6.292374611 0.001331173 0.027617186 0.033022612 0.999072134
1862.938698880 0.741105139 -0.260265917 6.292374611 0.001331173 0.027617186 0.033022612 0.999072134
1862.938698880 0.741105139 -0.260265917 6.292374611 0.001331173 0.027617186 0.033022612 0.999072134
1862.938698880 0.741105139 -0.260265917 6.292374611 0.001331173 0.027617186 0.033022612 0.999072134
1862.938698880 0.741105139 -0.260265917 6.292374611 0.001331173 0.027617186 0.033022612 0.999072134
1862.938698880 0.741105139 -0.260265917 6.292374611 0.001331173 0.027617186 0.033022612 0.999072134
1862.938698880 0.741105139 -0.260265917 6.292374611 0.001331173 0.027617186 0.033022612 0.999072134
1862.938698880 0.741105139 -0.260265917 6.292374611 0.001331173 0.027617186 0.033022612 0.999072134
1862.938698880 0.741105139 -0.260265917 6.292374611 0.001331173 0.027617186 0.033022612 0.999072134
1862.938698880 0.741105139 -0.260265917 6.292374611 0.001331173 0.027617186 0.033022612 0.999072134
1862.938698880 0.741105139 -0.260265917 6.292374611 0.001331173 0.027617186 0.033022612 0.999072134
1862.938698880 0.741105139 -0.260265917 6.292374611 0.001331173 0.027617186 0.033022612 0.999072134
1862.938698880 0.741105139 -0.260265917 6.292374611 0.001331173 0.027617186 0.033022612 0.999072134
1862.938698880 0.741105139 -0.260265917 6.292374611 0.001331173 0.027617186 0.033022612 0.999072134
