3649.716016480 0.000000000 0.000000000 0.000000000 -0.000000000 -0.000000000 -0.000000000 1.000000000
3649.747551008 -0.002732687 -0.001517620 0.098850489 -0.008074394 -0.002943571 -0.007505044 0.999934912
3649.779000736 -0.005628560 -0.002130458 0.197803289 -0.013286022 -0.006011004 -0.011432756 0.999828339
3649.812555936 0.006331616 0.000458108 0.284625977 -0.021812566 -0.010343825 -0.010373018 0.999654770
3649.845501984 -0.010955046 0.001690075 0.405451804 -0.026046548 -0.013507545 -0.013575925 0.999477267
3649.877253984 -0.015650079 0.004778759 0.503869951 -0.028938506 -0.018292762 -0.017341319 0.999263346
3649.908894816 -0.020574881 0.005982068 0.600824296 -0.030788440 -0.024252106 -0.018202750 0.999065816
3649.940634112 -0.013972019 0.002050348 0.688703597 -0.032677073 -0.028953368 -0.014743483 0.998937726
3649.972286720 -0.024021417 0.015879745 0.798696578 -0.031215834 -0.030737082 -0.008006556 0.999007881
3650.004049344 -0.027035890 0.013050127 0.893813789 -0.027704379 -0.031096483 0.000412091 0.999132335
3650.038241408 -0.031457346 0.009465515 0.990711510 -0.018831179 -0.030217810 0.000006211 0.999365926
3650.073230752 -0.096819542 -0.028756276 1.072554350 -0.017793367 -0.023588430 0.006326905 0.999543428
3650.106445728 -0.048119746 0.017078975 1.204044580 -0.022553232 -0.027113423 -0.007283854 0.999351382
3650.142813120 -0.052737609 0.020679217 1.317915678 -0.017860860 -0.028608525 -0.009189780 0.999388874
3650.174379072 -0.057708096 0.024509203 1.417378783 -0.027458556 -0.033797875 -0.002791278 0.999047577
3650.206566688 -0.051052991 0.025108628 1.512428880 -0.037540756 -0.040486839 0.001444135 0.998473585
3650.238397152 -0.069619283 0.031701919 1.632668614 -0.046978980 -0.045788400 0.002267632 0.997843325
3650.269644224 -0.079056576 0.045554288 1.723691225 -0.057652514 -0.051111531 -0.008333995 0.996992707
3650.301004320 -0.092312679 0.059593543 1.822313786 -0.068228766 -0.056240525 -0.017513189 0.995929301
3650.332899776 -0.093689755 0.071576454 1.911618233 -0.081108212 -0.061978970 -0.018403526 0.994606137
3650.364722976 -0.119357154 0.091498002 2.040678024 -0.091663972 -0.065198578 -0.013510781 0.993561506
3650.396649248 -0.126388222 0.108043037 2.151969910 -0.098209344 -0.067986757 0.000349503 0.992840648
3650.428349664 -0.128837034 0.098002352 2.230795860 -0.098834082 -0.070237704 -0.006354335 0.992601693
3650.469802656 -0.155497253 0.129421815 2.357895613 -0.086806558 -0.071767606 -0.021126905 0.993412137
3650.502123744 -0.173470825 0.140019804 2.454905748 -0.075212121 -0.072097160 -0.024424469 0.994257867
3650.534537536 -0.193133160 0.162006557 2.562430382 -0.070453428 -0.074763067 -0.016661024 0.994569838
3650.569638752 -0.204055533 0.172721475 2.676523209 -0.068884112 -0.078852296 -0.012641501 0.994423211
3650.601479008 -0.215805545 0.180830464 2.786534548 -0.066553421 -0.082448021 -0.011276058 0.994306743
3650.634735680 -0.238587528 0.195407748 2.901099443 -0.069525696 -0.085300468 -0.013367952 0.993836701
3650.666453152 -0.254208982 0.205523208 3.002264261 -0.066510454 -0.086888202 -0.016481096 0.993858755
3650.709899424 -0.280548900 0.222900823 3.154886246 -0.065995850 -0.087197050 -0.017869856 0.993842065
3650.743075744 -0.289075226 0.232632816 3.267420769 -0.072145775 -0.087745331 -0.020343462 0.993318617
3650.776855968 -0.315701008 0.252221704 3.384456635 -0.072168492 -0.086428724 -0.016431402 0.993504822
3650.810733504 -0.331311226 0.262951821 3.502235651 -0.068254247 -0.087422170 -0.016878061 0.993687034
3650.842595808 -0.350372970 0.271894127 3.619881868 -0.066152759 -0.088117488 -0.020921128 0.993690848
3650.874609984 -0.366584778 0.280784935 3.727316856 -0.068793319 -0.087653525 -0.026529267 0.993418634
3650.906789280 -0.391010225 0.300248653 3.848529577 -0.065339908 -0.086862430 -0.023706386 0.993792593
3650.939622432 -0.404099435 0.314750403 3.961997032 -0.058947153 -0.087803513 -0.020022593 0.994190574
3650.971257280 -0.422373891 0.375275910 4.067822933 -0.048563894 -0.086787410 -0.035331339 0.994415045
3651.003233888 -0.435690582 0.340656340 4.193284512 -0.076924659 -0.089338750 -0.023398388 0.992750585
3651.035013824 -0.461510748 0.359759748 4.314602852 -0.080687501 -0.087993138 -0.025610510 0.992517412
3651.066953376 -0.483643830 0.374874383 4.441598415 -0.085414119 -0.087601550 -0.029226568 0.992056549
3651.098227264 -0.504073083 0.395298332 4.562125683 -0.088763408 -0.087863356 -0.031888407 0.991657317
3651.129562272 -0.509789109 0.379654914 4.685131073 -0.090575635 -0.089989603 -0.036717240 0.991135597
3651.160998592 -0.536431313 0.417108387 4.796120167 -0.074577324 -0.092391506 -0.025658006 0.992594481
3651.193244448 -0.539859712 0.457828254 4.905806541 -0.061438523 -0.097877733 -0.015683444 0.993176341
3651.224916128 -0.574422538 0.630531967 5.053427219 -0.026477439 -0.090461537 -0.057068124 0.993910909
3651.256819200 -0.592678368 0.465539902 5.144652843 -0.065909244 -0.092660494 -0.030307874 0.993051589
3651.288288672 -0.616249740 0.484112710 5.271481514 -0.073087148 -0.091247864 -0.030939506 0.992660522
3651.319898048 -0.643218577 0.505827069 5.404089928 -0.074644230 -0.090460852 -0.029590238 0.992657840
3651.352123392 -0.653900504 0.512097120 5.510755062 -0.074149325 -0.090165168 -0.030769669 0.992685974
3651.383725600 -0.679083407 0.524279118 5.641734123 -0.072797969 -0.089246459 -0.028713444 0.992930591
3651.415754272 -0.699236393 0.540038705 5.767963886 -0.069021732 -0.089190781 -0.027992480 0.993225753
3651.447424576 -0.713334322 0.551556647 5.873272896 -0.066974051 -0.090039045 -0.032682359 0.993146181
3651.479415520 -0.743762970 0.569814622 6.024054050 -0.064446978 -0.089894161 -0.032384921 0.993336260
3651.511966464 -0.770668328 0.581929803 6.155618191 -0.065433428 -0.089248396 -0.028034670 0.993462265
3651.544156864 -0.780212700 0.592573762 6.278123856 -0.064334974 -0.090307929 -0.027963083 0.993440270
3651.575578208 -0.797801256 0.609247386 6.398159504 -0.065567277 -0.091383472 -0.031558890 0.993153572
3651.607124704 -0.822733760 0.619397819 6.529889584 -0.063130580 -0.092497058 -0.031169282 0.993220687
3651.638807712 -0.845138967 0.632595301 6.661599159 -0.065351807 -0.092268266 -0.028502032 0.993178427
3651.670100352 -0.864967763 0.646197259 6.789492607 -0.064476773 -0.091724426 -0.026574351 0.993339479
3651.701431392 -0.881442130 0.660566986 6.906450272 -0.063833520 -0.090968691 -0.029384054 0.993371367
3651.733014624 -0.908745408 0.671392977 7.044318199 -0.062948383 -0.091010384 -0.027368907 0.993481576
3651.764424576 -0.933895946 0.681447029 7.176190376 -0.057927154 -0.090555154 -0.027444271 0.993826509
3651.798006432 -0.973116755 0.681190670 7.302655220 -0.054070536 -0.085790724 -0.041303851 0.993987143
3651.798006432 -0.973116755 0.681190670 7.302655220 -0.054070536 -0.085790724 -0.041303851 0.993987143
3651.798006432 -0.973116755 0.681190670 7.302655220 -0.054070536 -0.085790724 -0.041303851 0.993987143
3651.798006432 -0.973116755 0.681190670 7.302655220 -0.054070536 -0.085790724 -0.041303851 0.993987143
3651.798006432 -0.973116755 0.681190670 7.302655220 -0.054070536 -0.085790724 -0.041303851 0.993987143
3651.798006432 -0.973116755 0.681190670 7.302655220 -0.054070536 -0.085790724 -0.041303851 0.993987143
3651.798006432 -0.973116755 0.681190670 7.302655220 -0.054070536 -0.085790724 -0.041303851 0.993987143
3651.798006432 -0.973116755 0.681190670 7.302655220 -0.054070536 -0.085790724 -0.041303851 0.993987143
3651.798006432 -0.973116755 0.681190670 7.302655220 -0.054070536 -0.085790724 -0.041303851 0.993987143
3651.798006432 -0.973116755 0.681190670 7.302655220 -0.054070536 -0.085790724 -0.041303851 0.993987143
3651.798006432 -0.973116755 0.681190670 7.302655220 -0.054070536 -0.085790724 -0.041303851 0.993987143
3651.798006432 -0.973116755 0.681190670 7.302655220 -0.054070536 -0.085790724 -0.041303851 0.993987143
3651.798006432 -0.973116755 0.681190670 7.302655220 -0.054070536 -0.085790724 -0.041303851 0.993987143
3651.798006432 -0.973116755 0.681190670 7.302655220 -0.054070536 -0.085790724 -0.041303851 0.993987143
3651.798006432 -0.973116755 0.681190670 7.302655220 -0.054070536 -0.085790724 -0.041303851 0.993987143
3651.798006432 -0.973116755 0.681190670 7.302655220 -0.054070536 -0.085790724 -0.041303851 0.993987143
3651.798006432 -0.973116755 0.681190670 7.302655220 -0.054070536 -0.085790724 -0.041303851 0.993987143
3651.798006432 -0.973116755 0.681190670 7.302655220 -0.054070536 -0.085790724 -0.041303851 0.993987143
3652.389561056 -1.323199391 0.909374893 9.844780922 -0.057968389 -0.081841275 -0.012950014 0.994873822
3652.389561056 -1.323199391 0.909374893 9.844780922 -0.057968389 -0.081841275 -0.012950014 0.994873822
3652.389561056 -1.323199391 0.909374893 9.844780922 -0.057968389 -0.081841275 -0.012950014 0.994873822
3652.389561056 -1.323199391 0.909374893 9.844780922 -0.057968389 -0.081841275 -0.012950014 0.994873822
3652.389561056 -1.323199391 0.909374893 9.844780922 -0.057968389 -0.081841275 -0.012950014 0.994873822
3652.389561056 -1.323199391 0.909374893 9.844780922 -0.057968389 -0.081841275 -0.012950014 0.994873822
3652.389561056 -1.323199391 0.909374893 9.844780922 -0.057968389 -0.081841275 -0.012950014 0.994873822
3652.389561056 -1.323199391 0.909374893 9.844780922 -0.057968389 -0.081841275 -0.012950014 0.994873822
3652.389561056 -1.323199391 0.909374893 9.844780922 -0.057968389 -0.081841275 -0.012950014 0.994873822
3652.389561056 -1.323199391 0.909374893 9.844780922 -0.057968389 -0.081841275 -0.012950014 0.994873822
3652.389561056 -1.323199391 0.909374893 9.844780922 -0.057968389 -0.081841275 -0.012950014 0.994873822
3652.389561056 -1.323199391 0.909374893 9.844780922 -0.057968389 -0.081841275 -0.012950014 0.994873822
3652.389561056 -1.323199391 0.909374893 9.844780922 -0.057968389 -0.081841275 -0.012950014 0.994873822
3652.389561056 -1.323199391 0.909374893 9.844780922 -0.057968389 -0.081841275 -0.012950014 0.994873822
3652.389561056 -1.323199391 0.909374893 9.844780922 -0.057968389 -0.081841275 -0.012950014 0.994873822
3652.389561056 -1.323199391 0.909374893 9.844780922 -0.057968389 -0.081841275 -0.012950014 0.994873822
3652.389561056 -1.323199391 0.909374893 9.844780922 -0.057968389 -0.081841275 -0.012950014 0.994873822
3652.389561056 -1.323199391 0.909374893 9.844780922 -0.057968389 -0.081841275 -0.012950014 0.994873822
3652.389561056 -1.323199391 0.909374893 9.844780922 -0.057968389 -0.081841275 -0.012950014 0.994873822
3652.389561056 -1.323199391 0.909374893 9.844780922 -0.057968389 -0.081841275 -0.012950014 0.994873822
3652.389561056 -1.323199391 0.909374893 9.844780922 -0.057968389 -0.081841275 -0.012950014 0.994873822
3652.389561056 -1.323199391 0.909374893 9.844780922 -0.057968389 -0.081841275 -0.012950014 0.994873822
3652.389561056 -1.323199391 0.909374893 9.844780922 -0.057968389 -0.081841275 -0.012950014 0.994873822
3652.389561056 -1.323199391 0.909374893 9.844780922 -0.057968389 -0.081841275 -0.012950014 0.994873822
3652.389561056 -1.323199391 0.909374893 9.844780922 -0.057968389 -0.081841275 -0.012950014 0.994873822
3652.389561056 -1.323199391 0.909374893 9.844780922 -0.057968389 -0.081841275 -0.012950014 0.994873822
3652.389561056 -1.323199391 0.909374893 9.844780922 -0.057968389 -0.081841275 -0.012950014 0.994873822
3652.389561056 -1.323199391 0.909374893 9.844780922 -0.057968389 -0.081841275 -0.012950014 0.994873822
3652.389561056 -1.323199391 0.909374893 9.844780922 -0.057968389 -0.081841275 -0.012950014 0.994873822
3652.389561056 -1.323199391 0.909374893 9.844780922 -0.057968389 -0.081841275 -0.012950014 0.994873822
3652.389561056 -1.323199391 0.909374893 9.844780922 -0.057968389 -0.081841275 -0.012950014 0.994873822
3652.389561056 -1.323199391 0.909374893 9.844780922 -0.057968389 -0.081841275 -0.012950014 0.994873822
3652.389561056 -1.323199391 0.909374893 9.844780922 -0.057968389 -0.081841275 -0.012950014 0.994873822
3652.389561056 -1.323199391 0.909374893 9.844780922 -0.057968389 -0.081841275 -0.012950014 0.994873822
3652.389561056 -1.323199391 0.909374893 9.844780922 -0.057968389 -0.081841275 -0.012950014 0.994873822
3652.389561056 -1.323199391 0.909374893 9.844780922 -0.057968389 -0.081841275 -0.012950014 0.994873822
3652.389561056 -1.323199391 0.909374893 9.844780922 -0.057968389 -0.081841275 -0.012950014 0.994873822
3652.389561056 -1.323199391 0.909374893 9.844780922 -0.057968389 -0.081841275 -0.012950014 0.994873822
3652.389561056 -1.323199391 0.909374893 9.844780922 -0.057968389 -0.081841275 -0.012950014 0.994873822
3652.389561056 -1.323199391 0.909374893 9.844780922 -0.057968389 -0.081841275 -0.012950014 0.994873822
3652.389561056 -1.323199391 0.909374893 9.844780922 -0.057968389 -0.081841275 -0.012950014 0.994873822
3652.389561056 -1.323199391 0.909374893 9.844780922 -0.057968389 -0.081841275 -0.012950014 0.994873822
3652.389561056 -1.323199391 0.909374893 9.844780922 -0.057968389 -0.081841275 -0.012950014 0.994873822
3652.389561056 -1.323199391 0.909374893 9.844780922 -0.057968389 -0.081841275 -0.012950014 0.994873822
3652.389561056 -1.323199391 0.909374893 9.844780922 -0.057968389 -0.081841275 -0.012950014 0.994873822
3652.389561056 -1.323199391 0.909374893 9.844780922 -0.057968389 -0.081841275 -0.012950014 0.994873822
3652.389561056 -1.323199391 0.909374893 9.844780922 -0.057968389 -0.081841275 -0.012950014 0.994873822
3652.389561056 -1.323199391 0.909374893 9.844780922 -0.057968389 -0.081841275 -0.012950014 0.994873822
3652.389561056 -1.323199391 0.909374893 9.844780922 -0.057968389 -0.081841275 -0.012950014 0.994873822
3652.389561056 -1.323199391 0.909374893 9.844780922 -0.057968389 -0.081841275 -0.012950014 0.994873822
3652.389561056 -1.323199391 0.909374893 9.844780922 -0.057968389 -0.081841275 -0.012950014 0.994873822
3652.389561056 -1.323199391 0.909374893 9.844780922 -0.057968389 -0.081841275 -0.012950014 0.994873822
3652.389561056 -1.323199391 0.909374893 9.844780922 -0.057968389 -0.081841275 -0.012950014 0.994873822
3652.389561056 -1.323199391 0.909374893 9.844780922 -0.057968389 -0.081841275 -0.012950014 0.994873822
3652.389561056 -1.323199391 0.909374893 9.844780922 -0.057968389 -0.081841275 -0.012950014 0.994873822
3652.389561056 -1.323199391 0.909374893 9.844780922 -0.057968389 -0.081841275 -0.012950014 0.994873822
3652.389561056 -1.323199391 0.909374893 9.844780922 -0.057968389 -0.081841275 -0.012950014 0.994873822
3652.389561056 -1.323199391 0.909374893 9.844780922 -0.057968389 -0.081841275 -0.012950014 0.994873822
3652.389561056 -1.323199391 0.909374893 9.844780922 -0.057968389 -0.081841275 -0.012950014 0.994873822
3652.389561056 -1.323199391 0.909374893 9.844780922 -0.057968389 -0.081841275 -0.012950014 0.994873822
3652.389561056 -1.323199391 0.909374893 9.844780922 -0.057968389 -0.081841275 -0.012950014 0.994873822
3652.389561056 -1.323199391 0.909374893 9.844780922 -0.057968389 -0.081841275 -0.012950014 0.994873822
3652.389561056 -1.323199391 0.909374893 9.844780922 -0.057968389 -0.081841275 -0.012950014 0.994873822
3652.389561056 -1.323199391 0.909374893 9.844780922 -0.057968389 -0.081841275 -0.012950014 0.994873822
3652.389561056 -1.323199391 0.909374893 9.844780922 -0.057968389 -0.081841275 -0.012950014 0.994873822
3652.389561056 -1.323199391 0.909374893 9.844780922 -0.057968389 -0.081841275 -0.012950014 0.994873822
3652.389561056 -1.323199391 0.909374893 9.844780922 -0.057968389 -0.081841275 -0.012950014 0.994873822
3652.389561056 -1.323199391 0.909374893 9.844780922 -0.057968389 -0.081841275 -0.012950014 0.994873822
3652.389561056 -1.323199391 0.909374893 9.844780922 -0.057968389 -0.081841275 -0.012950014 0.994873822
3652.389561056 -1.323199391 0.909374893 9.844780922 -0.057968389 -0.081841275 -0.012950014 0.994873822
3652.389561056 -1.323199391 0.909374893 9.844780922 -0.057968389 -0.081841275 -0.012950014 0.994873822
3652.389561056 -1.323199391 0.909374893 9.844780922 -0.057968389 -0.081841275 -0.012950014 0.994873822
3652.389561056 -1.323199391 0.909374893 9.844780922 -0.057968389 -0.081841275 -0.012950014 0.994873822
3652.389561056 -1.323199391 0.909374893 9.844780922 -0.057968389 -0.081841275 -0.012950014 0.994873822
3652.389561056 -1.323199391 0.909374893 9.844780922 -0.057968389 -0.081841275 -0.012950014 0.994873822
3652.389561056 -1.323199391 0.909374893 9.844780922 -0.057968389 -0.081841275 -0.012950014 0.994873822
3652.389561056 -1.323199391 0.909374893 9.844780922 -0.057968389 -0.081841275 -0.012950014 0.994873822
3652.389561056 -1.323199391 0.909374893 9.844780922 -0.057968389 -0.081841275 -0.012950014 0.994873822
3652.389561056 -1.323199391 0.909374893 9.844780922 -0.057968389 -0.081841275 -0.012950014 0.994873822
3652.389561056 -1.323199391 0.909374893 9.844780922 -0.057968389 -0.081841275 -0.012950014 0.994873822
3652.389561056 -1.323199391 0.909374893 9.844780922 -0.057968389 -0.081841275 -0.012950014 0.994873822
3652.389561056 -1.323199391 0.909374893 9.844780922 -0.057968389 -0.081841275 -0.012950014 0.994873822
3652.389561056 -1.323199391 0.909374893 9.844780922 -0.057968389 -0.081841275 -0.012950014 0.994873822
3652.389561056 -1.323199391 0.909374893 9.844780922 -0.057968389 -0.081841275 -0.012950014 0.994873822
3652.389561056 -1.323199391 0.909374893 9.844780922 -0.057968389 -0.081841275 -0.012950014 0.994873822
3652.389561056 -1.323199391 0.909374893 9.844780922 -0.057968389 -0.081841275 -0.012950014 0.994873822
3652.389561056 -1.323199391 0.909374893 9.844780922 -0.057968389 -0.081841275 -0.012950014 0.994873822
3652.389561056 -1.323199391 0.909374893 9.844780922 -0.057968389 -0.081841275 -0.012950014 0.994873822
3652.389561056 -1.323199391 0.909374893 9.844780922 -0.057968389 -0.081841275 -0.012950014 0.994873822
3652.389561056 -1.323199391 0.909374893 9.844780922 -0.057968389 -0.081841275 -0.012950014 0.994873822
3652.389561056 -1.323199391 0.909374893 9.844780922 -0.057968389 -0.081841275 -0.012950014 0.994873822
3652.389561056 -1.323199391 0.909374893 9.844780922 -0.057968389 -0.081841275 -0.012950014 0.994873822
3652.389561056 -1.323199391 0.909374893 9.844780922 -0.057968389 -0.081841275 -0.012950014 0.994873822
3652.389561056 -1.323199391 0.909374893 9.844780922 -0.057968389 -0.081841275 -0.012950014 0.994873822
3652.389561056 -1.323199391 0.909374893 9.844780922 -0.057968389 -0.081841275 -0.012950014 0.994873822
3652.389561056 -1.323199391 0.909374893 9.844780922 -0.057968389 -0.081841275 -0.012950014 0.994873822
3652.389561056 -1.323199391 0.909374893 9.844780922 -0.057968389 -0.081841275 -0.012950014 0.994873822
3652.389561056 -1.323199391 0.909374893 9.844780922 -0.057968389 -0.081841275 -0.012950014 0.994873822
3652.389561056 -1.323199391 0.909374893 9.844780922 -0.057968389 -0.081841275 -0.012950014 0.994873822
3652.389561056 -1.323199391 0.909374893 9.844780922 -0.057968389 -0.081841275 -0.012950014 0.994873822
3652.389561056 -1.323199391 0.909374893 9.844780922 -0.057968389 -0.081841275 -0.012950014 0.994873822
3652.389561056 -1.323199391 0.909374893 9.844780922 -0.057968389 -0.081841275 -0.012950014 0.994873822
3652.389561056 -1.323199391 0.909374893 9.844780922 -0.057968389 -0.081841275 -0.012950014 0.994873822
3652.389561056 -1.323199391 0.909374893 9.844780922 -0.057968389 -0.081841275 -0.012950014 0.994873822
3652.389561056 -1.323199391 0.909374893 9.844780922 -0.057968389 -0.081841275 -0.012950014 0.994873822
3652.389561056 -1.323199391 0.909374893 9.844780922 -0.057968389 -0.081841275 -0.012950014 0.994873822
3652.389561056 -1.323199391 0.909374893 9.844780922 -0.057968389 -0.081841275 -0.012950014 0.994873822
3652.389561056 -1.323199391 0.909374893 9.844780922 -0.057968389 -0.081841275 -0.012950014 0.994873822
3652.389561056 -1.323199391 0.909374893 9.844780922 -0.057968389 -0.081841275 -0.012950014 0.994873822
3652.389561056 -1.323199391 0.909374893 9.844780922 -0.057968389 -0.081841275 -0.012950014 0.994873822
3652.389561056 -1.323199391 0.909374893 9.844780922 -0.057968389 -0.081841275 -0.012950014 0.994873822
3652.389561056 -1.323199391 0.909374893 9.844780922 -0.057968389 -0.081841275 -0.012950014 0.994873822
3652.389561056 -1.323199391 0.909374893 9.844780922 -0.057968389 -0.081841275 -0.012950014 0.994873822
3652.389561056 -1.323199391 0.909374893 9.844780922 -0.057968389 -0.081841275 -0.012950014 0.994873822
3652.389561056 -1.323199391 0.909374893 9.844780922 -0.057968389 -0.081841275 -0.012950014 0.994873822
3652.389561056 -1.323199391 0.909374893 9.844780922 -0.057968389 -0.081841275 -0.012950014 0.994873822
3652.389561056 -1.323199391 0.909374893 9.844780922 -0.057968389 -0.081841275 -0.012950014 0.994873822
3652.389561056 -1.323199391 0.909374893 9.844780922 -0.057968389 -0.081841275 -0.012950014 0.994873822
3652.389561056 -1.323199391 0.909374893 9.844780922 -0.057968389 -0.081841275 -0.012950014 0.994873822
3652.389561056 -1.323199391 0.909374893 9.844780922 -0.057968389 -0.081841275 -0.012950014 0.994873822
3652.389561056 -1.323199391 0.909374893 9.844780922 -0.057968389 -0.081841275 -0.012950014 0.994873822
3652.389561056 -1.323199391 0.909374893 9.844780922 -0.057968389 -0.081841275 -0.012950014 0.994873822
3652.389561056 -1.323199391 0.909374893 9.844780922 -0.057968389 -0.081841275 -0.012950014 0.994873822
3652.389561056 -1.323199391 0.909374893 9.844780922 -0.057968389 -0.081841275 -0.012950014 0.994873822
3652.389561056 -1.323199391 0.909374893 9.844780922 -0.057968389 -0.081841275 -0.012950014 0.994873822
3652.389561056 -1.323199391 0.909374893 9.844780922 -0.057968389 -0.081841275 -0.012950014 0.994873822
3652.389561056 -1.323199391 0.909374893 9.844780922 -0.057968389 -0.081841275 -0.012950014 0.994873822
3652.389561056 -1.323199391 0.909374893 9.844780922 -0.057968389 -0.081841275 -0.012950014 0.994873822
3652.389561056 -1.323199391 0.909374893 9.844780922 -0.057968389 -0.081841275 -0.012950014 0.994873822
3652.389561056 -1.323199391 0.909374893 9.844780922 -0.057968389 -0.081841275 -0.012950014 0.994873822
3652.389561056 -1.323199391 0.909374893 9.844780922 -0.057968389 -0.081841275 -0.012950014 0.994873822
3652.389561056 -1.323199391 0.909374893 9.844780922 -0.057968389 -0.081841275 -0.012950014 0.994873822
3652.389561056 -1.323199391 0.909374893 9.844780922 -0.057968389 -0.081841275 -0.012950014 0.994873822
3652.389561056 -1.323199391 0.909374893 9.844780922 -0.057968389 -0.081841275 -0.012950014 0.994873822
3652.389561056 -1.323199391 0.909374893 9.844780922 -0.057968389 -0.081841275 -0.012950014 0.994873822
3652.389561056 -1.323199391 0.909374893 9.844780922 -0.057968389 -0.081841275 -0.012950014 0.994873822
3652.389561056 -1.323199391 0.909374893 9.844780922 -0.057968389 -0.081841275 -0.012950014 0.994873822
3652.389561056 -1.323199391 0.909374893 9.844780922 -0.057968389 -0.081841275 -0.012950014 0.994873822
3652.389561056 -1.323199391 0.909374893 9.844780922 -0.057968389 -0.081841275 -0.012950014 0.994873822
3652.389561056 -1.323199391 0.909374893 9.844780922 -0.057968389 -0.081841275 -0.012950014 0.994873822
3652.389561056 -1.323199391 0.909374893 9.844780922 -0.057968389 -0.081841275 -0.012950014 0.994873822
3652.389561056 -1.323199391 0.909374893 9.844780922 -0.057968389 -0.081841275 -0.012950014 0.994873822
3652.389561056 -1.323199391 0.909374893 9.844780922 -0.057968389 -0.081841275 -0.012950014 0.994873822
