3023.929553920 0.000000000 0.000000000 0.000000000 -0.000000000 -0.000000000 -0.000000000 1.000000000
3023.990913344 0.000002277 -0.000114115 -0.000207632 0.000006236 0.000011002 -0.000046077 1.000000000
3024.054423104 0.000188230 -0.000729510 -0.000155730 0.001507012 -0.000154569 0.000704914 0.999998629
3024.117904448 0.001613112 -0.006738595 0.008869553 0.012855135 -0.002423140 0.005722139 0.999898076
3024.179119360 0.001748741 -0.019580035 0.035657696 0.026630500 -0.006420473 0.005047332 0.999611974
3024.242204064 0.002424897 -0.019793587 0.090917192 0.013087501 -0.005605537 0.004684820 0.999887705
3024.304234176 0.010252230 -0.010553402 0.166328192 0.009487404 0.000966741 0.009491545 0.999909461
3024.367482272 -0.003106870 -0.001577499 0.251868367 0.006080640 0.006361990 0.014025941 0.999862909
3024.429357088 -0.008663218 -0.012405614 0.371163219 0.013403149 -0.000277411 -0.017988386 0.999748349
3024.492410912 -0.017124321 -0.022963950 0.503369749 -0.006119458 0.002173036 -0.030109946 0.999525547
3024.554971104 -0.048825879 -0.052941818 0.606435418 -0.028096996 0.009160222 -0.043799926 0.998603165
3024.617640064 -0.000769338 -0.031436168 0.760416508 -0.002502424 0.003810144 0.009882576 0.999940753
3024.679134624 -0.017250508 -0.025118470 0.899735987 -0.000252843 -0.001331434 -0.023115665 0.999731898
3024.743630624 -0.006891614 -0.037293930 1.056150436 -0.008685775 0.000333256 -0.001773512 0.999960661
3024.804724448 0.014120806 -0.034521360 1.216583490 -0.016144993 0.001229679 0.021242527 0.999643266
3024.868414912 0.012402948 -0.044022210 1.373984218 -0.004516465 0.012470315 0.015516658 0.999791622
3024.929111680 0.006759134 -0.046519443 1.528920770 0.008733848 0.017671172 -0.013020907 0.999720931
3024.991305280 0.022169484 -0.073797889 1.681309104 0.023703467 0.001853087 0.022895860 0.999455154
3025.055173568 0.022266701 -0.066188097 1.847192526 -0.000958177 -0.017735668 0.025482217 0.999517500
3025.122645568 0.015600573 -0.075038902 2.007412672 0.035128675 -0.016360337 0.014500433 0.999143660
3025.179352800 0.034012783 -0.115573995 2.159854412 0.064260028 -0.018026665 0.006568849 0.997748733
3025.244025728 0.012978643 -0.100409076 2.348147869 0.027357308 0.031454101 0.014985323 0.999018371
3025.304545152 0.010449365 -0.095605239 2.521346569 0.002432409 0.029609950 0.005879331 0.999541283
3025.369568928 0.006809756 -0.065609887 2.698005915 -0.019075546 0.030127801 -0.006509134 0.999342859
3025.429629408 0.018957365 -0.118812196 2.857946873 0.003985230 0.019680236 0.007564782 0.999769747
3025.491407616 0.027901366 -0.123992555 3.039905548 -0.001135973 0.019051736 0.016047509 0.999689043
3025.554907680 0.032999717 -0.127579644 3.219883919 0.000711245 0.017798491 0.008041608 0.999809027
3025.623085504 0.055538371 -0.143378600 3.419822454 0.010833064 0.010681478 0.024871537 0.999574900
3025.679715232 0.072898977 -0.135230467 3.637798786 0.022905843 0.004372114 0.041301221 0.998874605
3025.679715232 0.072898977 -0.135230467 3.637798786 0.022905843 0.004372114 0.041301221 0.998874605
3025.804278784 0.086076304 -0.153886288 3.973583221 -0.008161318 0.002014573 0.046437100 0.998885870
3025.874809504 0.081053324 -0.159010381 4.176583767 0.008860852 -0.007752057 0.035039179 0.999316633
3025.929516448 0.084667891 -0.154851124 4.346162796 -0.015347409 -0.011360009 0.051849019 0.998472452
3025.993674592 0.083231270 -0.142971963 4.585356236 -0.026393259 -0.015091863 0.033615883 0.998972297
3026.055446848 0.077450186 -0.142773330 4.793824196 -0.039429791 -0.022026250 0.041166916 0.998130977
3026.119689152 0.071847513 -0.156217337 4.990305424 -0.011519833 -0.031024724 0.047504626 0.998322666
3026.180186560 0.059555128 -0.172464728 5.164536953 0.044142008 -0.031578742 0.043685287 0.997569978
3026.242519776 -0.100488447 -0.142462030 4.650680542 0.098748326 -0.026050501 0.022395741 0.994519293
3026.242519776 -0.100488447 -0.142462030 4.650680542 0.098748326 -0.026050501 0.022395741 0.994519293
3026.242519776 -0.100488447 -0.142462030 4.650680542 0.098748326 -0.026050501 0.022395741 0.994519293
3026.242519776 -0.100488447 -0.142462030 4.650680542 0.098748326 -0.026050501 0.022395741 0.994519293
3026.495218144 0.001844286 -0.315737665 6.227293491 0.042596925 -0.051213935 0.025382137 0.997455955
3026.557436224 -0.012756548 -0.335957617 6.439806461 0.033696912 -0.054888502 0.032302715 0.997400820
3026.619885600 -0.028931668 -0.361280739 6.647842884 0.040641613 -0.053477064 0.050032381 0.996486485
3026.684608160 -0.019106688 -0.381681204 6.835965157 0.050535556 -0.045257788 0.042732205 0.996780753
3026.747528768 -0.059835225 -0.413307846 7.073473930 0.043722022 -0.035309818 0.047088478 0.997308552
3026.812662848 -0.068456724 -0.437787205 7.289104939 0.027174566 -0.043059897 0.055737451 0.997146308
3026.870206240 -0.074693978 -0.449579060 7.546477318 0.006877894 -0.049514346 0.036182441 0.998094141
3026.933083200 -0.092866428 -0.498562336 7.785402775 -0.023060670 -0.055519387 0.021214994 0.997965813
3026.995163424 -0.114045344 -0.457499534 7.994239807 -0.025802167 -0.056396544 0.044067256 0.997101724
3027.061104608 -0.119124554 -0.430756390 8.224209785 -0.027093222 -0.059935238 0.067590751 0.995542705
3027.061104608 -0.119124554 -0.430756390 8.224209785 -0.027093222 -0.059935238 0.067590751 0.995542705
3027.182424320 -0.177696198 -0.470717430 8.651161194 0.010364895 -0.047995362 0.042269304 0.997898996
3027.246307200 -0.189863667 -0.523368299 8.786655426 0.010029770 -0.047682412 0.003416782 0.998806417
3027.246307200 -0.189863667 -0.523368299 8.786655426 0.010029770 -0.047682412 0.003416782 0.998806417
3027.246307200 -0.189863667 -0.523368299 8.786655426 0.010029770 -0.047682412 0.003416782 0.998806417
3027.246307200 -0.189863667 -0.523368299 8.786655426 0.010029770 -0.047682412 0.003416782 0.998806417
3027.246307200 -0.189863667 -0.523368299 8.786655426 0.010029770 -0.047682412 0.003416782 0.998806417
3027.246307200 -0.189863667 -0.523368299 8.786655426 0.010029770 -0.047682412 0.003416782 0.998806417
3027.246307200 -0.189863667 -0.523368299 8.786655426 0.010029770 -0.047682412 0.003416782 0.998806417
3027.246307200 -0.189863667 -0.523368299 8.786655426 0.010029770 -0.047682412 0.003416782 0.998806417
3027.246307200 -0.189863667 -0.523368299 8.786655426 0.010029770 -0.047682412 0.003416782 0.998806417
3027.246307200 -0.189863667 -0.523368299 8.786655426 0.010029770 -0.047682412 0.003416782 0.998806417
3027.246307200 -0.189863667 -0.523368299 8.786655426 0.010029770 -0.047682412 0.003416782 0.998806417
3027.246307200 -0.189863667 -0.523368299 8.786655426 0.010029770 -0.047682412 0.003416782 0.998806417
3027.246307200 -0.189863667 -0.523368299 8.786655426 0.010029770 -0.047682412 0.003416782 0.998806417
3027.246307200 -0.189863667 -0.523368299 8.786655426 0.010029770 -0.047682412 0.003416782 0.998806417
3027.246307200 -0.189863667 -0.523368299 8.786655426 0.010029770 -0.047682412 0.003416782 0.998806417
3027.246307200 -0.189863667 -0.523368299 8.786655426 0.010029770 -0.047682412 0.003416782 0.998806417
3027.246307200 -0.189863667 -0.523368299 8.786655426 0.010029770 -0.047682412 0.003416782 0.998806417
3027.246307200 -0.189863667 -0.523368299 8.786655426 0.010029770 -0.047682412 0.003416782 0.998806417
3027.246307200 -0.189863667 -0.523368299 8.786655426 0.010029770 -0.047682412 0.003416782 0.998806417
3027.246307200 -0.189863667 -0.523368299 8.786655426 0.010029770 -0.047682412 0.003416782 0.998806417
3027.246307200 -0.189863667 -0.523368299 8.786655426 0.010029770 -0.047682412 0.003416782 0.998806417
3027.246307200 -0.189863667 -0.523368299 8.786655426 0.010029770 -0.047682412 0.003416782 0.998806417
3027.246307200 -0.189863667 -0.523368299 8.786655426 0.010029770 -0.047682412 0.003416782 0.998806417
3027.246307200 -0.189863667 -0.523368299 8.786655426 0.010029770 -0.047682412 0.003416782 0.998806417
3027.246307200 -0.189863667 -0.523368299 8.786655426 0.010029770 -0.047682412 0.003416782 0.998806417
3027.246307200 -0.189863667 -0.523368299 8.786655426 0.010029770 -0.047682412 0.003416782 0.998806417
3027.246307200 -0.189863667 -0.523368299 8.786655426 0.010029770 -0.047682412 0.003416782 0.998806417
3027.246307200 -0.189863667 -0.523368299 8.786655426 0.010029770 -0.047682412 0.003416782 0.998806417
3027.246307200 -0.189863667 -0.523368299 8.786655426 0.010029770 -0.047682412 0.003416782 0.998806417
3027.246307200 -0.189863667 -0.523368299 8.786655426 0.010029770 -0.047682412 0.003416782 0.998806417
3027.246307200 -0.189863667 -0.523368299 8.786655426 0.010029770 -0.047682412 0.003416782 0.998806417
3027.246307200 -0.189863667 -0.523368299 8.786655426 0.010029770 -0.047682412 0.003416782 0.998806417
3027.246307200 -0.189863667 -0.523368299 8.786655426 0.010029770 -0.047682412 0.003416782 0.998806417
3027.246307200 -0.189863667 -0.523368299 8.786655426 0.010029770 -0.047682412 0.003416782 0.998806417
3027.246307200 -0.189863667 -0.523368299 8.786655426 0.010029770 -0.047682412 0.003416782 0.998806417
3027.246307200 -0.189863667 -0.523368299 8.786655426 0.010029770 -0.047682412 0.003416782 0.998806417
3027.246307200 -0.189863667 -0.523368299 8.786655426 0.010029770 -0.047682412 0.003416782 0.998806417
3027.246307200 -0.189863667 -0.523368299 8.786655426 0.010029770 -0.047682412 0.003416782 0.998806417
3027.246307200 -0.189863667 -0.523368299 8.786655426 0.010029770 -0.047682412 0.003416782 0.998806417
3027.246307200 -0.189863667 -0.523368299 8.786655426 0.010029770 -0.047682412 0.003416782 0.998806417
3027.246307200 -0.189863667 -0.523368299 8.786655426 0.010029770 -0.047682412 0.003416782 0.998806417
3027.246307200 -0.189863667 -0.523368299 8.786655426 0.010029770 -0.047682412 0.003416782 0.998806417
3027.246307200 -0.189863667 -0.523368299 8.786655426 0.010029770 -0.047682412 0.003416782 0.998806417
3027.246307200 -0.189863667 -0.523368299 8.786655426 0.010029770 -0.047682412 0.003416782 0.998806417
3027.246307200 -0.189863667 -0.523368299 8.786655426 0.010029770 -0.047682412 0.003416782 0.998806417
3027.246307200 -0.189863667 -0.523368299 8.786655426 0.010029770 -0.047682412 0.003416782 0.998806417
3027.246307200 -0.189863667 -0.523368299 8.786655426 0.010029770 -0.047682412 0.003416782 0.998806417
3027.246307200 -0.189863667 -0.523368299 8.786655426 0.010029770 -0.047682412 0.003416782 0.998806417
3027.246307200 -0.189863667 -0.523368299 8.786655426 0.010029770 -0.047682412 0.003416782 0.998806417
3027.246307200 -0.189863667 -0.523368299 8.786655426 0.010029770 -0.047682412 0.003416782 0.998806417
3027.246307200 -0.189863667 -0.523368299 8.786655426 0.010029770 -0.047682412 0.003416782 0.998806417
3027.246307200 -0.189863667 -0.523368299 8.786655426 0.010029770 -0.047682412 0.003416782 0.998806417
3027.246307200 -0.189863667 -0.523368299 8.786655426 0.010029770 -0.047682412 0.003416782 0.998806417
3027.246307200 -0.189863667 -0.523368299 8.786655426 0.010029770 -0.047682412 0.003416782 0.998806417
3027.246307200 -0.189863667 -0.523368299 8.786655426 0.010029770 -0.047682412 0.003416782 0.998806417
3027.246307200 -0.189863667 -0.523368299 8.786655426 0.010029770 -0.047682412 0.003416782 0.998806417
3027.246307200 -0.189863667 -0.523368299 8.786655426 0.010029770 -0.047682412 0.003416782 0.998806417
3027.246307200 -0.189863667 -0.523368299 8.786655426 0.010029770 -0.047682412 0.003416782 0.998806417
3027.246307200 -0.189863667 -0.523368299 8.786655426 0.010029770 -0.047682412 0.003416782 0.998806417
3027.246307200 -0.189863667 -0.523368299 8.786655426 0.010029770 -0.047682412 0.003416782 0.998806417
3027.246307200 -0.189863667 -0.523368299 8.786655426 0.010029770 -0.047682412 0.003416782 0.998806417
3027.246307200 -0.189863667 -0.523368299 8.786655426 0.010029770 -0.047682412 0.003416782 0.998806417
3027.246307200 -0.189863667 -0.523368299 8.786655426 0.010029770 -0.047682412 0.003416782 0.998806417
3027.246307200 -0.189863667 -0.523368299 8.786655426 0.010029770 -0.047682412 0.003416782 0.998806417
3027.246307200 -0.189863667 -0.523368299 8.786655426 0.010029770 -0.047682412 0.003416782 0.998806417
3027.246307200 -0.189863667 -0.523368299 8.786655426 0.010029770 -0.047682412 0.003416782 0.998806417
3027.246307200 -0.189863667 -0.523368299 8.786655426 0.010029770 -0.047682412 0.003416782 0.998806417
3027.246307200 -0.189863667 -0.523368299 8.786655426 0.010029770 -0.047682412 0.003416782 0.998806417
3027.246307200 -0.189863667 -0.523368299 8.786655426 0.010029770 -0.047682412 0.003416782 0.998806417
3027.246307200 -0.189863667 -0.523368299 8.786655426 0.010029770 -0.047682412 0.003416782 0.998806417
3027.246307200 -0.189863667 -0.523368299 8.786655426 0.010029770 -0.047682412 0.003416782 0.998806417
3027.246307200 -0.189863667 -0.523368299 8.786655426 0.010029770 -0.047682412 0.003416782 0.998806417
3027.246307200 -0.189863667 -0.523368299 8.786655426 0.010029770 -0.047682412 0.003416782 0.998806417
3027.246307200 -0.189863667 -0.523368299 8.786655426 0.010029770 -0.047682412 0.003416782 0.998806417
3027.246307200 -0.189863667 -0.523368299 8.786655426 0.010029770 -0.047682412 0.003416782 0.998806417
3027.246307200 -0.189863667 -0.523368299 8.786655426 0.010029770 -0.047682412 0.003416782 0.998806417
3027.246307200 -0.189863667 -0.523368299 8.786655426 0.010029770 -0.047682412 0.003416782 0.998806417
3027.246307200 -0.189863667 -0.523368299 8.786655426 0.010029770 -0.047682412 0.003416782 0.998806417
3027.246307200 -0.189863667 -0.523368299 8.786655426 0.010029770 -0.047682412 0.003416782 0.998806417
3027.246307200 -0.189863667 -0.523368299 8.786655426 0.010029770 -0.047682412 0.003416782 0.998806417
