3285.755215712 0.000000000 0.000000000 0.000000000 -0.000000000 -0.000000000 -0.000000000 1.000000000
3285.818688256 0.003164079 -0.008506874 0.267883539 -0.006342094 -0.012248481 -0.004734186 0.999893665
3285.877226912 -0.069558159 -0.034835309 0.444445580 -0.016113663 -0.024391744 -0.011625012 0.999505043
3285.943011328 0.025030874 -0.042047467 0.836199880 0.010788814 -0.005081786 0.017905680 0.999768555
3286.004560448 0.044908646 -0.058415052 1.098470926 0.021766357 0.004234417 0.037836973 0.999037862
3286.067155552 0.054993927 -0.067548156 1.375423789 0.010691725 0.009868525 0.029969269 0.999444962
3286.126686848 0.070948131 -0.088969022 1.635294199 0.016347060 0.003095366 0.037274852 0.999166608
3286.192190720 0.076546304 -0.109526932 1.894662619 0.019106159 -0.001030647 0.024903763 0.999506712
3286.254644128 0.085695550 -0.123487338 2.161159992 0.025400093 -0.001397224 0.021277346 0.999449909
3286.317728672 0.099267930 -0.155214638 2.421779871 0.039837401 0.002873853 0.019943416 0.999002993
3286.376967648 0.111838676 -0.172460839 2.679341078 0.022365576 0.005339598 0.019809771 0.999539375
3286.442951744 0.138099372 -0.171194986 3.030754566 0.003854045 0.008301942 0.024996191 0.999645710
3286.442951744 0.138099372 -0.171194986 3.030754566 0.003854045 0.008301942 0.024996191 0.999645710
3286.568210592 0.076264687 -0.190127045 3.365744114 -0.002143374 -0.030499106 -0.012028534 0.999460161
3286.626430624 0.076037817 -0.197088018 3.606949806 -0.001848579 -0.034677368 0.006135583 0.999378026
3286.692082368 0.055302519 -0.204701677 3.863779306 -0.005918646 -0.031819768 -0.017206615 0.999327958
3286.755366688 0.050572734 -0.205262318 4.126570225 -0.005618714 -0.030332047 0.000979305 0.999523580
3286.816840160 0.037725184 -0.215531394 4.365435123 -0.006299224 -0.031423327 -0.011977988 0.999414563
3286.877348864 0.030963741 -0.222246081 4.607670784 -0.003452130 -0.038925041 -0.001998881 0.999234200
3286.942563872 0.017532442 -0.234827906 4.864870548 0.006195480 -0.043717299 -0.001471025 0.999023676
3287.005727872 -0.004829105 -0.229582310 5.120646954 -0.003011443 -0.042799626 -0.019579025 0.998887300
3287.067620608 -0.011434538 -0.244839907 5.369734764 -0.002775523 -0.042659141 -0.005151703 0.999072552
3287.126475648 -0.015368694 -0.263790965 5.606249332 0.003371118 -0.045022774 -0.002756398 0.998976469
3287.191626272 -0.033905517 -0.273531616 5.864641666 0.010450045 -0.047622662 0.005055989 0.998797953
3287.254535264 -0.066530459 -0.279067248 6.123970509 0.001185341 -0.046724956 -0.012626332 0.998827338
3287.316799424 -0.078777529 -0.294215977 6.372183323 -0.006603879 -0.046914678 -0.000588198 0.998876929
3287.376677728 -0.385999858 -0.396131903 6.342809200 -0.014861878 -0.045079205 0.020372469 0.998665094
3287.442697760 -0.070045374 -0.326108754 6.589112759 0.004793036 -0.032937065 -0.001164410 0.999445260
3287.505062240 -0.077798039 -0.174017280 6.650022984 0.019280983 -0.028452072 -0.016298151 0.999276280
3287.567835552 -0.123408869 -0.346144527 6.925835133 0.004085101 -0.031790867 -0.009071621 0.999445021
3287.627534112 -0.120506644 -0.570271969 7.224969387 -0.009463943 -0.036684994 -0.003871722 0.999274552
3287.694859840 -0.379788905 -0.614336908 7.250408173 -0.009532795 -0.030973060 0.001539026 0.999473631
3287.754536768 -0.170847446 -0.411926031 7.799616814 0.009142256 -0.030100809 -0.018339137 0.999336839
3287.816865760 -0.150656387 -0.427171469 7.809504509 -0.000272974 -0.028911648 -0.016737768 0.999441803
3287.876652032 -0.111877494 -0.464188606 7.984541416 -0.000322807 -0.027760746 -0.018993571 0.999434114
3287.942094784 -0.126200318 -0.438967496 8.068140984 0.005472111 -0.027674055 -0.011012394 0.999541342
3288.005815072 -0.229879007 -0.421434283 8.176596642 0.003298255 -0.023831254 -0.005495425 0.999695480
3288.066999104 -0.229844555 -0.424151212 8.276267052 0.005120045 -0.021980263 -0.014883724 0.999634504
3288.132017312 -0.262572289 -0.452664882 8.496895790 -0.003757817 -0.028294597 -0.015997661 0.999464571
3288.199437216 0.095535167 -0.332540601 8.995384216 -0.004640970 -0.040160809 -0.040422752 0.998364449
3288.259958368 0.216689378 -0.214898586 9.258525848 -0.004889025 -0.042063564 -0.055682763 0.997550070
3288.322519232 0.070176989 -0.400848836 9.491751671 -0.006121569 -0.039070066 -0.026890971 0.998855829
3288.381285728 -0.003704087 -0.530228138 9.504165649 -0.013541229 -0.033120114 -0.018107936 0.999195576
3288.447882080 -0.093500614 -0.572347462 9.541344643 -0.008793901 -0.031133279 -0.018809864 0.999299586
3288.509536928 -0.136831373 -0.594608247 9.723375320 -0.006748778 -0.033412382 -0.020749196 0.999203444
3288.572384864 -0.164981931 -0.658604443 9.793471336 -0.018359907 -0.036720917 -0.022883404 0.998894811
3288.632253664 -0.098280616 -0.680938005 9.982157707 -0.021766501 -0.042852838 -0.013975927 0.998746514
3288.698285120 -0.192442074 -0.663738191 10.296926498 -0.007081719 -0.037324194 -0.028144604 0.998881698
3288.761855648 -0.258187234 -0.685581148 10.579951286 -0.003669994 -0.033951089 -0.044936743 0.998405993
3288.823532448 -0.270685345 -0.687837839 10.840866089 -0.000218579 -0.033633444 -0.047440160 0.998307645
3288.882076960 -0.280383259 -0.694450498 11.090847969 -0.017326055 -0.031582665 -0.039315946 0.998577297
3288.950539008 -0.295224190 -0.664212883 11.388934135 -0.022295354 -0.031021262 -0.034560677 0.998672187
3289.013006432 -0.307005823 -0.662271738 11.669108391 -0.030657260 -0.027650917 -0.033486325 0.998586118
3289.072641504 -0.310352385 -0.672293782 11.916943550 -0.033888891 -0.025650719 -0.028651230 0.998685479
3289.132032800 -0.321150273 -0.660970509 12.179979324 -0.036690678 -0.025318408 -0.027496837 0.998627424
3289.197568224 -0.335851669 -0.640825391 12.458734512 -0.053086031 -0.024739737 -0.027154960 0.997914016
3289.259650272 -0.359941602 -0.626846015 12.693360329 -0.048298132 -0.018514173 -0.032158986 0.998143435
3289.323200928 -0.369089007 -0.616414070 12.901985168 -0.052752387 -0.011833897 -0.030066192 0.998084724
3289.382251872 -0.375125468 -0.603511989 13.094520569 -0.052202273 -0.005301667 -0.022055654 0.998378873
3289.447900832 -0.384526908 -0.595635772 13.273503304 -0.047710381 0.000236958 -0.022942681 0.998597682
3289.510570208 -0.391278744 -0.587685466 13.426524162 -0.048056014 0.003932351 -0.020296782 0.998630702
3289.573204128 -0.399427891 -0.580410004 13.564435005 -0.047346134 0.001078290 -0.021325352 0.998650253
3289.631307712 -0.406113118 -0.571635067 13.678811073 -0.042288613 -0.000208828 -0.025770161 0.998773038
3289.697297568 -0.409899831 -0.570028782 13.782399178 -0.044856265 -0.003634528 -0.023326395 0.998714447
3289.759645600 -0.415968895 -0.565783620 13.871020317 -0.041507423 -0.004259281 -0.029425720 0.998695731
3289.822003072 -0.414609283 -0.565935969 13.946912766 -0.040232360 -0.006597371 -0.023017313 0.998903453
3289.881135040 -0.415709078 -0.562218904 14.010839462 -0.040715836 -0.008199344 -0.024655731 0.998832881
3289.947623072 -0.418063551 -0.557983577 14.067183495 -0.039201323 -0.010635216 -0.025113748 0.998859048
3290.011059008 -0.419459701 -0.557796836 14.115842819 -0.039826084 -0.012977818 -0.023096226 0.998855352
3290.072435488 -0.420567840 -0.555255294 14.155771255 -0.039598182 -0.014417490 -0.024671670 0.998807013
3290.131322240 -0.422630847 -0.552406490 14.189223289 -0.039016489 -0.014566483 -0.026496943 0.998780966
3290.198267392 -0.424374402 -0.552170932 14.218954086 -0.037728090 -0.014876822 -0.026736179 0.998819530
3290.259546432 -0.425983727 -0.551483750 14.242825508 -0.037123077 -0.014862618 -0.025865415 0.998865366
3290.324121696 -0.425010890 -0.550391495 14.263173103 -0.037927333 -0.014935606 -0.024734128 0.998862743
3290.380609600 -0.425456464 -0.548892438 14.281246185 -0.038477410 -0.014656702 -0.025002880 0.998839080
3290.447706688 -0.426202476 -0.548917294 14.293777466 -0.038772315 -0.014791107 -0.025255390 0.998819411
3290.514566688 -0.427143872 -0.548163295 14.307760239 -0.039002504 -0.014663811 -0.025573337 0.998804152
3290.576205056 -0.426877499 -0.547776699 14.319193840 -0.038937204 -0.014974978 -0.025264682 0.998809993
3290.630751904 -0.427685916 -0.546774447 14.331009865 -0.039005425 -0.015388181 -0.025003839 0.998807609
3290.698382912 -0.427786261 -0.547316730 14.336103439 -0.039201666 -0.015488962 -0.025357261 0.998789430
3290.759735488 -0.428285480 -0.547008812 14.343165398 -0.039173722 -0.015533957 -0.025512591 0.998785913
3290.821723552 -0.428321570 -0.546830535 14.348962784 -0.038889837 -0.015683642 -0.025410324 0.998797238
