2373.636758336 0.000000000 0.000000000 0.000000000 -0.000000000 -0.000000000 -0.000000000 1.000000000
2373.761064608 -0.006008810 -0.010406705 0.436169416 -0.008690035 -0.004699846 0.005197360 0.999937713
2373.883796352 -0.016701773 0.006646025 0.960461497 -0.016011933 -0.006488434 -0.000369146 0.999850690
2374.011443840 -0.012841474 -0.015930744 1.250038624 -0.006260350 -0.025518749 0.010176592 0.999602973
2374.136159104 -0.042556059 -0.020951431 1.679185033 -0.012684579 -0.060615771 0.004041248 0.998072445
2374.261643552 -0.112710729 -0.028328508 2.058315992 -0.019389462 -0.094138302 -0.003625226 0.995363772
2374.384399168 -0.142175511 -0.021488603 2.480923414 -0.016026435 -0.074045971 0.006208900 0.997106731
2374.512161088 -0.207697764 -0.019352483 2.919880867 -0.012224589 -0.070199825 -0.003067111 0.997453332
2374.636580032 -0.272292554 -0.014243945 3.378857613 -0.019166838 -0.076972120 -0.004431793 0.996839166
2374.761964704 -0.362202644 0.003756328 3.810374498 -0.018337833 -0.075578012 -0.001807025 0.996969640
2374.883466176 -0.433947355 0.010244336 4.266528606 -0.016999112 -0.079161547 -0.002792620 0.996712983
2375.011603040 -0.495447695 0.011376364 4.725573540 -0.021536680 -0.087824136 0.003388764 0.995897412
2375.136731264 -0.582026064 0.036852494 5.222939968 -0.036577299 -0.083961233 0.001114172 0.995796859
2375.261581536 -0.657844901 0.052783512 5.673834324 -0.045708682 -0.081955366 -0.004840754 0.995575547
2375.383578944 -0.752903819 0.136998624 6.134211540 -0.050274696 -0.076493412 -0.016976740 0.995657086
2375.511620640 -0.791630387 0.046160534 6.367170811 -0.053869944 -0.086314589 0.003731920 0.994803429
2375.636628704 -0.879628956 0.005261276 6.543647289 -0.050972715 -0.094168901 0.022457179 0.993996799
2375.761693984 -0.971176207 -0.041230485 6.720283031 -0.048273288 -0.101668552 0.040706877 0.992812276
2375.761693984 -0.971176207 -0.041230485 6.720283031 -0.048273288 -0.101668552 0.040706877 0.992812276
2375.761693984 -0.971176207 -0.041230485 6.720283031 -0.048273288 -0.101668552 0.040706877 0.992812276
2375.761693984 -0.971176207 -0.041230485 6.720283031 -0.048273288 -0.101668552 0.040706877 0.992812276
2375.761693984 -0.971176207 -0.041230485 6.720283031 -0.048273288 -0.101668552 0.040706877 0.992812276
2376.383271744 -0.980475783 -0.035562199 7.692081928 -0.039049275 -0.090172514 0.002210318 0.995157957
2376.383271744 -0.980475783 -0.035562199 7.692081928 -0.039049275 -0.090172514 0.002210318 0.995157957
2376.383271744 -0.980475783 -0.035562199 7.692081928 -0.039049275 -0.090172514 0.002210318 0.995157957
2376.383271744 -0.980475783 -0.035562199 7.692081928 -0.039049275 -0.090172514 0.002210318 0.995157957
2376.383271744 -0.980475783 -0.035562199 7.692081928 -0.039049275 -0.090172514 0.002210318 0.995157957
2376.383271744 -0.980475783 -0.035562199 7.692081928 -0.039049275 -0.090172514 0.002210318 0.995157957
2376.383271744 -0.980475783 -0.035562199 7.692081928 -0.039049275 -0.090172514 0.002210318 0.995157957
2376.383271744 -0.980475783 -0.035562199 7.692081928 -0.039049275 -0.090172514 0.002210318 0.995157957
2376.383271744 -0.980475783 -0.035562199 7.692081928 -0.039049275 -0.090172514 0.002210318 0.995157957
2376.383271744 -0.980475783 -0.035562199 7.692081928 -0.039049275 -0.090172514 0.002210318 0.995157957
2376.383271744 -0.980475783 -0.035562199 7.692081928 -0.039049275 -0.090172514 0.002210318 0.995157957
