666.526145376 0.000000000 0.000000000 0.000000000 -0.000000000 -0.000000000 -0.000000000 1.000000000
666.552340576 0.000000913 0.000029122 -0.000021984 0.000006826 0.000002173 0.000023128 1.000000000
666.581026240 0.000044910 -0.000078026 -0.000453948 0.000019076 -0.000073027 0.000344305 0.999999940
666.608490944 -0.000169996 -0.001096541 -0.000300195 0.003030886 -0.000617820 -0.000160570 0.999995232
666.648812800 -0.003922455 -0.003908103 0.007281829 0.012249636 -0.001228036 -0.008372040 0.999889195
666.691641024 -0.006504453 -0.008475226 0.034256738 0.012487473 -0.001584367 -0.012638352 0.999840915
666.726927648 -0.011566932 -0.010101035 0.060693521 0.013231310 -0.005603625 -0.020343684 0.999689758
666.762198592 -0.015663033 -0.011771575 0.092817254 0.016876319 -0.010969982 -0.021980533 0.999555767
666.788434080 -0.019900199 -0.012263985 0.121921599 0.018270001 -0.013424722 -0.025215060 0.999424934
666.823770720 -0.027477685 -0.015805844 0.164641842 0.023485865 -0.013157500 -0.034292646 0.999049246
666.859504192 -0.033275470 -0.016517293 0.218082398 0.012671378 -0.014737456 -0.038950644 0.999052107
666.894832960 -0.037157439 -0.017553095 0.270394415 0.014194822 -0.015053519 -0.035045709 0.999171495
666.930527904 -0.045282867 -0.022153724 0.336799502 0.019983346 -0.012128330 -0.046453100 0.998646915
666.966194624 -0.045803443 -0.023684369 0.408238232 0.010229214 -0.012061671 -0.036950026 0.999191940
667.001604960 -0.041052178 -0.028309284 0.478933483 0.017475002 -0.010003874 -0.020726347 0.999582469
667.037553952 -0.043427505 -0.028722154 0.559397876 0.018717501 -0.005861942 -0.030579746 0.999339879
667.072949056 -0.041887444 -0.035302330 0.636910319 0.022332486 -0.006848274 -0.029734973 0.999284863
667.108580928 -0.025708094 -0.035142176 0.727002203 0.023031540 -0.008202932 -0.030862326 0.999224603
667.144183136 -0.025496777 -0.047040794 0.817117989 0.003799483 0.005735076 -0.015221596 0.999860525
667.179790688 -0.028852893 -0.051435098 0.900800586 0.015609693 0.013032245 -0.036290489 0.999134421
667.215349344 -0.017592466 -0.057771962 0.987602890 0.016684370 0.015652871 -0.022943877 0.999474943
667.251015072 -0.004969786 -0.062496055 1.083162427 0.013045585 0.017500261 -0.010174598 0.999710023
667.287423744 0.007023549 -0.062608816 1.193870425 -0.000496633 0.020508848 0.000930362 0.999789119
667.326746752 0.017773531 -0.063841887 1.279788733 0.011356297 0.022220058 0.008682359 0.999650955
667.374734496 0.026584633 -0.077239424 1.415153861 0.011480493 0.029078294 -0.002047111 0.999509096
667.413257216 0.050753843 -0.085170463 1.511749864 0.013161098 0.033437878 -0.017229619 0.999205649
667.449527712 0.040658806 -0.106037468 1.621605635 0.026008604 0.041828696 -0.004197931 0.998777449
667.485393824 0.052379671 -0.107709587 1.722996950 0.020249927 0.046349265 0.002775212 0.998716176
667.521541632 0.062792465 -0.098998278 1.816291809 0.019245883 0.050595660 0.003988226 0.998525858
667.557709920 0.071987532 -0.116739973 1.920505404 0.037043918 0.049239218 0.007350129 0.998072803
667.593965440 0.077784292 -0.127140045 2.021076441 0.037838571 0.054727353 -0.000203635 0.997784138
667.630740096 0.078598045 -0.142103627 2.125225782 0.028098555 0.057968304 -0.016057624 0.997793734
667.667104992 0.072256722 -0.149059027 2.233820677 0.025253184 0.062326554 -0.024045074 0.997446537
667.703856608 0.108133242 -0.163094416 2.325849533 0.035920490 0.050354898 0.020767653 0.997869134
667.741117920 0.109778404 -0.164788440 2.437700987 0.018715205 0.047666173 0.003907559 0.998680413
667.779653344 0.112533368 -0.165325820 2.550035954 0.017587623 0.043389838 -0.011487754 0.998837352
667.817169760 0.102033958 -0.184180692 2.637021780 0.013610574 0.043547709 -0.019777736 0.998762846
667.864304288 0.132585227 -0.188111112 2.801218271 0.005313769 0.045480389 -0.001919770 0.998949230
667.902526688 0.140322670 -0.191892013 2.913646698 0.007727908 0.046342090 -0.003183337 0.998890698
667.943264000 0.153937042 -0.195610940 3.035274744 0.012133481 0.046874288 0.003323278 0.998821616
667.983741440 0.171500593 -0.205099404 3.157866955 0.015598616 0.045563471 0.016613919 0.998701513
668.024296864 0.185015216 -0.217037976 3.278707027 0.020932123 0.049179219 0.014207381 0.998469591
668.064836864 0.192660719 -0.224129245 3.412476540 0.019536868 0.053836454 -0.002996937 0.998354197
668.105772960 0.197316572 -0.233539224 3.547267437 0.016850876 0.058848124 -0.019437993 0.997935474
668.105772960 0.197316572 -0.233539224 3.547267437 0.016850876 0.058848124 -0.019437993 0.997935474
668.188501312 0.264790416 -0.249805257 3.797343969 0.019505452 0.069366992 0.021501873 0.997168720
668.229563008 0.295807719 -0.261859775 3.930582285 0.020593805 0.076495200 0.036659945 0.996182978
668.270588832 0.316287279 -0.271839708 4.063980103 0.025825627 0.080791846 0.027022328 0.996029913
668.311350432 0.327209264 -0.282096833 4.191366196 0.028506225 0.085998364 0.015199800 0.995771408
668.311350432 0.327209264 -0.282096833 4.191366196 0.028506225 0.085998364 0.015199800 0.995771408
668.383714848 0.391375691 -0.270619273 4.456210136 -0.010810643 0.074542157 0.036887683 0.996476769
668.415021376 0.409974784 -0.267791867 4.565018177 -0.020748159 0.071999408 0.032171991 0.996669769
668.447762368 0.430862427 -0.268698990 4.678013325 -0.032518417 0.068611063 0.032953218 0.996568680
668.479427296 0.456210613 -0.280305445 4.783759117 -0.018069964 0.068560012 0.043600913 0.996529996
668.512752032 0.472123116 -0.289511770 4.886210918 0.002683533 0.070802741 0.039338041 0.996710777
668.544362784 0.485988110 -0.304437220 4.991469383 0.029277738 0.071473829 0.033847917 0.996437967
668.575855168 0.491261065 -0.315791965 5.086309433 0.061081450 0.069334351 0.029066565 0.995297432
668.607564160 0.495794922 -0.333656996 5.172326565 0.091833845 0.064270563 0.022731969 0.993438065
668.640550240 0.893772006 -0.423448563 5.168834209 0.105279543 -0.000460448 -0.000506191 0.994442463
668.640550240 0.893772006 -0.423448563 5.168834209 0.105279543 -0.000460448 -0.000506191 0.994442463
668.640550240 0.893772006 -0.423448563 5.168834209 0.105279543 -0.000460448 -0.000506191 0.994442463
668.640550240 0.893772006 -0.423448563 5.168834209 0.105279543 -0.000460448 -0.000506191 0.994442463
668.640550240 0.893772006 -0.423448563 5.168834209 0.105279543 -0.000460448 -0.000506191 0.994442463
668.640550240 0.893772006 -0.423448563 5.168834209 0.105279543 -0.000460448 -0.000506191 0.994442463
668.833781632 0.559780240 -0.461064547 5.970277309 0.056315809 0.027265325 0.021085175 0.997817934
668.865400384 0.567075729 -0.477126658 6.084321022 0.049787745 0.026357848 0.019963600 0.998212397
668.897365536 0.573041558 -0.493402988 6.196877003 0.048440859 0.025594808 0.018447267 0.998327672
668.929034944 0.578727007 -0.508273840 6.311067104 0.046408482 0.024605932 0.024514105 0.998318553
668.960627936 0.586464107 -0.521569729 6.426883221 0.047676627 0.024986602 0.032847371 0.998009861
668.991714656 0.617036819 -0.523321092 6.547488689 0.056315266 0.022075035 0.046550825 0.997082889
669.023216352 0.618327975 -0.511062264 6.661950588 0.069238052 0.027071709 0.046026945 0.996170044
669.054548992 0.628688514 -0.554545760 6.766904831 0.059928570 0.032400709 0.036736533 0.997000098
669.086182912 0.637736261 -0.565388262 6.882759571 0.056898169 0.036514290 0.037085265 0.997022629
669.117607520 0.651149452 -0.579267263 6.994171143 0.054597978 0.035408676 0.046285763 0.996806383
669.151271648 0.659107447 -0.595730364 7.110410213 0.045854632 0.031326100 0.049772397 0.997215509
669.182698752 0.675378203 -0.607385635 7.234338760 0.030102571 0.025953226 0.049445901 0.997985661
669.214441856 0.678187668 -0.615531266 7.354860306 0.017972346 0.021805737 0.038822871 0.998846531
669.245798784 0.681721032 -0.614126027 7.474533081 0.003695098 0.016505567 0.034463640 0.999262869
669.277231584 0.692622066 -0.612046242 7.597178459 -0.012094466 0.012379414 0.040316258 0.999037087
669.309603680 0.717709005 -0.605245173 7.711633682 -0.026761137 0.006473205 0.047899220 0.998472631
669.341389184 0.728864849 -0.592430770 7.832333088 -0.022978796 0.004228201 0.053688940 0.998284400
669.373420608 0.708150744 -0.632660151 7.956521988 -0.011722327 0.015505666 0.037422597 0.999110460
669.407032128 0.710771561 -0.633288324 8.078231812 0.002389166 0.018705210 0.033003844 0.999277353
669.438799456 0.715411007 -0.631329060 8.196627617 0.011517721 0.020393122 0.033814747 0.999153733
669.470459776 0.719715416 -0.635718048 8.317328453 0.014353070 0.018473797 0.036383327 0.999064088
669.501841408 0.723127723 -0.646037400 8.438987732 0.018674657 0.016299637 0.039624196 0.998907208
669.533440288 0.737922192 -0.655096412 8.554933548 0.016938612 0.013583304 0.040277287 0.998952627
669.573118944 0.741249382 -0.662501991 8.711633682 0.014381773 0.011210966 0.033788852 0.999262631
669.603743296 0.743221939 -0.668963253 8.832485199 0.012393571 0.010154149 0.030891869 0.999394357
669.635310560 0.745835483 -0.673662543 8.963172913 0.008510642 0.009968416 0.032446787 0.999387562
669.666810016 0.748997390 -0.681421995 9.088241577 0.007415665 0.010400299 0.038096737 0.999192417
669.698490400 0.759868205 -0.691352665 9.210934639 0.013845370 0.011095865 0.033934448 0.999266565
669.730478784 0.757920384 -0.728479028 9.324501991 0.009630360 0.011841119 0.032146946 0.999366641
669.761589632 0.758470714 -0.723978996 9.455180168 0.010916687 0.011681115 0.031091001 0.999388695
669.792998272 0.774526477 -0.707397819 9.598485947 0.022168735 0.011035511 0.030634247 0.999223888
669.824445792 0.779822886 -0.712487876 9.723250389 0.010621876 0.010701866 0.033690374 0.999318659
669.860544032 0.784244716 -0.717671573 9.856654167 0.001312485 0.010152249 0.031341039 0.999456346
669.892106528 0.793133438 -0.724540353 10.010199547 -0.001873189 0.009426539 0.027825849 0.999566615
669.923672384 0.793659389 -0.726746798 10.147693634 -0.010350386 0.009562614 0.021183778 0.999676287
669.954954688 0.803973913 -0.703044415 10.293268204 -0.006760754 0.008616218 0.018077381 0.999776602
669.986737056 0.810924053 -0.733791292 10.412411690 0.008564242 0.004547803 0.028506031 0.999546587
670.018473760 0.804758132 -0.753008544 10.533303261 0.004068454 0.002932270 0.029624552 0.999548554
670.050175648 0.814265132 -0.743917882 10.689322472 0.005099826 0.002602718 0.019100575 0.999801159
670.081577984 0.818164766 -0.749647260 10.824090958 0.010852224 0.004750581 0.018421292 0.999760151
670.113294176 0.813442111 -0.743533611 10.961670876 0.012963998 0.010753119 0.014801708 0.999748588
670.144746496 0.821280301 -0.756786168 11.103723526 0.009087491 0.012788806 0.011863311 0.999806523
670.176097856 0.832370520 -0.773580253 11.233243942 0.008594947 0.010681020 0.022255210 0.999658346
670.207622720 0.837367833 -0.781338155 11.371057510 0.008885465 0.011190451 0.026082899 0.999557734
670.239778144 0.840914309 -0.788537979 11.515656471 0.008625074 0.011660125 0.025582645 0.999567509
670.272963040 0.841598511 -0.794264078 11.656977654 0.015201272 0.011682905 0.022307664 0.999567389
670.304327424 0.852313101 -0.803827465 11.795030594 0.014457466 0.011381102 0.022392105 0.999580026
670.336337056 0.857189000 -0.814900160 11.944791794 0.015366845 0.010719923 0.025468884 0.999500096
670.368634816 0.863713801 -0.827061355 12.089489937 0.012501211 0.010210920 0.026447671 0.999519944
670.402564800 0.871538877 -0.829170644 12.234323502 0.014884510 0.010041477 0.024109179 0.999548078
670.438507488 0.877325296 -0.839220405 12.405284882 0.014680277 0.008359655 0.027885942 0.999468386
670.470288096 0.879530311 -0.850122333 12.550147057 0.015360443 0.006141935 0.028415330 0.999459326
670.501774624 0.882351160 -0.859060884 12.696667671 0.014336192 0.004743031 0.030432617 0.999422789
670.533543008 0.888804913 -0.868654966 12.839226723 0.019749939 0.004768722 0.028104246 0.999398530
670.564818080 0.895042062 -0.868687272 12.983517647 0.017902885 0.004378785 0.029710997 0.999388635
670.596495008 0.893550158 -0.874838889 13.129893303 0.020893183 0.005288833 0.032026306 0.999254704
670.628058848 0.902218580 -0.892404199 13.278903961 0.019001430 0.004489788 0.037123095 0.999119997
670.660364992 0.905075073 -0.900907278 13.428076744 0.014267108 0.004196227 0.034854781 0.999281824
670.691899616 0.904862106 -0.892323971 13.600017548 0.013693458 0.006208195 0.036869552 0.999207020
670.691899616 0.904862106 -0.892323971 13.600017548 0.013693458 0.006208195 0.036869552 0.999207020
670.691899616 0.904862106 -0.892323971 13.600017548 0.013693458 0.006208195 0.036869552 0.999207020
670.691899616 0.904862106 -0.892323971 13.600017548 0.013693458 0.006208195 0.036869552 0.999207020
670.691899616 0.904862106 -0.892323971 13.600017548 0.013693458 0.006208195 0.036869552 0.999207020
670.691899616 0.904862106 -0.892323971 13.600017548 0.013693458 0.006208195 0.036869552 0.999207020
670.691899616 0.904862106 -0.892323971 13.600017548 0.013693458 0.006208195 0.036869552 0.999207020
670.691899616 0.904862106 -0.892323971 13.600017548 0.013693458 0.006208195 0.036869552 0.999207020
670.691899616 0.904862106 -0.892323971 13.600017548 0.013693458 0.006208195 0.036869552 0.999207020
670.691899616 0.904862106 -0.892323971 13.600017548 0.013693458 0.006208195 0.036869552 0.999207020
670.691899616 0.904862106 -0.892323971 13.600017548 0.013693458 0.006208195 0.036869552 0.999207020
670.691899616 0.904862106 -0.892323971 13.600017548 0.013693458 0.006208195 0.036869552 0.999207020
670.691899616 0.904862106 -0.892323971 13.600017548 0.013693458 0.006208195 0.036869552 0.999207020
670.691899616 0.904862106 -0.892323971 13.600017548 0.013693458 0.006208195 0.036869552 0.999207020
670.691899616 0.904862106 -0.892323971 13.600017548 0.013693458 0.006208195 0.036869552 0.999207020
670.691899616 0.904862106 -0.892323971 13.600017548 0.013693458 0.006208195 0.036869552 0.999207020
670.691899616 0.904862106 -0.892323971 13.600017548 0.013693458 0.006208195 0.036869552 0.999207020
670.691899616 0.904862106 -0.892323971 13.600017548 0.013693458 0.006208195 0.036869552 0.999207020
670.691899616 0.904862106 -0.892323971 13.600017548 0.013693458 0.006208195 0.036869552 0.999207020
670.691899616 0.904862106 -0.892323971 13.600017548 0.013693458 0.006208195 0.036869552 0.999207020
670.691899616 0.904862106 -0.892323971 13.600017548 0.013693458 0.006208195 0.036869552 0.999207020
670.691899616 0.904862106 -0.892323971 13.600017548 0.013693458 0.006208195 0.036869552 0.999207020
670.691899616 0.904862106 -0.892323971 13.600017548 0.013693458 0.006208195 0.036869552 0.999207020
670.691899616 0.904862106 -0.892323971 13.600017548 0.013693458 0.006208195 0.036869552 0.999207020
670.691899616 0.904862106 -0.892323971 13.600017548 0.013693458 0.006208195 0.036869552 0.999207020
670.691899616 0.904862106 -0.892323971 13.600017548 0.013693458 0.006208195 0.036869552 0.999207020
670.691899616 0.904862106 -0.892323971 13.600017548 0.013693458 0.006208195 0.036869552 0.999207020
670.691899616 0.904862106 -0.892323971 13.600017548 0.013693458 0.006208195 0.036869552 0.999207020
670.691899616 0.904862106 -0.892323971 13.600017548 0.013693458 0.006208195 0.036869552 0.999207020
670.691899616 0.904862106 -0.892323971 13.600017548 0.013693458 0.006208195 0.036869552 0.999207020
670.691899616 0.904862106 -0.892323971 13.600017548 0.013693458 0.006208195 0.036869552 0.999207020
670.691899616 0.904862106 -0.892323971 13.600017548 0.013693458 0.006208195 0.036869552 0.999207020
670.691899616 0.904862106 -0.892323971 13.600017548 0.013693458 0.006208195 0.036869552 0.999207020
670.691899616 0.904862106 -0.892323971 13.600017548 0.013693458 0.006208195 0.036869552 0.999207020
670.691899616 0.904862106 -0.892323971 13.600017548 0.013693458 0.006208195 0.036869552 0.999207020
670.691899616 0.904862106 -0.892323971 13.600017548 0.013693458 0.006208195 0.036869552 0.999207020
670.691899616 0.904862106 -0.892323971 13.600017548 0.013693458 0.006208195 0.036869552 0.999207020
670.691899616 0.904862106 -0.892323971 13.600017548 0.013693458 0.006208195 0.036869552 0.999207020
670.691899616 0.904862106 -0.892323971 13.600017548 0.013693458 0.006208195 0.036869552 0.999207020
670.691899616 0.904862106 -0.892323971 13.600017548 0.013693458 0.006208195 0.036869552 0.999207020
670.691899616 0.904862106 -0.892323971 13.600017548 0.013693458 0.006208195 0.036869552 0.999207020
670.691899616 0.904862106 -0.892323971 13.600017548 0.013693458 0.006208195 0.036869552 0.999207020
670.691899616 0.904862106 -0.892323971 13.600017548 0.013693458 0.006208195 0.036869552 0.999207020
670.691899616 0.904862106 -0.892323971 13.600017548 0.013693458 0.006208195 0.036869552 0.999207020
670.691899616 0.904862106 -0.892323971 13.600017548 0.013693458 0.006208195 0.036869552 0.999207020
670.691899616 0.904862106 -0.892323971 13.600017548 0.013693458 0.006208195 0.036869552 0.999207020
670.691899616 0.904862106 -0.892323971 13.600017548 0.013693458 0.006208195 0.036869552 0.999207020
670.691899616 0.904862106 -0.892323971 13.600017548 0.013693458 0.006208195 0.036869552 0.999207020
670.691899616 0.904862106 -0.892323971 13.600017548 0.013693458 0.006208195 0.036869552 0.999207020
670.691899616 0.904862106 -0.892323971 13.600017548 0.013693458 0.006208195 0.036869552 0.999207020
670.691899616 0.904862106 -0.892323971 13.600017548 0.013693458 0.006208195 0.036869552 0.999207020
670.691899616 0.904862106 -0.892323971 13.600017548 0.013693458 0.006208195 0.036869552 0.999207020
670.691899616 0.904862106 -0.892323971 13.600017548 0.013693458 0.006208195 0.036869552 0.999207020
670.691899616 0.904862106 -0.892323971 13.600017548 0.013693458 0.006208195 0.036869552 0.999207020
670.691899616 0.904862106 -0.892323971 13.600017548 0.013693458 0.006208195 0.036869552 0.999207020
670.691899616 0.904862106 -0.892323971 13.600017548 0.013693458 0.006208195 0.036869552 0.999207020
670.691899616 0.904862106 -0.892323971 13.600017548 0.013693458 0.006208195 0.036869552 0.999207020
670.691899616 0.904862106 -0.892323971 13.600017548 0.013693458 0.006208195 0.036869552 0.999207020
670.691899616 0.904862106 -0.892323971 13.600017548 0.013693458 0.006208195 0.036869552 0.999207020
670.691899616 0.904862106 -0.892323971 13.600017548 0.013693458 0.006208195 0.036869552 0.999207020
670.691899616 0.904862106 -0.892323971 13.600017548 0.013693458 0.006208195 0.036869552 0.999207020
670.691899616 0.904862106 -0.892323971 13.600017548 0.013693458 0.006208195 0.036869552 0.999207020
670.691899616 0.904862106 -0.892323971 13.600017548 0.013693458 0.006208195 0.036869552 0.999207020
670.691899616 0.904862106 -0.892323971 13.600017548 0.013693458 0.006208195 0.036869552 0.999207020
670.691899616 0.904862106 -0.892323971 13.600017548 0.013693458 0.006208195 0.036869552 0.999207020
670.691899616 0.904862106 -0.892323971 13.600017548 0.013693458 0.006208195 0.036869552 0.999207020
670.691899616 0.904862106 -0.892323971 13.600017548 0.013693458 0.006208195 0.036869552 0.999207020
670.691899616 0.904862106 -0.892323971 13.600017548 0.013693458 0.006208195 0.036869552 0.999207020
670.691899616 0.904862106 -0.892323971 13.600017548 0.013693458 0.006208195 0.036869552 0.999207020
670.691899616 0.904862106 -0.892323971 13.600017548 0.013693458 0.006208195 0.036869552 0.999207020
670.691899616 0.904862106 -0.892323971 13.600017548 0.013693458 0.006208195 0.036869552 0.999207020
670.691899616 0.904862106 -0.892323971 13.600017548 0.013693458 0.006208195 0.036869552 0.999207020
670.691899616 0.904862106 -0.892323971 13.600017548 0.013693458 0.006208195 0.036869552 0.999207020
670.691899616 0.904862106 -0.892323971 13.600017548 0.013693458 0.006208195 0.036869552 0.999207020
670.691899616 0.904862106 -0.892323971 13.600017548 0.013693458 0.006208195 0.036869552 0.999207020
670.691899616 0.904862106 -0.892323971 13.600017548 0.013693458 0.006208195 0.036869552 0.999207020
670.691899616 0.904862106 -0.892323971 13.600017548 0.013693458 0.006208195 0.036869552 0.999207020
670.691899616 0.904862106 -0.892323971 13.600017548 0.013693458 0.006208195 0.036869552 0.999207020
670.691899616 0.904862106 -0.892323971 13.600017548 0.013693458 0.006208195 0.036869552 0.999207020
670.691899616 0.904862106 -0.892323971 13.600017548 0.013693458 0.006208195 0.036869552 0.999207020
670.691899616 0.904862106 -0.892323971 13.600017548 0.013693458 0.006208195 0.036869552 0.999207020
670.691899616 0.904862106 -0.892323971 13.600017548 0.013693458 0.006208195 0.036869552 0.999207020
670.691899616 0.904862106 -0.892323971 13.600017548 0.013693458 0.006208195 0.036869552 0.999207020
670.691899616 0.904862106 -0.892323971 13.600017548 0.013693458 0.006208195 0.036869552 0.999207020
670.691899616 0.904862106 -0.892323971 13.600017548 0.013693458 0.006208195 0.036869552 0.999207020
670.691899616 0.904862106 -0.892323971 13.600017548 0.013693458 0.006208195 0.036869552 0.999207020
670.691899616 0.904862106 -0.892323971 13.600017548 0.013693458 0.006208195 0.036869552 0.999207020
670.691899616 0.904862106 -0.892323971 13.600017548 0.013693458 0.006208195 0.036869552 0.999207020
670.691899616 0.904862106 -0.892323971 13.600017548 0.013693458 0.006208195 0.036869552 0.999207020
670.691899616 0.904862106 -0.892323971 13.600017548 0.013693458 0.006208195 0.036869552 0.999207020
670.691899616 0.904862106 -0.892323971 13.600017548 0.013693458 0.006208195 0.036869552 0.999207020
670.691899616 0.904862106 -0.892323971 13.600017548 0.013693458 0.006208195 0.036869552 0.999207020
670.691899616 0.904862106 -0.892323971 13.600017548 0.013693458 0.006208195 0.036869552 0.999207020
670.691899616 0.904862106 -0.892323971 13.600017548 0.013693458 0.006208195 0.036869552 0.999207020
670.691899616 0.904862106 -0.892323971 13.600017548 0.013693458 0.006208195 0.036869552 0.999207020
670.691899616 0.904862106 -0.892323971 13.600017548 0.013693458 0.006208195 0.036869552 0.999207020
670.691899616 0.904862106 -0.892323971 13.600017548 0.013693458 0.006208195 0.036869552 0.999207020
670.691899616 0.904862106 -0.892323971 13.600017548 0.013693458 0.006208195 0.036869552 0.999207020
670.691899616 0.904862106 -0.892323971 13.600017548 0.013693458 0.006208195 0.036869552 0.999207020
670.691899616 0.904862106 -0.892323971 13.600017548 0.013693458 0.006208195 0.036869552 0.999207020
670.691899616 0.904862106 -0.892323971 13.600017548 0.013693458 0.006208195 0.036869552 0.999207020
670.691899616 0.904862106 -0.892323971 13.600017548 0.013693458 0.006208195 0.036869552 0.999207020
670.691899616 0.904862106 -0.892323971 13.600017548 0.013693458 0.006208195 0.036869552 0.999207020
670.691899616 0.904862106 -0.892323971 13.600017548 0.013693458 0.006208195 0.036869552 0.999207020
670.691899616 0.904862106 -0.892323971 13.600017548 0.013693458 0.006208195 0.036869552 0.999207020
670.691899616 0.904862106 -0.892323971 13.600017548 0.013693458 0.006208195 0.036869552 0.999207020
670.691899616 0.904862106 -0.892323971 13.600017548 0.013693458 0.006208195 0.036869552 0.999207020
670.691899616 0.904862106 -0.892323971 13.600017548 0.013693458 0.006208195 0.036869552 0.999207020
670.691899616 0.904862106 -0.892323971 13.600017548 0.013693458 0.006208195 0.036869552 0.999207020
670.691899616 0.904862106 -0.892323971 13.600017548 0.013693458 0.006208195 0.036869552 0.999207020
670.691899616 0.904862106 -0.892323971 13.600017548 0.013693458 0.006208195 0.036869552 0.999207020
670.691899616 0.904862106 -0.892323971 13.600017548 0.013693458 0.006208195 0.036869552 0.999207020
670.691899616 0.904862106 -0.892323971 13.600017548 0.013693458 0.006208195 0.036869552 0.999207020
670.691899616 0.904862106 -0.892323971 13.600017548 0.013693458 0.006208195 0.036869552 0.999207020
670.691899616 0.904862106 -0.892323971 13.600017548 0.013693458 0.006208195 0.036869552 0.999207020
670.691899616 0.904862106 -0.892323971 13.600017548 0.013693458 0.006208195 0.036869552 0.999207020
670.691899616 0.904862106 -0.892323971 13.600017548 0.013693458 0.006208195 0.036869552 0.999207020
670.691899616 0.904862106 -0.892323971 13.600017548 0.013693458 0.006208195 0.036869552 0.999207020
670.691899616 0.904862106 -0.892323971 13.600017548 0.013693458 0.006208195 0.036869552 0.999207020
670.691899616 0.904862106 -0.892323971 13.600017548 0.013693458 0.006208195 0.036869552 0.999207020
670.691899616 0.904862106 -0.892323971 13.600017548 0.013693458 0.006208195 0.036869552 0.999207020
670.691899616 0.904862106 -0.892323971 13.600017548 0.013693458 0.006208195 0.036869552 0.999207020
670.691899616 0.904862106 -0.892323971 13.600017548 0.013693458 0.006208195 0.036869552 0.999207020
670.691899616 0.904862106 -0.892323971 13.600017548 0.013693458 0.006208195 0.036869552 0.999207020
670.691899616 0.904862106 -0.892323971 13.600017548 0.013693458 0.006208195 0.036869552 0.999207020
670.691899616 0.904862106 -0.892323971 13.600017548 0.013693458 0.006208195 0.036869552 0.999207020
670.691899616 0.904862106 -0.892323971 13.600017548 0.013693458 0.006208195 0.036869552 0.999207020
670.691899616 0.904862106 -0.892323971 13.600017548 0.013693458 0.006208195 0.036869552 0.999207020
670.691899616 0.904862106 -0.892323971 13.600017548 0.013693458 0.006208195 0.036869552 0.999207020
670.691899616 0.904862106 -0.892323971 13.600017548 0.013693458 0.006208195 0.036869552 0.999207020
670.691899616 0.904862106 -0.892323971 13.600017548 0.013693458 0.006208195 0.036869552 0.999207020
670.691899616 0.904862106 -0.892323971 13.600017548 0.013693458 0.006208195 0.036869552 0.999207020
670.691899616 0.904862106 -0.892323971 13.600017548 0.013693458 0.006208195 0.036869552 0.999207020
670.691899616 0.904862106 -0.892323971 13.600017548 0.013693458 0.006208195 0.036869552 0.999207020
670.691899616 0.904862106 -0.892323971 13.600017548 0.013693458 0.006208195 0.036869552 0.999207020
670.691899616 0.904862106 -0.892323971 13.600017548 0.013693458 0.006208195 0.036869552 0.999207020
670.691899616 0.904862106 -0.892323971 13.600017548 0.013693458 0.006208195 0.036869552 0.999207020
670.691899616 0.904862106 -0.892323971 13.600017548 0.013693458 0.006208195 0.036869552 0.999207020
670.691899616 0.904862106 -0.892323971 13.600017548 0.013693458 0.006208195 0.036869552 0.999207020
670.691899616 0.904862106 -0.892323971 13.600017548 0.013693458 0.006208195 0.036869552 0.999207020
670.691899616 0.904862106 -0.892323971 13.600017548 0.013693458 0.006208195 0.036869552 0.999207020
670.691899616 0.904862106 -0.892323971 13.600017548 0.013693458 0.006208195 0.036869552 0.999207020
670.691899616 0.904862106 -0.892323971 13.600017548 0.013693458 0.006208195 0.036869552 0.999207020
670.691899616 0.904862106 -0.892323971 13.600017548 0.013693458 0.006208195 0.036869552 0.999207020
670.691899616 0.904862106 -0.892323971 13.600017548 0.013693458 0.006208195 0.036869552 0.999207020
670.691899616 0.904862106 -0.892323971 13.600017548 0.013693458 0.006208195 0.036869552 0.999207020
670.691899616 0.904862106 -0.892323971 13.600017548 0.013693458 0.006208195 0.036869552 0.999207020
670.691899616 0.904862106 -0.892323971 13.600017548 0.013693458 0.006208195 0.036869552 0.999207020
670.691899616 0.904862106 -0.892323971 13.600017548 0.013693458 0.006208195 0.036869552 0.999207020
670.691899616 0.904862106 -0.892323971 13.600017548 0.013693458 0.006208195 0.036869552 0.999207020
670.691899616 0.904862106 -0.892323971 13.600017548 0.013693458 0.006208195 0.036869552 0.999207020
670.691899616 0.904862106 -0.892323971 13.600017548 0.013693458 0.006208195 0.036869552 0.999207020
670.691899616 0.904862106 -0.892323971 13.600017548 0.013693458 0.006208195 0.036869552 0.999207020
670.691899616 0.904862106 -0.892323971 13.600017548 0.013693458 0.006208195 0.036869552 0.999207020
670.691899616 0.904862106 -0.892323971 13.600017548 0.013693458 0.006208195 0.036869552 0.999207020
670.691899616 0.904862106 -0.892323971 13.600017548 0.013693458 0.006208195 0.036869552 0.999207020
670.691899616 0.904862106 -0.892323971 13.600017548 0.013693458 0.006208195 0.036869552 0.999207020
670.691899616 0.904862106 -0.892323971 13.600017548 0.013693458 0.006208195 0.036869552 0.999207020
670.691899616 0.904862106 -0.892323971 13.600017548 0.013693458 0.006208195 0.036869552 0.999207020
