3862.096574752 0.000000000 0.000000000 0.000000000 -0.000000000 -0.000000000 -0.000000000 1.000000000
3862.134327552 0.000110865 0.000049587 -0.000049965 0.000137628 -0.000011174 0.000100280 1.000000000
3862.178654880 0.000517615 -0.000398156 0.000766882 0.001253520 0.000164157 0.000858230 0.999998868
3862.220915488 0.001219570 -0.000529000 0.007696688 0.002865339 0.001481454 0.000834304 0.999994457
3862.261689792 0.001949360 -0.001400583 0.021873264 0.004694774 0.002481408 0.000536003 0.999985754
3862.328290720 0.005361337 -0.002033341 0.062163852 0.005676387 0.007193109 0.000507273 0.999957919
3862.364896288 0.009931841 -0.003484572 0.091853470 0.006006774 0.007998036 0.003882912 0.999942482
3862.416348576 0.014876586 -0.008134932 0.139248952 0.007479714 0.007464826 0.004520535 0.999933958
3862.457321728 0.019867091 -0.011784023 0.194236115 0.007711281 0.008595341 0.005794263 0.999916553
3862.520931616 0.024061073 -0.012270745 0.289085388 0.007121077 0.008983198 0.002659185 0.999930799
3862.559156384 0.028686408 -0.015250101 0.345244527 0.012124920 0.010421935 0.004070516 0.999863982
3862.603160896 0.034126814 -0.020948494 0.422057450 0.011731375 0.009826128 0.006047966 0.999864638
3862.645668672 0.038243871 -0.023596732 0.505966842 0.013075315 0.011122658 0.003423404 0.999846876
3862.682666496 0.044727162 -0.027032640 0.581105530 0.012898940 0.012612030 0.007848806 0.999806464
3862.728611744 0.049136791 -0.030951010 0.677247286 0.014541959 0.011172010 0.007832261 0.999801159
3862.778150176 0.051904231 -0.035587128 0.781037629 0.015037745 0.008988989 0.005167069 0.999833167
3862.822937760 0.055070315 -0.038317256 0.889178216 0.011188224 0.008226133 0.003411774 0.999897778
3862.861863104 0.057104349 -0.045649957 0.976437211 0.013698354 0.005357411 0.001540644 0.999890625
3862.916578016 0.060330015 -0.049129698 1.098224521 0.008566156 0.002573767 -0.000338104 0.999959946
3862.977098976 0.063885398 -0.057526905 1.253630996 0.007136957 0.001319986 -0.003898160 0.999966085
3863.029029216 0.068429410 -0.062361710 1.383359790 0.008633547 -0.000480963 -0.001373749 0.999961734
3863.067958240 0.073062606 -0.066662207 1.484547615 0.009075156 0.000837801 0.000083394 0.999958456
3863.110751008 0.078466982 -0.073256843 1.591979384 0.011341372 0.003544330 0.001677973 0.999927998
3863.157889536 0.079826176 -0.077927381 1.715996504 0.006654254 0.005951266 -0.006312762 0.999940276
3863.199290144 0.088020176 -0.081974730 1.830686212 0.002571050 0.007312086 0.000894059 0.999969602
3863.240444896 0.091630958 -0.085995018 1.938230395 0.007882186 0.007619129 -0.001326627 0.999939024
3863.283009312 0.102492422 -0.093183078 2.049551964 0.006680753 0.009844007 0.010845628 0.999870420
3863.358978016 0.110250510 -0.101851232 2.243925571 0.005617401 0.013625127 -0.000016261 0.999891400
3863.402200448 0.118506990 -0.103237845 2.354615927 0.001241478 0.014507595 0.005266394 0.999880135
3863.437094976 0.123803683 -0.109236084 2.454881668 0.004076494 0.015779179 0.004584213 0.999856710
3863.513986048 0.139127642 -0.117271923 2.665417433 -0.004791069 0.010523831 0.006243511 0.999913692
3863.560376640 0.137761042 -0.121596836 2.787778854 0.006414657 0.003367103 -0.008564914 0.999937117
3863.599648256 0.098710969 -0.120355383 2.939624548 0.017634204 0.000708540 -0.030220004 0.999387503
3863.637788704 0.083902650 -0.129258648 3.080718517 0.014761739 -0.004363845 -0.034990821 0.999269128
3863.713176320 0.100312293 -0.144892558 3.269645929 0.009456173 -0.008356862 -0.038671669 0.999172330
3863.756480384 0.100061946 -0.148106888 3.373413563 0.008262302 -0.005522315 -0.052168991 0.998588860
3863.797680128 0.110829130 -0.161889523 3.495999813 0.012683203 -0.005398474 -0.033362232 0.999348283
3863.884289120 0.110479593 -0.174916297 3.739355564 0.018573614 -0.005313670 -0.040589172 0.998989165
3863.928213344 0.118927188 -0.183042645 3.856411457 0.015953699 -0.005743513 -0.036633119 0.999184966
3863.998970176 0.121844083 -0.194777250 4.083680630 0.009718393 -0.006967694 -0.032974716 0.999384642
3864.033620416 0.122802041 -0.203302041 4.190848827 0.011607943 -0.007818430 -0.031804301 0.999396145
3864.078190080 0.123956181 -0.208062142 4.326931000 0.006674745 -0.007129978 -0.033013623 0.999407172
3864.125518048 0.128380567 -0.194813982 4.455839634 0.004391712 -0.007553579 -0.029602518 0.999523580
3864.192722208 0.213781849 -0.156197384 4.554465771 -0.000871015 -0.010030606 -0.022925608 0.999686480
3864.229262816 0.168054253 -0.148361072 4.526676655 -0.002924305 -0.006428146 0.000324641 0.999975026
3864.268969376 0.162596956 -0.153212100 4.637493610 -0.012161337 -0.007177138 -0.008239216 0.999866366
3864.317075296 0.162590653 -0.167489946 4.778327465 -0.010170375 -0.008528246 -0.006133257 0.999893129
3864.363003360 0.164553538 -0.165055037 4.924820900 -0.011867479 -0.009715877 -0.005710093 0.999866068
3864.398350656 0.164078936 -0.160730004 5.058207989 -0.019473420 -0.011060259 -0.009205856 0.999706864
3864.449178464 0.163698435 -0.159300432 5.202610493 -0.008392160 -0.011366944 -0.013575400 0.999808013
3864.490262080 0.166794896 -0.162657619 5.342291832 -0.007381717 -0.010990406 -0.009775702 0.999864578
3864.534906944 0.166419163 -0.172457412 5.486967564 -0.004393344 -0.011916435 -0.012843102 0.999836922
3864.601331840 0.190420061 -0.167451367 5.361301899 -0.003370563 -0.010083410 -0.023782995 0.999660611
3864.637907744 0.174467787 -0.167115584 5.801940441 -0.000704016 -0.004734670 -0.012662990 0.999908388
3864.684398720 0.183285549 -0.170773864 5.975948811 -0.005245185 -0.001504062 -0.000548931 0.999984980
3864.728082048 0.189007998 -0.176024169 6.153836250 -0.024058826 0.000606594 0.013087366 0.999624729
3864.768095296 0.188570827 -0.174269259 6.286795139 -0.008291745 0.005195174 0.002774453 0.999948263
3864.815425920 0.193928123 -0.179387763 6.429408550 -0.008657303 0.010850959 0.004257824 0.999894619
3864.885884992 0.189418390 -0.185402572 6.568546295 -0.005904573 0.012882369 0.009937782 0.999850273
3864.925980288 0.191994235 -0.183819026 6.740500450 -0.001184286 0.010884501 0.000413891 0.999940038
3864.962454496 0.206317469 -0.195351169 6.955654144 0.006392592 0.007628012 0.017484022 0.999797642
3865.008393344 0.200898379 -0.212413907 6.979771137 0.007900461 0.005178524 0.009489306 0.999910414
3865.059073600 0.274446875 -0.306462318 6.604461193 -0.006777268 -0.002454547 0.025122657 0.999658406
3865.105486976 0.288934797 -0.193434417 7.124160290 0.001999584 -0.001903663 0.013027444 0.999911368
3865.105486976 0.288934797 -0.193434417 7.124160290 0.001999584 -0.001903663 0.013027444 0.999911368
3865.105486976 0.288934797 -0.193434417 7.124160290 0.001999584 -0.001903663 0.013027444 0.999911368
3865.105486976 0.288934797 -0.193434417 7.124160290 0.001999584 -0.001903663 0.013027444 0.999911368
3865.105486976 0.288934797 -0.193434417 7.124160290 0.001999584 -0.001903663 0.013027444 0.999911368
3865.105486976 0.288934797 -0.193434417 7.124160290 0.001999584 -0.001903663 0.013027444 0.999911368
3865.105486976 0.288934797 -0.193434417 7.124160290 0.001999584 -0.001903663 0.013027444 0.999911368
3865.105486976 0.288934797 -0.193434417 7.124160290 0.001999584 -0.001903663 0.013027444 0.999911368
3865.105486976 0.288934797 -0.193434417 7.124160290 0.001999584 -0.001903663 0.013027444 0.999911368
3865.105486976 0.288934797 -0.193434417 7.124160290 0.001999584 -0.001903663 0.013027444 0.999911368
3865.105486976 0.288934797 -0.193434417 7.124160290 0.001999584 -0.001903663 0.013027444 0.999911368
3865.105486976 0.288934797 -0.193434417 7.124160290 0.001999584 -0.001903663 0.013027444 0.999911368
3865.105486976 0.288934797 -0.193434417 7.124160290 0.001999584 -0.001903663 0.013027444 0.999911368
3865.105486976 0.288934797 -0.193434417 7.124160290 0.001999584 -0.001903663 0.013027444 0.999911368
3865.105486976 0.288934797 -0.193434417 7.124160290 0.001999584 -0.001903663 0.013027444 0.999911368
3865.105486976 0.288934797 -0.193434417 7.124160290 0.001999584 -0.001903663 0.013027444 0.999911368
3865.105486976 0.288934797 -0.193434417 7.124160290 0.001999584 -0.001903663 0.013027444 0.999911368
3865.105486976 0.288934797 -0.193434417 7.124160290 0.001999584 -0.001903663 0.013027444 0.999911368
3865.105486976 0.288934797 -0.193434417 7.124160290 0.001999584 -0.001903663 0.013027444 0.999911368
3865.105486976 0.288934797 -0.193434417 7.124160290 0.001999584 -0.001903663 0.013027444 0.999911368
3865.105486976 0.288934797 -0.193434417 7.124160290 0.001999584 -0.001903663 0.013027444 0.999911368
3865.105486976 0.288934797 -0.193434417 7.124160290 0.001999584 -0.001903663 0.013027444 0.999911368
3865.105486976 0.288934797 -0.193434417 7.124160290 0.001999584 -0.001903663 0.013027444 0.999911368
3865.105486976 0.288934797 -0.193434417 7.124160290 0.001999584 -0.001903663 0.013027444 0.999911368
3865.105486976 0.288934797 -0.193434417 7.124160290 0.001999584 -0.001903663 0.013027444 0.999911368
3865.105486976 0.288934797 -0.193434417 7.124160290 0.001999584 -0.001903663 0.013027444 0.999911368
3865.105486976 0.288934797 -0.193434417 7.124160290 0.001999584 -0.001903663 0.013027444 0.999911368
3865.105486976 0.288934797 -0.193434417 7.124160290 0.001999584 -0.001903663 0.013027444 0.999911368
3865.105486976 0.288934797 -0.193434417 7.124160290 0.001999584 -0.001903663 0.013027444 0.999911368
3865.105486976 0.288934797 -0.193434417 7.124160290 0.001999584 -0.001903663 0.013027444 0.999911368
3865.105486976 0.288934797 -0.193434417 7.124160290 0.001999584 -0.001903663 0.013027444 0.999911368
3865.105486976 0.288934797 -0.193434417 7.124160290 0.001999584 -0.001903663 0.013027444 0.999911368
3865.105486976 0.288934797 -0.193434417 7.124160290 0.001999584 -0.001903663 0.013027444 0.999911368
3865.105486976 0.288934797 -0.193434417 7.124160290 0.001999584 -0.001903663 0.013027444 0.999911368
3865.105486976 0.288934797 -0.193434417 7.124160290 0.001999584 -0.001903663 0.013027444 0.999911368
3865.105486976 0.288934797 -0.193434417 7.124160290 0.001999584 -0.001903663 0.013027444 0.999911368
3865.105486976 0.288934797 -0.193434417 7.124160290 0.001999584 -0.001903663 0.013027444 0.999911368
3865.105486976 0.288934797 -0.193434417 7.124160290 0.001999584 -0.001903663 0.013027444 0.999911368
3865.105486976 0.288934797 -0.193434417 7.124160290 0.001999584 -0.001903663 0.013027444 0.999911368
3865.105486976 0.288934797 -0.193434417 7.124160290 0.001999584 -0.001903663 0.013027444 0.999911368
3865.105486976 0.288934797 -0.193434417 7.124160290 0.001999584 -0.001903663 0.013027444 0.999911368
3865.105486976 0.288934797 -0.193434417 7.124160290 0.001999584 -0.001903663 0.013027444 0.999911368
3865.105486976 0.288934797 -0.193434417 7.124160290 0.001999584 -0.001903663 0.013027444 0.999911368
3865.105486976 0.288934797 -0.193434417 7.124160290 0.001999584 -0.001903663 0.013027444 0.999911368
3865.105486976 0.288934797 -0.193434417 7.124160290 0.001999584 -0.001903663 0.013027444 0.999911368
3865.105486976 0.288934797 -0.193434417 7.124160290 0.001999584 -0.001903663 0.013027444 0.999911368
3865.105486976 0.288934797 -0.193434417 7.124160290 0.001999584 -0.001903663 0.013027444 0.999911368
3865.105486976 0.288934797 -0.193434417 7.124160290 0.001999584 -0.001903663 0.013027444 0.999911368
3865.105486976 0.288934797 -0.193434417 7.124160290 0.001999584 -0.001903663 0.013027444 0.999911368
3865.105486976 0.288934797 -0.193434417 7.124160290 0.001999584 -0.001903663 0.013027444 0.999911368
3865.105486976 0.288934797 -0.193434417 7.124160290 0.001999584 -0.001903663 0.013027444 0.999911368
3865.105486976 0.288934797 -0.193434417 7.124160290 0.001999584 -0.001903663 0.013027444 0.999911368
3865.105486976 0.288934797 -0.193434417 7.124160290 0.001999584 -0.001903663 0.013027444 0.999911368
3865.105486976 0.288934797 -0.193434417 7.124160290 0.001999584 -0.001903663 0.013027444 0.999911368
3865.105486976 0.288934797 -0.193434417 7.124160290 0.001999584 -0.001903663 0.013027444 0.999911368
3865.105486976 0.288934797 -0.193434417 7.124160290 0.001999584 -0.001903663 0.013027444 0.999911368
3865.105486976 0.288934797 -0.193434417 7.124160290 0.001999584 -0.001903663 0.013027444 0.999911368
3865.105486976 0.288934797 -0.193434417 7.124160290 0.001999584 -0.001903663 0.013027444 0.999911368
3865.105486976 0.288934797 -0.193434417 7.124160290 0.001999584 -0.001903663 0.013027444 0.999911368
3865.105486976 0.288934797 -0.193434417 7.124160290 0.001999584 -0.001903663 0.013027444 0.999911368
3865.105486976 0.288934797 -0.193434417 7.124160290 0.001999584 -0.001903663 0.013027444 0.999911368
3865.105486976 0.288934797 -0.193434417 7.124160290 0.001999584 -0.001903663 0.013027444 0.999911368
3865.105486976 0.288934797 -0.193434417 7.124160290 0.001999584 -0.001903663 0.013027444 0.999911368
3865.105486976 0.288934797 -0.193434417 7.124160290 0.001999584 -0.001903663 0.013027444 0.999911368
3865.105486976 0.288934797 -0.193434417 7.124160290 0.001999584 -0.001903663 0.013027444 0.999911368
3865.105486976 0.288934797 -0.193434417 7.124160290 0.001999584 -0.001903663 0.013027444 0.999911368
3865.105486976 0.288934797 -0.193434417 7.124160290 0.001999584 -0.001903663 0.013027444 0.999911368
3865.105486976 0.288934797 -0.193434417 7.124160290 0.001999584 -0.001903663 0.013027444 0.999911368
3865.105486976 0.288934797 -0.193434417 7.124160290 0.001999584 -0.001903663 0.013027444 0.999911368
3865.105486976 0.288934797 -0.193434417 7.124160290 0.001999584 -0.001903663 0.013027444 0.999911368
3865.105486976 0.288934797 -0.193434417 7.124160290 0.001999584 -0.001903663 0.013027444 0.999911368
3865.105486976 0.288934797 -0.193434417 7.124160290 0.001999584 -0.001903663 0.013027444 0.999911368
3865.105486976 0.288934797 -0.193434417 7.124160290 0.001999584 -0.001903663 0.013027444 0.999911368
3865.105486976 0.288934797 -0.193434417 7.124160290 0.001999584 -0.001903663 0.013027444 0.999911368
3865.105486976 0.288934797 -0.193434417 7.124160290 0.001999584 -0.001903663 0.013027444 0.999911368
3865.105486976 0.288934797 -0.193434417 7.124160290 0.001999584 -0.001903663 0.013027444 0.999911368
3865.105486976 0.288934797 -0.193434417 7.124160290 0.001999584 -0.001903663 0.013027444 0.999911368
3865.105486976 0.288934797 -0.193434417 7.124160290 0.001999584 -0.001903663 0.013027444 0.999911368
3865.105486976 0.288934797 -0.193434417 7.124160290 0.001999584 -0.001903663 0.013027444 0.999911368
3865.105486976 0.288934797 -0.193434417 7.124160290 0.001999584 -0.001903663 0.013027444 0.999911368
3865.105486976 0.288934797 -0.193434417 7.124160290 0.001999584 -0.001903663 0.013027444 0.999911368
3865.105486976 0.288934797 -0.193434417 7.124160290 0.001999584 -0.001903663 0.013027444 0.999911368
3865.105486976 0.288934797 -0.193434417 7.124160290 0.001999584 -0.001903663 0.013027444 0.999911368
3865.105486976 0.288934797 -0.193434417 7.124160290 0.001999584 -0.001903663 0.013027444 0.999911368
3865.105486976 0.288934797 -0.193434417 7.124160290 0.001999584 -0.001903663 0.013027444 0.999911368
3865.105486976 0.288934797 -0.193434417 7.124160290 0.001999584 -0.001903663 0.013027444 0.999911368
3865.105486976 0.288934797 -0.193434417 7.124160290 0.001999584 -0.001903663 0.013027444 0.999911368
3865.105486976 0.288934797 -0.193434417 7.124160290 0.001999584 -0.001903663 0.013027444 0.999911368
3865.105486976 0.288934797 -0.193434417 7.124160290 0.001999584 -0.001903663 0.013027444 0.999911368
3865.105486976 0.288934797 -0.193434417 7.124160290 0.001999584 -0.001903663 0.013027444 0.999911368
3865.105486976 0.288934797 -0.193434417 7.124160290 0.001999584 -0.001903663 0.013027444 0.999911368
3865.105486976 0.288934797 -0.193434417 7.124160290 0.001999584 -0.001903663 0.013027444 0.999911368
3865.105486976 0.288934797 -0.193434417 7.124160290 0.001999584 -0.001903663 0.013027444 0.999911368
3865.105486976 0.288934797 -0.193434417 7.124160290 0.001999584 -0.001903663 0.013027444 0.999911368
3865.105486976 0.288934797 -0.193434417 7.124160290 0.001999584 -0.001903663 0.013027444 0.999911368
3865.105486976 0.288934797 -0.193434417 7.124160290 0.001999584 -0.001903663 0.013027444 0.999911368
3865.105486976 0.288934797 -0.193434417 7.124160290 0.001999584 -0.001903663 0.013027444 0.999911368
3865.105486976 0.288934797 -0.193434417 7.124160290 0.001999584 -0.001903663 0.013027444 0.999911368
3865.105486976 0.288934797 -0.193434417 7.124160290 0.001999584 -0.001903663 0.013027444 0.999911368
3865.105486976 0.288934797 -0.193434417 7.124160290 0.001999584 -0.001903663 0.013027444 0.999911368
3865.105486976 0.288934797 -0.193434417 7.124160290 0.001999584 -0.001903663 0.013027444 0.999911368
3865.105486976 0.288934797 -0.193434417 7.124160290 0.001999584 -0.001903663 0.013027444 0.999911368
3865.105486976 0.288934797 -0.193434417 7.124160290 0.001999584 -0.001903663 0.013027444 0.999911368
3865.105486976 0.288934797 -0.193434417 7.124160290 0.001999584 -0.001903663 0.013027444 0.999911368
3865.105486976 0.288934797 -0.193434417 7.124160290 0.001999584 -0.001903663 0.013027444 0.999911368
3865.105486976 0.288934797 -0.193434417 7.124160290 0.001999584 -0.001903663 0.013027444 0.999911368
3865.105486976 0.288934797 -0.193434417 7.124160290 0.001999584 -0.001903663 0.013027444 0.999911368
3865.105486976 0.288934797 -0.193434417 7.124160290 0.001999584 -0.001903663 0.013027444 0.999911368
3865.105486976 0.288934797 -0.193434417 7.124160290 0.001999584 -0.001903663 0.013027444 0.999911368
3865.105486976 0.288934797 -0.193434417 7.124160290 0.001999584 -0.001903663 0.013027444 0.999911368
3865.105486976 0.288934797 -0.193434417 7.124160290 0.001999584 -0.001903663 0.013027444 0.999911368
3865.105486976 0.288934797 -0.193434417 7.124160290 0.001999584 -0.001903663 0.013027444 0.999911368
3865.105486976 0.288934797 -0.193434417 7.124160290 0.001999584 -0.001903663 0.013027444 0.999911368
3865.105486976 0.288934797 -0.193434417 7.124160290 0.001999584 -0.001903663 0.013027444 0.999911368
3865.105486976 0.288934797 -0.193434417 7.124160290 0.001999584 -0.001903663 0.013027444 0.999911368
3865.105486976 0.288934797 -0.193434417 7.124160290 0.001999584 -0.001903663 0.013027444 0.999911368
3865.105486976 0.288934797 -0.193434417 7.124160290 0.001999584 -0.001903663 0.013027444 0.999911368
3865.105486976 0.288934797 -0.193434417 7.124160290 0.001999584 -0.001903663 0.013027444 0.999911368
3865.105486976 0.288934797 -0.193434417 7.124160290 0.001999584 -0.001903663 0.013027444 0.999911368
3865.105486976 0.288934797 -0.193434417 7.124160290 0.001999584 -0.001903663 0.013027444 0.999911368
3865.105486976 0.288934797 -0.193434417 7.124160290 0.001999584 -0.001903663 0.013027444 0.999911368
3865.105486976 0.288934797 -0.193434417 7.124160290 0.001999584 -0.001903663 0.013027444 0.999911368
