1421.612629920 0.000000000 0.000000000 0.000000000 -0.000000000 -0.000000000 -0.000000000 1.000000000
1421.862886848 -0.006504586 -0.036571074 0.862119257 0.006236409 0.003064379 -0.012769191 0.999894321
1422.112848672 0.024446633 -0.091824897 1.734427929 0.024483034 -0.007402249 -0.016149506 0.999542415
1422.363640160 0.016489839 -0.128209352 2.547394276 0.008523012 -0.008974312 -0.025362065 0.999601722
1422.612646560 -0.003090145 -0.190104887 3.132813215 0.012706842 0.025104936 -0.016508618 0.999467731
1422.862826592 0.064046070 -0.231507614 3.921128035 0.005114275 0.024324890 -0.016231706 0.999559283
1423.112626976 0.153236121 -0.194336280 4.678294659 0.005735890 0.023590373 -0.020868631 0.999487460
1423.363103872 0.183917791 -0.234745294 5.266812325 -0.002327022 0.024974428 -0.025070928 0.999370992
1423.613157888 0.246744677 -0.275507540 6.114568710 0.008678931 0.038391434 -0.018344335 0.999056697
1423.862861312 0.335781395 -0.307334363 6.879754543 -0.019481799 0.029158747 -0.024191575 0.999092102
1424.112588448 0.393523335 -0.289799958 7.861014366 -0.021333613 0.029828457 -0.027607325 0.998945951
1424.362884288 0.451356262 -0.290587962 8.781490326 -0.032892581 0.029269831 -0.025134865 0.998713970
1424.612538880 0.489958763 -0.296293557 8.863107681 -0.027310262 0.035666458 -0.023909522 0.998704374
1424.862298368 0.539687991 -0.306309223 8.922650337 -0.023604220 0.038423523 -0.025315255 0.998661935
1425.112435456 0.590297759 -0.313041478 8.995964050 -0.019671004 0.041125681 -0.026650390 0.998604774
1425.362683456 0.526676774 -0.296570510 9.521601677 -0.018677982 0.027981630 -0.020694872 0.999219656
1425.612576512 0.522672892 -0.287001312 9.624199867 -0.017736387 0.026689092 -0.022477880 0.999233663
1425.862891872 0.528757632 -0.294313341 9.606011391 -0.016297918 0.026810134 -0.023612546 0.999228776
1426.112392576 0.530767381 -0.294160575 9.621975899 -0.016048459 0.026855746 -0.023322862 0.999238372
