3165.005373696 0.000000000 0.000000000 0.000000000 -0.000000000 -0.000000000 -0.000000000 1.000000000
3165.066621504 0.000001407 -0.000019548 -0.000287856 0.000032165 -0.000016718 0.000008969 1.000000000
3165.127146144 0.000333550 -0.000103431 -0.000404285 0.000053585 -0.000137760 -0.000084492 1.000000000
3165.193111008 0.001287924 -0.000837097 0.003229859 0.002291891 0.000531520 0.001111938 0.999996662
3165.254968576 0.003271377 -0.001844687 0.023559807 0.004117868 0.003391817 -0.000779859 0.999985456
3165.317331808 0.008499581 -0.002515973 0.063303992 0.004288547 0.006550259 0.000205038 0.999969363
3165.377576640 0.029987469 -0.010532880 -0.005354586 0.003220197 0.009830869 0.003005804 0.999942005
3165.443541056 0.007755389 -0.013494840 0.200807020 0.007678763 -0.014647760 0.008283825 0.999828935
3165.505064704 0.005095914 -0.019816961 0.290268421 0.012542794 -0.020988844 0.011126588 0.999639153
3165.566223392 0.005938749 -0.023949575 0.396676302 0.011899560 -0.024485432 0.018361002 0.999460757
3165.627075744 0.007809921 -0.031422224 0.496509284 0.021226091 -0.024495326 0.007627976 0.999445498
3165.694904640 -0.011035714 -0.056025766 0.558139980 0.024035592 -0.017740853 0.004777933 0.999542296
3165.754986400 -0.091710307 -0.066878520 0.811651051 0.022136178 -0.009693068 0.000814347 0.999707699
3165.816986016 0.026257366 -0.052851915 0.901354373 0.013968682 -0.014182798 0.004646132 0.999791026
3165.876798880 0.031007260 -0.059125181 1.047208905 0.010937035 -0.015620720 0.001051081 0.999817610
3165.941583968 0.031761717 -0.070012376 1.220394373 0.007804435 -0.016759854 -0.001127114 0.999828458
3166.008118592 0.026855344 -0.084295273 1.395876884 0.012213361 -0.014491441 -0.000842374 0.999820054
3166.070518880 0.030250104 -0.088633172 1.583701372 0.004429564 -0.010905125 -0.001001592 0.999930263
3166.130059712 0.059732031 -0.076143734 1.864985347 -0.003654528 -0.008342538 0.004285219 0.999949336
3166.195140000 0.128589615 -0.076950930 2.230191946 -0.008886172 -0.005570109 0.015504953 0.999824822
3166.258550528 0.066750735 -0.113286674 2.045036793 0.004027100 -0.000929714 -0.000357244 0.999991417
3166.321380800 0.062059380 -0.116727233 2.258442402 0.005152727 0.002204644 0.008330022 0.999949574
3166.380438688 0.066887289 -0.112174541 2.481186390 0.004245295 0.004173368 0.018611377 0.999809086
3166.445717344 0.074851885 -0.106505886 2.708163023 0.003443623 0.005979790 0.028998477 0.999555647
3166.508589664 0.070481867 -0.126340419 2.889881134 -0.008564847 -0.014564033 -0.002908989 0.999853075
3166.508589664 0.070481867 -0.126340419 2.889881134 -0.008564847 -0.014564033 -0.002908989 0.999853075
3166.630913408 0.092755236 -0.159194052 3.036636114 -0.008654950 -0.002426834 -0.001913110 0.999957800
3166.694928064 0.096854612 -0.153301969 3.419010878 0.000210671 0.001639226 0.005963853 0.999980867
3166.760332736 -0.005801973 -0.033800803 3.578517199 0.008080088 0.006524934 0.014510384 0.999840796
3166.760332736 -0.005801973 -0.033800803 3.578517199 0.008080088 0.006524934 0.014510384 0.999840796
3166.760332736 -0.005801973 -0.033800803 3.578517199 0.008080088 0.006524934 0.014510384 0.999840796
3166.946977952 0.120473176 -0.161536083 4.195371628 -0.000792821 -0.006765365 0.007180154 0.999951065
3166.946977952 0.120473176 -0.161536083 4.195371628 -0.000792821 -0.006765365 0.007180154 0.999951065
3167.069696832 0.154590532 -0.187949851 4.302398205 -0.003664025 -0.009753721 -0.000451352 0.999945641
3167.130228992 0.154590532 -0.187949851 4.302398205 -0.003664025 -0.009753721 -0.000451352 0.999945641
3167.130228992 0.154590532 -0.187949851 4.302398205 -0.003664025 -0.009753721 -0.000451352 0.999945641
3167.130228992 0.154590532 -0.187949851 4.302398205 -0.003664025 -0.009753721 -0.000451352 0.999945641
3167.130228992 0.154590532 -0.187949851 4.302398205 -0.003664025 -0.009753721 -0.000451352 0.999945641
3167.130228992 0.154590532 -0.187949851 4.302398205 -0.003664025 -0.009753721 -0.000451352 0.999945641
3167.130228992 0.154590532 -0.187949851 4.302398205 -0.003664025 -0.009753721 -0.000451352 0.999945641
3167.130228992 0.154590532 -0.187949851 4.302398205 -0.003664025 -0.009753721 -0.000451352 0.999945641
3167.130228992 0.154590532 -0.187949851 4.302398205 -0.003664025 -0.009753721 -0.000451352 0.999945641
3167.130228992 0.154590532 -0.187949851 4.302398205 -0.003664025 -0.009753721 -0.000451352 0.999945641
3167.130228992 0.154590532 -0.187949851 4.302398205 -0.003664025 -0.009753721 -0.000451352 0.999945641
3167.130228992 0.154590532 -0.187949851 4.302398205 -0.003664025 -0.009753721 -0.000451352 0.999945641
3167.130228992 0.154590532 -0.187949851 4.302398205 -0.003664025 -0.009753721 -0.000451352 0.999945641
3167.130228992 0.154590532 -0.187949851 4.302398205 -0.003664025 -0.009753721 -0.000451352 0.999945641
3167.130228992 0.154590532 -0.187949851 4.302398205 -0.003664025 -0.009753721 -0.000451352 0.999945641
3167.130228992 0.154590532 -0.187949851 4.302398205 -0.003664025 -0.009753721 -0.000451352 0.999945641
3167.130228992 0.154590532 -0.187949851 4.302398205 -0.003664025 -0.009753721 -0.000451352 0.999945641
3167.130228992 0.154590532 -0.187949851 4.302398205 -0.003664025 -0.009753721 -0.000451352 0.999945641
3167.130228992 0.154590532 -0.187949851 4.302398205 -0.003664025 -0.009753721 -0.000451352 0.999945641
3167.130228992 0.154590532 -0.187949851 4.302398205 -0.003664025 -0.009753721 -0.000451352 0.999945641
3167.130228992 0.154590532 -0.187949851 4.302398205 -0.003664025 -0.009753721 -0.000451352 0.999945641
3167.130228992 0.154590532 -0.187949851 4.302398205 -0.003664025 -0.009753721 -0.000451352 0.999945641
3167.130228992 0.154590532 -0.187949851 4.302398205 -0.003664025 -0.009753721 -0.000451352 0.999945641
3167.130228992 0.154590532 -0.187949851 4.302398205 -0.003664025 -0.009753721 -0.000451352 0.999945641
3167.130228992 0.154590532 -0.187949851 4.302398205 -0.003664025 -0.009753721 -0.000451352 0.999945641
3167.130228992 0.154590532 -0.187949851 4.302398205 -0.003664025 -0.009753721 -0.000451352 0.999945641
3167.130228992 0.154590532 -0.187949851 4.302398205 -0.003664025 -0.009753721 -0.000451352 0.999945641
3167.130228992 0.154590532 -0.187949851 4.302398205 -0.003664025 -0.009753721 -0.000451352 0.999945641
3167.130228992 0.154590532 -0.187949851 4.302398205 -0.003664025 -0.009753721 -0.000451352 0.999945641
3167.130228992 0.154590532 -0.187949851 4.302398205 -0.003664025 -0.009753721 -0.000451352 0.999945641
3167.130228992 0.154590532 -0.187949851 4.302398205 -0.003664025 -0.009753721 -0.000451352 0.999945641
3167.130228992 0.154590532 -0.187949851 4.302398205 -0.003664025 -0.009753721 -0.000451352 0.999945641
3167.130228992 0.154590532 -0.187949851 4.302398205 -0.003664025 -0.009753721 -0.000451352 0.999945641
3167.130228992 0.154590532 -0.187949851 4.302398205 -0.003664025 -0.009753721 -0.000451352 0.999945641
3167.130228992 0.154590532 -0.187949851 4.302398205 -0.003664025 -0.009753721 -0.000451352 0.999945641
3167.130228992 0.154590532 -0.187949851 4.302398205 -0.003664025 -0.009753721 -0.000451352 0.999945641
3167.130228992 0.154590532 -0.187949851 4.302398205 -0.003664025 -0.009753721 -0.000451352 0.999945641
3167.130228992 0.154590532 -0.187949851 4.302398205 -0.003664025 -0.009753721 -0.000451352 0.999945641
3167.130228992 0.154590532 -0.187949851 4.302398205 -0.003664025 -0.009753721 -0.000451352 0.999945641
3167.130228992 0.154590532 -0.187949851 4.302398205 -0.003664025 -0.009753721 -0.000451352 0.999945641
3167.130228992 0.154590532 -0.187949851 4.302398205 -0.003664025 -0.009753721 -0.000451352 0.999945641
3167.130228992 0.154590532 -0.187949851 4.302398205 -0.003664025 -0.009753721 -0.000451352 0.999945641
3167.130228992 0.154590532 -0.187949851 4.302398205 -0.003664025 -0.009753721 -0.000451352 0.999945641
3167.130228992 0.154590532 -0.187949851 4.302398205 -0.003664025 -0.009753721 -0.000451352 0.999945641
3167.130228992 0.154590532 -0.187949851 4.302398205 -0.003664025 -0.009753721 -0.000451352 0.999945641
3167.130228992 0.154590532 -0.187949851 4.302398205 -0.003664025 -0.009753721 -0.000451352 0.999945641
3167.130228992 0.154590532 -0.187949851 4.302398205 -0.003664025 -0.009753721 -0.000451352 0.999945641
3167.130228992 0.154590532 -0.187949851 4.302398205 -0.003664025 -0.009753721 -0.000451352 0.999945641
3167.130228992 0.154590532 -0.187949851 4.302398205 -0.003664025 -0.009753721 -0.000451352 0.999945641
3167.130228992 0.154590532 -0.187949851 4.302398205 -0.003664025 -0.009753721 -0.000451352 0.999945641
3167.130228992 0.154590532 -0.187949851 4.302398205 -0.003664025 -0.009753721 -0.000451352 0.999945641
3167.130228992 0.154590532 -0.187949851 4.302398205 -0.003664025 -0.009753721 -0.000451352 0.999945641
3167.130228992 0.154590532 -0.187949851 4.302398205 -0.003664025 -0.009753721 -0.000451352 0.999945641
3167.130228992 0.154590532 -0.187949851 4.302398205 -0.003664025 -0.009753721 -0.000451352 0.999945641
3167.130228992 0.154590532 -0.187949851 4.302398205 -0.003664025 -0.009753721 -0.000451352 0.999945641
3167.130228992 0.154590532 -0.187949851 4.302398205 -0.003664025 -0.009753721 -0.000451352 0.999945641
3167.130228992 0.154590532 -0.187949851 4.302398205 -0.003664025 -0.009753721 -0.000451352 0.999945641
3167.130228992 0.154590532 -0.187949851 4.302398205 -0.003664025 -0.009753721 -0.000451352 0.999945641
3167.130228992 0.154590532 -0.187949851 4.302398205 -0.003664025 -0.009753721 -0.000451352 0.999945641
3167.130228992 0.154590532 -0.187949851 4.302398205 -0.003664025 -0.009753721 -0.000451352 0.999945641
3167.130228992 0.154590532 -0.187949851 4.302398205 -0.003664025 -0.009753721 -0.000451352 0.999945641
3167.130228992 0.154590532 -0.187949851 4.302398205 -0.003664025 -0.009753721 -0.000451352 0.999945641
3167.130228992 0.154590532 -0.187949851 4.302398205 -0.003664025 -0.009753721 -0.000451352 0.999945641
3167.130228992 0.154590532 -0.187949851 4.302398205 -0.003664025 -0.009753721 -0.000451352 0.999945641
3167.130228992 0.154590532 -0.187949851 4.302398205 -0.003664025 -0.009753721 -0.000451352 0.999945641
3167.130228992 0.154590532 -0.187949851 4.302398205 -0.003664025 -0.009753721 -0.000451352 0.999945641
3167.130228992 0.154590532 -0.187949851 4.302398205 -0.003664025 -0.009753721 -0.000451352 0.999945641
3167.130228992 0.154590532 -0.187949851 4.302398205 -0.003664025 -0.009753721 -0.000451352 0.999945641
3167.130228992 0.154590532 -0.187949851 4.302398205 -0.003664025 -0.009753721 -0.000451352 0.999945641
3167.130228992 0.154590532 -0.187949851 4.302398205 -0.003664025 -0.009753721 -0.000451352 0.999945641
3167.130228992 0.154590532 -0.187949851 4.302398205 -0.003664025 -0.009753721 -0.000451352 0.999945641
3167.130228992 0.154590532 -0.187949851 4.302398205 -0.003664025 -0.009753721 -0.000451352 0.999945641
3167.130228992 0.154590532 -0.187949851 4.302398205 -0.003664025 -0.009753721 -0.000451352 0.999945641
3167.130228992 0.154590532 -0.187949851 4.302398205 -0.003664025 -0.009753721 -0.000451352 0.999945641
3167.130228992 0.154590532 -0.187949851 4.302398205 -0.003664025 -0.009753721 -0.000451352 0.999945641
3167.130228992 0.154590532 -0.187949851 4.302398205 -0.003664025 -0.009753721 -0.000451352 0.999945641
3167.130228992 0.154590532 -0.187949851 4.302398205 -0.003664025 -0.009753721 -0.000451352 0.999945641
3167.130228992 0.154590532 -0.187949851 4.302398205 -0.003664025 -0.009753721 -0.000451352 0.999945641
3167.130228992 0.154590532 -0.187949851 4.302398205 -0.003664025 -0.009753721 -0.000451352 0.999945641
3167.130228992 0.154590532 -0.187949851 4.302398205 -0.003664025 -0.009753721 -0.000451352 0.999945641
3167.130228992 0.154590532 -0.187949851 4.302398205 -0.003664025 -0.009753721 -0.000451352 0.999945641
