2025.313337440 0.000000000 0.000000000 0.000000000 -0.000000000 -0.000000000 -0.000000000 1.000000000
2025.438870880 0.000036021 -0.000023638 -0.000036693 -0.000001692 -0.000006858 0.000001036 1.000000000
2025.563888192 0.000083567 -0.000031598 0.000048561 0.000032388 -0.000013984 0.000114964 1.000000000
2025.688672000 0.002706498 -0.002481244 0.027142117 0.007223049 0.001223126 -0.000067689 0.999973178
2025.813990144 0.013451708 -0.007111568 0.126762018 0.007371437 0.007700898 0.004568071 0.999932766
2025.938557696 0.037274037 -0.022438843 0.278007507 0.015681438 0.006474109 0.007839725 0.999825358
2026.064501280 0.052180067 -0.032195445 0.490479112 0.017073466 -0.001451699 0.006132141 0.999834418
2026.189641120 0.053396504 -0.042654786 0.766112030 0.012334133 -0.002276239 -0.000582616 0.999921203
2026.313925472 0.058345374 -0.059622101 1.066167116 0.010345506 -0.006260781 -0.001362210 0.999925971
2026.438710368 0.061724447 -0.071938209 1.387800455 0.002405828 -0.011030587 -0.003617608 0.999929726
2026.563709920 0.068579778 -0.088410169 1.713221669 0.007702891 -0.009108263 -0.005105786 0.999915838
2026.689011040 0.078053124 -0.102136999 2.043099403 0.007343529 -0.001788607 -0.002638119 0.999967933
2026.814216128 0.102646798 -0.124910995 2.371023178 0.001687488 0.003474382 -0.000076708 0.999992549
2026.939224416 0.117607810 -0.124983497 2.712792635 -0.000934984 -0.009320784 -0.008908720 0.999916434
2027.063541120 0.140078425 -0.130283043 3.072840452 -0.008449085 -0.020739766 -0.012742220 0.999668002
2027.188645888 0.154992133 -0.130174667 3.430234909 -0.015706336 -0.032679666 -0.016642174 0.999203920
2027.188645888 0.154992133 -0.130174667 3.430234909 -0.015706336 -0.032679666 -0.016642174 0.999203920
2027.438676640 0.196192175 -0.169820040 4.092226028 -0.010518994 0.000843903 -0.005135474 0.999931157
2027.563788224 0.171378821 -0.180260509 4.725286484 -0.010965457 -0.006473990 0.001722693 0.999917507
2027.688838688 0.194618016 -0.191191882 5.160501957 -0.018292226 -0.018159050 -0.002713554 0.999664128
2027.813610880 0.158197328 -0.029877068 4.442748070 -0.016061524 -0.014181599 -0.001898712 0.999768674
2027.813610880 0.158197328 -0.029877068 4.442748070 -0.016061524 -0.014181599 -0.001898712 0.999768674
2027.813610880 0.158197328 -0.029877068 4.442748070 -0.016061524 -0.014181599 -0.001898712 0.999768674
2027.813610880 0.158197328 -0.029877068 4.442748070 -0.016061524 -0.014181599 -0.001898712 0.999768674
2027.813610880 0.158197328 -0.029877068 4.442748070 -0.016061524 -0.014181599 -0.001898712 0.999768674
2027.813610880 0.158197328 -0.029877068 4.442748070 -0.016061524 -0.014181599 -0.001898712 0.999768674
2027.813610880 0.158197328 -0.029877068 4.442748070 -0.016061524 -0.014181599 -0.001898712 0.999768674
2027.813610880 0.158197328 -0.029877068 4.442748070 -0.016061524 -0.014181599 -0.001898712 0.999768674
2027.813610880 0.158197328 -0.029877068 4.442748070 -0.016061524 -0.014181599 -0.001898712 0.999768674
2027.813610880 0.158197328 -0.029877068 4.442748070 -0.016061524 -0.014181599 -0.001898712 0.999768674
2027.813610880 0.158197328 -0.029877068 4.442748070 -0.016061524 -0.014181599 -0.001898712 0.999768674
2027.813610880 0.158197328 -0.029877068 4.442748070 -0.016061524 -0.014181599 -0.001898712 0.999768674
2027.813610880 0.158197328 -0.029877068 4.442748070 -0.016061524 -0.014181599 -0.001898712 0.999768674
2027.813610880 0.158197328 -0.029877068 4.442748070 -0.016061524 -0.014181599 -0.001898712 0.999768674
2027.813610880 0.158197328 -0.029877068 4.442748070 -0.016061524 -0.014181599 -0.001898712 0.999768674
2027.813610880 0.158197328 -0.029877068 4.442748070 -0.016061524 -0.014181599 -0.001898712 0.999768674
2027.813610880 0.158197328 -0.029877068 4.442748070 -0.016061524 -0.014181599 -0.001898712 0.999768674
2027.813610880 0.158197328 -0.029877068 4.442748070 -0.016061524 -0.014181599 -0.001898712 0.999768674
2027.813610880 0.158197328 -0.029877068 4.442748070 -0.016061524 -0.014181599 -0.001898712 0.999768674
2027.813610880 0.158197328 -0.029877068 4.442748070 -0.016061524 -0.014181599 -0.001898712 0.999768674
2027.813610880 0.158197328 -0.029877068 4.442748070 -0.016061524 -0.014181599 -0.001898712 0.999768674
2027.813610880 0.158197328 -0.029877068 4.442748070 -0.016061524 -0.014181599 -0.001898712 0.999768674
2027.813610880 0.158197328 -0.029877068 4.442748070 -0.016061524 -0.014181599 -0.001898712 0.999768674
2027.813610880 0.158197328 -0.029877068 4.442748070 -0.016061524 -0.014181599 -0.001898712 0.999768674
2027.813610880 0.158197328 -0.029877068 4.442748070 -0.016061524 -0.014181599 -0.001898712 0.999768674
2027.813610880 0.158197328 -0.029877068 4.442748070 -0.016061524 -0.014181599 -0.001898712 0.999768674
2027.813610880 0.158197328 -0.029877068 4.442748070 -0.016061524 -0.014181599 -0.001898712 0.999768674
2027.813610880 0.158197328 -0.029877068 4.442748070 -0.016061524 -0.014181599 -0.001898712 0.999768674
2027.813610880 0.158197328 -0.029877068 4.442748070 -0.016061524 -0.014181599 -0.001898712 0.999768674
2027.813610880 0.158197328 -0.029877068 4.442748070 -0.016061524 -0.014181599 -0.001898712 0.999768674
2027.813610880 0.158197328 -0.029877068 4.442748070 -0.016061524 -0.014181599 -0.001898712 0.999768674
2027.813610880 0.158197328 -0.029877068 4.442748070 -0.016061524 -0.014181599 -0.001898712 0.999768674
2027.813610880 0.158197328 -0.029877068 4.442748070 -0.016061524 -0.014181599 -0.001898712 0.999768674
2027.813610880 0.158197328 -0.029877068 4.442748070 -0.016061524 -0.014181599 -0.001898712 0.999768674
2027.813610880 0.158197328 -0.029877068 4.442748070 -0.016061524 -0.014181599 -0.001898712 0.999768674
2027.813610880 0.158197328 -0.029877068 4.442748070 -0.016061524 -0.014181599 -0.001898712 0.999768674
2027.813610880 0.158197328 -0.029877068 4.442748070 -0.016061524 -0.014181599 -0.001898712 0.999768674
2027.813610880 0.158197328 -0.029877068 4.442748070 -0.016061524 -0.014181599 -0.001898712 0.999768674
2027.813610880 0.158197328 -0.029877068 4.442748070 -0.016061524 -0.014181599 -0.001898712 0.999768674
2027.813610880 0.158197328 -0.029877068 4.442748070 -0.016061524 -0.014181599 -0.001898712 0.999768674
