261.493391520 0.000000000 0.000000000 0.000000000 -0.000000000 -0.000000000 -0.000000000 1.000000000
261.525050016 0.005420841 0.000487113 0.136294156 0.000211104 -0.001921307 0.001586950 0.999996901
261.556554496 0.015155424 -0.004488432 0.265889913 -0.002021487 -0.004506961 0.003311647 0.999982297
261.587789760 0.007052385 0.001206013 0.412111580 -0.014331468 -0.001105760 -0.008441660 0.999861062
261.621241824 0.010196771 -0.000938415 0.548918903 -0.018843824 -0.000146010 -0.007688366 0.999792874
261.653370208 0.012432767 0.021077158 0.684212565 -0.023032513 -0.000974595 -0.003728525 0.999727309
261.684917888 -0.016279887 0.012243853 0.831562281 -0.020770207 0.000926786 -0.004849024 0.999772131
261.724625568 -0.014650901 0.012431701 0.996744990 -0.013641183 0.000877080 -0.002856091 0.999902487
261.755435840 -0.014428624 0.013600581 1.146489859 -0.010721523 0.001712034 0.001350012 0.999940157
261.786855232 -0.007023026 0.019065436 1.245380521 -0.016315296 -0.001286687 -0.014343016 0.999763191
261.819271008 -0.001984408 0.020716479 1.377588987 -0.018125871 -0.002590421 -0.011276815 0.999768794
261.850726272 0.000134753 0.019396195 1.514986277 -0.022828825 -0.004215715 -0.011300959 0.999666631
261.882792064 0.000047614 0.018596862 1.646771431 -0.020799454 -0.006677714 -0.015312427 0.999644160
261.923334560 0.003011129 0.020057993 1.802510023 -0.016714603 -0.008521359 -0.013790241 0.999728918
261.953637792 0.004878552 0.020794438 1.932446241 -0.016090535 -0.009365710 -0.013142793 0.999740362
261.984952288 0.005805923 0.016180821 2.051135540 -0.008933589 -0.009370871 -0.012428956 0.999838948
262.016668512 0.005906834 0.008852754 2.175580263 0.002272739 -0.009602385 -0.012233214 0.999876559
262.048348704 0.005816142 0.000271297 2.299475193 0.012335960 -0.009713175 -0.014991528 0.999764323
262.079765824 -0.003511536 -0.025047652 2.442699909 0.020102579 -0.009052244 -0.022196619 0.999510527
262.079765824 -0.003511536 -0.025047652 2.442699909 0.020102579 -0.009052244 -0.022196619 0.999510527
262.079765824 -0.003511536 -0.025047652 2.442699909 0.020102579 -0.009052244 -0.022196619 0.999510527
262.079765824 -0.003511536 -0.025047652 2.442699909 0.020102579 -0.009052244 -0.022196619 0.999510527
262.079765824 -0.003511536 -0.025047652 2.442699909 0.020102579 -0.009052244 -0.022196619 0.999510527
262.079765824 -0.003511536 -0.025047652 2.442699909 0.020102579 -0.009052244 -0.022196619 0.999510527
262.079765824 -0.003511536 -0.025047652 2.442699909 0.020102579 -0.009052244 -0.022196619 0.999510527
262.079765824 -0.003511536 -0.025047652 2.442699909 0.020102579 -0.009052244 -0.022196619 0.999510527
262.079765824 -0.003511536 -0.025047652 2.442699909 0.020102579 -0.009052244 -0.022196619 0.999510527
262.374117408 0.273783952 -0.110340163 3.116911173 -0.058076780 0.048806917 -0.032051183 0.996603072
262.405838656 0.302098095 -0.099119328 3.245903015 -0.056580968 0.064526632 -0.022952560 0.996046245
262.438066592 0.336865455 -0.089845166 3.376251459 -0.058461294 0.075326204 -0.009961437 0.995393872
262.478587328 0.375718355 -0.080039755 3.531432867 -0.059219241 0.084860556 -0.007717981 0.994601548
262.508218048 0.402959526 -0.066087425 3.656038284 -0.067238525 0.091584384 -0.014587509 0.993417621
262.540115264 0.433409691 -0.046826072 3.786460876 -0.077355079 0.097554706 -0.017868863 0.992058516
262.572449728 0.462679505 -0.032305129 3.909712315 -0.081777543 0.100068584 -0.015318939 0.991495907
262.604712544 0.493390620 -0.017094722 4.041580200 -0.086677484 0.100921847 -0.016990464 0.990965784
262.636778432 0.522735596 0.003765905 4.172905922 -0.095519789 0.100721844 -0.020372553 0.990109146
262.668374624 0.556418061 0.021289323 4.300175667 -0.103995994 0.100075081 -0.023809060 0.989243627
262.700482112 0.591389060 0.041595716 4.433978558 -0.112445168 0.099523857 -0.027490729 0.988278985
262.733283872 0.618736386 -0.021030558 4.387950420 -0.050403401 0.104533836 -0.013473320 0.993151903
262.764917792 0.641398847 -0.044357266 4.438717365 -0.013772221 0.111216560 -0.024981834 0.993386686
262.804844192 0.692411005 -0.036466707 4.558204174 0.019649647 0.121379822 -0.035063252 0.991792023
262.842970304 0.815922618 -0.087011918 4.714323521 0.050339118 0.129705563 -0.042943668 0.989342332
262.879834272 0.946520507 -0.136729211 4.874516964 0.081211738 0.137829036 -0.050463114 0.985830247
262.916198592 0.822122574 -0.043452047 4.897440434 -0.008460949 0.146839857 -0.025745697 0.988788962
262.954512864 0.871303141 -0.051974028 5.032729626 -0.018345550 0.154089466 -0.017038165 0.987739623
262.990173184 0.920575738 -0.056138936 5.177912712 -0.029874561 0.163629994 -0.022439245 0.985814035
263.028342336 0.968627274 -0.052138761 5.309310913 -0.036989223 0.174177930 -0.027028253 0.983648002
263.066283296 1.008244276 -0.050927244 5.448948860 -0.046518113 0.188424557 -0.032127492 0.980459154
263.101471040 1.062022090 -0.042839658 5.577092648 -0.042226680 0.202913851 -0.035485491 0.977641881
263.140094912 1.115520477 -0.031593271 5.712424755 -0.043480452 0.217901722 -0.055462524 0.973422945
263.183302656 1.182655811 -0.037596874 5.843538761 -0.042849187 0.230848283 -0.040113028 0.971217811
263.218098144 1.248441458 -0.036293745 5.961602688 -0.040023986 0.241188109 -0.023519423 0.969367445
263.253020512 1.306485534 -0.028503705 6.080149651 -0.041958757 0.254137963 -0.028479505 0.965837657
263.289282688 1.368134141 -0.016475808 6.203811646 -0.045813415 0.265207529 -0.037699241 0.962364197
263.325166656 1.438150644 -0.016634196 6.320938587 -0.040562309 0.275784224 -0.029256817 0.959917665
263.359926560 1.534948945 -0.005856587 6.465939999 -0.032903880 0.282670438 -0.021133717 0.958419621
263.397136992 1.679784656 0.010130421 6.762095451 -0.036553089 0.281208545 -0.014908819 0.958834350
263.442117120 1.697741032 0.008198518 6.812542439 -0.030575521 0.280187994 -0.023871535 0.959161103
263.476186944 1.768501282 0.005551189 6.922149658 -0.025422247 0.278451324 -0.032163858 0.959574997
263.511074368 1.840585828 0.008967616 7.004925251 -0.021916972 0.277536005 -0.027541200 0.960070312
263.546101664 1.921128273 0.030807532 7.127560139 -0.016525364 0.278381050 -0.025590679 0.959987521
263.584824288 2.000735283 0.029427715 7.228184223 -0.023097530 0.280250579 -0.025363253 0.959313750
263.621457088 2.024092674 0.021551734 7.265059471 -0.031408589 0.282487422 -0.015412279 0.958632767
263.657842528 2.147547722 0.052550800 7.455244064 -0.031112891 0.282082975 -0.004858481 0.958873153
263.694207072 2.175300360 0.002305485 7.455448627 -0.037457820 0.280331463 0.005719384 0.959155142
263.729307104 2.238844633 -0.018801413 7.553321362 -0.052495457 0.277826935 0.003182385 0.959190428
263.764433696 2.280275583 -0.121101871 7.408234119 -0.042287324 0.277514726 0.002026833 0.959788144
263.800225824 2.222501278 -0.122155905 7.392468929 -0.038653906 0.281015664 0.006065272 0.958905280
263.837228064 2.300705194 -0.169535533 7.467777252 -0.043651901 0.283160090 -0.000653111 0.958078563
263.872471712 2.238293648 -0.253150344 7.781341076 -0.041589662 0.290796161 -0.010653075 0.955821335
263.907702464 2.672612906 -0.206224889 8.312452316 -0.028532121 0.293128788 0.005308131 0.955632389
263.943655456 2.960187912 -0.084340237 8.522956848 -0.028564991 0.292112648 0.011847569 0.955883920
263.979252128 2.882669687 -0.211062029 8.472880363 -0.018116079 0.292288035 0.001938460 0.956156790
264.014864128 3.056530952 -0.200346559 8.631793976 -0.023580924 0.293896496 0.009677002 0.955497384
264.050425248 2.997273922 -0.104344875 8.477443695 -0.037467137 0.293945789 0.014887219 0.954971433
264.086590176 3.077283382 -0.105535068 8.580713272 -0.020853167 0.297713488 0.014301538 0.954320371
264.122313792 3.159193993 -0.106837675 8.687352180 -0.019951109 0.298371553 0.020042377 0.954030812
264.158855584 3.234781504 -0.108954132 8.790774345 -0.015506945 0.298967779 0.015450497 0.954012096
264.194764064 3.301383495 -0.100273564 8.901929855 -0.020747811 0.300656408 -0.015783867 0.953376174
264.233117728 3.361964226 -0.095505379 9.013913155 -0.028345585 0.303198904 -0.039849013 0.951671720
264.270622848 3.471295834 -0.145942718 9.052372932 -0.023653779 0.299731910 -0.021938270 0.953477859
264.309061664 3.535774946 -0.158321679 9.154793739 -0.030989528 0.297851056 -0.044702880 0.953061402
264.345424032 3.612423420 -0.162020400 9.268974304 -0.028233543 0.298710674 -0.064838573 0.951719940
264.382904032 3.678367615 -0.150894374 9.388642311 -0.021544129 0.302705258 -0.085833438 0.948966861
264.420123168 3.757313251 -0.153240681 9.500721931 -0.028048215 0.301110357 -0.096486829 0.948280632
264.456435744 3.837354660 -0.152566195 9.608416557 -0.033842590 0.301996440 -0.098228820 0.947630703
264.500707136 3.920192003 -0.154833168 9.713941574 -0.035934620 0.301858485 -0.090331815 0.948383033
264.537932768 4.036964893 -0.135951579 9.847784042 -0.039023027 0.300990134 -0.077123627 0.949702144
264.576105792 4.160205841 -0.110550374 9.986235619 -0.041959804 0.299964458 -0.063371040 0.950917959
264.613001344 3.900078297 -0.177703321 9.793968201 -0.038532123 0.311576009 -0.018884381 0.949251890
264.649928704 4.459797382 -0.155733138 10.461219788 -0.042225704 0.315361530 -0.016203616 0.947893262
264.696817568 5.265983582 -0.008258536 10.759154320 -0.041977249 0.311012119 0.001965284 0.949476421
264.725230592 5.953286648 0.315304428 11.546249390 -0.036300316 0.304800034 -0.003863558 0.951716542
264.765303456 6.282401562 0.065840304 11.902232170 -0.039179951 0.301767707 -0.016166871 0.952438891
264.809764000 6.377352715 -0.031379718 12.144174576 -0.033974521 0.300095737 -0.006047328 0.953284800
264.850596512 6.441923141 -0.055474147 12.382564545 -0.030369768 0.300130010 -0.012288966 0.953335524
264.894180480 6.411860943 -0.060417261 12.364596367 -0.029418290 0.300659001 -0.017270215 0.953121424
264.934739200 6.195583344 -0.474237680 12.387149811 -0.042710178 0.306085527 -0.011604358 0.950974703
264.975268640 5.855299473 -0.695162833 13.360782623 -0.036527738 0.311448216 -0.004645532 0.949549496
265.015905664 4.542198181 -0.307722062 10.707575798 -0.024803782 0.316357046 -0.056954756 0.946604073
265.056612128 4.616461754 -0.270383447 10.514016151 -0.017255830 0.314767659 -0.055974055 0.947359800
265.097092064 4.775367260 -0.247806773 10.695002556 -0.017988840 0.312313765 -0.071348600 0.947125077
265.137617600 4.786164761 -0.253164113 10.804653168 -0.014590788 0.310432434 -0.068109870 0.948040009
265.178581664 4.297809124 -0.280268133 10.827683449 -0.017250929 0.315224320 -0.066804677 0.946505785
265.220769120 4.777115822 -0.368050098 10.955644608 -0.033806186 0.301975608 -0.044945765 0.951655328
265.272025440 4.860152245 -0.373763442 10.755439758 -0.049103588 0.299603105 -0.090563409 0.948485672
265.300590784 4.573453903 -0.083460599 10.346275330 -0.041830808 0.302012116 -0.080485970 0.948978901
265.339702464 4.829069138 -0.362065405 10.723784447 -0.012445019 0.302050322 -0.053214710 0.951724231
265.370345344 4.778435230 -0.228953689 10.655227661 -0.025514064 0.302279800 -0.046443932 0.951745212
265.404480096 4.811738014 -0.302391917 10.881194115 -0.036233872 0.302162051 -0.051979460 0.951148450
265.436352352 4.861332893 -0.323452890 11.062930107 -0.044501033 0.303173989 -0.072589003 0.949123800
265.470208256 5.083709240 -0.773843408 11.787054062 -0.060505103 0.308828235 -0.090501271 0.944867134
265.501879744 5.232979298 -0.703896046 11.904492378 -0.057907607 0.308375210 -0.081955269 0.945957124
265.536730848 4.564496040 0.141319633 10.398445129 -0.018762514 0.300918877 -0.093129031 0.948906124
265.536730848 4.564496040 0.141319633 10.398445129 -0.018762514 0.300918877 -0.093129031 0.948906124
265.536730848 4.564496040 0.141319633 10.398445129 -0.018762514 0.300918877 -0.093129031 0.948906124
265.536730848 4.564496040 0.141319633 10.398445129 -0.018762514 0.300918877 -0.093129031 0.948906124
265.536730848 4.564496040 0.141319633 10.398445129 -0.018762514 0.300918877 -0.093129031 0.948906124
265.536730848 4.564496040 0.141319633 10.398445129 -0.018762514 0.300918877 -0.093129031 0.948906124
265.536730848 4.564496040 0.141319633 10.398445129 -0.018762514 0.300918877 -0.093129031 0.948906124
265.536730848 4.564496040 0.141319633 10.398445129 -0.018762514 0.300918877 -0.093129031 0.948906124
265.536730848 4.564496040 0.141319633 10.398445129 -0.018762514 0.300918877 -0.093129031 0.948906124
265.536730848 4.564496040 0.141319633 10.398445129 -0.018762514 0.300918877 -0.093129031 0.948906124
265.536730848 4.564496040 0.141319633 10.398445129 -0.018762514 0.300918877 -0.093129031 0.948906124
265.906911904 6.618267536 -0.140760064 13.960737228 -0.014905827 0.299949288 -0.016791414 0.953690946
265.906911904 6.618267536 -0.140760064 13.960737228 -0.014905827 0.299949288 -0.016791414 0.953690946
265.906911904 6.618267536 -0.140760064 13.960737228 -0.014905827 0.299949288 -0.016791414 0.953690946
266.003122560 5.861520290 -0.499451935 12.010704041 -0.026765738 0.305599988 -0.104298033 0.946051955
266.044926432 4.746151447 -0.282951057 11.001249313 -0.013782573 0.306099743 -0.043443318 0.950907886
266.077330848 5.503965378 0.253098488 12.079791069 -0.027180156 0.304874003 -0.022699082 0.951734185
266.077330848 5.503965378 0.253098488 12.079791069 -0.027180156 0.304874003 -0.022699082 0.951734185
266.077330848 5.503965378 0.253098488 12.079791069 -0.027180156 0.304874003 -0.022699082 0.951734185
266.077330848 5.503965378 0.253098488 12.079791069 -0.027180156 0.304874003 -0.022699082 0.951734185
266.077330848 5.503965378 0.253098488 12.079791069 -0.027180156 0.304874003 -0.022699082 0.951734185
266.077330848 5.503965378 0.253098488 12.079791069 -0.027180156 0.304874003 -0.022699082 0.951734185
266.077330848 5.503965378 0.253098488 12.079791069 -0.027180156 0.304874003 -0.022699082 0.951734185
266.077330848 5.503965378 0.253098488 12.079791069 -0.027180156 0.304874003 -0.022699082 0.951734185
266.077330848 5.503965378 0.253098488 12.079791069 -0.027180156 0.304874003 -0.022699082 0.951734185
266.077330848 5.503965378 0.253098488 12.079791069 -0.027180156 0.304874003 -0.022699082 0.951734185
266.077330848 5.503965378 0.253098488 12.079791069 -0.027180156 0.304874003 -0.022699082 0.951734185
266.077330848 5.503965378 0.253098488 12.079791069 -0.027180156 0.304874003 -0.022699082 0.951734185
266.077330848 5.503965378 0.253098488 12.079791069 -0.027180156 0.304874003 -0.022699082 0.951734185
266.077330848 5.503965378 0.253098488 12.079791069 -0.027180156 0.304874003 -0.022699082 0.951734185
266.077330848 5.503965378 0.253098488 12.079791069 -0.027180156 0.304874003 -0.022699082 0.951734185
266.077330848 5.503965378 0.253098488 12.079791069 -0.027180156 0.304874003 -0.022699082 0.951734185
266.077330848 5.503965378 0.253098488 12.079791069 -0.027180156 0.304874003 -0.022699082 0.951734185
266.077330848 5.503965378 0.253098488 12.079791069 -0.027180156 0.304874003 -0.022699082 0.951734185
266.661209312 4.981015205 -0.535758615 11.215848923 -0.040153060 0.310944200 -0.070698217 0.946944118
266.661209312 4.981015205 -0.535758615 11.215848923 -0.040153060 0.310944200 -0.070698217 0.946944118
266.661209312 4.981015205 -0.535758615 11.215848923 -0.040153060 0.310944200 -0.070698217 0.946944118
266.661209312 4.981015205 -0.535758615 11.215848923 -0.040153060 0.310944200 -0.070698217 0.946944118
266.661209312 4.981015205 -0.535758615 11.215848923 -0.040153060 0.310944200 -0.070698217 0.946944118
266.661209312 4.981015205 -0.535758615 11.215848923 -0.040153060 0.310944200 -0.070698217 0.946944118
266.661209312 4.981015205 -0.535758615 11.215848923 -0.040153060 0.310944200 -0.070698217 0.946944118
266.661209312 4.981015205 -0.535758615 11.215848923 -0.040153060 0.310944200 -0.070698217 0.946944118
266.661209312 4.981015205 -0.535758615 11.215848923 -0.040153060 0.310944200 -0.070698217 0.946944118
