3789.447069472 0.000000000 0.000000000 0.000000000 -0.000000000 -0.000000000 -0.000000000 1.000000000
3789.509044288 0.000007070 0.000141565 0.000378064 0.000053081 0.000121881 0.000127875 1.000000000
3789.572040000 0.000117148 0.000089941 0.001150849 0.000611209 -0.000071833 0.000281441 0.999999762
3789.633881984 0.000072055 -0.000121921 0.002903810 0.000038543 -0.000024496 0.000239360 1.000000000
3789.697004448 0.000263657 -0.000077527 0.002799903 -0.000063903 0.000049572 -0.000003022 1.000000000
3789.758859712 -0.000201989 -0.000119567 0.002268177 0.000225956 -0.000080498 -0.000106963 1.000000000
3789.821820928 -0.000001181 -0.000242489 0.002071831 0.000187309 -0.000077194 0.000048022 1.000000000
3789.884021856 0.000001079 -0.000192079 0.002250096 0.000027724 -0.000010961 0.000069890 1.000000000
3789.946951328 -0.000118599 -0.000215524 0.002099756 0.000090515 -0.000031626 0.000011841 1.000000000
3790.008901472 0.000650937 -0.001122333 0.002502089 0.003863459 -0.000670400 0.002037925 0.999990225
3790.071593568 0.001699361 -0.006721483 0.017570889 0.011939655 0.004270328 0.000430454 0.999919534
3790.134248640 0.000734182 -0.009411034 0.054922711 0.024742393 0.016609456 -0.014303993 0.999453545
3790.197594400 0.004849514 -0.004994035 0.121637993 0.013557410 0.030159974 -0.027142527 0.999084532
3790.258716032 0.012147818 -0.016855069 0.197111934 0.030666353 0.034813091 -0.028338728 0.998521209
3790.321678656 0.021787951 -0.036962282 0.260263622 0.045209862 0.038846381 -0.033031885 0.997675300
3790.383865568 0.028740628 -0.022448227 0.415608317 0.015900278 0.041315474 -0.032781266 0.998481631
3790.446662912 0.053560760 -0.030922720 0.541603088 0.014321473 0.044724077 -0.016056046 0.998767734
3790.509236768 0.068262652 -0.034048520 0.673651338 0.017725268 0.049807195 -0.021424739 0.998371720
3790.572037344 0.082579330 -0.048220981 0.814113379 0.008648891 0.053604100 -0.018960726 0.998344779
3790.634503776 0.095680363 -0.048190851 0.979623139 -0.004541058 0.059129942 -0.029082520 0.997816265
3790.697114496 0.121766455 -0.058909357 1.112133741 0.012880242 0.066125616 -0.004927845 0.997716010
3790.759249216 0.150892362 -0.073024742 1.267778635 0.013383452 0.066326559 0.009625184 0.997661829
3790.822805600 0.162194401 -0.082195252 1.411973953 0.010132738 0.072595850 -0.004462729 0.997299969
3790.884308096 0.170802474 -0.091522083 1.566194415 0.032587111 0.077770025 -0.025256038 0.996118486
3790.946620416 0.217289746 -0.103187688 1.724374056 0.017529352 0.068245664 0.021216448 0.997288942
3791.010231776 0.238086641 -0.119014621 1.873811960 0.029540898 0.063968889 0.003681072 0.997507811
3791.072146080 0.260792673 -0.132677972 2.036043882 0.034147114 0.072163984 -0.013417106 0.996717751
3791.134800480 0.261583060 -0.167217270 2.174473763 0.032096218 0.086217657 -0.026599487 0.995403886
3791.197407904 0.289810210 -0.175136551 2.326448441 0.031075817 0.090856403 -0.035051797 0.994761705
3791.260257760 0.324512184 -0.197049543 2.481995583 0.025081009 0.085714884 -0.025096854 0.995687723
3791.322942624 0.345424086 -0.214568868 2.619653702 0.016567707 0.082995936 -0.037280940 0.995714486
3791.385569376 0.379668802 -0.220195815 2.811585188 0.020481929 0.083977289 -0.030049356 0.995803893
3791.448802784 0.410768718 -0.231602654 2.982629061 0.019965081 0.083286852 -0.029355764 0.995893061
3791.511225632 0.449026078 -0.245485768 3.155472040 0.017467875 0.084678717 -0.016858933 0.996112585
3791.573679136 0.505699694 -0.264131576 3.364847183 0.011305099 0.078554630 -0.015696481 0.996722162
3791.636420800 0.522429883 -0.276117504 3.511545181 0.024560152 0.080918886 -0.001554125 0.996416867
3791.699143232 0.550762773 -0.288075775 3.659027576 0.035229314 0.081492357 0.016851075 0.995908618
3791.761501600 0.581368983 -0.302807987 3.806525707 0.046076573 0.081700243 0.035736635 0.994949758
3791.824250880 0.626751482 -0.320925802 4.047896862 0.022239983 0.086294584 0.010480384 0.995966256
3791.886978720 0.656282246 -0.320650607 4.238359451 0.006124227 0.077359207 -0.001613377 0.996983171
3791.950706816 0.692602038 -0.319115698 4.438866138 -0.015759561 0.072726354 0.006013278 0.997209251
3792.014715104 0.722744346 -0.328410685 4.668553829 -0.017394084 0.065915346 0.001308530 0.997672737
3792.074828896 0.722744346 -0.328410774 4.668553829 -0.017394081 0.065915346 0.001308530 0.997672737
3792.136786848 0.744482100 -0.374966055 4.974048138 0.070216253 0.059614390 -0.005984460 0.995730877
3792.199760480 0.744482100 -0.374966055 4.974048138 0.070216253 0.059614390 -0.005984460 0.995730877
3792.199760480 0.744482100 -0.374966055 4.974048138 0.070216253 0.059614390 -0.005984460 0.995730877
3792.199760480 0.744482100 -0.374966055 4.974048138 0.070216253 0.059614390 -0.005984460 0.995730877
3792.199760480 0.744482100 -0.374966055 4.974048138 0.070216253 0.059614390 -0.005984460 0.995730877
3792.199760480 0.744482100 -0.374966055 4.974048138 0.070216253 0.059614390 -0.005984460 0.995730877
3792.199760480 0.744482100 -0.374966055 4.974048138 0.070216253 0.059614390 -0.005984460 0.995730877
3792.199760480 0.744482100 -0.374966055 4.974048138 0.070216253 0.059614390 -0.005984460 0.995730877
3792.199760480 0.744482100 -0.374966055 4.974048138 0.070216253 0.059614390 -0.005984460 0.995730877
3792.199760480 0.744482100 -0.374966055 4.974048138 0.070216253 0.059614390 -0.005984460 0.995730877
3792.199760480 0.744482100 -0.374966055 4.974048138 0.070216253 0.059614390 -0.005984460 0.995730877
3792.199760480 0.744482100 -0.374966055 4.974048138 0.070216253 0.059614390 -0.005984460 0.995730877
3792.199760480 0.744482100 -0.374966055 4.974048138 0.070216253 0.059614390 -0.005984460 0.995730877
3792.199760480 0.744482100 -0.374966055 4.974048138 0.070216253 0.059614390 -0.005984460 0.995730877
3792.199760480 0.744482100 -0.374966055 4.974048138 0.070216253 0.059614390 -0.005984460 0.995730877
3792.199760480 0.744482100 -0.374966055 4.974048138 0.070216253 0.059614390 -0.005984460 0.995730877
3792.199760480 0.744482100 -0.374966055 4.974048138 0.070216253 0.059614390 -0.005984460 0.995730877
3792.199760480 0.744482100 -0.374966055 4.974048138 0.070216253 0.059614390 -0.005984460 0.995730877
3792.199760480 0.744482100 -0.374966055 4.974048138 0.070216253 0.059614390 -0.005984460 0.995730877
3792.199760480 0.744482100 -0.374966055 4.974048138 0.070216253 0.059614390 -0.005984460 0.995730877
3792.199760480 0.744482100 -0.374966055 4.974048138 0.070216253 0.059614390 -0.005984460 0.995730877
3792.199760480 0.744482100 -0.374966055 4.974048138 0.070216253 0.059614390 -0.005984460 0.995730877
3792.199760480 0.744482100 -0.374966055 4.974048138 0.070216253 0.059614390 -0.005984460 0.995730877
3792.199760480 0.744482100 -0.374966055 4.974048138 0.070216253 0.059614390 -0.005984460 0.995730877
3792.199760480 0.744482100 -0.374966055 4.974048138 0.070216253 0.059614390 -0.005984460 0.995730877
3792.199760480 0.744482100 -0.374966055 4.974048138 0.070216253 0.059614390 -0.005984460 0.995730877
3792.199760480 0.744482100 -0.374966055 4.974048138 0.070216253 0.059614390 -0.005984460 0.995730877
3792.199760480 0.744482100 -0.374966055 4.974048138 0.070216253 0.059614390 -0.005984460 0.995730877
3792.199760480 0.744482100 -0.374966055 4.974048138 0.070216253 0.059614390 -0.005984460 0.995730877
3792.199760480 0.744482100 -0.374966055 4.974048138 0.070216253 0.059614390 -0.005984460 0.995730877
3792.199760480 0.744482100 -0.374966055 4.974048138 0.070216253 0.059614390 -0.005984460 0.995730877
3792.199760480 0.744482100 -0.374966055 4.974048138 0.070216253 0.059614390 -0.005984460 0.995730877
3792.199760480 0.744482100 -0.374966055 4.974048138 0.070216253 0.059614390 -0.005984460 0.995730877
3792.199760480 0.744482100 -0.374966055 4.974048138 0.070216253 0.059614390 -0.005984460 0.995730877
3792.199760480 0.744482100 -0.374966055 4.974048138 0.070216253 0.059614390 -0.005984460 0.995730877
3792.199760480 0.744482100 -0.374966055 4.974048138 0.070216253 0.059614390 -0.005984460 0.995730877
3792.199760480 0.744482100 -0.374966055 4.974048138 0.070216253 0.059614390 -0.005984460 0.995730877
3792.199760480 0.744482100 -0.374966055 4.974048138 0.070216253 0.059614390 -0.005984460 0.995730877
3792.199760480 0.744482100 -0.374966055 4.974048138 0.070216253 0.059614390 -0.005984460 0.995730877
3792.199760480 0.744482100 -0.374966055 4.974048138 0.070216253 0.059614390 -0.005984460 0.995730877
3792.199760480 0.744482100 -0.374966055 4.974048138 0.070216253 0.059614390 -0.005984460 0.995730877
3792.199760480 0.744482100 -0.374966055 4.974048138 0.070216253 0.059614390 -0.005984460 0.995730877
3792.199760480 0.744482100 -0.374966055 4.974048138 0.070216253 0.059614390 -0.005984460 0.995730877
3792.199760480 0.744482100 -0.374966055 4.974048138 0.070216253 0.059614390 -0.005984460 0.995730877
3792.199760480 0.744482100 -0.374966055 4.974048138 0.070216253 0.059614390 -0.005984460 0.995730877
3792.199760480 0.744482100 -0.374966055 4.974048138 0.070216253 0.059614390 -0.005984460 0.995730877
3792.199760480 0.744482100 -0.374966055 4.974048138 0.070216253 0.059614390 -0.005984460 0.995730877
3792.199760480 0.744482100 -0.374966055 4.974048138 0.070216253 0.059614390 -0.005984460 0.995730877
3792.199760480 0.744482100 -0.374966055 4.974048138 0.070216253 0.059614390 -0.005984460 0.995730877
3792.199760480 0.744482100 -0.374966055 4.974048138 0.070216253 0.059614390 -0.005984460 0.995730877
3792.199760480 0.744482100 -0.374966055 4.974048138 0.070216253 0.059614390 -0.005984460 0.995730877
3792.199760480 0.744482100 -0.374966055 4.974048138 0.070216253 0.059614390 -0.005984460 0.995730877
3792.199760480 0.744482100 -0.374966055 4.974048138 0.070216253 0.059614390 -0.005984460 0.995730877
3792.199760480 0.744482100 -0.374966055 4.974048138 0.070216253 0.059614390 -0.005984460 0.995730877
3792.199760480 0.744482100 -0.374966055 4.974048138 0.070216253 0.059614390 -0.005984460 0.995730877
3792.199760480 0.744482100 -0.374966055 4.974048138 0.070216253 0.059614390 -0.005984460 0.995730877
3792.199760480 0.744482100 -0.374966055 4.974048138 0.070216253 0.059614390 -0.005984460 0.995730877
3792.199760480 0.744482100 -0.374966055 4.974048138 0.070216253 0.059614390 -0.005984460 0.995730877
3792.199760480 0.744482100 -0.374966055 4.974048138 0.070216253 0.059614390 -0.005984460 0.995730877
3792.199760480 0.744482100 -0.374966055 4.974048138 0.070216253 0.059614390 -0.005984460 0.995730877
3792.199760480 0.744482100 -0.374966055 4.974048138 0.070216253 0.059614390 -0.005984460 0.995730877
3792.199760480 0.744482100 -0.374966055 4.974048138 0.070216253 0.059614390 -0.005984460 0.995730877
3792.199760480 0.744482100 -0.374966055 4.974048138 0.070216253 0.059614390 -0.005984460 0.995730877
3792.199760480 0.744482100 -0.374966055 4.974048138 0.070216253 0.059614390 -0.005984460 0.995730877
3792.199760480 0.744482100 -0.374966055 4.974048138 0.070216253 0.059614390 -0.005984460 0.995730877
3792.199760480 0.744482100 -0.374966055 4.974048138 0.070216253 0.059614390 -0.005984460 0.995730877
3792.199760480 0.744482100 -0.374966055 4.974048138 0.070216253 0.059614390 -0.005984460 0.995730877
3792.199760480 0.744482100 -0.374966055 4.974048138 0.070216253 0.059614390 -0.005984460 0.995730877
3792.199760480 0.744482100 -0.374966055 4.974048138 0.070216253 0.059614390 -0.005984460 0.995730877
3792.199760480 0.744482100 -0.374966055 4.974048138 0.070216253 0.059614390 -0.005984460 0.995730877
3792.199760480 0.744482100 -0.374966055 4.974048138 0.070216253 0.059614390 -0.005984460 0.995730877
3792.199760480 0.744482100 -0.374966055 4.974048138 0.070216253 0.059614390 -0.005984460 0.995730877
3792.199760480 0.744482100 -0.374966055 4.974048138 0.070216253 0.059614390 -0.005984460 0.995730877
3792.199760480 0.744482100 -0.374966055 4.974048138 0.070216253 0.059614390 -0.005984460 0.995730877
3792.199760480 0.744482100 -0.374966055 4.974048138 0.070216253 0.059614390 -0.005984460 0.995730877
3792.199760480 0.744482100 -0.374966055 4.974048138 0.070216253 0.059614390 -0.005984460 0.995730877
3792.199760480 0.744482100 -0.374966055 4.974048138 0.070216253 0.059614390 -0.005984460 0.995730877
3792.199760480 0.744482100 -0.374966055 4.974048138 0.070216253 0.059614390 -0.005984460 0.995730877
3792.199760480 0.744482100 -0.374966055 4.974048138 0.070216253 0.059614390 -0.005984460 0.995730877
3792.199760480 0.744482100 -0.374966055 4.974048138 0.070216253 0.059614390 -0.005984460 0.995730877
3792.199760480 0.744482100 -0.374966055 4.974048138 0.070216253 0.059614390 -0.005984460 0.995730877
