3378.019678464 0.000000000 0.000000000 0.000000000 -0.000000000 -0.000000000 -0.000000000 1.000000000
3378.056007488 0.000421052 -0.003559865 0.153974205 -0.000614508 -0.005422019 -0.000954849 0.999984682
3378.089055520 -0.001311256 -0.009629013 0.290002346 -0.000149350 -0.009170180 -0.004854547 0.999946177
3378.120708064 -0.002517261 -0.015177167 0.409854591 -0.001525508 -0.012086997 -0.005382317 0.999911308
3378.161969792 -0.005246048 -0.023533989 0.581323743 0.002993586 -0.015544547 -0.006939824 0.999850690
3378.193493952 -0.004263479 -0.025295770 0.724753201 -0.000337822 -0.017062165 -0.008725376 0.999816298
3378.225004832 -0.008904402 -0.026879571 0.854609430 -0.000363876 -0.016752915 -0.012122666 0.999786079
3378.256355904 -0.005673393 -0.031718869 0.994229972 -0.001505832 -0.015833221 -0.011158655 0.999811232
3378.288229088 -0.009234466 -0.035020236 1.127093911 -0.006000455 -0.014352134 -0.012642537 0.999799073
3378.320112192 -0.010981739 -0.032438796 1.267205358 -0.013255686 -0.013589670 -0.011833758 0.999749780
3378.351970112 0.014433449 -0.065426432 1.439385533 -0.020540822 -0.016051076 -0.013730647 0.999565899
3378.383719520 -0.001498450 -0.059339657 1.539068580 -0.018922905 -0.013929507 -0.012593418 0.999644637
3378.415277280 -0.009473754 -0.038646229 1.677552700 -0.017115893 -0.012208766 -0.011591520 0.999711812
3378.449361440 -0.010953222 -0.041368648 1.822239876 -0.013013329 -0.011849087 -0.006783974 0.999822080
3378.481055744 -0.006953454 -0.039176594 1.955394745 -0.009053140 -0.012809004 -0.004729108 0.999865830
3378.514092672 -0.004560963 -0.039885834 2.095773935 -0.010606588 -0.013139213 -0.007109956 0.999832153
3378.548115552 -0.006775497 -0.044224650 2.251845837 -0.008769702 -0.011446645 -0.008802330 0.999857366
3378.579545856 -0.010092186 -0.050037321 2.392751694 -0.006915266 -0.011163082 -0.007403866 0.999886394
3378.611754720 -0.012005353 -0.050065443 2.522349596 -0.008443649 -0.012284652 -0.011885258 0.999818265
3378.643867552 -0.004481373 -0.068866000 2.573164225 -0.007678265 -0.016228111 -0.008378195 0.999803722
3378.675677600 -0.005172434 -0.063421518 2.805627584 -0.001695293 -0.014653189 -0.008388878 0.999856055
3378.707447680 -0.010331322 -0.065152764 2.950281620 -0.001838467 -0.014668572 -0.011198717 0.999828041
3378.740128800 -0.018378638 -0.064355716 3.099279165 0.000779150 -0.014466407 -0.017442569 0.999742925
3378.771993248 -0.014049591 -0.065617912 3.210803509 0.004038759 -0.015556376 -0.014116245 0.999771237
3378.805269408 -0.027349602 -0.068260498 3.393846512 0.002756701 -0.013562771 -0.010258852 0.999851644
3378.805269408 -0.027349602 -0.068260498 3.393846512 0.002756701 -0.013562771 -0.010258852 0.999851644
3378.805269408 -0.027349602 -0.068260498 3.393846512 0.002756701 -0.013562771 -0.010258852 0.999851644
3378.805269408 -0.027349602 -0.068260498 3.393846512 0.002756701 -0.013562771 -0.010258852 0.999851644
3378.805269408 -0.027349602 -0.068260498 3.393846512 0.002756701 -0.013562771 -0.010258852 0.999851644
3378.805269408 -0.027349602 -0.068260498 3.393846512 0.002756701 -0.013562771 -0.010258852 0.999851644
3378.805269408 -0.027349602 -0.068260498 3.393846512 0.002756701 -0.013562771 -0.010258852 0.999851644
3378.805269408 -0.027349602 -0.068260498 3.393846512 0.002756701 -0.013562771 -0.010258852 0.999851644
3378.805269408 -0.027349602 -0.068260498 3.393846512 0.002756701 -0.013562771 -0.010258852 0.999851644
3378.805269408 -0.027349602 -0.068260498 3.393846512 0.002756701 -0.013562771 -0.010258852 0.999851644
3379.125860384 -0.001146998 -0.138373584 4.802451134 0.009222460 0.000936668 -0.019566350 0.999765575
3379.125860384 -0.001146998 -0.138373584 4.802451134 0.009222460 0.000936668 -0.019566350 0.999765575
3379.188360064 0.002723789 -0.149505496 5.084180832 0.007981775 0.003314883 -0.021675326 0.999727726
3379.222019488 0.006803390 -0.164799511 5.228179455 0.009135890 0.004051763 -0.019472621 0.999760449
3379.253895712 0.012033746 -0.169177562 5.376714230 0.010219752 0.004451410 -0.020481674 0.999728143
3379.295822528 0.022388302 -0.171082094 5.544038296 0.012862158 0.004116834 -0.025182271 0.999591649
3379.336553472 0.020200875 -0.186023638 5.753980637 0.009915479 0.006543073 -0.023030665 0.999664187
3379.368006656 0.025305616 -0.197029248 5.895117760 0.007820221 0.009512567 -0.024298105 0.999628961
3379.399918208 0.031380806 -0.204249978 6.034996986 0.012294369 0.012046454 -0.023931025 0.999565423
3379.432119104 0.049074158 -0.205029681 6.061557770 0.011657375 0.012953202 -0.024368634 0.999551177
3379.463957216 0.046273481 -0.218285114 6.308435917 0.011614113 0.014315357 -0.024505746 0.999529719
3379.496065088 0.043590069 -0.227261707 6.475473881 0.014429019 0.015955826 -0.023498690 0.999492407
3379.528070496 0.058408163 -0.233603314 6.595639229 0.011033798 0.015936986 -0.023613531 0.999533296
3379.560966880 0.073447086 -0.240335464 6.726644993 0.010163366 0.013991180 -0.025561564 0.999523699
3379.592802080 0.079477914 -0.240252092 6.986249447 0.015142834 0.013196058 -0.026051883 0.999458790
3379.624506560 0.082391672 -0.244358018 7.135883808 0.010587675 0.013267794 -0.024433112 0.999557376
3379.655860096 0.057618324 -0.244635075 7.364668846 0.015078750 0.014842169 -0.021890420 0.999536455
3379.687513216 0.112497061 -0.268535554 7.269713402 0.012727809 0.011192993 -0.025356673 0.999534786
3379.723612640 0.103170641 -0.279840231 7.478974819 0.008614639 0.012305848 -0.028913749 0.999469042
3379.755178752 0.089579478 -0.286771476 7.747389793 0.011836822 0.015975503 -0.029321902 0.999372244
3379.786530496 0.102868237 -0.287208200 7.889356136 0.008969213 0.015379043 -0.025686121 0.999511540
3379.818998400 0.138615891 -0.291401923 7.829747200 0.011524317 0.012343199 -0.023965221 0.999570191
3379.862613632 0.170137480 -0.304243952 7.864429951 0.013272223 0.013245780 -0.037535924 0.999119341
3379.903285088 0.169350758 -0.341233194 7.972811699 0.012897023 0.017410485 -0.041528665 0.998902380
3379.934777760 0.187550098 -0.331826091 8.159547806 0.018765980 0.014039831 -0.034468148 0.999131024
3379.966167072 0.173917651 -0.290490210 8.020799637 0.017893506 0.011978877 -0.034218799 0.999182403
3379.997578592 0.167953983 -0.337601006 8.099285126 0.016941031 0.008203644 -0.023801520 0.999539495
3380.029077248 0.125186339 -0.283807158 8.071491241 0.018841892 0.007799624 -0.012378803 0.999715447
3380.029077248 0.125186339 -0.283807158 8.071491241 0.018841892 0.007799624 -0.012378803 0.999715447
3380.096833344 0.170618698 -0.447751909 8.311248779 0.014984361 0.010718467 -0.026394557 0.999481857
3380.096833344 0.170618698 -0.447751909 8.311248779 0.014984361 0.010718467 -0.026394557 0.999481857
3380.096833344 0.170618698 -0.447751909 8.311248779 0.014984361 0.010718467 -0.026394557 0.999481857
3380.096833344 0.170618698 -0.447751909 8.311248779 0.014984361 0.010718467 -0.026394557 0.999481857
3380.096833344 0.170618698 -0.447751909 8.311248779 0.014984361 0.010718467 -0.026394557 0.999481857
3380.096833344 0.170618698 -0.447751909 8.311248779 0.014984361 0.010718467 -0.026394557 0.999481857
3380.096833344 0.170618698 -0.447751909 8.311248779 0.014984361 0.010718467 -0.026394557 0.999481857
3380.096833344 0.170618698 -0.447751909 8.311248779 0.014984361 0.010718467 -0.026394557 0.999481857
3380.096833344 0.170618698 -0.447751909 8.311248779 0.014984361 0.010718467 -0.026394557 0.999481857
3380.096833344 0.170618698 -0.447751909 8.311248779 0.014984361 0.010718467 -0.026394557 0.999481857
3380.096833344 0.170618698 -0.447751909 8.311248779 0.014984361 0.010718467 -0.026394557 0.999481857
3380.096833344 0.170618698 -0.447751909 8.311248779 0.014984361 0.010718467 -0.026394557 0.999481857
3380.096833344 0.170618698 -0.447751909 8.311248779 0.014984361 0.010718467 -0.026394557 0.999481857
3380.096833344 0.170618698 -0.447751909 8.311248779 0.014984361 0.010718467 -0.026394557 0.999481857
3380.096833344 0.170618698 -0.447751909 8.311248779 0.014984361 0.010718467 -0.026394557 0.999481857
3380.096833344 0.170618698 -0.447751909 8.311248779 0.014984361 0.010718467 -0.026394557 0.999481857
3380.096833344 0.170618698 -0.447751909 8.311248779 0.014984361 0.010718467 -0.026394557 0.999481857
3380.096833344 0.170618698 -0.447751909 8.311248779 0.014984361 0.010718467 -0.026394557 0.999481857
3380.096833344 0.170618698 -0.447751909 8.311248779 0.014984361 0.010718467 -0.026394557 0.999481857
3380.096833344 0.170618698 -0.447751909 8.311248779 0.014984361 0.010718467 -0.026394557 0.999481857
3380.096833344 0.170618698 -0.447751909 8.311248779 0.014984361 0.010718467 -0.026394557 0.999481857
3380.096833344 0.170618698 -0.447751909 8.311248779 0.014984361 0.010718467 -0.026394557 0.999481857
3380.096833344 0.170618698 -0.447751909 8.311248779 0.014984361 0.010718467 -0.026394557 0.999481857
3380.096833344 0.170618698 -0.447751909 8.311248779 0.014984361 0.010718467 -0.026394557 0.999481857
3380.096833344 0.170618698 -0.447751909 8.311248779 0.014984361 0.010718467 -0.026394557 0.999481857
3380.096833344 0.170618698 -0.447751909 8.311248779 0.014984361 0.010718467 -0.026394557 0.999481857
3380.096833344 0.170618698 -0.447751909 8.311248779 0.014984361 0.010718467 -0.026394557 0.999481857
3380.096833344 0.170618698 -0.447751909 8.311248779 0.014984361 0.010718467 -0.026394557 0.999481857
3380.096833344 0.170618698 -0.447751909 8.311248779 0.014984361 0.010718467 -0.026394557 0.999481857
3380.096833344 0.170618698 -0.447751909 8.311248779 0.014984361 0.010718467 -0.026394557 0.999481857
3380.096833344 0.170618698 -0.447751909 8.311248779 0.014984361 0.010718467 -0.026394557 0.999481857
3380.096833344 0.170618698 -0.447751909 8.311248779 0.014984361 0.010718467 -0.026394557 0.999481857
3380.096833344 0.170618698 -0.447751909 8.311248779 0.014984361 0.010718467 -0.026394557 0.999481857
3380.096833344 0.170618698 -0.447751909 8.311248779 0.014984361 0.010718467 -0.026394557 0.999481857
3380.096833344 0.170618698 -0.447751909 8.311248779 0.014984361 0.010718467 -0.026394557 0.999481857
3380.096833344 0.170618698 -0.447751909 8.311248779 0.014984361 0.010718467 -0.026394557 0.999481857
3380.096833344 0.170618698 -0.447751909 8.311248779 0.014984361 0.010718467 -0.026394557 0.999481857
3380.096833344 0.170618698 -0.447751909 8.311248779 0.014984361 0.010718467 -0.026394557 0.999481857
3380.096833344 0.170618698 -0.447751909 8.311248779 0.014984361 0.010718467 -0.026394557 0.999481857
3380.096833344 0.170618698 -0.447751909 8.311248779 0.014984361 0.010718467 -0.026394557 0.999481857
3380.096833344 0.170618698 -0.447751909 8.311248779 0.014984361 0.010718467 -0.026394557 0.999481857
3380.096833344 0.170618698 -0.447751909 8.311248779 0.014984361 0.010718467 -0.026394557 0.999481857
3380.096833344 0.170618698 -0.447751909 8.311248779 0.014984361 0.010718467 -0.026394557 0.999481857
3380.096833344 0.170618698 -0.447751909 8.311248779 0.014984361 0.010718467 -0.026394557 0.999481857
3380.096833344 0.170618698 -0.447751909 8.311248779 0.014984361 0.010718467 -0.026394557 0.999481857
3380.096833344 0.170618698 -0.447751909 8.311248779 0.014984361 0.010718467 -0.026394557 0.999481857
3380.096833344 0.170618698 -0.447751909 8.311248779 0.014984361 0.010718467 -0.026394557 0.999481857
3380.096833344 0.170618698 -0.447751909 8.311248779 0.014984361 0.010718467 -0.026394557 0.999481857
3380.096833344 0.170618698 -0.447751909 8.311248779 0.014984361 0.010718467 -0.026394557 0.999481857
3380.096833344 0.170618698 -0.447751909 8.311248779 0.014984361 0.010718467 -0.026394557 0.999481857
3380.096833344 0.170618698 -0.447751909 8.311248779 0.014984361 0.010718467 -0.026394557 0.999481857
3380.096833344 0.170618698 -0.447751909 8.311248779 0.014984361 0.010718467 -0.026394557 0.999481857
3380.096833344 0.170618698 -0.447751909 8.311248779 0.014984361 0.010718467 -0.026394557 0.999481857
3380.096833344 0.170618698 -0.447751909 8.311248779 0.014984361 0.010718467 -0.026394557 0.999481857
3380.096833344 0.170618698 -0.447751909 8.311248779 0.014984361 0.010718467 -0.026394557 0.999481857
3380.096833344 0.170618698 -0.447751909 8.311248779 0.014984361 0.010718467 -0.026394557 0.999481857
3380.096833344 0.170618698 -0.447751909 8.311248779 0.014984361 0.010718467 -0.026394557 0.999481857
3380.096833344 0.170618698 -0.447751909 8.311248779 0.014984361 0.010718467 -0.026394557 0.999481857
3380.096833344 0.170618698 -0.447751909 8.311248779 0.014984361 0.010718467 -0.026394557 0.999481857
3380.096833344 0.170618698 -0.447751909 8.311248779 0.014984361 0.010718467 -0.026394557 0.999481857
3380.096833344 0.170618698 -0.447751909 8.311248779 0.014984361 0.010718467 -0.026394557 0.999481857
3380.096833344 0.170618698 -0.447751909 8.311248779 0.014984361 0.010718467 -0.026394557 0.999481857
3380.096833344 0.170618698 -0.447751909 8.311248779 0.014984361 0.010718467 -0.026394557 0.999481857
3380.096833344 0.170618698 -0.447751909 8.311248779 0.014984361 0.010718467 -0.026394557 0.999481857
3380.096833344 0.170618698 -0.447751909 8.311248779 0.014984361 0.010718467 -0.026394557 0.999481857
3380.096833344 0.170618698 -0.447751909 8.311248779 0.014984361 0.010718467 -0.026394557 0.999481857
3380.096833344 0.170618698 -0.447751909 8.311248779 0.014984361 0.010718467 -0.026394557 0.999481857
3380.096833344 0.170618698 -0.447751909 8.311248779 0.014984361 0.010718467 -0.026394557 0.999481857
3380.096833344 0.170618698 -0.447751909 8.311248779 0.014984361 0.010718467 -0.026394557 0.999481857
3380.096833344 0.170618698 -0.447751909 8.311248779 0.014984361 0.010718467 -0.026394557 0.999481857
3380.096833344 0.170618698 -0.447751909 8.311248779 0.014984361 0.010718467 -0.026394557 0.999481857
3380.096833344 0.170618698 -0.447751909 8.311248779 0.014984361 0.010718467 -0.026394557 0.999481857
3380.096833344 0.170618698 -0.447751909 8.311248779 0.014984361 0.010718467 -0.026394557 0.999481857
3380.096833344 0.170618698 -0.447751909 8.311248779 0.014984361 0.010718467 -0.026394557 0.999481857
3380.096833344 0.170618698 -0.447751909 8.311248779 0.014984361 0.010718467 -0.026394557 0.999481857
3380.096833344 0.170618698 -0.447751909 8.311248779 0.014984361 0.010718467 -0.026394557 0.999481857
3380.096833344 0.170618698 -0.447751909 8.311248779 0.014984361 0.010718467 -0.026394557 0.999481857
3380.096833344 0.170618698 -0.447751909 8.311248779 0.014984361 0.010718467 -0.026394557 0.999481857
3380.096833344 0.170618698 -0.447751909 8.311248779 0.014984361 0.010718467 -0.026394557 0.999481857
3380.096833344 0.170618698 -0.447751909 8.311248779 0.014984361 0.010718467 -0.026394557 0.999481857
3380.096833344 0.170618698 -0.447751909 8.311248779 0.014984361 0.010718467 -0.026394557 0.999481857
3380.096833344 0.170618698 -0.447751909 8.311248779 0.014984361 0.010718467 -0.026394557 0.999481857
3380.096833344 0.170618698 -0.447751909 8.311248779 0.014984361 0.010718467 -0.026394557 0.999481857
3380.096833344 0.170618698 -0.447751909 8.311248779 0.014984361 0.010718467 -0.026394557 0.999481857
3380.096833344 0.170618698 -0.447751909 8.311248779 0.014984361 0.010718467 -0.026394557 0.999481857
3380.096833344 0.170618698 -0.447751909 8.311248779 0.014984361 0.010718467 -0.026394557 0.999481857
3380.096833344 0.170618698 -0.447751909 8.311248779 0.014984361 0.010718467 -0.026394557 0.999481857
3380.096833344 0.170618698 -0.447751909 8.311248779 0.014984361 0.010718467 -0.026394557 0.999481857
3380.096833344 0.170618698 -0.447751909 8.311248779 0.014984361 0.010718467 -0.026394557 0.999481857
3380.096833344 0.170618698 -0.447751909 8.311248779 0.014984361 0.010718467 -0.026394557 0.999481857
3380.096833344 0.170618698 -0.447751909 8.311248779 0.014984361 0.010718467 -0.026394557 0.999481857
3380.096833344 0.170618698 -0.447751909 8.311248779 0.014984361 0.010718467 -0.026394557 0.999481857
3380.096833344 0.170618698 -0.447751909 8.311248779 0.014984361 0.010718467 -0.026394557 0.999481857
3380.096833344 0.170618698 -0.447751909 8.311248779 0.014984361 0.010718467 -0.026394557 0.999481857
3380.096833344 0.170618698 -0.447751909 8.311248779 0.014984361 0.010718467 -0.026394557 0.999481857
3380.096833344 0.170618698 -0.447751909 8.311248779 0.014984361 0.010718467 -0.026394557 0.999481857
3380.096833344 0.170618698 -0.447751909 8.311248779 0.014984361 0.010718467 -0.026394557 0.999481857
3380.096833344 0.170618698 -0.447751909 8.311248779 0.014984361 0.010718467 -0.026394557 0.999481857
3380.096833344 0.170618698 -0.447751909 8.311248779 0.014984361 0.010718467 -0.026394557 0.999481857
3380.096833344 0.170618698 -0.447751909 8.311248779 0.014984361 0.010718467 -0.026394557 0.999481857
3380.096833344 0.170618698 -0.447751909 8.311248779 0.014984361 0.010718467 -0.026394557 0.999481857
3380.096833344 0.170618698 -0.447751909 8.311248779 0.014984361 0.010718467 -0.026394557 0.999481857
3380.096833344 0.170618698 -0.447751909 8.311248779 0.014984361 0.010718467 -0.026394557 0.999481857
3380.096833344 0.170618698 -0.447751909 8.311248779 0.014984361 0.010718467 -0.026394557 0.999481857
3380.096833344 0.170618698 -0.447751909 8.311248779 0.014984361 0.010718467 -0.026394557 0.999481857
3380.096833344 0.170618698 -0.447751909 8.311248779 0.014984361 0.010718467 -0.026394557 0.999481857
3380.096833344 0.170618698 -0.447751909 8.311248779 0.014984361 0.010718467 -0.026394557 0.999481857
3380.096833344 0.170618698 -0.447751909 8.311248779 0.014984361 0.010718467 -0.026394557 0.999481857
3380.096833344 0.170618698 -0.447751909 8.311248779 0.014984361 0.010718467 -0.026394557 0.999481857
3380.096833344 0.170618698 -0.447751909 8.311248779 0.014984361 0.010718467 -0.026394557 0.999481857
3380.096833344 0.170618698 -0.447751909 8.311248779 0.014984361 0.010718467 -0.026394557 0.999481857
3380.096833344 0.170618698 -0.447751909 8.311248779 0.014984361 0.010718467 -0.026394557 0.999481857
3380.096833344 0.170618698 -0.447751909 8.311248779 0.014984361 0.010718467 -0.026394557 0.999481857
3380.096833344 0.170618698 -0.447751909 8.311248779 0.014984361 0.010718467 -0.026394557 0.999481857
3380.096833344 0.170618698 -0.447751909 8.311248779 0.014984361 0.010718467 -0.026394557 0.999481857
3380.096833344 0.170618698 -0.447751909 8.311248779 0.014984361 0.010718467 -0.026394557 0.999481857
3380.096833344 0.170618698 -0.447751909 8.311248779 0.014984361 0.010718467 -0.026394557 0.999481857
3380.096833344 0.170618698 -0.447751909 8.311248779 0.014984361 0.010718467 -0.026394557 0.999481857
3380.096833344 0.170618698 -0.447751909 8.311248779 0.014984361 0.010718467 -0.026394557 0.999481857
3380.096833344 0.170618698 -0.447751909 8.311248779 0.014984361 0.010718467 -0.026394557 0.999481857
3380.096833344 0.170618698 -0.447751909 8.311248779 0.014984361 0.010718467 -0.026394557 0.999481857
3380.096833344 0.170618698 -0.447751909 8.311248779 0.014984361 0.010718467 -0.026394557 0.999481857
3380.096833344 0.170618698 -0.447751909 8.311248779 0.014984361 0.010718467 -0.026394557 0.999481857
3380.096833344 0.170618698 -0.447751909 8.311248779 0.014984361 0.010718467 -0.026394557 0.999481857
3380.096833344 0.170618698 -0.447751909 8.311248779 0.014984361 0.010718467 -0.026394557 0.999481857
3380.096833344 0.170618698 -0.447751909 8.311248779 0.014984361 0.010718467 -0.026394557 0.999481857
3380.096833344 0.170618698 -0.447751909 8.311248779 0.014984361 0.010718467 -0.026394557 0.999481857
3380.096833344 0.170618698 -0.447751909 8.311248779 0.014984361 0.010718467 -0.026394557 0.999481857
3380.096833344 0.170618698 -0.447751909 8.311248779 0.014984361 0.010718467 -0.026394557 0.999481857
3380.096833344 0.170618698 -0.447751909 8.311248779 0.014984361 0.010718467 -0.026394557 0.999481857
3380.096833344 0.170618698 -0.447751909 8.311248779 0.014984361 0.010718467 -0.026394557 0.999481857
3380.096833344 0.170618698 -0.447751909 8.311248779 0.014984361 0.010718467 -0.026394557 0.999481857
3380.096833344 0.170618698 -0.447751909 8.311248779 0.014984361 0.010718467 -0.026394557 0.999481857
3380.096833344 0.170618698 -0.447751909 8.311248779 0.014984361 0.010718467 -0.026394557 0.999481857
