28 2240400730272 2240.400730272
29 2240650619328 2240.650619328
30 2240900399776 2240.900399776
31 2241150490432 2241.150490432
32 2241401200448 2241.401200448
33 2241650431648 2241.650431648
34 2241901409376 2241.901409376
35 2242151836256 2242.151836256
36 2242400524160 2242.4005241600003
37 2242649903744 2242.6499037440003
38 2242902156768 2242.902156768
39 2243150524352 2243.150524352
40 2243400771712 2243.4007717120003
41 2243648779040 2243.64877904
42 2243900727168 2243.9007271680002
45 2244647952640 2244.6479526400003
49 2245647139072 2245.6471390720003
