23 3092604943840 3092.60494384
24 3092855398784 3092.855398784
25 3093105219840 3093.1052198400002
26 3093355408960 3093.35540896
27 3093605243520 3093.6052435200004
28 3093855300448 3093.855300448
29 3094105301184 3094.1053011840004
30 3094355852448 3094.3558524480004
31 3094605092224 3094.605092224
32 3094855596512 3094.8555965120004
33 3095105542848 3095.1055428480004
34 3095355419968 3095.355419968
35 3095605506720 3095.60550672
36 3095855168512 3095.855168512
37 3096105203264 3096.105203264
38 3096355367744 3096.355367744
39 3096605834592 3096.605834592
40 3096854972672 3096.8549726720003
42 3097355747136 3097.355747136
