1698.810758848 0.000000000 0.000000000 0.000000000 0.000000000 0.000000000 0.000000000 1.000000000
1698.935706848 -0.003145781 -0.000786093 0.003875691 0.010370995 -0.001579683 -0.006370138 0.999924660
1699.060422976 -0.005222654 -0.001434357 0.087828234 0.017523605 -0.002252375 -0.016120395 0.999713957
1699.185851968 -0.008118109 -0.011267772 0.249774992 0.013545463 -0.016747275 -0.017019639 0.999623120
1699.310832288 -0.024700861 -0.015159310 0.480385602 0.004084237 -0.002727521 -0.026137566 0.999646306
1699.435760160 -0.028866904 -0.002587968 0.762723088 -0.019831499 0.019016163 -0.025012076 0.999309540
1699.560976480 -0.005648257 -0.009411134 1.036425829 0.002255553 0.014772950 0.001688224 0.999886930
1699.685516896 -0.010222211 0.000107938 1.358766913 0.010232638 -0.006362175 -0.005242398 0.999913692
1699.810897888 -0.005061258 -0.036567688 1.679532528 0.012630826 -0.030029003 0.015472513 0.999349415
1699.935771136 -0.031399429 -0.044195451 2.027083397 0.023831230 -0.042963795 0.017697005 0.998635590
1700.060776864 -0.079306021 -0.064119160 2.374034405 0.014616493 -0.056855068 -0.020094626 0.998073161
1700.185637760 -0.105909571 -0.080127575 2.722659826 0.014493555 -0.035368059 -0.003011780 0.999264717
1700.310936736 -0.128192574 -0.083872229 3.116320848 0.001591302 -0.031829473 0.003662788 0.999485314
1700.436458688 -0.149330720 -0.098273173 3.516644716 -0.004729175 -0.034023069 0.022840735 0.999148786
1700.561825504 -0.180653453 -0.108028263 3.919588327 0.000694981 -0.033359095 0.026304523 0.999096990
1700.686958048 -0.219678208 -0.107085079 4.356548309 -0.021840816 -0.033312712 0.033853605 0.998632669
1700.812490624 -0.257287502 -0.103022031 4.799745560 -0.029327687 -0.035608534 0.031706098 0.998432040
1700.937557664 -0.301337659 0.165262967 5.192575455 0.087665901 -0.023940470 -0.016652089 0.995723009
1701.063108192 -0.326024145 0.087091565 5.632707119 0.079321876 -0.029919297 -0.017544515 0.996245503
1701.188454976 -0.378206313 -0.002802096 6.093205929 0.053370658 -0.029164532 -0.019982519 0.997948766
1701.313752928 -0.423956722 -0.019207083 6.494973183 0.068133436 -0.023895334 -0.006288426 0.997370183
1701.438976640 -0.453023702 -0.084126927 6.975192070 0.048306514 -0.023331543 -0.003158133 0.998555005
1701.563678912 -0.495819896 -0.098610058 7.479170799 -0.013436598 -0.038779762 -0.016313775 0.999024272
1701.688543296 -0.563343108 -0.042623281 7.985307217 0.026321292 -0.015116929 -0.010311226 0.999486029
1701.814253088 -0.578965008 -0.086398989 8.489865303 0.033969052 -0.018422240 -0.004566022 0.999242663
1701.938864928 -0.610877514 -0.130467162 9.011561394 0.027687175 -0.021973100 -0.006234766 0.999355674
1702.063414048 -0.648238182 -0.169644564 9.537236214 0.037020769 -0.022305569 -0.009251338 0.999022663
1702.188378528 -0.718561172 -0.284763843 9.977826118 -0.009284254 -0.026659638 -0.028961483 0.999181807
1702.314588928 -0.776283681 -0.305864960 10.515519142 0.011040471 -0.034272861 -0.030133737 0.998897135
1702.438095648 -0.830335379 -0.338356018 11.074645996 0.012413605 -0.036104824 -0.026691096 0.998914361
1702.563840000 -0.884753823 -0.367623478 11.651151657 0.015882039 -0.039946999 -0.024912547 0.998764932
1702.688779424 -0.946073592 -0.402909636 12.236289024 0.017296771 -0.041052628 -0.023509415 0.998730540
1702.813825920 -1.001644015 -0.439750195 12.825407028 0.019105272 -0.039004862 -0.020234318 0.998851418
1702.938452000 -1.054560542 -0.481312215 13.424762726 0.022586301 -0.037787478 -0.014380769 0.998926997
1703.063412448 -1.109820247 -0.527037323 14.030437469 0.024290118 -0.034703717 -0.010663753 0.999045491
1703.188718720 -1.153910875 -0.584854186 14.634023666 0.028736850 -0.037731886 -0.009722824 0.998827279
1703.313855648 -1.208948970 -0.636196792 15.246898651 0.023814814 -0.036184646 -0.009796853 0.999013305
1703.438450080 -1.272179604 -0.690960824 15.852966309 0.029456615 -0.047156531 -0.010524143 0.998397589
1703.565201888 -1.345533609 -0.746148527 16.460731506 0.025559992 -0.047910053 -0.009143920 0.998482704
1703.689020672 -1.412867188 -0.796485126 17.086019516 0.028355829 -0.046886597 -0.008187207 0.998464108
1703.813929056 -1.484806299 -0.844980717 17.707502365 0.023685424 -0.049190041 -0.009878025 0.998459697
1703.938378016 -1.550003886 -0.892202258 18.327175140 0.023612602 -0.051530622 -0.011956813 0.998320639
1704.063801376 -1.608889103 -0.943782568 18.959802628 0.028998960 -0.053954296 -0.010577556 0.998066187
1704.188638720 -1.673865318 -0.984941185 19.593822479 0.034154415 -0.054478209 -0.008591009 0.997893691
1704.313675648 -1.757003903 -1.039343834 20.225349426 0.035928078 -0.055706207 -0.012253103 0.997725368
1704.438666816 -1.843809843 -1.101013422 20.866344452 0.036590505 -0.057700366 -0.014661641 0.997555435
1704.563823808 -1.928086638 -1.166878939 21.499204636 0.040710136 -0.059942756 -0.016752308 0.997230649
1704.688354112 -2.000423670 -1.248008728 22.105138779 0.042756204 -0.062744685 -0.022275208 0.996864498
1704.813334400 -2.082855940 -1.312980652 22.734375000 0.045925878 -0.066769108 -0.025595674 0.996382236
1704.938722432 -2.175796747 -1.390214086 23.355997086 0.048463970 -0.071080133 -0.030714693 0.995818973
1705.063480832 -2.275910616 -1.483576655 23.941537857 0.052899435 -0.067779481 -0.033108268 0.995746672
1705.188357056 -2.363472700 -1.571292162 24.509481430 0.056567892 -0.064482905 -0.031702362 0.995809734
1705.313447136 -2.218958616 -1.661491990 24.779930115 0.056621499 -0.056901652 -0.033818047 0.996199071
1705.438394688 -2.053671598 -1.756530046 25.019548416 0.052944779 -0.050952405 -0.033777844 0.996724546
1705.563381344 -1.881159544 -1.842034817 25.252180099 0.054662727 -0.043804545 -0.038005754 0.996819317
1705.688354688 -1.881159544 -1.842034817 25.252180099 0.054662727 -0.043804545 -0.038005754 0.996819317
1705.813483072 -1.875772715 -1.851089358 25.235494614 0.052724387 -0.043712318 -0.040100001 0.996845722
1705.938389472 -1.868325353 -1.858276010 25.228876114 0.051605053 -0.044123203 -0.041342802 0.996835411
1706.063905728 -1.836340070 -1.849454284 25.171360016 0.056277927 -0.040633630 -0.048688311 0.996399105
1706.188758176 -1.330551744 -2.028563976 24.401544571 0.005902410 -0.043927263 -0.034165882 0.998432875
1706.313430592 -1.674150944 -2.006891966 24.706638336 0.008067133 -0.035792060 -0.011558650 0.999259830
1706.438990208 -2.000202894 -1.999344230 24.992841721 0.012232454 -0.028322291 0.014692977 0.999415994
1706.563572256 -2.297731400 -2.126991987 24.949388504 -0.009655564 -0.017894560 0.046989631 0.998688400
1706.688423648 -2.581614971 -2.219508648 24.949256897 -0.018484285 -0.017237565 0.049915485 0.998433590
1706.813348576 -2.868160963 -2.336662769 24.994626999 -0.040423080 -0.012698942 0.057202403 0.997463107
1706.938214688 -3.149259806 -2.283516169 25.117040634 -0.009804815 -0.004292571 0.057525326 0.998286664
1707.063427232 -3.377068043 -2.348565102 25.313920975 -0.011876805 0.001606143 0.061988007 0.998004973
1707.188410240 -3.087940693 -2.258073330 26.291271210 -0.014575186 -0.008542661 0.069587424 0.997432768
1707.313362048 -3.286864281 -2.214742422 26.577083588 0.004438893 -0.007309918 0.077943951 0.996921062
1707.438711296 -3.310428619 -2.264916420 26.940525055 -0.024164332 -0.010554048 0.072247036 0.997038126
1707.564066368 -3.334842205 -2.253500938 27.376207352 -0.037970323 -0.017325200 0.074436851 0.996351957
1707.688357056 -3.354344606 -2.237292290 27.854789734 -0.027387086 -0.029433951 0.073731773 0.996467352
1707.813324320 -3.398233891 -2.212553978 28.378932953 -0.036001295 -0.029262209 0.064990520 0.996806800
1707.938409984 -3.426152229 -2.182091475 28.977352142 -0.023987466 -0.035438973 0.081503466 0.995753944
1708.063849376 -3.472520828 -2.188571453 29.449539185 -0.023337016 -0.043657977 0.082941756 0.995324075
1708.188402592 -3.527121067 -2.181361675 29.994840622 -0.011658950 -0.045342475 0.090877637 0.994760990
1708.313350304 -3.572850704 -2.219193459 30.491922379 -0.027999414 -0.052127589 0.092480913 0.993954718
1708.438473824 -3.630198717 -2.219247341 30.984121323 -0.018753873 -0.055137027 0.089603141 0.994273365
1708.563376128 -3.688637495 -2.214998007 31.485912323 -0.014949728 -0.059217457 0.092468038 0.993840754
1708.688583520 -3.756692410 -2.220119476 31.988847733 -0.018896630 -0.057197332 0.080694124 0.994916975
1708.813645920 -3.823910952 -2.219555616 32.504207611 -0.018827006 -0.052059475 0.086203821 0.994738281
1708.938649568 -3.885575294 -2.220721006 33.019466400 -0.019797105 -0.052594505 0.092311762 0.994143069
1709.063459552 -3.945333719 -2.209372759 33.530799866 -0.025600133 -0.047015697 0.088314451 0.994653046
1709.188802432 -3.999595642 -2.205270290 34.026340485 -0.024055867 -0.054623730 0.091785878 0.993988395
1709.313802880 -4.072732925 -2.195100069 34.546241760 -0.036359731 -0.065597363 0.085627548 0.993500352
1709.438464192 -4.160510063 -2.167661428 35.065326691 -0.022327984 -0.069546543 0.068753310 0.994956195
1709.563368736 -4.243171215 -2.161130428 35.574386597 -0.026087401 -0.073691487 0.059558582 0.995159149
1709.688412864 -4.333873272 -2.150403261 36.092075348 -0.021575138 -0.074928090 0.059873547 0.995155990
1709.813322400 -4.428447723 -2.150478125 36.602924347 -0.024334673 -0.081209250 0.062572703 0.994433284
1709.938458976 -4.504356861 -2.136405706 37.075695038 -0.043633986 -0.085392207 0.064031258 0.993329883
1710.063827392 -4.605966091 -2.107109785 37.595825195 -0.047841083 -0.084906980 0.061742853 0.993322611
1710.188575680 -4.713014603 -2.081552267 38.138832092 -0.059667923 -0.083095700 0.066420518 0.992533684
1710.314044160 -4.813733101 -2.041522264 38.679039001 -0.063252755 -0.085207090 0.073008783 0.991669595
1710.438772256 -4.901940823 -2.016395092 39.134624481 -0.060683008 -0.086589351 0.075200863 0.991546631
1710.563971744 -4.978933811 -1.991478920 39.529308319 -0.057028413 -0.085096285 0.072281644 0.992109716
1710.688454336 -5.043222904 -1.972580194 39.841049194 -0.056543939 -0.082519092 0.069407932 0.992560267
1710.814434560 -5.093265057 -1.959725022 40.082103729 -0.056377221 -0.076478504 0.063130930 0.993472278
1710.938404832 -5.130172253 -1.951210856 40.269783020 -0.054857127 -0.077380091 0.067953438 0.993169367
1711.063594400 -5.152862072 -1.944497108 40.403743744 -0.055308789 -0.078054249 0.070889831 0.992886245
1711.188694528 -5.171667576 -1.940446615 40.498546600 -0.051089186 -0.079983383 0.071553327 0.992911220
1711.313647744 -5.185161591 -1.939065576 40.565387726 -0.047738552 -0.079366021 0.067755073 0.993393838
1711.438402304 -5.191815853 -1.936150789 40.612583160 -0.048651971 -0.077573784 0.069078200 0.993399978
1711.563713440 -5.198976040 -1.935309649 40.641326904 -0.048076190 -0.077049680 0.067621708 0.993569016
1711.689065696 -5.200984955 -1.934543729 40.660438538 -0.046984881 -0.077009961 0.069516614 0.993493497
1711.813454752 -5.203059196 -1.932896256 40.677188873 -0.046492942 -0.077063844 0.070328951 0.993455291
1711.938523648 -5.205504894 -1.931901932 40.692821503 -0.046246383 -0.077803247 0.071195386 0.993347466
1712.063597088 -5.207213402 -1.930982947 40.707958221 -0.046347063 -0.078404717 0.072331809 0.993213356
1712.188450880 -5.208851337 -1.930686712 40.720306396 -0.046058279 -0.078604952 0.073309794 0.993139267
1712.313884000 -5.209917545 -1.930399776 40.728599548 -0.045414679 -0.078775339 0.074059859 0.993099749
1712.438492832 -5.210521698 -1.930202603 40.732658386 -0.045077011 -0.078918517 0.074293472 0.993086338
1712.563384448 -5.210597515 -1.930044293 40.733062744 -0.045227304 -0.078948602 0.074263550 0.993079305
1712.688381728 -5.210483074 -1.930032492 40.732036591 -0.045233976 -0.078949459 0.074217990 0.993082345
1712.814092032 -5.210448265 -1.930090308 40.731842041 -0.045230322 -0.078951977 0.074230239 0.993081391
1712.938621184 -5.210483074 -1.930054784 40.732204437 -0.045206953 -0.078945652 0.074262433 0.993080556
1713.063522656 -5.210519791 -1.930065751 40.732307434 -0.045204602 -0.078951009 0.074253261 0.993080914
