1051.112329248 0.000000000 0.000000000 0.000000000 0.000000000 0.000000000 0.000000000 1.000000000
1051.362728352 0.006475119 -0.000924090 0.035599943 0.007926486 0.001506565 0.006406610 0.999946952
1051.613672896 0.008880703 -0.026734320 0.144397691 0.007502064 0.007884072 0.011696273 0.999872386
1051.862841056 0.113321111 -0.055307798 0.690677226 0.012449093 -0.000933646 0.004434737 0.999912202
1052.112667424 0.096893832 -0.083676144 1.328415751 0.006350526 -0.013991711 -0.001421981 0.999880910
1052.362652096 -0.021311015 -0.065678902 2.020056963 0.010474674 0.004159781 -0.000931941 0.999936044
1052.612426880 -0.043892857 -0.048634659 2.770833969 0.002344711 -0.003389006 -0.004460324 0.999981523
1052.862482496 -0.033158727 -0.091287680 3.232642889 -0.000996509 -0.000744063 -0.005615344 0.999983430
1053.112675936 0.018077247 -0.099934913 3.949375391 -0.003586103 0.001011533 -0.001083615 0.999992430
1053.362370624 0.011579886 -0.103612393 4.766695976 -0.011669558 -0.013065553 -0.014047202 0.999747872
1053.612654432 -0.061120793 -0.094868958 5.578595638 -0.008421282 0.000496754 -0.005701988 0.999948144
1053.862703328 -0.084863253 -0.116775095 6.468926430 -0.004718491 0.024339808 -0.001589726 0.999691367
1054.112631392 -0.029557906 -0.144586384 7.416823864 0.008003844 0.028492529 0.002512334 0.999558806
1054.362981760 0.066849388 0.006613433 8.083300591 0.022181220 0.030844539 0.017142400 0.999131024
1054.612452704 0.223330915 -0.078454405 8.618535995 -0.028528901 0.003294578 0.006032054 0.999569356
1054.862648864 0.229398042 0.067640960 9.239820480 -0.005434412 0.002214547 0.000856676 0.999982417
1055.112578176 0.213513434 0.159899682 9.889069557 0.011349270 0.015231542 -0.001928940 0.999817729
1055.362236544 0.286483288 0.255007625 10.255823135 0.027588597 0.020680750 -0.000230420 0.999405384
1055.612612512 0.357549846 0.317822188 10.320989609 0.026197845 0.033250932 0.010010341 0.999053478
1055.862710592 0.424956352 0.352539420 10.384160995 0.016003277 0.048227813 0.026982648 0.998343587
1056.112672384 0.735490441 0.496760964 10.703799248 0.015421555 0.036642034 0.010633768 0.999152839
1056.362668224 1.074026585 0.653146923 10.988805771 0.028648589 0.008092710 0.009792927 0.999508798
1056.612612096 1.401220798 0.635450542 11.399623871 -0.014987576 -0.010491502 0.009681048 0.999785781
1056.862893216 1.140132070 0.580664754 11.147781372 -0.004537452 -0.003118043 -0.002009672 0.999982834
1057.112720128 0.859044492 0.446918845 10.897692680 -0.012902661 0.006464688 -0.014533211 0.999790251
1057.362502688 0.710138381 0.286943227 10.991710663 -0.024156151 0.016874311 -0.033437435 0.999006331
1057.612617568 0.840711057 0.195042342 11.456658363 -0.021336082 0.011275382 -0.046259932 0.998637915
1057.862693408 0.992267251 0.058439657 11.966217041 -0.034893069 0.001148773 -0.058982372 0.997648358
1058.112301408 1.233194351 -0.076853544 12.640818596 -0.041421041 -0.024984084 -0.070727423 0.996322095
1058.362445152 1.366707206 -0.207063094 13.343291283 -0.057827279 -0.041305874 -0.072395146 0.994841099
1058.612618144 1.472993970 -0.307396978 14.054514885 -0.074264318 -0.060136553 -0.071606949 0.992844820
1058.862496992 1.608588696 -0.306789070 14.786023140 -0.079334930 -0.094948024 -0.049204230 0.991095245
1059.112676960 1.579742789 -0.280161262 15.413789749 -0.085921139 -0.107283860 -0.035360303 0.989877462
1059.362754688 1.527542233 -0.224639624 15.954935074 -0.092617080 -0.117354631 -0.026501594 0.988406658
1059.612653856 1.450311184 -0.171049640 16.486856461 -0.095698059 -0.124280073 -0.024671637 0.987313330
1059.863083136 1.372739196 -0.124444574 17.028947830 -0.099124603 -0.131849647 -0.024789067 0.985989571
1060.112730464 1.287170053 -0.089921013 17.565336227 -0.108926713 -0.140726164 -0.031962026 0.983518958
1060.362536736 1.782030106 -0.267274439 17.787322998 -0.115782298 -0.150654241 -0.041905776 0.980888188
1060.612651424 1.607280254 -0.324191213 18.400756836 -0.113566093 -0.153227121 -0.034480605 0.981037855
1060.862730048 1.607280254 -0.324191213 18.400756836 -0.113566093 -0.153227121 -0.034480605 0.981037855
1061.112181664 1.564680338 -0.368258595 18.289485931 -0.110216618 -0.156219229 -0.031405155 0.981051266
1061.362516896 1.564680338 -0.368258595 18.289485931 -0.110216618 -0.156219229 -0.031405155 0.981051266
1061.612582848 1.564680338 -0.368258595 18.289485931 -0.110216618 -0.156219229 -0.031405155 0.981051266
1061.862705280 1.564680338 -0.368258595 18.289485931 -0.110216618 -0.156219229 -0.031405155 0.981051266
1062.112640096 0.847018123 -0.720017791 16.614770889 -0.021010393 -0.169156134 0.130815327 0.976643324
1062.362482720 -1.895524859 -0.860299230 8.850270271 -0.037357278 -0.173134640 0.117098294 0.977198482
1062.613024064 -4.523857594 -1.215440273 0.881915569 -0.048147038 -0.178391501 0.113693930 0.976182342
1062.862367232 -4.721120834 -1.077162981 2.268220425 -0.029142909 -0.146057978 0.119778350 0.981565535
1063.112601952 -4.521342278 -1.459999561 1.776243567 -0.063431054 -0.161249027 0.107689030 0.978967965
1063.362472512 -4.168970585 -1.186253071 1.958829999 -0.047772810 -0.198147655 0.103646047 0.973505437
1063.612446496 -4.086148262 -0.964080691 2.435679436 -0.050476175 -0.228871390 0.114118375 0.965425789
1063.862748768 -4.116202354 -0.776579440 2.683237076 -0.024405198 -0.215579271 0.111720823 0.969767213
1064.112606816 -4.086462021 -0.678229690 2.974402666 -0.025688313 -0.225646034 0.088975407 0.969797611
1064.362372800 -4.193454266 -0.569446683 3.324243307 -0.036277466 -0.227835268 0.095272444 0.968348145
1064.612300320 -4.325685501 -0.429775417 3.692923069 -0.037356831 -0.231344953 0.099853583 0.967012525
1064.863104320 -4.512465477 -0.293359488 4.118129730 -0.033483006 -0.237623930 0.097216502 0.965899944
1065.112645120 -4.781156063 -0.169039384 4.268258095 -0.039309382 -0.227884248 0.120394357 0.965416372
1065.362622144 -5.092476845 0.077229440 4.858372688 -0.031787708 -0.213735461 0.104659989 0.970748663
1065.612754496 -5.174587727 0.115586683 5.045167446 -0.022677979 -0.208594427 0.099741288 0.972638547
1065.862556640 -5.238277912 0.096524857 5.226021290 -0.039006129 -0.214777574 0.108144790 0.969873071
1066.112396256 -5.326678753 0.120262086 5.366190434 -0.035654943 -0.206083491 0.096304625 0.973130882
1066.362691232 -5.333240986 0.111402281 5.401384830 -0.041263100 -0.204265088 0.103749223 0.972527266
1066.612991744 -5.334877491 0.112337209 5.403330803 -0.040927578 -0.202976853 0.102595732 0.972933471
1066.862726816 -5.324111462 0.111769699 5.375131130 -0.036477055 -0.206244618 0.104383104 0.972232878
1067.112964160 -5.330233574 0.112750024 5.392610550 -0.038783345 -0.203285336 0.105262130 0.972671986
1067.362648832 -5.327121258 0.112626486 5.383986950 -0.037204560 -0.204920724 0.105396241 0.972375929
1067.612347552 -5.327524185 0.112894885 5.385188580 -0.037360419 -0.204739392 0.105477497 0.972399354
1067.862798080 -5.328090191 0.112951785 5.386946201 -0.037642650 -0.204283416 0.105483994 0.972483695
1068.112255840 -5.327938080 0.112874746 5.386034012 -0.037496462 -0.204453975 0.105397530 0.972462773
1068.362352288 -5.327938080 0.112874746 5.386034012 -0.037496462 -0.204453975 0.105397530 0.972462773
1068.612012640 -5.327938080 0.112874746 5.386034012 -0.037496462 -0.204453975 0.105397530 0.972462773
1068.861637184 -5.327938080 0.112874746 5.386034012 -0.037496462 -0.204453975 0.105397530 0.972462773
1069.111293728 -5.327938080 0.112874746 5.386034012 -0.037496462 -0.204453975 0.105397530 0.972462773
1069.360599200 -5.327938080 0.112874746 5.386034012 -0.037496462 -0.204453975 0.105397530 0.972462773
1069.611725312 -5.327918053 0.112937748 5.385867596 -0.037475944 -0.204444572 0.105379537 0.972467542
1069.860886016 -5.327918530 0.113003090 5.385790825 -0.037454940 -0.204441279 0.105359428 0.972471237
1070.111074816 -5.327916622 0.113030508 5.385797024 -0.037446771 -0.204443589 0.105354898 0.972471535
1070.360670272 -5.327900410 0.113026433 5.385750771 -0.037444342 -0.204439968 0.105348676 0.972473085
1070.610346016 -5.327918053 0.113014229 5.385715485 -0.037435602 -0.204438508 0.105334893 0.972475231
1070.860754464 -5.327925682 0.113011263 5.385710716 -0.037430793 -0.204434335 0.105318733 0.972478032
1071.111041728 -5.327923775 0.113034770 5.385744095 -0.037430778 -0.204433441 0.105310366 0.972479105
