2881.931041600 0.000000000 0.000000000 0.000000000 0.000000000 0.000000000 0.000000000 1.000000000
2881.993979008 0.000129681 0.001725255 -0.000384461 0.000320330 -0.000176229 0.000563279 0.999999762
2882.056789600 0.002310297 -0.000500508 0.008236395 0.002592851 0.001137088 0.000812157 0.999995649
2882.116010368 0.005371673 -0.003963577 0.030591838 0.000980418 0.002140065 0.003165114 0.999992192
2882.180033056 -0.000151094 -0.017690463 0.072816022 -0.002311106 0.002823712 0.000840239 0.999992967
2882.243986656 0.002017400 -0.021650404 0.133751392 0.001906989 0.001199711 0.006498236 0.999976337
2882.305616096 0.002423096 -0.026089981 0.206803590 0.003823200 -0.002505338 0.006601704 0.999967754
2882.367669920 0.000849600 -0.041367024 0.285151184 0.011180806 -0.004223798 0.009528684 0.999883175
2882.430305664 0.009542739 -0.038841046 0.390850425 0.006922313 -0.004765147 0.017937431 0.999803782
2882.494501280 0.013972520 -0.050844394 0.503805935 0.019747103 -0.004844471 0.006227537 0.999773860
2882.554796896 0.017262757 -0.054812293 0.631782711 0.022705268 -0.002746899 0.005457892 0.999723554
2882.616308448 0.014542883 -0.067013942 0.784917116 0.013274779 -0.002295119 0.006819087 0.999885976
2882.680329280 0.018402293 -0.079807185 0.937509418 0.008853505 -0.005728434 0.005631939 0.999928534
2882.744984704 0.021468231 -0.087176792 1.097548127 0.007754243 -0.008150626 0.003045625 0.999932051
2882.805897280 0.022374546 -0.093893006 1.259481549 0.004834833 -0.008959214 -0.002131487 0.999945879
2882.866861696 0.043678515 -0.107137032 1.415730476 0.010399308 -0.008185456 0.005521098 0.999897182
2882.930355616 0.040325407 -0.111994289 1.591270089 0.004628434 -0.007387376 -0.000494700 0.999961853
2882.993974592 0.035868976 -0.113354348 1.773413301 0.008329436 -0.005849169 0.001808773 0.999946535
2883.055365184 0.037766572 -0.117660426 1.964069724 0.001565665 -0.002999635 0.009347604 0.999950588
2883.116118272 0.032927103 -0.116702139 2.164776802 -0.005664018 0.002641297 0.002079152 0.999978304
2883.180494432 0.028004520 -0.120990947 2.364825487 0.000755943 0.002616592 -0.002563062 0.999992967
2883.243907040 -0.006988559 -0.129506662 2.572181940 -0.005656101 -0.004589634 -0.004933982 0.999961317
2883.305452288 -0.008742215 -0.130192727 2.775686026 -0.003639130 -0.014567313 -0.002815769 0.999883294
2883.369095328 -0.012005316 -0.134465009 2.991159439 -0.008039820 -0.013854598 -0.010365831 0.999817967
2883.430086144 -0.016951226 -0.135130808 3.201829433 -0.009705193 -0.006062662 -0.011152790 0.999872327
2883.494296480 -0.012003196 -0.140076265 3.416106224 -0.007323032 0.003192314 -0.000134122 0.999968052
2883.556120896 -0.012602632 -0.138917536 3.632960796 -0.004162462 0.009306880 -0.004221994 0.999939144
2883.615816832 -0.008592371 -0.142251745 3.848942995 -0.011010151 0.011946787 0.001889586 0.999866247
2883.680529568 -0.003472043 -0.145293295 4.078268051 -0.012542225 0.011873515 0.004252958 0.999841809
2883.743959104 -0.000741150 -0.143836543 4.307513714 -0.011793609 0.015711568 0.006246180 0.999787509
2883.804919968 0.003572196 -0.145602301 4.532207489 -0.013267132 0.017683269 0.002443031 0.999752641
2883.868005376 0.003060617 -0.157117128 4.746674538 -0.001609923 0.016367914 -0.006378116 0.999844372
2883.931081472 0.031187277 -0.163621530 4.935247421 -0.020778108 0.011446396 0.003009032 0.999714077
2883.998775360 0.062043656 -0.150023684 5.123587132 -0.011685678 0.009265804 -0.004120970 0.999880314
2884.059786112 0.060221989 -0.156187788 5.356841564 -0.005238113 0.015476956 -0.012583555 0.999787331
2884.121868064 0.073312789 -0.152022779 5.588607788 -0.015560698 0.016277010 -0.006149359 0.999727488
2884.184795808 0.075229749 -0.159141034 5.862125397 -0.002556610 0.020405717 -0.006316566 0.999768615
2884.248781248 0.066292815 -0.181171611 6.138350487 -0.018499268 0.023909321 0.002396680 0.999540091
2884.316727200 0.076862022 -0.178728133 6.401246071 -0.014740014 0.025280558 0.001203524 0.999570966
2884.379082240 0.093871422 -0.187048718 6.642846584 -0.010600003 0.029117620 0.009797435 0.999471784
2884.442413632 0.078057945 -0.185374513 6.892416954 -0.006494905 0.037038021 -0.000918629 0.999292314
2884.506581952 0.099021345 -0.192340329 7.138306618 -0.004035062 0.039218098 0.009859879 0.999173880
2884.566751520 0.110326387 -0.196419209 7.374754906 -0.008632970 0.035245232 0.003361875 0.999335766
2884.626766048 0.151817143 -0.200406671 7.635882378 0.006766907 0.032088999 0.011043223 0.999401093
2884.692186016 0.160226285 -0.212064609 7.865579605 0.001386986 0.034315601 0.008301473 0.999375641
2884.754762176 0.182877213 -0.219721898 8.119890213 -0.000822877 0.040647533 0.016532855 0.999036431
2884.817158592 0.198825866 -0.235958785 8.376461029 0.000738020 0.043347873 0.014075428 0.998960614
2884.876834080 0.225336328 -0.238917947 8.600339890 0.011802016 0.039970651 0.012970330 0.999046922
2884.941992416 0.332470477 -0.301835835 8.703845024 -0.012790157 0.036179885 0.001470742 0.999262333
2885.005085568 0.349000186 -0.310482264 8.941407204 -0.006934807 0.034263153 -0.003343711 0.999383211
2885.067861984 0.365602136 -0.311064541 9.194367409 -0.012392825 0.035810623 -0.008442649 0.999246120
2885.129918912 0.389628470 -0.292339474 9.452035904 -0.044164065 0.038969100 -0.002948797 0.998259604
2885.192172800 0.430478394 -0.287013113 9.743886948 -0.036245998 0.034870636 0.016351942 0.998600483
2885.255895200 0.444076598 -0.262723178 10.015619278 -0.028558390 0.030656999 0.013653086 0.999028623
2885.320183776 0.458941460 -0.257498413 10.267663002 -0.017498154 0.026626119 0.014758686 0.999383330
2885.376842496 0.464319080 -0.258250982 10.501671791 -0.010185218 0.025837909 -0.001402328 0.999613285
2885.443839104 0.472720414 -0.253893375 10.751005173 -0.030243037 0.022521911 -0.000769746 0.999288499
2885.504887904 0.486150771 -0.205189794 10.980495453 -0.021975424 0.018150518 0.017394811 0.999442339
2885.567255552 0.506327868 -0.213689998 11.232413292 -0.019008564 0.019893698 0.024462346 0.999322057
2885.627726208 0.515783608 -0.218408257 11.488154411 -0.006236625 0.025801875 0.020717252 0.999432921
2885.693993888 0.559287786 -0.244107395 11.728565216 0.003684781 0.024579182 0.034154613 0.999107480
2885.755272320 0.558632970 -0.249044091 11.986023903 -0.008921953 0.022686921 0.016345723 0.999569178
2885.817618304 0.573241651 -0.254126489 12.247790337 -0.007886728 0.018004963 0.025409443 0.999483883
2885.877197120 0.579846382 -0.254113793 12.504896164 -0.016727028 0.017690737 0.006875458 0.999679923
2885.942430976 0.575205028 -0.257754683 12.768653870 -0.027134638 0.023385296 -0.010501641 0.999303043
2886.004825920 0.576971471 -0.222145483 13.021108627 -0.018869901 0.029117374 -0.019128209 0.999214768
2886.070041024 0.591837347 -0.217252955 13.306778908 -0.031950500 0.030848477 -0.012237540 0.998938322
2886.127348672 0.600415468 -0.207582369 13.563261032 -0.026928017 0.032670762 0.000592152 0.999103189
2886.192320544 0.589196980 -0.227610886 13.876636505 -0.036451384 0.042333201 0.007163705 0.998412669
2886.256219264 0.586535513 -0.250210643 14.173180580 -0.046203285 0.049435578 0.015459562 0.997588277
2886.320457728 0.582493007 -0.118597195 14.416479111 -0.001611456 0.044259429 0.042026658 0.998134375
2886.379509120 0.610931516 -0.107476637 14.675169945 -0.006274101 0.041695122 0.045279816 0.998084128
2886.442327136 0.597609043 -0.102120854 14.986660957 -0.046351731 0.048336986 0.015038454 0.997641683
2886.505116608 0.608451605 -0.003552683 15.291618347 -0.041443691 0.054819945 0.018886425 0.997457027
2886.567449728 0.650153637 0.006639841 15.557427406 -0.052850284 0.049220525 0.074838348 0.994576991
2886.629869888 0.670374155 0.018557746 15.816940308 -0.019096473 0.050723169 0.039158333 0.997762024
2886.692448096 0.696410060 0.079545699 16.072736740 0.020545887 0.050509240 0.021342009 0.998284101
2886.756291264 0.729856074 -0.089885689 16.435934067 -0.036583126 0.050157554 -0.000671732 0.998070836
2886.818997280 0.743234873 -0.069172114 16.708333969 -0.056967452 0.051483948 -0.027567483 0.996666551
2886.880134400 0.775900543 -0.051164031 16.964216232 -0.048123844 0.051829871 -0.017249869 0.997346580
2886.942671200 0.797606111 -0.030738462 17.241443634 -0.048629560 0.048618495 -0.028196972 0.997234344
2887.005757088 0.818256795 -0.014785824 17.513338089 -0.043444756 0.048271276 -0.033659004 0.997321188
2887.070097184 0.843393266 -0.004213897 17.789115906 -0.034924958 0.046816140 -0.037524335 0.997587323
2887.130621408 0.861989915 0.006925385 18.058965683 -0.032410484 0.045497362 -0.040881779 0.997601271
2887.192302688 0.881869555 0.016943904 18.336294174 -0.029149562 0.046259306 -0.045494989 0.997467101
2887.254835040 0.904609203 0.024652854 18.620176315 -0.032848623 0.046582382 -0.046142440 0.997307360
2887.317610688 0.926579118 0.038088642 18.904056549 -0.030480593 0.045507450 -0.048959631 0.997297823
2887.380230752 0.947822690 0.047295302 19.187852859 -0.036038451 0.045396943 -0.048590049 0.997135580
2887.442899136 0.967949867 0.064946637 19.476097107 -0.039481364 0.046214242 -0.054596636 0.996656716
2887.504949696 0.992679477 0.076913677 19.763256073 -0.041724790 0.047311757 -0.049722485 0.996768951
2887.570813312 1.015668035 0.092370354 20.067359924 -0.037829418 0.048253696 -0.052501906 0.996736705
2887.630735776 1.039653540 0.104627125 20.339607239 -0.036702424 0.051157907 -0.049954545 0.996764958
2887.692582880 1.068910360 0.112779662 20.633897781 -0.036469117 0.056052502 -0.050733969 0.996470869
2887.754824672 1.108522892 0.123533256 20.927770615 -0.030495308 0.060330622 -0.049632631 0.996477246
2887.817694720 0.901120007 0.232492894 21.270420074 -0.012475340 0.086365990 -0.041262396 0.995330453
2887.880019840 0.851643562 0.242966786 21.222354889 -0.015202567 0.086392500 -0.031067051 0.995660603
2887.942296640 0.802469254 0.156870157 21.422683716 -0.018835653 0.090079911 -0.032113429 0.995238423
2888.005817952 0.815197945 0.109004945 21.517156601 -0.030804856 0.088748947 -0.036021486 0.994925678
2888.067404896 0.510025799 0.561204672 20.351642609 0.005447569 0.096146822 -0.041815899 0.994473517
2888.130162752 0.152301461 0.735950351 19.672702789 0.008489137 0.106061265 -0.043131620 0.993387461
2888.192591392 0.205117792 0.661677182 20.010999680 0.007802252 0.104073517 -0.037076879 0.993847609
2888.255651584 0.253203452 0.638211131 20.330848694 0.009503446 0.103207342 -0.034736525 0.994007707
2888.318858528 0.325741202 0.408290744 19.815059662 -0.008324734 0.105271637 -0.079400063 0.991233647
2888.380344960 0.281068623 0.315934777 19.913694382 -0.017550536 0.107367769 -0.081564344 0.990712583
2888.442434880 0.320140690 0.179996088 20.225261688 -0.019857150 0.106974512 -0.077337436 0.991050482
2888.511006880 0.358691454 0.026220441 20.568811417 -0.023293775 0.106682979 -0.069727927 0.991571546
2888.567229440 0.346969604 0.182336465 20.876384735 -0.009289226 0.113677301 -0.078038745 0.990404546
2888.630683552 0.391042709 0.246262372 21.049646378 -0.009411042 0.112587370 -0.071596146 0.991014421
2888.692589408 0.409792542 0.323905081 21.323808670 -0.005274985 0.116693549 -0.074831516 0.990330756
2888.754880320 0.413818568 0.399153829 21.658523560 0.001308821 0.122415610 -0.068619505 0.990103066
2888.817628224 0.386854917 0.459458560 21.992034912 0.006429875 0.131243333 -0.062464599 0.989359379
2888.880022752 0.447324753 0.487416416 22.022947311 0.008904667 0.127093792 -0.054334715 0.990361392
2888.942494176 0.444176197 0.421213925 22.266605377 0.006911852 0.129120454 -0.048897579 0.990398526
2889.005214368 0.424985021 0.326568305 22.502115250 0.000712334 0.134615168 -0.052297182 0.989516675
2889.067146816 0.395055264 0.233435422 22.776645660 -0.005600919 0.141933933 -0.053025395 0.988439023
2889.130212736 0.461721778 0.239544213 22.987682343 -0.010308281 0.141555697 -0.051605597 0.988530517
2889.192178304 0.534134030 0.192127690 23.320718765 -0.007507147 0.142513305 -0.054658681 0.988254070
2889.256780672 0.567950130 0.155590504 23.648288727 -0.008276741 0.125117093 -0.001299240 0.992106616
2889.317600672 0.654924870 0.095228016 23.874057770 -0.015023926 0.115849845 0.008783796 0.993114293
2889.381395168 0.640283287 0.186255187 24.045076370 -0.014086198 0.120572656 0.016256817 0.992471457
2889.447105056 0.645864487 0.024147943 24.356391907 -0.010971960 0.126891658 0.019367274 0.991666794
2889.504807616 0.657211542 -0.126240239 24.615661621 -0.008391289 0.131792918 0.025774427 0.990906596
2889.567565440 0.744469166 -0.335452765 24.871116638 -0.011191066 0.126564667 0.035737544 0.991251230
2889.631512160 0.620363474 -0.366485089 25.089138031 -0.012207242 0.137778386 0.039364837 0.989605248
2889.693312512 0.736988127 -0.480279565 25.371356964 -0.019497626 0.136805877 0.041498218 0.989536226
2889.754786944 0.838527203 -0.603269577 25.649744034 -0.030242229 0.137587234 0.037507005 0.989317119
2889.817944704 0.791831195 -0.677719176 25.866100311 -0.037898183 0.145538434 0.036955617 0.987935483
2889.880476768 0.877848864 -0.582297087 26.108295441 -0.029704787 0.145224318 0.038344696 0.988209069
2889.942232896 0.937872767 -0.474837720 26.463855743 -0.016857253 0.148690015 0.037921920 0.988012671
2890.004938240 0.996695220 -0.413290590 26.816301346 -0.012718947 0.153109685 0.037837911 0.987402618
2890.067714944 1.069306493 -0.349133819 27.159980774 -0.005267835 0.154143825 0.042724486 0.987110198
2890.130530464 1.118973970 -0.310821384 27.416797638 -0.003269919 0.157086328 0.049466424 0.986339808
2890.192464352 1.124965549 -0.290647656 27.769355774 0.001861342 0.165891290 0.055927914 0.984555066
2890.259097024 1.129632950 -0.274138331 28.141702652 0.008577069 0.176391661 0.062064435 0.982324004
2890.319465408 1.137700081 -0.269079745 28.446380615 0.017262485 0.186172053 0.064834647 0.980223656
2890.381083648 1.151831031 -0.152880818 28.699777603 0.023716573 0.194326222 0.062190186 0.978676260
2890.443024032 1.259957790 -0.202388689 29.018445969 0.030040160 0.196442246 0.061378378 0.978131235
2890.505105920 1.368650675 -0.274302334 29.333820343 0.031138016 0.200302184 0.061981231 0.977275670
2890.568199968 1.539022446 -0.318854094 29.588632584 0.033301160 0.190874383 0.066960759 0.978761613
2890.628619520 1.692571163 -0.242023915 29.819103241 0.033243883 0.183383644 0.063397504 0.980431557
2890.693285280 1.805018663 -0.274322510 30.114685059 0.049834531 0.184216410 0.060256474 0.979770422
2890.755181664 1.922810912 -0.326333135 30.407285690 0.058949247 0.182582229 0.053265091 0.979975283
2890.817516960 1.986477733 -0.282388389 30.631229401 0.065507635 0.178455308 0.072868146 0.979057074
2890.878112416 2.073017836 -0.230241999 30.840631485 0.068194143 0.175711289 0.085777789 0.978323758
2890.942889184 2.171197891 -0.256559998 31.042947769 0.081168689 0.172248870 0.086246677 0.977907717
2891.006553152 2.232243776 -0.328269303 31.550992966 0.085130461 0.180543363 0.074916363 0.977007866
2891.068835936 2.223513365 -0.319658846 31.679941177 0.086480848 0.186908737 0.059529748 0.976750970
2891.126661792 2.294385672 -0.354517192 31.834375381 0.089073285 0.184483722 0.057437610 0.977104247
2891.192857696 2.386873722 -0.417130411 32.077610016 0.091100082 0.183426350 0.059172906 0.977012813
2891.256301920 2.488477707 -0.480630130 32.315055847 0.114411660 0.186876446 0.055859491 0.974097967
2891.320827040 2.565699100 -0.535558224 32.570545197 0.119307764 0.197983414 0.024373146 0.972612023
2891.376850880 2.666237831 -0.573644400 32.792297363 0.095413327 0.190066263 0.034261815 0.976523042
2891.443313920 2.764109373 -0.630560756 33.073566437 0.055820566 0.183972716 0.019849399 0.981144309
2891.504640544 2.859247923 -0.676532269 33.322849274 0.035623915 0.180014610 0.030299705 0.982551575
2891.564897408 2.993442297 -0.638769150 33.545101166 0.056256600 0.179417610 0.059834164 0.980338871
2891.628906016 3.112433672 -0.657181978 33.813278198 0.058877673 0.193130001 0.068054453 0.977037787
2891.693604160 3.238098145 -0.685589910 34.077865601 0.047699247 0.202301577 0.072810590 0.975447357
2891.759645408 3.348376036 -0.706284463 34.336166382 0.029965017 0.217688188 0.070147365 0.973033071
2891.819792224 3.468455076 -0.719723880 34.566871643 0.014850671 0.231524542 0.074827127 0.969833374
2891.880199584 3.587669134 -0.674342632 34.792263031 0.036796987 0.250077844 0.072852813 0.964779556
2891.948585792 3.712613106 -0.686167121 35.004673004 0.087571219 0.279201180 0.057979483 0.954471767
2892.013677376 3.830712557 -0.716274858 35.226593018 0.118419178 0.312116861 0.051556107 0.941223621
2892.073442752 3.965167761 -0.811641991 35.357643127 0.103702776 0.327171862 0.057213891 0.937513113
2892.135620384 4.140338421 -0.949892104 35.504554749 0.071602076 0.335391253 0.074747711 0.936375260
2892.199692544 4.277567863 -0.903049529 35.727699280 0.055083372 0.351868600 0.092319667 0.929855585
2892.263189152 4.418231964 -0.905620992 35.909294128 0.071269959 0.380669117 0.084150948 0.918112338
2892.324718176 4.625108242 -0.929215312 36.113655090 0.053132296 0.394067705 0.095114216 0.912601173
2892.386915744 4.773954868 -0.938061893 36.223052979 0.079896033 0.401684076 0.104697026 0.906258821
2892.449870912 4.958652973 -0.963543057 36.398040771 0.054609548 0.406713396 0.106478892 0.905684471
2892.513006496 5.140859127 -0.968266606 36.549331665 0.066048369 0.414749920 0.112783961 0.900499821
2892.574678592 5.331462860 -0.979315162 36.704936981 0.068633921 0.423359573 0.115007654 0.896007478
2892.637119200 5.510688305 -0.995111823 36.854423523 0.069579907 0.433515072 0.101261601 0.892731428
2892.699566528 5.701812744 -1.021284938 37.005519867 0.087769546 0.438147724 0.097295672 0.889301240
2892.762968992 5.962520599 -1.164660811 37.161426544 0.054908603 0.434327990 0.110533416 0.892259240
2892.824810368 6.151124001 -1.180533886 37.307640076 0.058655709 0.435248584 0.111499377 0.891451657
2892.887031168 6.334987164 -1.185741186 37.447734833 0.038080059 0.437612504 0.122661211 0.889943540
2892.950056384 6.507512093 -1.174722314 37.594120026 0.047138829 0.440891385 0.111176863 0.889400065
2893.013059776 6.699413300 -1.185112834 37.743385315 0.053727780 0.442253679 0.104519248 0.889157295
2893.074704960 6.891666412 -1.193706036 37.864402771 0.060269926 0.441369981 0.128997087 0.885957003
2893.138874112 7.085597992 -1.191406488 38.014350891 0.051850043 0.450840622 0.111219220 0.884129286
2893.201697632 7.299369812 -1.199602842 38.147064209 0.071134657 0.448864490 0.133521467 0.880699992
2893.263242976 7.500863552 -1.207665205 38.289680481 0.060171366 0.451774597 0.130007386 0.880555034
2893.331211168 7.689142227 -1.204858541 38.443222046 0.052381922 0.455559820 0.100451782 0.882967055
2893.388037824 7.887872219 -1.211483717 38.566932678 0.068415001 0.445966065 0.130473197 0.882842243
2893.450222784 8.058169365 -1.232549191 38.726734161 0.043857735 0.443554729 0.101954728 0.889348626
2893.513115520 8.240954399 -1.238280177 38.855339050 0.072466932 0.441654086 0.112408586 0.887160957
2893.575066176 8.439101219 -1.244791985 39.014842987 0.055383913 0.437378228 0.094631262 0.892568111
2893.636967136 8.631717682 -1.259803295 39.151653290 0.074768335 0.429880261 0.115394957 0.892354548
2893.700745088 8.786704063 -1.228559852 39.308742523 0.083929971 0.430473208 0.094001912 0.893763006
2893.765351040 8.971179962 -1.225067139 39.474136353 0.061432540 0.428816766 0.077208035 0.897987247
2893.825237024 9.144593239 -1.224142194 39.579746246 0.033262875 0.414224207 0.142617881 0.898316205
2893.888765888 9.297197342 -1.228667855 39.702976227 0.058423061 0.412257493 0.128094032 0.900123537
2893.951388000 9.464230537 -1.237364411 39.846561432 0.061674166 0.422650307 0.097334124 0.898937762
2894.013384800 9.631731987 -1.240559340 39.955436707 0.055252913 0.426293641 0.106060885 0.896644831
2894.076885280 9.792586327 -1.247935534 40.073772430 0.055550091 0.426865637 0.091327563 0.897975028
2894.136931840 9.936890602 -1.273818254 40.192192078 0.051889442 0.425487220 0.077402398 0.900153816
2894.200114624 10.099629402 -1.271778107 40.272850037 0.054922998 0.411995023 0.111298494 0.902693868
2894.263426016 10.259020805 -1.283292532 40.426651001 0.044548903 0.415664822 0.077358663 0.905126393
2894.325256256 10.429512024 -1.292829752 40.559123993 0.038634486 0.419409871 0.095836908 0.901896894
2894.388441120 10.599674225 -1.303876758 40.712825775 0.049608614 0.426971108 0.078552425 0.899479926
2894.450489248 10.770014763 -1.311366439 40.856452942 0.045186058 0.427342176 0.102437116 0.897130728
2894.513652384 10.949129105 -1.312721848 41.003379822 0.039081611 0.429487020 0.092882909 0.897433162
2894.575222240 11.117541313 -1.291391730 41.168151855 0.058145247 0.433006346 0.088293485 0.895169735
2894.642091904 11.326629639 -1.336810231 41.345710754 0.059185103 0.438348502 0.079506710 0.893323243
2894.700529984 11.484136581 -1.322143078 41.441974640 0.044047318 0.438425869 0.113417886 0.890493691
2894.763612800 11.660634041 -1.331411719 41.586441040 0.025770791 0.463400632 0.100213215 0.880086958
2894.825019168 11.836970329 -1.352674246 41.732646942 0.048542727 0.481171817 0.095417783 0.870064795
2894.886950272 12.013577461 -1.340675592 41.842838287 0.049518455 0.483135819 0.113263696 0.866775095
2894.950882560 12.170012474 -1.347754002 41.930507660 0.054962747 0.484400153 0.101791188 0.867164433
2895.014298304 12.339235306 -1.353789091 42.028652191 0.056316003 0.484543592 0.097922936 0.867442846
2895.075805024 12.523146629 -1.352045536 42.136280060 0.036344688 0.477214932 0.128476530 0.868584335
2895.141466272 12.655835152 -1.360980392 42.227500916 0.029622259 0.483140022 0.095918424 0.869768858
2895.200846720 12.784520149 -1.354617476 42.306438446 0.047695577 0.475681752 0.102162145 0.872361660
2895.263362976 12.909044266 -1.342656136 42.376861572 0.047049157 0.471644312 0.124782324 0.871646345
2895.325439296 13.002842903 -1.353468418 42.441070557 0.034011543 0.474101782 0.116069838 0.872123003
2895.387551744 13.089162827 -1.352724314 42.490890503 0.035656281 0.488939673 0.126289070 0.862390697
2895.450666528 13.149917603 -1.353051305 42.540596008 0.037369665 0.498276174 0.110243499 0.859168589
2895.513299744 13.205766678 -1.354819059 42.579044342 0.029628597 0.492449492 0.108296573 0.863068700
2895.575042944 13.255661011 -1.349142075 42.590553284 0.049729452 0.487177551 0.127773210 0.862472594
2895.637203584 13.294659615 -1.350995660 42.607151031 0.051970135 0.484804988 0.134079263 0.862720072
2895.701229088 13.325070381 -1.350421309 42.635215759 0.046088915 0.485969543 0.124439515 0.863842666
2895.763377888 13.346187592 -1.349962950 42.654533386 0.043216482 0.487789989 0.119701505 0.863634706
2895.825189856 13.364671707 -1.352572203 42.665653229 0.042732541 0.487086862 0.119974934 0.864017546
2895.887351552 13.375889778 -1.350679755 42.671443939 0.041780829 0.488043070 0.119270548 0.863621950
2895.950444448 13.383852005 -1.352110267 42.678039551 0.040907878 0.488064259 0.117339507 0.863916218
2896.014196544 13.388916969 -1.351921797 42.682743073 0.040914699 0.487958252 0.116074532 0.864146650
2896.075342400 13.390214920 -1.352393866 42.683624268 0.041014675 0.488269389 0.115868561 0.863993824
2896.137202656 13.390214920 -1.352393866 42.683624268 0.041014675 0.488269389 0.115868561 0.863993824
2896.200397888 13.386651993 -1.351976275 42.680969238 0.041088104 0.488218218 0.116589196 0.863922298
2896.263553984 13.383091927 -1.351629019 42.678218842 0.041180834 0.488052398 0.117443494 0.863895833
2896.331159840 13.377250671 -1.351247668 42.674083710 0.041456599 0.488094926 0.118423596 0.863724828
2896.387354112 13.370469093 -1.351077795 42.669815063 0.042268712 0.488289475 0.118835844 0.863518834
2896.450934176 13.363932610 -1.351063848 42.666042328 0.042846296 0.488144457 0.119042501 0.863543868
2896.514762496 13.358355522 -1.350940347 42.662555695 0.043784130 0.487751633 0.119168609 0.863701403
2896.582938592 13.352556229 -1.350661993 42.658946991 0.044497099 0.487522602 0.119397976 0.863762617
2896.639289312 13.347667694 -1.350366831 42.655776978 0.044877741 0.487460911 0.119362183 0.863782704
2896.701411136 13.342212677 -1.350114346 42.651931763 0.045703545 0.487439483 0.119659252 0.863710344
2896.766445344 13.337369919 -1.349955797 42.647518158 0.046445321 0.487552702 0.120425068 0.863500476
2896.826804000 13.332472801 -1.349752545 42.644134521 0.046619952 0.487925053 0.121032514 0.863195717
2896.889136000 13.329658508 -1.349422574 42.641731262 0.046808600 0.488058776 0.121629342 0.863026023
2896.952385696 13.328050613 -1.349490166 42.640411377 0.047050733 0.488220394 0.121803746 0.862896800
2897.014938176 13.328360558 -1.349268675 42.640281677 0.047101390 0.488167822 0.121848650 0.862917483
2897.077404224 13.329045296 -1.349292278 42.641384125 0.046996716 0.488186508 0.121694081 0.862934411
2897.138704096 13.330332756 -1.349020004 42.642189026 0.046866711 0.488127947 0.121483639 0.863004208
2897.201283584 13.331001282 -1.349087119 42.642776489 0.046763480 0.488084197 0.121376753 0.863049626
2897.264956064 13.331650734 -1.348895311 42.642852783 0.046727464 0.488056600 0.121378861 0.863066912
2897.326355328 13.331068039 -1.348905802 42.642665863 0.046779320 0.488076597 0.121414341 0.863047779
