1666.688924768 0.000000000 0.000000000 0.000000000 0.000000000 0.000000000 0.000000000 1.000000000
1666.813737312 0.001180709 -0.001310657 0.012824500 0.003556916 0.002087515 0.000244076 0.999991417
1666.938665312 0.014115059 -0.003812192 0.100496322 0.003466273 0.013682906 -0.000571327 0.999900222
1667.063971456 0.038623996 -0.008905055 0.262544870 0.003221834 0.030503375 0.002787262 0.999525607
1667.189520544 0.065162539 -0.021014407 0.469066769 0.007432599 0.037931982 0.008628985 0.999215424
1667.314558912 0.074565478 -0.030626707 0.746081054 0.017743111 0.027758896 0.004600931 0.999446571
1667.438887552 0.080109961 -0.045243613 1.070488214 0.010481067 0.012359965 -0.001875939 0.999866903
1667.563471584 0.080743901 -0.057460163 1.409981132 0.003974740 0.002134115 -0.006323704 0.999969840
1667.689270752 0.086229131 -0.073641598 1.760522366 0.006453114 0.002778692 -0.003845815 0.999967933
1667.814010624 0.090087108 -0.087360099 2.133094549 0.001210614 0.002791178 -0.003289629 0.999989927
1667.938885504 0.092714772 -0.099877596 2.502176523 0.000693082 0.010033828 -0.012041651 0.999876916
1668.063819296 0.091873989 -0.111810669 2.903450966 0.002951771 -0.001671665 -0.013829311 0.999898612
1668.188691872 0.091091193 -0.120444104 3.308303595 -0.008183232 -0.000629883 -0.016089771 0.999836862
1668.313708192 0.095944487 -0.130165160 3.718529701 -0.005574455 0.008475052 -0.005767880 0.999931872
1668.439265952 0.099345393 -0.137930676 4.152304173 -0.007995883 0.009983505 -0.009602549 0.999872088
1668.563911648 0.108868942 -0.137092635 4.592607975 -0.010501645 0.013687103 -0.008343750 0.999816358
1668.688858976 0.127968788 -0.142826870 5.030885696 -0.008464946 0.018213606 -0.007280223 0.999771774
1668.813929280 0.135914624 -0.151002690 5.504510880 -0.015857594 0.020294223 -0.013718699 0.999574125
1668.938885696 0.154366449 -0.151594818 5.967841148 -0.011593118 0.016738355 -0.012066709 0.999719858
1669.063711808 0.168397531 -0.162428260 6.438127518 -0.011986849 0.023288768 -0.010263951 0.999604225
1669.189439712 0.195929036 -0.166376531 6.914820671 -0.005174044 0.030019727 -0.009425578 0.999491513
1669.313657184 0.218848035 -0.169576794 7.402603626 -0.004855827 0.038245305 -0.015017412 0.999143720
1669.438630272 0.253683746 -0.186810106 7.903250694 0.000376046 0.052538421 -0.020608032 0.998406172
1669.564513056 0.304722160 -0.196210116 8.386110306 0.000647473 0.055442132 -0.015787756 0.998336852
1669.688884192 0.358358264 -0.209024355 8.875100136 0.001968187 0.058011565 -0.017681334 0.998157382
1669.813661120 0.400293410 -0.223049074 9.368840218 -0.007755245 0.053184036 -0.026019471 0.998215556
1669.938433888 0.439811796 -0.224721700 9.852285385 -0.023734184 0.047003511 -0.036845483 0.997932732
1670.064360192 0.483290523 -0.206709474 10.355792046 -0.026061624 0.055047560 -0.044778593 0.997138619
1670.188627872 0.524040520 -0.194868833 10.854597092 -0.015376203 0.054835081 -0.050271463 0.997110546
1670.314090112 0.562226713 -0.197349325 11.365564346 -0.022130316 0.051086720 -0.046793073 0.997351885
1670.438455072 0.608546376 -0.196462527 11.866760254 -0.002869599 0.071442999 -0.018265473 0.997273326
1670.563591328 0.700606942 -0.216104120 12.381855011 0.000347481 0.070212595 0.002812046 0.997528017
1670.689519392 0.770848572 -0.234285146 12.891265869 -0.007310950 0.072139978 0.003140719 0.997362792
1670.813648896 0.851894617 -0.225964487 13.408804893 -0.022171315 0.071824171 -0.002137029 0.997168541
1670.938872096 0.935056448 -0.215328217 13.927865982 -0.030267147 0.070267811 0.002383563 0.997066021
1671.063856640 1.030683041 -0.202231690 14.465538025 -0.030549971 0.096003987 0.025778489 0.994578004
1671.188640352 1.177779675 -0.188328654 14.986143112 -0.030849678 0.108320691 0.053728703 0.992183506
1671.313984640 1.339351296 -0.339742482 15.512095451 -0.142268419 0.093633130 0.040047862 0.984575391
1671.438922688 1.270117998 -0.207312182 15.921628952 -0.113513425 0.131027430 0.067011893 0.982576132
1671.563846304 1.378232598 0.054706529 16.341419220 -0.040106945 0.137319475 0.068409242 0.987347424
1671.688462976 1.490237236 0.247840688 16.798484802 0.036590211 0.144953907 0.070179097 0.986267924
1671.813896032 1.641852140 0.207777858 17.304105759 0.041809063 0.133627400 0.065261945 0.987996280
1671.938769088 1.764014840 0.143242836 17.816705704 0.055277556 0.127485260 0.049333856 0.989069283
1672.064046624 1.892692804 0.067910142 18.335752487 0.056652144 0.125760958 0.043297268 0.989494860
1672.188639264 2.021903038 -0.002586588 18.861726761 0.055901807 0.121253952 0.040989395 0.990198135
1672.314563488 2.150110722 -0.068646431 19.404602051 0.046242941 0.121609151 0.042717516 0.990579665
1672.438863072 2.285539865 -0.130256295 19.952005386 0.047888115 0.123704202 0.046264514 0.990082622
1672.563711456 2.429679871 -0.199760661 20.507444382 0.049454246 0.124680020 0.042308640 0.990060151
1672.689169696 2.571057558 -0.275124669 21.057003021 0.059900779 0.134236693 0.038334925 0.988394082
1672.813616768 2.728286505 -0.354033858 21.600959778 0.061032239 0.136203080 0.038859047 0.988035321
1672.938823808 2.877533197 -0.430733442 22.152530670 0.062106133 0.132586583 0.038135987 0.988488376
1673.066095904 3.020255089 -0.510968924 22.709081650 0.065793164 0.130021319 0.034352504 0.988729298
1673.188996704 3.160518885 -0.601910532 23.261190414 0.070585333 0.125109076 0.028598137 0.989215612
1673.313788224 3.279192448 -0.698623896 23.784898758 0.068547040 0.131817177 0.026381060 0.988549232
1673.438205792 3.444070816 -0.776046395 24.319093704 0.066984482 0.145067096 0.031020898 0.986664236
1673.563817248 3.605144262 -0.859962106 24.857156754 0.070970580 0.142193049 0.031809352 0.986778855
1673.688856800 3.757881165 -0.960541785 25.409738541 0.071814649 0.143193036 0.034852788 0.986470282
1673.814176608 3.909629583 -1.060156107 25.965694427 0.075338505 0.144692168 0.036724325 0.985920668
1673.938742720 4.072711945 -1.147300005 26.516355515 0.077592008 0.148049310 0.037321419 0.985224903
1674.063872448 4.226430893 -1.176339388 26.809818268 0.077509940 0.155122772 0.048640091 0.983647943
1674.189212000 4.351078033 -1.232506394 27.110216141 0.071961775 0.156661555 0.058041181 0.983315766
1674.314319072 4.453160286 -1.303993225 27.402601242 0.063916102 0.156915963 0.065273561 0.983377576
1674.439187424 4.537131310 -1.368591905 27.725719452 0.061051995 0.156838223 0.073972352 0.982955992
1674.564999296 4.649922848 -1.403990269 28.073425293 0.057454802 0.158934548 0.075766228 0.982699454
1674.688546752 4.793002129 -1.417980313 28.388837814 0.058804993 0.158016339 0.071080051 0.983117700
1674.813834656 4.940160275 -1.457165718 28.701290131 0.060165968 0.156285614 0.067123398 0.983590007
1674.939268960 5.112775326 -1.484980702 29.014385223 0.062143695 0.153201267 0.065435000 0.984065950
1675.064390208 5.360930443 -1.518202305 29.368865967 0.065721720 0.150442362 0.064346902 0.984330833
1675.188759232 5.610795975 -1.532797456 29.713747025 0.067783505 0.148304999 0.061924756 0.984670699
1675.313813440 5.852228165 -1.542987227 30.061620712 0.069837198 0.145938218 0.059703972 0.985017896
1675.439170656 6.120790005 -1.532619596 30.421882629 0.078588940 0.139612854 0.053173635 0.985649288
1675.563672000 6.337472916 -1.560107827 30.996019363 0.085454471 0.124322757 0.068303600 0.986192644
1675.688740160 6.518113136 -1.676361561 31.526998520 0.102730975 0.114098698 0.070204467 0.985646546
1675.813369504 6.335916042 -2.079550743 32.019004822 0.067785695 0.158693045 0.087356605 0.981116951
1675.938822496 6.347441673 -2.319483280 32.577011108 0.059953049 0.177967742 0.101050749 0.976996362
1676.063665568 6.347441673 -2.319483280 32.577011108 0.059953049 0.177967742 0.101050749 0.976996362
1676.188719264 6.083645344 -2.285415888 32.931713104 0.133613735 0.224152431 -0.010302297 0.965296268
1676.313633152 6.048336506 -2.336796999 32.981563568 0.104220994 0.225594565 -0.006153717 0.968610942
1676.438453504 6.410281658 -2.555143118 31.339462280 0.019451840 0.209768444 0.006278688 0.977537394
1676.564689632 6.259038925 -2.087239742 30.964506149 0.014604196 0.208474740 0.017199852 0.977767467
1676.688904544 5.262050629 -1.251386642 27.873369217 -0.004673418 0.221229315 0.035357218 0.974569440
1676.813813984 5.490226746 -1.231076598 27.841840744 -0.008112158 0.243857414 0.036888734 0.969075322
1676.938860000 5.738518715 -1.238700986 27.809148788 -0.011747878 0.265278220 0.038719483 0.963322520
1677.063750400 6.080877304 -1.365014315 27.883302689 -0.048146755 0.284278393 0.056993708 0.955834389
1677.189473184 6.306539059 -1.350135207 28.073244095 -0.069205724 0.315159410 0.063703254 0.944365919
1677.314791232 6.611951351 -1.286353946 28.445703506 -0.070063584 0.348747879 0.056104798 0.932908535
1677.438885440 6.942600727 -1.230439782 28.823568344 -0.074719220 0.365574479 0.057691254 0.925982773
1677.563504960 7.268914223 -1.159645081 29.191061020 -0.059710938 0.359880298 0.059096329 0.929208517
1677.689189792 7.608146667 -1.087113380 29.589141846 -0.064389445 0.366058290 0.061390117 0.926329613
1677.813754112 7.902500629 -1.004007936 29.969984055 -0.088133432 0.373138696 0.065574110 0.921249151
1677.938871808 8.261194229 -0.865983248 30.449531555 -0.078528270 0.390664220 0.064938411 0.914875865
1678.063908192 8.621405602 -0.782690942 30.776473999 -0.064732283 0.402843118 0.075160220 0.909878075
1678.188495872 8.977033615 -0.712656975 31.103136063 -0.062114596 0.403967798 0.064620644 0.910371363
1678.314017632 9.274364471 -0.644367158 31.385473251 -0.072235532 0.402297378 0.083156586 0.908858538
1678.440028384 9.617900848 -0.572674870 31.704259872 -0.052760527 0.425204694 0.063565992 0.901319385
1678.563604864 9.867923737 -0.537063301 31.874984741 -0.064118609 0.413146108 0.062318265 0.906264603
1678.689678592 10.297018051 -0.427233577 32.325820923 -0.060774140 0.416198552 0.068702839 0.904635429
1678.814721600 10.660671234 -0.333385408 32.636600494 -0.074929632 0.419716805 0.096957378 0.899345696
1678.938690080 10.849154472 -0.309644669 32.744220734 -0.070619419 0.418496460 0.058101945 0.903602660
1679.063965920 10.904629707 -0.344000876 32.617954254 -0.079116024 0.427470595 0.043668333 0.899501324
1679.188688256 11.173089027 -0.313980043 32.695114136 -0.078518152 0.418523878 0.069901139 0.902101159
1679.313593024 11.563440323 -0.203774720 33.166664124 -0.085566975 0.429443151 0.057749927 0.897174358
1679.438736512 11.933262825 -0.091276012 33.531997681 -0.082674868 0.436462879 0.062552661 0.893729389
1679.564280416 12.235548019 -0.031938255 33.792831421 -0.088228285 0.442776203 0.072889835 0.889298618
1679.688904736 12.543762207 0.036254577 34.016315460 -0.073462263 0.452682912 0.082917288 0.884763360
1679.813675648 12.911955833 0.110577181 34.302719116 -0.070630588 0.445618957 0.057541698 0.890575111
1679.938223168 13.245748520 0.176839828 34.549152374 -0.051931512 0.441101193 0.075331666 0.892781019
1680.063662624 13.579604149 0.244462565 34.827003479 -0.080594361 0.441657156 0.052582391 0.892008185
1680.188858624 13.838943481 0.315739661 35.029434204 -0.098250732 0.441033959 0.049850345 0.890702426
1680.313728576 14.023755074 0.351710826 35.169380188 -0.076580666 0.440877140 0.072599173 0.891342878
1680.438828384 14.210686684 0.395550311 35.334983826 -0.096845008 0.446411073 0.074679904 0.886431694
1680.564167680 14.237630844 0.400195360 35.350559235 -0.093817122 0.445014685 0.060779218 0.888519049
1680.689198592 14.279891014 0.409631193 35.387088776 -0.083260328 0.442746907 0.055486646 0.891046643
1680.814507584 14.317045212 0.424474448 35.418354034 -0.086221755 0.442837894 0.053863626 0.890819371
1680.939308256 14.340810776 0.427759796 35.442386627 -0.081786029 0.439598054 0.048736818 0.893134534
1681.063383040 14.355937958 0.430346757 35.452713013 -0.080924332 0.440214425 0.049480915 0.892868519
1681.188320512 14.354480743 0.429503411 35.451744080 -0.080609396 0.440055966 0.049474042 0.892975450
1681.313914208 14.342965126 0.427377403 35.442203522 -0.081155613 0.439388335 0.049324315 0.893262982
1681.438407168 14.330219269 0.426030755 35.432758331 -0.083886392 0.440373302 0.048769247 0.892555892
1681.563286976 14.321318626 0.424116105 35.423999786 -0.084334888 0.441804469 0.049956791 0.891740322
1681.688400448 14.314592361 0.422854513 35.417575836 -0.085237026 0.442475975 0.051482182 0.891234696
1681.813264448 14.311346054 0.421804368 35.413700104 -0.084985450 0.442942023 0.052521717 0.890966535
1681.938340960 14.311211586 0.421941847 35.413913727 -0.085136689 0.442945361 0.052353587 0.890960276
1682.063665312 14.313476562 0.422652811 35.415840149 -0.085301645 0.442880154 0.051983997 0.890998602
1682.188331552 14.311975479 0.422098875 35.414642334 -0.085238196 0.442931682 0.052090213 0.890972853
1682.313271744 14.311391830 0.421951592 35.413787842 -0.085149005 0.442933470 0.052244905 0.890971422
1682.438338784 14.311523438 0.421858728 35.414058685 -0.085235387 0.442926019 0.052124929 0.890973926
1682.563382240 14.312940598 0.421823621 35.415092468 -0.085012153 0.442950726 0.052157145 0.890981019
