2915.090450496 0.000000000 0.000000000 0.000000000 0.000000000 0.000000000 0.000000000 1.000000000
2915.152443040 -0.000172261 0.000790083 0.000089648 -0.000196230 0.000024577 -0.000225116 0.999999940
2915.215830272 -0.000172261 0.000790083 0.000089648 -0.000196230 0.000024577 -0.000225116 0.999999940
2915.279630944 -0.000172261 0.000790083 0.000089648 -0.000196230 0.000024577 -0.000225116 0.999999940
2915.342017792 -0.000145747 -0.000361369 -0.000504829 0.004075728 -0.000405354 0.000297059 0.999991536
2915.402280832 -0.003618781 -0.000132428 0.019881150 0.005103763 -0.004684396 -0.001724645 0.999974489
2915.466163008 -0.003033557 -0.009421843 0.062935024 0.023428246 0.000471931 0.001321736 0.999724507
2915.528856288 0.002204344 -0.019285087 0.141114950 0.019793343 0.015791414 -0.002307081 0.999676704
2915.590356896 -0.005714559 -0.009037654 0.232138142 0.002586918 0.005341059 -0.013806785 0.999887049
2915.655700544 -0.018946677 -0.017121529 0.330661267 0.030028986 -0.003581631 -0.028623659 0.999132693
2915.734209184 -0.025812939 -0.019673973 0.494594395 0.010382251 -0.010718605 -0.022601491 0.999633193
2915.796254528 -0.019022511 -0.019178681 0.630456686 0.010004805 -0.008974718 -0.006458241 0.999888778
2915.859336544 -0.016947357 -0.031922497 0.777737379 0.010618735 -0.012991640 -0.002934509 0.999854922
2915.920799136 -0.028624784 -0.028698843 0.941771269 -0.002129245 -0.011028923 -0.021157090 0.999713063
2915.983454464 -0.020960484 -0.035173666 1.111896992 -0.001575876 -0.001194399 0.001205079 0.999997318
2916.046845312 -0.014234634 -0.045235369 1.282140970 0.001957869 0.006646310 0.012091584 0.999902904
2916.108005312 -0.012451826 -0.047951303 1.461362481 -0.002306093 0.014864711 0.011458609 0.999821186
2916.170613728 -0.021230130 -0.058997024 1.609289169 0.038908042 0.017723484 -0.004202080 0.999076784
2916.233240256 -0.013722267 -0.070796750 1.786188483 0.013862113 0.000640001 0.021290459 0.999677002
2916.298260000 -0.018684881 -0.060770370 1.967500567 0.028945528 -0.011554113 0.017083641 0.999368191
2916.360417152 -0.033999607 -0.079084896 2.145445108 0.016059218 0.005699806 0.006148371 0.999835908
2916.420277408 -0.026260540 -0.091740191 2.321549416 0.022945819 0.020002341 0.033590086 0.998971999
2916.483502272 0.015062001 -0.122649789 2.540285110 0.020307686 0.015882613 0.052435759 0.998291492
2916.547227712 0.021343682 -0.143154368 2.733480453 0.016148236 0.012732976 0.065330558 0.997651756
2916.608979648 0.024375191 -0.155987307 2.916729927 0.026978903 0.013247496 0.069738507 0.997112453
2916.672276896 0.019020692 -0.159072980 3.121532440 0.017683353 0.014130398 0.064128175 0.997684896
2916.735336480 0.030420855 -0.177545741 3.312403917 0.031327236 0.011893359 0.080287486 0.996208310
2916.798321952 0.038995951 -0.190225512 3.511284351 0.015198104 0.010119394 0.084454328 0.996260047
2916.859043776 0.042835258 -0.197983056 3.707128286 0.026575984 0.012155102 0.082367271 0.996173501
2916.920507712 0.054964300 -0.214475200 3.903965473 0.022310315 0.010388335 0.099475540 0.994735658
2916.983348192 0.062330186 -0.234903142 4.115031719 0.029741509 0.002446599 0.094997384 0.995030105
2917.048913280 0.055138789 -0.242331862 4.347162724 -0.000710711 -0.004109506 0.098842904 0.995094299
2917.108826688 0.048057139 -0.227478266 4.554023743 -0.008164918 -0.007868717 0.107026331 0.994191527
2917.170363104 0.036453336 -0.237980917 4.774948597 -0.016188744 -0.018347960 0.096722521 0.995010555
2917.233740416 -0.012820825 -0.265024722 5.050665379 0.009708068 -0.023497524 0.112277120 0.993351638
2917.299075424 -0.091984116 -0.270086020 5.332871437 0.068945065 -0.007215901 0.120410487 0.990300894
2917.362382912 -0.095757589 -0.310317665 5.540694714 0.090498291 -0.000808519 0.121042594 0.988513112
2917.424010880 -0.086897917 -0.347174287 5.758437634 0.096614145 -0.009205936 0.131347597 0.986574292
2917.486873600 -0.101350017 -0.390244722 5.983607769 0.103167392 -0.014450571 0.140022591 0.984652936
2917.551345184 -0.102805950 -0.482091308 6.216957092 0.082609639 -0.025839867 0.145064533 0.985628903
2917.612307200 -0.121001311 -0.531007290 6.430387020 0.076055788 -0.038043216 0.136184424 0.987026870
2917.675186048 -0.139987767 -0.552269161 6.655326366 0.073780268 -0.048717197 0.143948168 0.985627711
2917.736486496 -0.156465799 -0.601901472 6.866251945 0.086970925 -0.044004072 0.146110550 0.984454870
2917.798813376 -0.178601235 -0.647458792 7.089588165 0.087479077 -0.035378948 0.137477100 0.985999882
2917.861517344 -0.184763312 -0.686792850 7.325474262 0.070843123 -0.041981176 0.158121601 0.983979881
2917.923790528 -0.204698622 -0.727211714 7.564938545 0.046755239 -0.049480621 0.143004388 0.987378061
2917.990419808 -0.232395098 -0.743106008 7.817806721 0.020934993 -0.060529083 0.137359947 0.988448381
2918.049855488 -0.252724797 -0.771414042 8.060098648 0.015138883 -0.060815949 0.144236043 0.987556696
2918.113118816 -0.286822259 -0.800828874 8.291742325 0.037889831 -0.054742731 0.130185828 0.989251852
2918.174666848 -0.313593298 -0.824037850 8.539175034 0.042491030 -0.056665704 0.142353624 0.987278521
2918.237757440 -0.340148211 -0.862116098 8.783255577 0.049263757 -0.059006438 0.139019161 0.987301886
2918.298682144 -0.371661067 -0.898981929 9.031253815 0.046300214 -0.062509872 0.131418884 0.988270164
2918.364034880 -0.400190949 -0.932974100 9.300958633 0.045120541 -0.064251587 0.139512002 0.987102985
2918.425706560 -0.433871776 -0.974060953 9.552090645 0.044955701 -0.063532129 0.128848389 0.988605440
2918.487469664 -0.466962308 -1.001957417 9.809788704 0.050110124 -0.063679777 0.134874463 0.987543762
2918.549874400 -0.503642499 -1.038581371 10.077377319 0.035500541 -0.069339350 0.131155401 0.988296509
2918.611990080 -0.547067225 -1.070208430 10.349487305 0.023186229 -0.072810307 0.119287491 0.989914894
2918.674237920 -0.579271436 -1.104257822 10.607153893 0.043761570 -0.075788125 0.128852084 0.987794638
2918.737795104 -0.627354264 -1.138210535 10.881612778 0.044016458 -0.074728474 0.119033955 0.989095092
2918.802551264 -0.671399713 -1.179829597 11.176903725 0.037100747 -0.073517911 0.120642878 0.989274502
2918.861981728 -0.707684517 -1.214817405 11.439166069 0.044328284 -0.073411234 0.123724908 0.988604069
2918.929548512 -0.753232479 -1.259338260 11.738788605 0.049377326 -0.073315620 0.120329589 0.988790929
2918.986832160 -0.786447287 -1.301638246 12.003473282 0.049028944 -0.074241921 0.123404734 0.988360047
2919.049665472 -0.833189428 -1.343804121 12.292083740 0.050270773 -0.074835248 0.122325398 0.988387108
2919.113532832 -0.877316952 -1.385939002 12.587055206 0.050572626 -0.076337837 0.128820196 0.987431169
2919.175384832 -0.920947790 -1.431375623 12.869381905 0.051729374 -0.075467087 0.126787841 0.987701178
2919.237285920 -0.961660028 -1.474477649 13.161219597 0.049881306 -0.075030595 0.130921498 0.987290144
2919.299353632 -1.005611777 -1.522471428 13.453440666 0.051511314 -0.072597489 0.131662264 0.987289846
2919.361709408 -1.046618223 -1.567618132 13.747682571 0.054483421 -0.071454868 0.134243697 0.986865938
2919.426662432 -1.083399892 -1.614639163 14.048480034 0.053340778 -0.071188718 0.136024356 0.986703753
2919.487684608 -1.119409919 -1.666415811 14.352823257 0.055300090 -0.069814846 0.139482021 0.986211240
2919.550757664 -1.161358476 -1.720417261 14.655425072 0.062309690 -0.068072647 0.138630897 0.986035049
2919.613269632 -1.196713924 -1.771661997 14.953475952 0.061059725 -0.069568604 0.142584532 0.985444844
2919.674389792 -1.236820817 -1.817554712 15.250738144 0.058608349 -0.070639960 0.140016913 0.985885561
2919.739610304 -1.275203466 -1.873214364 15.569817543 0.056309924 -0.069807239 0.142060742 0.985786438
2919.799828096 -1.300607920 -1.941488981 15.846456528 0.058177248 -0.071710743 0.148449242 0.984599292
2919.862376352 -1.327702641 -2.031905174 16.108114243 0.050568726 -0.075195372 0.153237015 0.984025836
2919.925298304 -1.380670190 -2.086026430 16.354248047 0.048935615 -0.077020355 0.152494982 0.984082580
2919.987754688 -1.425778747 -2.138308525 16.662900925 0.045770284 -0.076322861 0.156226352 0.983703792
2920.051544832 -1.477065563 -2.201178074 16.974664688 0.041735098 -0.074385278 0.158886001 0.983605742
2920.111504256 -1.520345449 -2.249228716 17.264087677 0.040831301 -0.073580310 0.161455184 0.983285844
2920.174742688 -1.420804739 -2.212547302 17.311542511 0.036842164 -0.082300097 0.155894116 0.983649492
2920.236815424 -1.452832580 -2.356216908 17.720514297 0.030190784 -0.082973443 0.153208151 0.984241426
2920.299457344 -1.499050140 -2.481411695 18.118417740 0.026359664 -0.082733400 0.147280931 0.985275924
2920.362914112 -1.013248682 -3.305480957 18.230024338 -0.053106226 -0.093582742 0.034944806 0.993579805
2920.424482816 -1.026011705 -3.348733425 18.326379776 -0.057627138 -0.095177546 0.032104824 0.993272185
2920.486712384 -1.152469397 -3.425534487 18.735521317 -0.057802867 -0.091495968 0.032415759 0.993597746
2920.548991392 -1.233124137 -3.499479532 19.109678268 -0.057823338 -0.093286715 0.048175767 0.992790580
2920.612457152 -0.124303579 -2.980013847 20.262739182 -0.006324270 -0.223052755 0.076968588 0.971742392
2920.674757248 0.766416728 -2.600638628 19.645235062 -0.006447833 -0.251449227 0.055110201 0.966278732
2920.736685920 0.405852437 -2.881052256 20.168800354 -0.020930836 -0.245840117 0.072341122 0.966380537
2920.799345504 0.061590493 -3.134704113 20.715959549 -0.030708453 -0.244178846 0.082255185 0.965747237
2920.862916896 0.369471937 -2.747004271 20.890420914 -0.017005173 -0.282402039 0.089649878 0.954946518
2920.924718976 1.075042129 -2.489822626 20.401588440 -0.022164714 -0.302008927 0.072125487 0.950314283
2920.986737856 0.464619577 -2.843859911 21.335155487 -0.020210607 -0.307450861 0.082570277 0.947759271
2921.049621536 -0.167466044 -3.294692993 22.214021683 -0.026348207 -0.304462165 0.089035541 0.947987974
2921.111902688 -1.148682117 -3.855569839 21.664827347 -0.062737323 -0.198254168 0.111536659 0.971760690
2921.173890208 -0.287761509 -3.866619349 19.638341904 -0.105396055 -0.217183068 0.096965522 0.965567648
2921.237130272 -0.470222294 -4.519157887 20.935766220 -0.147909626 -0.231533661 0.096971512 0.956614554
2921.299399200 -1.227256417 -5.516543865 21.910417557 -0.224058062 -0.179287583 0.145011753 0.946903110
2921.362944928 -2.386149406 -5.140271187 21.366331100 -0.264351726 -0.067214832 -0.113831691 0.955323339
2921.424289376 -3.155565977 -5.329795361 19.142629623 -0.295691580 -0.005943117 -0.255466998 0.920471489
2921.490388864 -4.168986797 -5.257579327 16.871728897 -0.320540518 0.061093148 -0.399968237 0.856473505
2921.549189440 -5.110203266 -4.571975708 15.329864502 -0.337412715 0.134828642 -0.496943206 0.788049042
2921.611783296 -5.980391502 -3.616708040 13.784772873 -0.348326534 0.206888482 -0.591497362 0.697134614
2921.675895264 -6.567018032 -2.559056997 12.574507713 -0.354194611 0.275124490 -0.670593262 0.590895534
2921.736811200 -6.991116047 -1.436867952 11.410741806 0.352258801 -0.335136294 0.730132401 -0.480108351
2921.799769856 -6.670899391 -1.694237232 11.186562538 0.356853604 -0.332616895 0.721908450 -0.490784794
2921.861597792 -6.348377228 -1.918790698 10.969648361 -0.361628562 0.332772642 -0.712642670 0.500627339
2921.924549632 -6.026010036 -2.086548805 10.694255829 -0.359982818 0.330271125 -0.710171819 0.506941080
2921.986619776 -5.633267879 -2.239138603 10.489268303 -0.360311598 0.322324246 -0.709666431 0.512499988
2922.049068128 -5.205375671 -2.385172844 10.267734528 -0.352057517 0.307764053 -0.712343156 0.523358405
2922.111962080 -4.771179199 -2.518320560 10.066307068 -0.345816404 0.294278115 -0.716114640 0.530086040
2922.173460192 -4.368904114 -2.629863262 9.881366730 -0.344488859 0.283835530 -0.719683170 0.531808972
2922.236688416 -3.961878061 -2.748978853 9.709692955 -0.343482465 0.276225805 -0.718065560 0.538610101
2922.299470752 -3.955833912 -2.579277515 10.320116043 -0.361792803 0.290384412 -0.717096329 0.520149827
2922.361593536 -3.744233608 -2.593326330 10.498124123 -0.383595496 0.317763150 -0.701501608 0.509682775
2922.422164320 -3.471818447 -2.620707512 10.520339012 -0.356324643 0.284704089 -0.714676440 0.530296087
2922.486976320 -3.242685556 -2.613164663 10.682138443 -0.345074236 0.270610332 -0.718251228 0.540193617
2922.551746944 -2.888655663 -2.594998121 11.202030182 -0.354489625 0.325325757 -0.680228055 0.552982807
2922.611504704 -2.614155293 -2.594050407 11.389818192 -0.361552328 0.335664570 -0.698189974 0.518787026
2922.672083296 -2.394543171 -2.605925322 11.552377701 -0.343677402 0.318544358 -0.707921863 0.528452456
2922.735832448 -2.156406879 -2.613857269 11.710948944 -0.330280781 0.298122644 -0.711449504 0.543945849
2922.798997088 -1.923278451 -2.620421886 11.893074036 -0.329632431 0.296946585 -0.708798766 0.548424363
2922.860832416 -1.702641845 -2.635146141 12.073508263 -0.328783959 0.302309513 -0.697319031 0.560585558
2922.922961952 -1.477647185 -2.648410082 12.248131752 -0.336554468 0.306416273 -0.693332553 0.558686137
2922.986923776 -1.243082404 -2.664167881 12.422600746 -0.341511816 0.313330710 -0.686560571 0.560203552
2923.049257696 -1.088362217 -2.704743624 12.565961838 -0.342634231 0.313960671 -0.689084888 0.556050897
2923.110047328 -0.874009132 -2.720479488 12.720128059 -0.342578918 0.314498514 -0.688571990 0.556416273
2923.170906528 -0.631673455 -2.725461245 12.889869690 -0.352640003 0.319724351 -0.691522062 0.543340266
2923.237096768 -0.372947931 -2.751013279 13.033823013 -0.348881155 0.317206800 -0.689708650 0.549512327
2923.299032160 -0.102410257 -2.760819435 13.238288879 -0.350746542 0.319157749 -0.688327074 0.548927248
2923.360732992 0.121185333 -2.779327154 13.397261620 -0.344113350 0.322713405 -0.682917953 0.557732046
2923.421446432 0.334870398 -2.801520348 13.562424660 -0.329994380 0.322452754 -0.679093719 0.570928574
2923.485288064 0.578151703 -2.828473091 13.728987694 -0.321264684 0.329509795 -0.677129149 0.574202240
2923.549561312 0.787971497 -2.856416941 13.889430046 -0.316418588 0.341029018 -0.671876431 0.576333702
2923.610347872 1.006824851 -2.871592283 14.070553780 -0.322121114 0.333197683 -0.673938036 0.575347543
2923.671496256 1.207858324 -2.877609968 14.239583969 -0.320379704 0.318084121 -0.672460794 0.586494446
2923.735467552 1.438841343 -2.868644714 14.404060364 -0.330296278 0.292224944 -0.685483873 0.579328001
2923.804139424 1.684535503 -2.860330343 14.600021362 -0.348075747 0.293544084 -0.670506001 0.585744679
2923.865018784 1.897764921 -2.852608204 14.743626595 -0.371472239 0.292296171 -0.670211434 0.572178364
2923.926206944 2.128405571 -2.859432936 14.915159225 -0.379576892 0.281770557 -0.667210877 0.575635850
2923.990379488 2.363485575 -2.843372822 15.058817863 -0.391174197 0.280890852 -0.661785126 0.574563742
2924.054639904 2.582745075 -2.818437815 15.203375816 -0.395804435 0.270715326 -0.663750589 0.574009657
2924.115007232 2.794394732 -2.794359207 15.343836784 -0.409363031 0.283152580 -0.657382369 0.565769374
2924.175961952 3.000550508 -2.775988817 15.478464127 -0.406496912 0.284515172 -0.651928663 0.573411167
2924.240845984 3.202361822 -2.745676041 15.618100166 -0.398573667 0.274959415 -0.660443485 0.573891044
2924.308400768 3.433058023 -2.719921589 15.764919281 -0.396221876 0.274990797 -0.657611907 0.578735590
2924.365915808 3.629125595 -2.690219641 15.895554543 -0.400416315 0.269795209 -0.661565959 0.573766470
2924.426269056 3.861915112 -2.663867474 16.050727844 -0.409119368 0.283665597 -0.646321297 0.578293860
2924.490824256 4.107879639 -2.625157833 16.197614670 -0.407340199 0.275428087 -0.654298663 0.574549198
2924.554459552 4.386083603 -2.603374958 16.325666428 -0.394560605 0.256712943 -0.661772013 0.583505034
2924.615829856 4.581541538 -2.569532871 16.455381393 -0.402457267 0.264633119 -0.653966784 0.583373785
2924.680761600 4.805636883 -2.478725672 16.591035843 -0.409871280 0.265764654 -0.658415377 0.572594166
2924.748790208 5.038029194 -2.450493336 16.752656937 -0.404886931 0.269362420 -0.650508702 0.583394229
2924.808950432 5.285762310 -2.421056032 16.938581467 -0.405347288 0.253027111 -0.666255653 0.572515666
2924.869466272 5.493326187 -2.389681578 17.083286285 -0.403220296 0.258684427 -0.656724691 0.582416117
2924.930597600 5.783918858 -2.366819382 17.273796082 -0.403793961 0.251387179 -0.668302655 0.571949720
2924.995412864 6.043344975 -2.334113598 17.476245880 -0.408756614 0.258233994 -0.660177648 0.574803174
2925.058777984 6.285038471 -2.278430223 17.637153625 -0.410838842 0.253779471 -0.665446222 0.569199920
2925.120007680 6.493373394 -2.241799593 17.774244308 -0.413717955 0.255412519 -0.663888991 0.568201602
2925.180458048 6.727156639 -2.210865974 17.923238754 -0.407469511 0.251729012 -0.666061342 0.571807086
2925.245223008 6.940979481 -2.172892332 18.079820633 -0.414349496 0.259473950 -0.663187802 0.566718400
2925.308346560 7.199992657 -2.139352798 18.257059097 -0.411296397 0.259421170 -0.659461856 0.573276460
2925.370390816 7.405446529 -2.102670193 18.402565002 -0.405821890 0.255982399 -0.664168417 0.573290467
2925.433513728 7.600560665 -2.062628508 18.534801483 -0.406591028 0.264476955 -0.660758257 0.572830200
2925.495772768 7.838519096 -2.025227070 18.685686111 -0.403063893 0.259357154 -0.669493139 0.567496598
2925.558381280 8.060168266 -1.988554597 18.828084946 -0.410939038 0.268323153 -0.666193604 0.561531842
2925.620359552 8.310920715 -1.959633470 18.979612350 -0.409819067 0.265032530 -0.671422243 0.557672203
2925.679894432 8.522649765 -1.932928085 19.118228912 -0.405724615 0.271109015 -0.669911444 0.559558749
2925.745842752 8.781007767 -1.906019330 19.292840958 -0.405889809 0.275072873 -0.676003635 0.550097644
2925.807956224 9.009542465 -1.893318057 19.439744949 -0.394569904 0.284331113 -0.665835142 0.565804005
2925.872837952 9.238067627 -1.859589338 19.600299835 -0.399157166 0.283258110 -0.673796535 0.553567052
2925.932356928 9.467901230 -1.834857941 19.767429352 -0.396961957 0.283382028 -0.671824038 0.557465851
2925.995953600 9.712614059 -1.805807829 19.919347763 -0.402344108 0.282828420 -0.670532405 0.555440068
2926.059029312 10.011886597 -1.821632981 20.075319290 -0.401518434 0.276867092 -0.673608065 0.555319548
2926.127389536 10.233765602 -1.797934294 20.226016998 -0.400313139 0.276728481 -0.669206440 0.561545551
2926.179605856 10.445892334 -1.764487147 20.354990005 -0.397493124 0.268916219 -0.673012435 0.562794387
2926.246581504 10.706892967 -1.741880774 20.519866943 -0.404914826 0.275327265 -0.667874277 0.560520232
2926.309178464 10.958781242 -1.726229906 20.674045563 -0.412002683 0.277797341 -0.663017154 0.559902370
2926.372624736 11.187186241 -1.692853808 20.811487198 -0.417490184 0.273136824 -0.668861210 0.551110506
2926.430032192 11.408507347 -1.659595370 20.937873840 -0.420104474 0.288203210 -0.658755362 0.553617656
2926.498558144 11.673837662 -1.615557075 21.100336075 -0.417878687 0.290084839 -0.665996253 0.545598090
2926.559473120 11.945516586 -1.593650103 21.228559494 -0.408042103 0.290411353 -0.666842580 0.551800430
2926.620811360 12.106016159 -1.602526903 21.336929321 -0.416978329 0.298249722 -0.668427944 0.538869441
2926.680126144 12.340381622 -1.583511710 21.469841003 -0.415855676 0.307162315 -0.659352481 0.545865834
2926.747080832 12.561681747 -1.538634777 21.617002487 -0.418656707 0.304926008 -0.662400723 0.541268885
2926.808813120 12.771669388 -1.505012035 21.740909576 -0.419251025 0.301769137 -0.663076162 0.541750669
2926.870684576 12.973364830 -1.467680693 21.843940735 -0.417657614 0.298416257 -0.664174497 0.543490827
2926.930233216 13.122937202 -1.450244546 21.932502747 -0.415012777 0.292983621 -0.661789596 0.551325321
2926.995633120 13.268890381 -1.429775834 22.014324188 -0.425165921 0.294197053 -0.660718739 0.544180751
2927.058856352 13.397250175 -1.414325237 22.084659576 -0.422009975 0.293019682 -0.657501578 0.551124871
2927.124813632 13.508882523 -1.402131319 22.149116516 -0.421412945 0.291708022 -0.658588707 0.550979614
2927.192675232 13.633620262 -1.379248381 22.235603333 -0.421188265 0.293477774 -0.660786390 0.547569633
2927.247100128 13.709761620 -1.371011853 22.282922745 -0.418306112 0.292945355 -0.662665486 0.547793388
2927.310143840 13.787203789 -1.366925001 22.341918945 -0.416815192 0.296315014 -0.661573589 0.548436821
2927.370621728 13.842608452 -1.360871911 22.369634628 -0.416798949 0.296245337 -0.662330449 0.547572494
2927.429295168 13.886812210 -1.356539607 22.398487091 -0.414226413 0.293894351 -0.662985206 0.549993694
2927.494872576 13.926257133 -1.339519978 22.427869797 -0.413344741 0.293977290 -0.664708018 0.548531234
2927.558296768 13.965264320 -1.329733133 22.451698303 -0.412775487 0.294228405 -0.664539933 0.549028933
2927.620028416 13.994418144 -1.327937722 22.468616486 -0.412119031 0.294101983 -0.663235784 0.551162839
2927.681611264 14.014636993 -1.327661633 22.483446121 -0.410461485 0.292384714 -0.662641644 0.554020226
2927.746282624 14.031097412 -1.321290255 22.501232147 -0.410909772 0.291461855 -0.662996411 0.553749859
2927.808638656 14.038378716 -1.323084235 22.526395798 -0.412090808 0.291487724 -0.661276698 0.554913759
2927.870928000 14.051852226 -1.320425749 22.533527374 -0.412336081 0.291307598 -0.661109984 0.555024981
2927.929485088 14.062417984 -1.320183873 22.539983749 -0.412486464 0.291384906 -0.661101580 0.554882646
2927.995669216 14.076807022 -1.317675591 22.541940689 -0.413290292 0.290337771 -0.661139667 0.554787695
2928.058215904 14.082228661 -1.318413019 22.551679611 -0.413987130 0.290030390 -0.660370409 0.555344880
2928.122625504 14.088228226 -1.317907214 22.554779053 -0.414953113 0.289487749 -0.659796178 0.555589616
2928.179860896 14.097869873 -1.316025138 22.560419083 -0.415189654 0.289309949 -0.659589350 0.555751026
2928.250977856 14.103332520 -1.312341332 22.562183380 -0.415076941 0.289653003 -0.659761250 0.555452347
2928.308993056 14.103396416 -1.311894059 22.566675186 -0.415103555 0.289661825 -0.659731865 0.555462956
