252.436018624 0.000000000 0.000000000 0.000000000 0.000000000 0.000000000 0.000000000 1.000000000
252.468248352 -0.000153015 0.000363942 -0.000392637 -0.000238113 -0.000080757 -0.000087425 0.999999940
252.499760704 0.000627440 -0.000590761 -0.000626232 0.003487641 0.000035466 0.001358970 0.999992967
252.531619840 0.001311691 -0.000489613 0.006489597 0.004944169 0.001198876 0.001824268 0.999985397
252.563067616 0.001853510 0.001403714 0.019872092 0.003738034 0.004151399 0.000635731 0.999984145
252.594461856 0.002936032 0.002078137 0.037199613 0.005466984 0.005915806 0.000696607 0.999967337
252.626528640 0.003125295 0.001409851 0.061121836 0.005999303 0.006254973 -0.000370209 0.999962389
252.658611872 0.002265833 0.000299234 0.092066795 0.004772494 0.007453248 -0.002765685 0.999957025
252.690989536 -0.001287492 0.001391742 0.128249928 0.002052567 0.006906571 -0.007827736 0.999943376
252.723186240 -0.003975445 0.001378996 0.167006478 0.002748753 0.003743555 -0.007379947 0.999961972
252.754500640 -0.005575597 0.000437310 0.210496455 -0.000553203 -0.004499934 -0.001966725 0.999987781
252.785819296 -0.013831320 -0.001662443 0.252948254 0.001854709 -0.015534071 -0.007425781 0.999850035
252.817822464 -0.018521491 -0.009910700 0.299262881 0.011214036 -0.023193140 -0.003465288 0.999662101
252.849486368 -0.020571873 -0.016304910 0.355387568 0.007590783 -0.027800392 0.004646105 0.999573886
252.882351008 -0.027046908 -0.018222945 0.411062568 0.006479426 -0.029517625 -0.001211302 0.999542534
252.914228896 -0.027621377 -0.019745333 0.471468389 0.012662588 -0.027519509 0.003118726 0.999536216
252.955889024 -0.026619494 -0.020879850 0.557289720 0.011896940 -0.025069842 0.008646376 0.999577522
252.988144064 -0.030149627 -0.024165714 0.616575658 0.021016829 -0.020564519 -0.002210097 0.999565184
253.019871712 -0.031382978 -0.026768526 0.688091636 0.024248965 -0.016642818 -0.003583237 0.999560952
253.053822624 -0.032254286 -0.026968665 0.767695248 0.025386749 -0.012175628 -0.005227474 0.999589920
253.085309568 -0.033031806 -0.028822627 0.850084305 0.017297668 -0.008689814 -0.007697165 0.999782979
253.117235616 -0.028858870 -0.038247045 0.928517699 0.015959712 -0.007872004 0.000610329 0.999841452
253.158556256 -0.029892899 -0.044652164 1.037310123 0.012647008 -0.006868497 -0.003488245 0.999890327
253.189492064 -0.029871391 -0.045295049 1.113980532 0.009117128 -0.006904294 -0.002703028 0.999930918
253.222506400 -0.031796388 -0.049107231 1.206696749 0.009814822 -0.007446988 -0.004365936 0.999914527
253.254760128 -0.034790698 -0.053949326 1.296562910 0.009506192 -0.009132524 -0.006371391 0.999892831
253.286299744 -0.037787251 -0.057594009 1.385907054 0.008250542 -0.009496730 -0.010286565 0.999867976
253.320426304 -0.038314559 -0.058826588 1.476972342 0.005247848 -0.009274924 -0.009095958 0.999901831
253.352884064 -0.036533222 -0.063681111 1.570071459 0.009030728 -0.007552729 -0.005664379 0.999914646
253.384550464 -0.036261283 -0.071625441 1.663249969 0.012553462 -0.004442380 -0.005199388 0.999897838
253.416112064 -0.034370899 -0.072990797 1.754674673 0.004411255 -0.002226465 -0.005277655 0.999973834
253.447821696 -0.034830540 -0.076828867 1.842573404 0.007514491 0.000278406 -0.008953681 0.999931633
253.479859648 -0.033496600 -0.081666604 1.932704806 0.009776825 0.002676510 -0.008148566 0.999915421
253.513160032 -0.028063593 -0.085896894 2.025535583 0.006181297 0.004066804 0.001192804 0.999971926
253.544956736 -0.023241987 -0.091180183 2.124076843 0.008829071 0.005682457 0.005704551 0.999928594
253.576474080 -0.023765389 -0.095338508 2.221346855 0.007892282 0.007967445 0.000243240 0.999937057
253.619143584 -0.023368293 -0.095121935 2.355910778 0.000412565 0.011164944 -0.004831771 0.999925911
253.651039808 -0.020724755 -0.098878413 2.454459906 0.001027249 0.010658578 -0.001635029 0.999941349
253.683355840 -0.018124579 -0.105776630 2.553256512 0.006709136 0.008774483 -0.001500867 0.999937892
253.715253664 -0.015416434 -0.110365525 2.654684782 0.002485743 0.005249286 -0.000918871 0.999982715
253.748871808 -0.015676346 -0.109531000 2.762881279 -0.005500302 0.000871506 -0.005864773 0.999967277
253.782134016 -0.017133690 -0.110205993 2.866252422 -0.000567784 -0.004728261 -0.008230967 0.999954760
253.813976032 -0.014194422 -0.112458877 2.966708183 0.003889302 -0.010351093 -0.002023201 0.999936819
253.845886528 -0.017023472 -0.112634741 3.073458910 -0.004299522 -0.013158931 -0.007503549 0.999876022
253.880280320 -0.020923462 -0.114138007 3.175836802 -0.009685549 -0.015100488 -0.013026740 0.999754190
253.912108384 -0.022431511 -0.116733156 3.287064314 -0.006106584 -0.015319020 -0.014421191 0.999760032
253.943874624 -0.024354549 -0.116749167 3.391084433 -0.005173510 -0.014736488 -0.015952392 0.999750733
253.975614048 -0.021345906 -0.121145576 3.489787817 -0.008051018 -0.012538910 -0.009507935 0.999843776
254.007359872 -0.019893905 -0.125457838 3.593482256 -0.006575629 -0.010263038 -0.005998636 0.999907732
254.040272224 -0.020752210 -0.127073526 3.702503920 -0.005095499 -0.007477465 -0.007331665 0.999932170
254.072943328 -0.020920092 -0.128154755 3.812657118 -0.001016336 -0.004599003 -0.007077532 0.999963880
254.104590592 -0.023677237 -0.127934471 3.922134876 -0.000671265 -0.002305930 -0.010886113 0.999937832
254.136222016 -0.023336250 -0.129579037 4.030443192 -0.006333855 -0.001219086 -0.007462821 0.999951363
254.167647776 -0.020239519 -0.132754743 4.137911320 -0.007248316 -0.001862462 0.000823136 0.999971628
254.199493696 -0.021853594 -0.135880962 4.244727612 -0.005074318 -0.003176911 -0.001498271 0.999980927
254.231187488 -0.024460414 -0.137201190 4.356722355 -0.010114965 -0.004119035 -0.004480518 0.999930322
254.262633920 -0.025548374 -0.138861790 4.464385509 -0.009666007 -0.005051134 -0.005893394 0.999923170
254.306216064 -0.027545150 -0.141361833 4.611767292 -0.003296880 -0.007097802 -0.004574891 0.999958932
254.336824704 -0.027615137 -0.141897783 4.723191738 -0.005419793 -0.008443375 -0.002172912 0.999947309
254.368373344 -0.030497495 -0.144250080 4.832485199 -0.009148996 -0.010572221 -0.002283281 0.999899626
254.399769440 -0.037611850 -0.145254731 4.942759037 -0.005528735 -0.012918285 -0.012681746 0.999820828
254.432952544 -0.039861776 -0.148657635 5.055395126 -0.003999609 -0.014821621 -0.010064458 0.999831498
254.465094368 -0.042238332 -0.144978076 5.178225994 -0.018042678 -0.015624502 -0.007799764 0.999684691
254.496944160 -0.048268508 -0.146686018 5.285771847 -0.011942833 -0.016091233 -0.011556793 0.999732435
254.530036832 -0.051658623 -0.146188274 5.404480934 -0.011221754 -0.016960237 -0.011369171 0.999728560
254.572192064 -0.061403129 -0.146076590 5.563014507 -0.015936982 -0.017541530 -0.020272169 0.999513566
254.602493376 -0.062516138 -0.151713192 5.662823677 -0.013212926 -0.018179059 -0.015396317 0.999628901
254.634226080 -0.069865897 -0.154906869 5.781500816 -0.003079835 -0.016505804 -0.018333830 0.999690950
254.665895904 -0.075821348 -0.152287215 5.897554874 -0.005851908 -0.016829249 -0.020500621 0.999631047
254.697996256 -0.075701259 -0.149240673 6.019456863 -0.014435906 -0.017375277 -0.011770119 0.999675512
254.729638752 -0.078455463 -0.153444380 6.131601810 -0.001772738 -0.016286688 -0.011943032 0.999794483
254.761730432 -0.082433291 -0.157706022 6.252272129 -0.003427070 -0.013069114 -0.013350145 0.999819577
254.794363168 -0.080299288 -0.160964370 6.375417233 -0.010142620 -0.008915715 -0.005304633 0.999894738
254.826207136 -0.085123606 -0.157840461 6.502288342 -0.012520668 -0.004528001 -0.008716302 0.999873340
254.858386496 -0.093896106 -0.158162385 6.617512703 -0.003402120 -0.003498215 -0.020049356 0.999787092
254.889953792 -0.090357460 -0.158376589 6.741976261 -0.013579435 -0.003033741 -0.006753806 0.999880373
254.922195104 -0.090797983 -0.166907370 6.855481148 -0.002387911 -0.003360758 -0.004447750 0.999981582
254.953908704 -0.089284010 -0.169806689 6.980729103 -0.007383047 -0.002528860 -0.000104322 0.999969542
254.988560224 -0.097517051 -0.169054434 7.096729279 0.002604518 0.001303989 -0.018650208 0.999821842
255.025335616 -0.092454240 -0.170717791 7.233923435 -0.002749520 0.007212880 -0.010280167 0.999917328
255.054876608 -0.080791220 -0.175980717 7.368211746 0.001610098 0.012002656 0.008535873 0.999890208
255.087034912 -0.081281632 -0.175913781 7.492010593 -0.000392711 0.014447860 -0.003790156 0.999888361
255.119098976 -0.079609148 -0.176375240 7.617970467 -0.005835244 0.016888579 -0.006230285 0.999820948
255.151156544 -0.077489249 -0.183461741 7.736030102 0.001129589 0.017724603 -0.008660464 0.999804795
255.183860736 -0.071856469 -0.192148373 7.860296249 0.004924067 0.017877106 -0.003137368 0.999823153
255.215493760 -0.069787219 -0.199457020 7.974912643 0.012815286 0.017771652 -0.008045278 0.999727547
255.255722176 -0.058325067 -0.201974958 8.131221771 0.006408563 0.016063532 0.006238680 0.999830961
255.286228704 -0.054379463 -0.197760195 8.252468109 0.000322890 0.017032169 0.004253224 0.999845862
255.317872128 -0.054330777 -0.200265452 8.374640465 0.000593053 0.016788555 -0.005633575 0.999843001
255.352517216 -0.047513403 -0.208547264 8.498828888 -0.002687404 0.018949635 -0.006502981 0.999795675
255.385362688 -0.039835256 -0.222559571 8.621278763 0.007818335 0.018378094 -0.001608199 0.999799252
255.417292480 -0.029755997 -0.225436240 8.743355751 0.009154244 0.016251909 0.007103087 0.999800801
255.451438272 -0.025346246 -0.225807711 8.872058868 0.008738102 0.014234150 0.007260517 0.999834180
255.483233664 -0.026643051 -0.220922619 8.998827934 0.002904196 0.011816319 -0.005728499 0.999909580
255.514858624 -0.027107220 -0.223896533 9.120185852 -0.005016841 0.009593229 -0.009150469 0.999899507
255.589846912 -0.026501067 -0.236774668 9.396906853 -0.001643210 0.006903916 -0.014328292 0.999872148
255.618704960 -0.028356016 -0.234920889 9.508965492 -0.008626346 0.005157901 -0.022694349 0.999691904
255.652985248 -0.027109887 -0.232963860 9.632336617 -0.005821582 0.002974826 -0.020521587 0.999768078
255.685534784 -0.028159842 -0.228651106 9.769401550 -0.017794773 0.001700628 -0.024022525 0.999551594
255.722180928 -0.026245892 -0.227393419 9.902142525 -0.024438856 0.001342419 -0.020027883 0.999499798
255.753995104 -0.024112098 -0.224552795 10.045822144 -0.033389963 0.002266810 -0.016820366 0.999298275
255.789228704 -0.029601572 -0.218750745 10.174654961 -0.038910180 0.003332343 -0.026139274 0.998895228
255.821112672 -0.028484013 -0.217869252 10.308183670 -0.025041908 0.004788162 -0.023948980 0.999388039
255.852776032 -0.032125570 -0.215495631 10.434108734 -0.023955787 0.005146666 -0.032311868 0.999177456
255.884976832 -0.030502092 -0.215947524 10.559899330 -0.017520631 0.004013470 -0.025283640 0.999518692
255.917331264 -0.029646579 -0.214072928 10.684463501 -0.006369553 -0.000124851 -0.022318980 0.999730587
255.950635456 -0.033268843 -0.210442677 10.822270393 -0.015793005 -0.004281871 -0.026535884 0.999513924
255.983344640 -0.050196670 -0.204199046 10.947031975 -0.014540653 -0.007459228 -0.057084184 0.998235583
256.024312544 -0.050852194 -0.204799235 11.117351532 -0.019536223 -0.008471658 -0.041768592 0.998900354
256.056827232 -0.049392559 -0.209946081 11.242540359 -0.012271679 -0.006511386 -0.033694182 0.999335647
256.088195200 -0.056401558 -0.204267472 11.377064705 -0.014401851 -0.004038966 -0.044264756 0.998907864
256.121201056 -0.061878473 -0.200387910 11.511917114 -0.024906060 0.001513442 -0.049807977 0.998447061
256.152953760 -0.059318356 -0.202427983 11.640281677 -0.014286594 0.007722700 -0.038826033 0.999113977
256.184355232 -0.057373233 -0.206535488 11.766694069 -0.009439847 0.009047009 -0.030621089 0.999445498
256.215813376 -0.057504289 -0.211606354 11.890450478 -0.001350933 0.010006030 -0.027402414 0.999573469
256.247563616 -0.051937606 -0.218429446 12.015864372 0.004351225 0.009946611 -0.015647413 0.999818623
256.281395008 -0.045663677 -0.221544728 12.153845787 -0.000845269 0.007324064 -0.006334035 0.999952734
256.313446464 -0.046797592 -0.222924650 12.283919334 0.004848333 0.007886601 -0.010893684 0.999897778
256.349360096 -0.047781378 -0.228411078 12.433005333 0.005303478 0.007957996 -0.013568788 0.999862194
256.383318912 -0.049044419 -0.229097024 12.573004723 -0.004947648 0.006194990 -0.018314105 0.999800861
256.414929344 -0.043065686 -0.234452009 12.707212448 -0.002106144 0.006588742 -0.008528560 0.999939680
256.448404832 -0.041144386 -0.235443100 12.848046303 -0.007504433 0.007596898 -0.009872747 0.999894261
256.486298016 -0.038621694 -0.238075599 13.005407333 -0.009083700 0.008352478 -0.009024498 0.999883115
256.521951424 -0.040220343 -0.237368271 13.145453453 -0.009865319 0.009979220 -0.013269989 0.999813497
256.557394432 -0.036082778 -0.227986678 13.311204910 -0.024794860 0.011516013 -0.011970631 0.999554574
256.589688960 -0.029908396 -0.231583431 13.443227768 -0.017691158 0.012431391 -0.002840591 0.999762177
256.625238336 -0.035224576 -0.231928691 13.582563400 -0.020468524 0.011037357 -0.018209821 0.999563694
256.659176928 -0.031457990 -0.230325997 13.738880157 -0.024359779 0.008869303 -0.012684146 0.999583483
256.691115200 -0.027165171 -0.228299022 13.868087769 -0.012097046 0.005304047 -0.007035912 0.999888003
256.725114656 -0.023417283 -0.222237617 14.003684044 -0.021094590 0.002504976 -0.004071393 0.999766052
256.756692096 -0.030140454 -0.216772631 14.149386406 -0.024061767 0.004019044 -0.018072421 0.999539018
256.789768352 -0.027328646 -0.218639389 14.286237717 -0.017951170 0.005666806 -0.013835543 0.999727070
256.826193408 -0.020799292 -0.218939930 14.429049492 -0.019621646 0.008692673 -0.000175516 0.999769688
256.868112832 -0.019011931 -0.214196950 14.628063202 -0.019449554 0.017464973 -0.002805427 0.999654353
256.900123648 -0.010464718 -0.212079734 14.763821602 -0.013517548 0.022448730 0.006984714 0.999632180
256.940525280 -0.008759315 -0.213356033 14.941351891 -0.010891426 0.025705403 -0.000171489 0.999610245
256.971715040 -0.017896734 -0.212467760 15.073208809 -0.007969134 0.025456317 -0.030747149 0.999171197
257.003197952 -0.010071301 -0.220950142 15.203429222 -0.000713788 0.022590108 -0.015759023 0.999620318
257.034450816 0.005175508 -0.227908194 15.333956718 0.003962890 0.019744664 0.007819160 0.999766648
257.067342336 0.015588711 -0.235830486 15.468868256 0.018864157 0.021651678 0.015131863 0.999473035
257.098892416 0.012032185 -0.237010717 15.605217934 0.015570148 0.031789087 -0.015070036 0.999259710
257.130713376 0.017502762 -0.231423542 15.753685951 -0.005215669 0.043580770 -0.020045999 0.998835206
257.162890272 0.033151090 -0.227901146 15.896699905 -0.014393270 0.049415093 -0.009486765 0.998629570
257.194487968 0.062513471 -0.228464440 16.036174774 -0.035775386 0.049332287 0.036612660 0.997469783
257.226247008 0.075742558 -0.221537948 16.172491074 -0.049497388 0.047142688 0.033441361 0.997100413
257.258368992 0.095029667 -0.233115748 16.293308258 -0.027359020 0.044978034 0.047278553 0.997493446
257.290067552 0.099876694 -0.245000288 16.403682709 0.019091200 0.048088912 0.035845798 0.998017073
257.321764288 0.097671248 -0.255275160 16.526679993 0.039407846 0.054119617 0.016691640 0.997616887
257.353492544 0.105107196 -0.254141062 16.659980774 0.033735294 0.056621619 0.013629118 0.997732520
257.385384160 0.119230628 -0.250012070 16.798603058 0.011105063 0.055105004 0.016346369 0.998284996
257.417206400 0.140896916 -0.242495894 16.946504593 -0.030351998 0.052096032 0.034596495 0.997581005
257.449255040 0.155196384 -0.246230468 17.077196121 -0.036773048 0.054232340 0.037216503 0.997156739
257.481305600 0.165227741 -0.247915059 17.206230164 -0.031138752 0.054097448 0.028525146 0.997642279
257.512856096 0.175420985 -0.241915017 17.339139938 -0.025502577 0.054934882 0.022611717 0.997908056
257.544365248 0.193246916 -0.231013626 17.473735809 -0.031432755 0.055113427 0.029062638 0.997561932
257.576346400 0.208115265 -0.228033885 17.605978012 -0.029413421 0.054982025 0.030978013 0.997573197
257.607593376 0.220341712 -0.226587906 17.740055084 -0.025733946 0.056057837 0.026148528 0.997753263
257.639220416 0.227345228 -0.224616677 17.875055313 -0.026273847 0.058025591 0.019929050 0.997770250
257.671787232 0.240440741 -0.222389951 18.011837006 -0.018897805 0.059666771 0.017512167 0.997885823
257.703392768 0.254331589 -0.222409889 18.147165298 -0.015012659 0.060344111 0.019233540 0.997879386
257.735320096 0.269032389 -0.222975582 18.282560349 -0.011338328 0.059460554 0.016946081 0.998022377
257.766974400 0.283367097 -0.225453854 18.418756485 -0.008689157 0.058668707 0.014835768 0.998129487
257.798359520 0.297698200 -0.225860819 18.556442261 -0.007211997 0.059279274 0.013146585 0.998128831
257.829762848 0.311417311 -0.227384895 18.694950104 -0.009985184 0.059736878 0.012041952 0.998091578
257.862012576 0.324619353 -0.229645416 18.832712173 -0.007333620 0.058874086 0.011435112 0.998172939
257.895775936 0.338055313 -0.231224120 18.974378586 -0.008297781 0.056725498 0.009884031 0.998306394
257.929440192 0.351934165 -0.231806099 19.120676041 -0.008371989 0.054154515 0.008020722 0.998465240
257.960993536 0.364279389 -0.232934266 19.265060425 -0.007375564 0.051154748 0.006210678 0.998644233
257.992401824 0.375474244 -0.232732356 19.404045105 -0.008280721 0.047741465 0.005323014 0.998811245
258.024681216 0.386052698 -0.233921856 19.545957565 -0.007656828 0.045601472 0.003239706 0.998925090
258.059700768 0.397484064 -0.235743180 19.703104019 -0.013225478 0.045726445 0.003647387 0.998859763
258.093598112 0.411746889 -0.232184216 19.859212875 -0.017849622 0.046749890 0.001489494 0.998746037
258.125864960 0.423097372 -0.230332837 20.003362656 -0.015924178 0.047052417 -0.002049312 0.998763382
258.160543168 0.436606914 -0.230962887 20.163991928 -0.019603249 0.047374457 -0.000584113 0.998684645
258.192717856 0.450104654 -0.234214112 20.304908752 -0.015701316 0.047690917 0.002684630 0.998735130
258.224256736 0.462151855 -0.231850639 20.449604034 -0.015272359 0.048072778 0.002212056 0.998724639
258.255667232 0.470723033 -0.226626217 20.592927933 -0.013466835 0.048982766 0.000135980 0.998708844
258.287436416 0.483263940 -0.227085873 20.735363007 -0.012381874 0.049711652 0.002836897 0.998682797
258.319819680 0.497520655 -0.229945868 20.880105972 -0.012640935 0.050144259 0.004034260 0.998653829
258.351820576 0.508722365 -0.230989128 21.030405045 -0.014342649 0.050053168 0.003089289 0.998638749
258.383517632 0.521720946 -0.231261685 21.173967361 -0.008072597 0.049063858 0.005113620 0.998749912
258.416132224 0.535491347 -0.233692393 21.317960739 -0.003551892 0.046654105 0.007580833 0.998876035
258.447589792 0.546837687 -0.235610455 21.464706421 -0.004201249 0.044796728 0.004158513 0.998978615
258.479144160 0.556630433 -0.239810988 21.607418060 -0.000952212 0.044083558 0.002301557 0.999024749
258.510762496 0.570172548 -0.243387848 21.751251221 -0.000555127 0.043247182 0.004204041 0.999055445
258.550650528 0.583601058 -0.247195765 21.931457520 0.000864856 0.042746700 0.004016732 0.999077499
258.580906208 0.593460739 -0.251229048 22.071006775 0.001548592 0.043479834 0.002103564 0.999050856
258.612334976 0.600527883 -0.256405950 22.215246201 -0.001154233 0.044337075 0.003080607 0.999011219
258.644019808 0.611180723 -0.261859924 22.359430313 0.004201641 0.044152182 0.003123030 0.999011099
258.675366336 0.618980587 -0.265852690 22.505805969 -0.003394864 0.043847281 0.001766652 0.999030888
258.709645312 0.628825188 -0.266062468 22.652271271 -0.004436461 0.043553691 0.001284698 0.999040425
258.743738720 0.642668188 -0.269464046 22.814491272 0.000158010 0.042310324 0.002868990 0.999100387
258.776710752 0.651820362 -0.277719140 22.968568802 0.002108105 0.038315743 0.004100490 0.999255002
258.810190016 0.657517612 -0.281400144 23.127994537 0.003896471 0.034557261 -0.002495022 0.999391973
258.843525568 0.663909554 -0.284097314 23.275997162 0.007224610 0.033514131 -0.003321815 0.999406636
258.875073152 0.672814131 -0.288785785 23.427495956 0.004346148 0.032228343 -0.000888868 0.999470711
258.906736384 0.675132334 -0.297933638 23.574779510 0.007008859 0.031782631 -0.001157871 0.999469578
258.935189024 0.680963814 -0.304484010 23.706342697 0.006926009 0.031162195 -0.003555440 0.999484003
258.966195072 0.684737206 -0.309137493 23.850595474 0.007578935 0.031719457 -0.006632144 0.999446034
258.994768640 0.689444482 -0.313050181 23.984207153 0.009923554 0.031703137 -0.005543791 0.999432683
259.023478144 0.695964038 -0.318562955 24.117591858 0.009628001 0.030697394 -0.003770171 0.999475241
259.052142336 0.700330734 -0.325544268 24.251834869 0.006044979 0.029974828 -0.006035425 0.999514163
259.080902176 0.703044951 -0.333454311 24.384941101 0.007284854 0.029700764 -0.007148678 0.999506712
259.109735040 0.708688855 -0.338225245 24.516645432 0.009793572 0.029360820 -0.006851771 0.999497414
259.138395136 0.713495016 -0.342801601 24.651134491 0.008313153 0.029006945 -0.005304077 0.999530554
259.166999264 0.719133794 -0.347270131 24.782415390 0.011389080 0.028275060 -0.006202683 0.999516070
259.195548384 0.721391201 -0.355041832 24.911895752 0.010524631 0.028456219 -0.007777060 0.999509335
259.224584128 0.728342950 -0.360009938 25.047546387 0.006178977 0.028431006 -0.008018954 0.999544501
259.253841696 0.732107520 -0.364615679 25.184873581 0.009057794 0.028104328 -0.006047468 0.999545693
259.284294496 0.738260984 -0.370420039 25.318571091 0.011821154 0.027062496 -0.007196446 0.999537945
259.317204160 0.749456882 -0.372912556 25.463806152 0.006128212 0.027415218 -0.008422884 0.999569833
259.357193536 0.751588941 -0.386373162 25.662704468 0.011712614 0.033996101 -0.008767248 0.999314845
259.386187680 0.768091857 -0.391244352 25.802417755 0.006153601 0.037307229 -0.008947867 0.999244809
259.416631424 0.776102364 -0.400258362 25.938653946 0.010376025 0.041797418 -0.008160540 0.999038875
259.445518112 0.791292906 -0.407508522 26.075929642 0.007829905 0.043701284 -0.005458648 0.998999059
259.474765664 0.802934408 -0.413001806 26.212574005 0.005859386 0.044862289 -0.005997134 0.998957992
259.504034208 0.812607765 -0.418755829 26.344701767 0.009436423 0.044355132 -0.006381597 0.998950839
259.532944704 0.820450902 -0.424843103 26.479928970 0.012047266 0.043026116 -0.005052548 0.998988509
259.563404576 0.831987202 -0.432205051 26.619476318 0.011554744 0.041860789 -0.003811290 0.999049366
259.592106112 0.840310574 -0.441334605 26.751779556 0.016352026 0.041198611 -0.003730591 0.999010205
259.622127232 0.849855006 -0.447430223 26.882677078 0.015780445 0.040757768 -0.004940524 0.999032199
259.654599552 0.856794596 -0.455677360 27.022838593 0.015436337 0.040755916 -0.003461644 0.999043882
259.683698400 0.866713941 -0.464983493 27.170717239 0.015938226 0.040564485 -0.001793955 0.999048173
259.713169632 0.873802185 -0.473115087 27.304050446 0.013288947 0.040743120 -0.002126339 0.999079049
259.742908384 0.882647157 -0.479277581 27.438615799 0.013537914 0.040779013 -0.004288231 0.999067247
259.771557280 0.890886247 -0.486357331 27.571781158 0.013407392 0.040611614 -0.001734704 0.999083519
259.800248384 0.903060615 -0.493449390 27.704343796 0.013183393 0.039473776 -0.000260324 0.999133587
259.829942208 0.914074898 -0.501883507 27.837284088 0.010826861 0.038191054 -0.001480686 0.999210715
259.858539424 0.927488327 -0.508589387 27.970119476 0.012141828 0.037566107 -0.003133860 0.999215484
259.887440640 0.933560193 -0.515666723 28.101358414 0.012588973 0.037437730 -0.002348034 0.999216914
259.916596608 0.942585230 -0.523196161 28.233938217 0.014335233 0.036008660 -0.001064533 0.999248087
259.949529888 0.953370452 -0.532871068 28.380876541 0.014207467 0.034709979 -0.000765207 0.999296129
259.979267424 0.964282513 -0.537917435 28.516435623 0.012799341 0.033801604 -0.001016094 0.999346077
260.008704288 0.970108151 -0.545825779 28.651519775 0.010257921 0.034036700 -0.000786500 0.999367654
260.037793504 0.972954154 -0.552413583 28.786403656 0.007322348 0.035275366 0.000194980 0.999350786
260.077827072 0.984570980 -0.565351188 28.968681335 0.008640092 0.034708533 0.000387167 0.999360085
260.106497920 0.991771579 -0.569414198 29.102033615 0.008247292 0.034508795 -0.001996310 0.999368370
260.138175968 1.000187516 -0.576587439 29.243099213 0.012660520 0.033241194 -0.001258038 0.999366403
260.170342944 1.005202770 -0.583859086 29.384641647 0.017340366 0.032015424 0.000585861 0.999336779
260.204302368 1.013226628 -0.589819431 29.534856796 0.008475858 0.030406125 -0.001618392 0.999500394
260.236677472 1.017662048 -0.604972363 29.688991547 0.012630574 0.030190071 -0.004074046 0.999456048
260.268879392 1.027788997 -0.613003373 29.836380005 0.013272826 0.029298330 -0.002894125 0.999478400
260.303322752 1.041101456 -0.617436945 29.987380981 0.008446214 0.026639534 -0.001008259 0.999608934
260.334863200 1.050135612 -0.630290151 30.133380890 0.015271228 0.026178749 -0.002674830 0.999537051
260.369910848 1.058108211 -0.632913411 30.293819427 0.009457783 0.027260143 -0.002657572 0.999580145
260.403294016 1.065213084 -0.643200040 30.443431854 0.009042508 0.026588744 -0.000009707 0.999605596
260.436873536 1.071185708 -0.650256991 30.589040756 0.010202807 0.025814885 -0.001455918 0.999613643
260.468481216 1.073653460 -0.653788745 30.742893219 0.006731851 0.024848742 -0.003146458 0.999663651
260.499808192 1.081215501 -0.661424160 30.884334564 0.012085977 0.024311014 -0.000864568 0.999630988
260.533828448 1.084767938 -0.668816328 31.034883499 0.011849818 0.023759615 -0.001032597 0.999646902
260.567529760 1.092471600 -0.678007722 31.191129684 0.014553459 0.024740808 -0.003133977 0.999583066
260.600092384 1.097706676 -0.686087549 31.338811874 0.017449999 0.028614970 -0.002918713 0.999433935
260.633775744 1.106702685 -0.695050716 31.488157272 0.017686397 0.033367500 -0.002900440 0.999282420
260.665333024 1.116963148 -0.704878569 31.636651993 0.018690778 0.037459776 -0.000813988 0.999123037
260.697721760 1.128651977 -0.715329885 31.782014847 0.022412650 0.039806195 0.002147976 0.998953700
260.729377152 1.137492299 -0.721737862 31.925827026 0.019240532 0.040269248 0.004144196 0.998995006
260.760934720 1.145535469 -0.731812775 32.068527222 0.019790074 0.040757410 0.001956472 0.998971164
260.804609856 1.162216783 -0.746332824 32.259220123 0.021897426 0.039518949 0.005168492 0.998965502
260.836389056 1.172871351 -0.754476607 32.407821655 0.017581120 0.038974177 0.006927018 0.999061525
260.868363488 1.183375239 -0.766305447 32.553668976 0.022505617 0.039021347 0.007192282 0.998959005
260.901672128 1.196729541 -0.775733829 32.703025818 0.023984401 0.038946118 0.007659241 0.998924077
260.933337056 1.206167102 -0.785060704 32.845611572 0.021076575 0.039336625 0.009969724 0.998953938
260.964950144 1.216314793 -0.797045231 32.983013153 0.028692627 0.039582312 0.010868190 0.998745143
260.996396736 1.229688168 -0.805749595 33.126296997 0.024963673 0.038579758 0.010609063 0.998887360
261.029099072 1.239888191 -0.816568255 33.272911072 0.024243250 0.039132543 0.009604294 0.998893738
261.060909280 1.250055432 -0.829161704 33.411758423 0.027237695 0.038712870 0.012606570 0.998799503
261.092837024 1.260382533 -0.839530706 33.554275513 0.026128033 0.038007874 0.011498725 0.998869598
261.128090464 1.267735839 -0.851162314 33.695175171 0.026179213 0.037472740 0.008543435 0.998918116
261.160173632 1.281157970 -0.863023281 33.851150513 0.027851894 0.037466306 0.011458862 0.998843968
261.193983328 1.292863727 -0.877487659 33.996196747 0.030150637 0.036931586 0.012469414 0.998785019
261.225507296 1.302626491 -0.892587125 34.141296387 0.034984913 0.036545742 0.010432350 0.998664916
261.258050400 1.311538219 -0.904850304 34.283889771 0.035130166 0.036466114 0.007495525 0.998689115
261.289696640 1.323626876 -0.914668381 34.422626495 0.037346505 0.036181461 0.011632660 0.998579383
261.321145344 1.335965157 -0.928709626 34.559150696 0.040304136 0.035581157 0.014916049 0.998442352
261.353757312 1.346199274 -0.942434013 34.699085236 0.036265709 0.035136100 0.014257003 0.998622537
261.385408896 1.353992343 -0.955310881 34.843765259 0.030916298 0.035429291 0.008778539 0.998855293
261.418426272 1.363273978 -0.970951557 34.981201172 0.044393826 0.036024097 0.007225008 0.998338223
261.455213088 1.373086810 -0.988840103 35.124485016 0.045778565 0.034850869 0.006229787 0.998324037
261.493391520 1.385097980 -1.008429646 35.298000336 0.051937684 0.031785272 0.008407631 0.998108983
261.525050016 1.392818213 -1.021640658 35.435016632 0.052320149 0.030057481 0.009651444 0.998131275
261.556554496 1.399028063 -1.029106021 35.577430725 0.038439885 0.029742856 0.003822201 0.998810887
261.587789760 1.402888179 -1.049418807 35.710166931 0.037332118 0.030646384 -0.000164405 0.998832881
261.621241824 1.408526659 -1.064473867 35.844692230 0.033127282 0.031719383 0.000034694 0.998947680
261.653370208 1.416501760 -1.072811842 35.993152618 0.017570006 0.029039845 0.000258791 0.999423802
261.684917888 1.420243025 -1.084713221 36.122406006 0.030813234 0.027614154 0.001387625 0.999142647
261.724625568 1.428253293 -1.099838853 36.286422729 0.038491629 0.027467335 0.003044892 0.998876691
261.755435840 1.430448890 -1.109866858 36.419258118 0.033159893 0.026518341 -0.004950319 0.999085903
261.786855232 1.433778405 -1.119273663 36.551765442 0.035409480 0.026301995 -0.009057838 0.998985648
261.819271008 1.440776229 -1.131299138 36.681350708 0.033685111 0.025244620 -0.006007728 0.999095559
261.850726272 1.446350455 -1.145334363 36.819602966 0.028985476 0.023310773 -0.006435416 0.999287248
261.882792064 1.448660374 -1.159430265 36.950801849 0.031014450 0.021291854 -0.010524943 0.999236703
261.923334560 1.454721451 -1.172804713 37.117637634 0.035569802 0.019156942 -0.009282960 0.999140441
261.953637792 1.459672570 -1.184433222 37.247455597 0.035973679 0.018285245 -0.008646294 0.999148011
261.984952288 1.464756608 -1.200781465 37.372817993 0.043206353 0.018212421 -0.007843024 0.998869359
262.016668512 1.468059897 -1.221506596 37.499198914 0.054350171 0.018208984 -0.007328589 0.998328984
262.048348704 1.469909072 -1.241888881 37.627212524 0.064807966 0.018534616 -0.010389065 0.997671545
262.079765824 1.474394441 -1.255497217 37.752708435 0.059955478 0.017968584 -0.011823604 0.997969270
262.111804160 1.478788137 -1.263375044 37.883903503 0.049914066 0.016122505 -0.012115544 0.998549879
262.144000032 1.485196590 -1.267945766 38.025615692 0.029098423 0.011992581 -0.008288575 0.999470234
262.175289248 1.489311099 -1.280195713 38.153881073 0.013090515 0.009737982 -0.008076112 0.999834299
262.209601280 1.485668182 -1.292230844 38.286560059 -0.000747984 0.009625043 -0.018914048 0.999774516
262.241711104 1.484283209 -1.294479132 38.432437897 -0.014659758 0.010596794 -0.026536416 0.999484181
262.278081216 1.492904902 -1.290800929 38.588298798 -0.021324484 0.019607767 -0.023113964 0.999313056
262.309692864 1.513480186 -1.296544671 38.717277527 -0.007103703 0.034745522 -0.007025766 0.999346256
262.342095616 1.531208754 -1.300294042 38.848575592 -0.007059007 0.055884197 -0.011453430 0.998346627
262.374117408 1.551939368 -1.300473213 38.982532501 -0.004335940 0.076637521 -0.019092342 0.996866763
262.405838656 1.583634853 -1.302226186 39.110900879 -0.003445189 0.092001900 -0.009043382 0.995711803
262.438066592 1.621448517 -1.304679275 39.240768433 -0.006000653 0.101910666 0.004492576 0.994765341
262.478587328 1.665655255 -1.309900999 39.401580811 -0.007223336 0.111010671 0.007450846 0.993764997
262.508218048 1.695104003 -1.307960272 39.528224945 -0.015578931 0.117757022 0.000777641 0.992919981
262.540115264 1.727976084 -1.302112222 39.659233093 -0.025952512 0.123718813 -0.002158354 0.991975546
262.572449728 1.763798833 -1.297457337 39.792263031 -0.030565530 0.125455573 0.000738464 0.991627991
262.604712544 1.797417164 -1.293691635 39.928382874 -0.035553712 0.126103595 -0.000771013 0.991379499
262.636778432 1.829925299 -1.284254789 40.064765930 -0.044468172 0.125725284 -0.004073464 0.991059601
262.668374624 1.868435025 -1.289567232 40.136642456 -0.039277777 0.126496002 -0.008370560 0.991153836
262.700482112 1.907459259 -1.292123675 40.285133362 -0.016561085 0.127697706 -0.001203625 0.991674125
262.733283872 1.947929144 -1.300923228 40.396888733 0.001177462 0.130454972 0.004384680 0.991443813
262.764917792 1.985130072 -1.321102977 40.481521606 0.037946988 0.138950169 -0.006608277 0.989549994
262.804844192 1.997825980 -1.337036252 40.561431885 0.070345894 0.151822820 -0.015871059 0.985773504
262.842970304 2.052431107 -1.353901029 40.690929413 0.073587723 0.162354380 -0.008395927 0.983948886
262.879834272 2.108765841 -1.373958111 40.847297668 0.062794901 0.169772312 -0.007964899 0.983448386
262.916198592 2.168381929 -1.384114504 40.960235596 0.040944122 0.175523251 -0.005977008 0.983605325
262.954512864 2.243507385 -1.376457453 41.087905884 0.031040905 0.181574717 0.003212498 0.982881904
262.990173184 2.265567303 -1.396678925 41.227722168 0.018987250 0.191349268 -0.001541609 0.981337130
263.028342336 2.318368196 -1.409274340 41.382812500 0.011315741 0.201989725 -0.005759629 0.979305327
263.066283296 2.405062199 -1.432367682 41.597660065 0.016474256 0.216261610 0.022231210 0.975943267
263.101471040 2.458636522 -1.432741642 41.727714539 0.020227861 0.232182682 0.018954348 0.972277105
263.140094912 2.513863087 -1.436772823 41.865779877 0.017672298 0.248770699 -0.000582992 0.968400955
263.183302656 2.601148844 -1.448561549 42.022220612 0.017378842 0.260651976 0.014889675 0.965161562
263.218098144 2.669791222 -1.459099650 42.137813568 0.019301997 0.270021170 0.032148600 0.962123930
263.253020512 2.732211351 -1.460515618 42.263648987 0.016514976 0.283163428 0.027944319 0.958522201
263.289282688 2.798132896 -1.459687948 42.388545990 0.011401462 0.294371068 0.019359460 0.955427051
263.325166656 2.874228716 -1.469812870 42.505378723 0.015693424 0.304407418 0.028375501 0.951989830
263.359926560 2.944165230 -1.480734706 42.613697052 0.023740143 0.305146456 0.034479629 0.951384902
263.397136992 3.016898155 -1.482300520 42.732906342 0.017240563 0.303488582 0.034403294 0.952057719
263.442117120 3.100271702 -1.489626408 42.869136810 0.024012737 0.303214401 0.025266970 0.952284634
263.476186944 3.165717602 -1.501960158 42.978797913 0.029427901 0.302439123 0.017876340 0.952546597
263.511074368 3.242549181 -1.513208270 43.082691193 0.032078981 0.301778883 0.023774918 0.952541411
263.546101664 3.317692041 -1.519498944 43.187309265 0.037031163 0.303022832 0.024180971 0.951956511
263.584824288 3.403836489 -1.521633983 43.312183380 0.029218420 0.304794550 0.020669274 0.951745450
263.621457088 3.481822491 -1.525839329 43.422042847 0.016311212 0.306988567 0.021441545 0.951331854
263.657842528 3.561207533 -1.537543893 43.526805878 0.013636542 0.306760550 0.024295196 0.951378882
263.694207072 3.646895885 -1.542022347 43.640224457 0.006595123 0.304604977 0.031748332 0.951926649
263.729307104 3.726289988 -1.537873626 43.755897522 -0.008207447 0.302030802 0.028454240 0.952838063
263.764433696 3.800702095 -1.539455056 43.858478546 0.003710112 0.302661628 0.029151589 0.952644944
263.800225824 3.881822348 -1.543327928 43.962963104 0.006913735 0.305002064 0.033949722 0.951721251
263.837228064 3.962856293 -1.545893908 44.081127167 0.001927347 0.307817727 0.026492648 0.951074481
263.872471712 4.038498402 -1.549408317 44.187549591 0.009160507 0.313337117 0.021367053 0.949357331
263.907702464 4.120786667 -1.556441307 44.289627075 0.018224066 0.316750765 0.033148829 0.947754204
263.943655456 4.203360558 -1.559645653 44.398254395 0.016105339 0.316450089 0.039806791 0.947636724
263.979252128 4.273474693 -1.567685723 44.494056702 0.027653098 0.317150295 0.030587776 0.947478414
264.014864128 4.358810425 -1.570210695 44.601593018 0.022076741 0.318087637 0.039068297 0.946998715
264.050425248 4.444038868 -1.571007729 44.714649200 0.006826759 0.317090303 0.043471828 0.947373927
264.086590176 4.524450302 -1.579649091 44.816432953 0.023158278 0.321916938 0.043048378 0.945505142
264.122313792 4.608297348 -1.590579391 44.922283173 0.024109840 0.322466403 0.049071997 0.945000589
264.158855584 4.686336994 -1.600407243 45.029006958 0.028924864 0.323773950 0.044327226 0.944652796
264.194764064 4.757695198 -1.598846436 45.141296387 0.023335334 0.326721728 0.013231114 0.944739819
264.233117728 4.845785618 -1.595480204 45.240486145 0.012236856 0.322321206 0.036357388 0.945852757
264.270622848 4.935477734 -1.599379063 45.339195251 0.018402625 0.318978101 0.054706726 0.946002901
264.309061664 5.012022972 -1.605512142 45.452529907 0.011362736 0.317942798 0.032080434 0.947498858
264.345424032 5.090397358 -1.614323378 45.566429138 0.013983267 0.320604801 0.011754952 0.947036862
264.382904032 5.180184364 -1.622655869 45.661914825 0.030325355 0.323596090 0.032686356 0.945144176
264.420123168 5.264140129 -1.630292654 45.778320312 0.023940012 0.322389662 0.022457184 0.946037769
264.456435744 5.339573860 -1.630707383 45.884323120 0.018136784 0.323034227 0.020603655 0.945989132
264.500707136 5.424903393 -1.633721471 45.990634918 0.015738389 0.322069168 0.028302751 0.946162105
264.537932768 5.526481628 -1.654624581 46.101898193 0.041931514 0.321268559 0.042170148 0.945119023
264.576105792 5.608721733 -1.666254044 46.224956512 0.026280664 0.330151379 0.017046908 0.943408072
264.613001344 5.692584991 -1.663271308 46.336872101 0.006952174 0.334587097 0.013445548 0.942243218
264.649928704 5.775177479 -1.654778123 46.441661835 0.001939564 0.339018285 0.013661990 0.940678596
264.696817568 5.897542953 -1.656849623 46.561000824 0.006677173 0.331096858 0.053612307 0.942048848
264.725230592 5.947885036 -1.662628055 46.624862671 0.008938261 0.328831255 0.035207305 0.943689883
264.765303456 6.035772800 -1.665539026 46.734210968 0.006680001 0.326630592 0.021778250 0.944877505
264.809764000 6.137328148 -1.676186562 46.847381592 0.012543710 0.324224144 0.031822033 0.945361674
264.850596512 6.225597858 -1.676819801 46.959091187 0.015491149 0.324510872 0.022677915 0.945483148
264.894180480 6.320161343 -1.680108666 47.079284668 0.016405443 0.324949712 0.017425993 0.945428431
264.934739200 6.415400982 -1.683672190 47.193027496 0.006112470 0.328036636 0.026608592 0.944270372
264.975268640 6.508217335 -1.689635754 47.306907654 0.011168265 0.329862237 0.027784837 0.943554044
265.015905664 6.596716404 -1.698544502 47.417800903 0.018257638 0.333169997 0.024622468 0.942368388
265.056612128 6.688105106 -1.711662889 47.528255463 0.025266763 0.333410203 0.026245512 0.942077696
265.097092064 6.770449638 -1.713215470 47.646270752 0.023889005 0.333015770 0.007109771 0.942591786
265.137617600 6.859669209 -1.715489864 47.765041351 0.027410617 0.331928313 0.011508140 0.942836046
265.178581664 6.950120926 -1.719270229 47.872318268 0.009240741 0.324848086 0.033132982 0.945140481
265.220769120 7.037335396 -1.730737686 47.979991913 0.010910262 0.319577366 0.035447836 0.946834028
265.272025440 7.132461071 -1.734211922 48.132492065 -0.002594685 0.319848537 -0.007750016 0.947433412
265.300590784 7.200800419 -1.742434382 48.203762054 0.005989835 0.320495039 0.013974343 0.947128177
265.339702464 7.288074970 -1.752461672 48.300460815 0.032597419 0.323131859 0.027965343 0.945378840
265.370345344 7.360338211 -1.749053478 48.389766693 0.016860494 0.321414202 0.032708712 0.946223438
265.404480096 7.431180000 -1.742506862 48.488193512 0.007705863 0.320141375 0.024953268 0.947009742
265.436352352 7.486973286 -1.741595149 48.577640533 -0.000814087 0.321645916 0.003107478 0.946854591
265.470208256 7.570312977 -1.744641900 48.661968231 -0.001231867 0.320407242 0.038033456 0.946515262
265.501879744 7.644230843 -1.756273508 48.744235992 0.001064721 0.319825411 0.048198909 0.946249127
265.536730848 7.703645229 -1.775652289 48.825809479 0.030836195 0.319437802 0.029920245 0.946632683
265.577768096 7.767858505 -1.783327579 48.944934845 0.031786636 0.324334532 -0.013874429 0.945306420
265.609616128 7.835039139 -1.786406875 49.031974792 0.022537416 0.325404018 -0.008664168 0.945266783
265.641600064 7.905750275 -1.781548738 49.116886139 0.021700436 0.325676292 0.003928829 0.945224106
265.673237440 7.986587048 -1.772042513 49.197971344 0.011630659 0.314441562 0.044357341 0.948168576
265.704517984 8.069439888 -1.757817388 49.291126251 -0.029160475 0.308775544 0.078402698 0.947449386
265.736147264 8.124105453 -1.766054988 49.363784790 -0.014162836 0.309157133 0.054137204 0.949363172
265.768170720 8.174797058 -1.781965971 49.428386688 0.021972811 0.309291899 0.037145186 0.949987352
265.799653280 8.224839211 -1.792948246 49.500308990 0.044013947 0.310303241 0.014272175 0.949510932
265.844355616 8.304107666 -1.796553731 49.592735291 0.038377810 0.312801152 0.005495687 0.949027061
265.875380096 8.373802185 -1.792944908 49.667984009 0.030357897 0.313772470 0.029484741 0.948554575
265.906911904 8.445309639 -1.790958524 49.746719360 0.023759628 0.314471483 0.051666770 0.947561979
265.938327520 8.489675522 -1.796069622 49.827701569 0.019940857 0.319538832 0.022132918 0.947104752
265.970202368 8.540877342 -1.807291865 49.909141541 0.023159884 0.323723465 0.004339684 0.945858300
266.003122560 8.603925705 -1.819599032 49.981212616 0.029565362 0.324248761 0.021691430 0.945260882
266.044926432 8.685223579 -1.823186994 50.079769135 0.031184932 0.320179492 0.038504019 0.946060240
266.077330848 8.747468948 -1.820385695 50.157089233 0.009877956 0.316654414 0.055104390 0.946887493
266.108832960 8.783814430 -1.817192793 50.247863770 -0.013165380 0.317177832 0.006615245 0.948251605
266.141344032 8.828798294 -1.821191311 50.310722351 -0.001529779 0.315170527 0.002331798 0.949030995
266.176662208 8.889878273 -1.829735756 50.374687195 0.003740585 0.307367980 0.033344015 0.950999022
266.208130336 8.931021690 -1.825415969 50.435935974 -0.008105107 0.307994664 0.026990592 0.950970650
266.241324640 8.968866348 -1.823841929 50.489303589 -0.009125798 0.302850574 0.025036525 0.952665448
266.274005952 9.010894775 -1.834095836 50.525730133 0.007853981 0.298842639 0.046891265 0.953117311
266.306325280 9.041917801 -1.835395813 50.567348480 0.019205455 0.303280056 0.038466390 0.951931059
266.339157440 9.067811012 -1.827362657 50.624252319 -0.004962096 0.311531246 0.013015161 0.950133860
266.370557856 9.101428032 -1.828157306 50.660366058 -0.013440029 0.311725765 0.032948952 0.949505568
266.404977600 9.122791290 -1.837560773 50.683467865 0.000017373 0.314189404 0.039932031 0.948520124
266.438514016 9.140096664 -1.844026923 50.712146759 0.010099410 0.321203917 0.023733882 0.946658671
266.471765600 9.159334183 -1.842390299 50.743797302 -0.003694866 0.323406190 0.019814158 0.946045578
266.503544352 9.178182602 -1.841251612 50.769023895 -0.009535830 0.323995262 0.021614049 0.945763707
266.535374784 9.191256523 -1.843548536 50.784145355 0.001122522 0.325049669 0.019828985 0.945488393
266.566699712 9.205431938 -1.844218731 50.799575806 0.003557898 0.323674887 0.021642787 0.945914090
266.597922208 9.218264580 -1.843556881 50.816165924 0.004079733 0.321572065 0.020130880 0.946662307
266.629604448 9.227118492 -1.841689110 50.827705383 0.010262026 0.322103411 0.017133586 0.946493804
266.661209312 9.236183167 -1.840414762 50.840744019 0.009450196 0.325215250 0.014207014 0.945486069
266.692740032 9.244542122 -1.840172768 50.854549408 0.005055007 0.327239394 0.011798042 0.944854259
266.724157088 9.251058578 -1.841031671 50.864479065 0.006951854 0.326949358 0.010999028 0.944952250
266.755524000 9.256821632 -1.840706229 50.873291016 0.008951642 0.324893206 0.010345246 0.945651770
266.787229120 9.263187408 -1.840472698 50.880928040 0.009585490 0.323171347 0.012053154 0.946215153
266.818640512 9.268659592 -1.841419697 50.887256622 0.010921609 0.322966695 0.012351615 0.946266711
266.850278112 9.272995949 -1.842572331 50.892726898 0.010225116 0.322716653 0.012153580 0.946362317
266.881542816 9.275831223 -1.843100071 50.896148682 0.009607986 0.320972174 0.012745497 0.946954131
266.913379104 9.277111053 -1.843119025 50.897754669 0.009780574 0.318979681 0.012552319 0.947627902
266.948988224 9.277684212 -1.843184829 50.897987366 0.010350846 0.318331391 0.013587282 0.947825611
266.989016192 9.276070595 -1.843166828 50.897361755 0.009979390 0.319423795 0.011957730 0.947483957
267.021919520 9.274040222 -1.843001485 50.895156860 0.010745721 0.319907546 0.011570266 0.947317183
267.062788896 9.270461082 -1.842188120 50.890769958 0.011554237 0.320268989 0.010893337 0.947193563
267.092391424 9.267646790 -1.841652274 50.886810303 0.011529786 0.321015984 0.010655419 0.946943641
267.124071712 9.264704704 -1.841256499 50.882575989 0.011584731 0.321664989 0.010430063 0.946725190
267.155582880 9.261929512 -1.840952873 50.878490448 0.011411609 0.321725607 0.010501341 0.946705937
267.186950560 9.259584427 -1.840702295 50.875083923 0.010948911 0.321809530 0.010627228 0.946681440
267.218757984 9.257119179 -1.840639353 50.872497559 0.010733170 0.322342366 0.009886345 0.946510673
267.250327936 9.255216599 -1.840549946 50.870521545 0.009840954 0.322811693 0.009427221 0.946365058
267.284082336 9.253731728 -1.840625763 50.868385315 0.010135510 0.322924763 0.009570091 0.946321964
267.313509088 9.253123283 -1.840515375 50.867160797 0.010050170 0.322815567 0.009664420 0.946359158
267.342910880 9.253134727 -1.840601802 50.866744995 0.010070498 0.322885484 0.009914640 0.946332514
267.375345408 9.253265381 -1.840445995 50.867214203 0.009773259 0.322967052 0.009636986 0.946310639
