519.658155072 0.000000000 0.000000000 0.000000000 0.000000000 0.000000000 0.000000000 1.000000000
519.907350752 0.005810292 -0.000685573 0.025000444 0.000153320 0.002109430 0.001947666 0.999995828
520.159489632 0.028063884 -0.017068030 0.268256456 0.013174392 0.000122557 0.004557981 0.999902844
520.407014112 0.090182491 -0.039403237 0.690134645 0.017554315 -0.007050957 0.001491335 0.999819934
520.655869280 0.020503106 -0.074295543 1.182680249 0.002283884 -0.016142769 -0.005192891 0.999853611
520.907514976 0.042278927 -0.086191222 1.862076759 0.002005080 -0.003633404 0.002984999 0.999986947
521.159597760 0.062941752 -0.116075009 2.536463022 -0.000000294 -0.009540008 -0.008353311 0.999919593
521.407580448 0.061810065 -0.139824003 3.263247013 -0.009503467 0.003831650 -0.004967215 0.999935150
521.655414912 0.077836379 -0.142056167 4.041007519 -0.011406512 0.005373909 -0.004922709 0.999908388
521.907198976 0.136100873 -0.119491495 4.766618729 -0.014631949 -0.013382863 -0.007986865 0.999771535
522.159197472 0.138938099 -0.094322816 5.509986877 -0.001951835 -0.004126044 -0.011733669 0.999920726
522.407363232 0.164350957 -0.104542747 6.352292061 0.001995874 0.000752601 -0.014319946 0.999895155
522.656227584 0.191804662 -0.127819061 7.247230530 0.006266370 -0.001131432 -0.002652989 0.999976158
522.907509632 0.197705969 -0.165633515 8.197637558 0.007396644 -0.011253890 -0.007206387 0.999883354
523.159543392 0.200357020 -0.158098206 9.080214500 -0.019405663 -0.009977984 -0.030410782 0.999299288
523.407428480 0.190842852 -0.172614008 9.957779884 -0.005220522 -0.012331977 -0.047749203 0.998769581
523.655898592 0.168003514 -0.191076472 10.790283203 0.006071418 0.004775230 -0.036395796 0.999307573
523.907764032 0.196606606 -0.186103225 11.671165466 0.002908166 0.021705577 -0.022411942 0.999508917
524.159955264 0.283387423 -0.196811929 12.282724380 -0.031780697 0.027879849 -0.034530900 0.998509049
524.407523488 0.350300282 -0.087689370 12.849634171 -0.017347941 0.047594465 -0.072116897 0.996108890
524.655740416 0.579749227 -0.033769988 13.321575165 0.007590361 0.044948760 -0.104162857 0.993515015
524.908596320 0.854742765 -0.106156908 13.476063728 0.024355749 0.071160071 -0.111970529 0.990861058
525.159161664 0.951354623 -0.392557234 13.922500610 -0.032594986 0.069854617 -0.056783337 0.995406210
525.408311328 1.064386487 -0.338564485 14.755870819 -0.015846675 0.062377281 -0.064109981 0.995865405
525.655820416 1.096982479 -0.364994764 15.443358421 -0.024622515 0.047435775 -0.079494864 0.995401502
525.910164224 1.211845875 -0.369574070 16.660490036 -0.019714518 0.051701665 -0.081134230 0.995166063
526.159569888 1.260935664 -0.458137810 17.717950821 -0.011148494 0.052723546 -0.081513681 0.995214283
526.409410432 1.298681498 -0.494521946 18.470399857 -0.012220770 0.053821556 -0.088335164 0.994560599
526.658649152 1.407610416 -0.538834155 19.536758423 -0.008139685 0.045054883 -0.090101235 0.994879663
526.909722624 1.479792237 -0.548158050 20.876144409 -0.004665783 0.035100345 -0.095193848 0.994828820
527.159144128 1.591572523 -0.573758066 22.680978775 -0.002816790 0.028923193 -0.080220357 0.996353447
527.409271456 2.080356836 -2.757645130 22.248014450 -0.183137983 -0.033442911 0.047971983 0.981346369
527.658489664 2.126556635 -2.742310762 22.919095993 -0.202231392 -0.039544228 0.069676928 0.976055205
527.909307680 1.939472437 -2.523983955 24.381772995 -0.216955826 -0.028863274 0.078155294 0.972619534
528.159732992 1.782923698 -2.105904102 25.919847488 -0.218789816 -0.022762647 0.076142207 0.972530365
528.410291744 1.782923698 -2.105904102 25.919847488 -0.218789816 -0.022762647 0.076142207 0.972530365
528.658868832 1.673267484 -1.562026262 26.196601868 -0.198395312 -0.020467838 0.091786973 0.975600064
528.909640224 1.494102716 -1.114460945 26.785831451 -0.190259233 -0.003292591 0.104994461 0.976097703
529.159535296 1.069462895 -1.029063463 27.092662811 -0.204907149 0.017280137 0.154932082 0.966286957
529.410451936 0.663686633 -0.976140261 27.414381027 -0.219021469 0.036188275 0.204037800 0.953461409
529.658601856 0.251692384 -0.970829189 27.732433319 -0.232070506 0.055485621 0.250089139 0.938360274
529.909365824 -0.210156351 -0.991440177 28.103826523 -0.242412984 0.081665970 0.254871249 0.932527363
530.159281376 -0.353340924 -1.043292999 27.512802124 -0.239456981 0.118681885 0.221341461 0.937860787
530.409561824 -0.575473130 -1.115937114 26.946229935 -0.235995203 0.156635687 0.187370211 0.940565765
530.658295744 -0.850603461 -1.133445382 26.446428299 -0.230247006 0.194499776 0.152557105 0.941213310
530.909630624 -0.613249898 -2.270553589 24.847839355 -0.293678671 0.222287178 0.164313599 0.915064096
531.159290592 -0.399693966 -2.793464422 23.580429077 -0.301358610 0.266027242 0.150181860 0.903248549
531.408838368 -0.076460212 -3.303102970 22.299545288 -0.307704628 0.274180651 0.141674012 0.900039613
531.656875104 0.345301569 -3.973937988 21.326095581 -0.336943805 0.290510237 0.135498747 0.885275543
531.908287200 0.751069248 -3.952522039 20.770002365 -0.316699088 0.301005989 0.140451401 0.888465226
532.159520640 1.223343968 -3.989080429 20.274234772 -0.328452110 0.298329532 0.147058412 0.884020686
532.407550560 1.813733101 -3.630103827 20.029718399 -0.323432833 0.272083730 0.130487993 0.896847010
532.656176192 2.303341866 -3.288007736 20.008955002 -0.335525304 0.284236610 0.135548189 0.887839556
532.907457888 2.788644791 -2.754589081 20.042722702 -0.312246889 0.287777901 0.134572044 0.895307839
533.159185952 3.117099762 -2.687879562 20.044298172 -0.330172777 0.248501405 0.125732780 0.901900351
533.407298688 3.194614887 -2.568118572 20.158388138 -0.329540730 0.261253655 0.122107461 0.899021268
533.656066016 3.413627148 -2.268804312 20.518943787 -0.334185511 0.285961598 0.110841095 0.891212821
533.907504576 3.690345287 -1.876761436 20.899267197 -0.323435575 0.318273097 0.117718741 0.883308530
534.159502432 3.901968956 -1.757805347 21.164451599 -0.348634809 0.306781560 0.131331488 0.875837266
534.407560992 4.057096958 -1.543996692 21.376182556 -0.333679378 0.298683941 0.120667756 0.885937512
534.655979104 4.199535370 -1.418215990 21.629653931 -0.350056320 0.302974790 0.113976188 0.879020035
534.906092000 4.214185715 -1.390884757 21.658939362 -0.344102681 0.305627227 0.104401529 0.881638050
535.156297216 4.203736782 -1.404546499 21.643121719 -0.347651929 0.306936085 0.106994785 0.879477382
535.405867392 4.206224918 -1.401650310 21.645370483 -0.347061634 0.306822181 0.107452758 0.879694462
535.655492192 4.206871033 -1.399729848 21.646673203 -0.346798271 0.306769133 0.107144639 0.879854321
535.905823520 4.206167698 -1.400421500 21.645772934 -0.346948683 0.306745887 0.107158929 0.879801393
