3180.129103392 0.000000000 0.000000000 0.000000000 0.000000000 0.000000000 0.000000000 1.000000000
3180.160806272 0.000055937 0.000074799 0.010882832 -0.000597752 -0.000480129 0.001050993 0.999999166
3180.193244192 0.000055937 0.000074799 0.010882832 -0.000597752 -0.000480129 0.001050993 0.999999166
3180.225975808 -4.611028194 1.378309369 -5.364383698 0.009164874 -0.000891198 -0.007702004 0.999927938
3180.257557184 -9.065370560 2.854407787 -10.503873825 0.015563124 0.000661752 -0.018758122 0.999702692
3180.289325312 -13.620496750 4.648684978 -15.693808556 0.023346506 0.005388393 -0.037262175 0.999018252
3180.321125856 -13.620496750 4.648684978 -15.693808556 0.023346506 0.005388393 -0.037262175 0.999018252
3180.352902592 -11.906454086 4.606043816 -16.272794724 0.022524208 -0.027564013 -0.041369315 0.998509586
3180.384074656 -10.225261688 4.537980556 -16.687377930 0.020995781 -0.059052404 -0.047220059 0.996916354
3180.415888832 -8.466182709 4.414084911 -17.029884338 0.016903419 -0.091050699 -0.056043070 0.994124353
3180.447172000 -8.466182709 4.414084911 -17.029884338 0.016903419 -0.091050699 -0.056043070 0.994124353
3180.478780896 -8.380035400 4.382750034 -17.177640915 0.015083833 -0.089711860 -0.060604226 0.994007766
3180.510388256 -8.296690941 4.403725624 -17.227457047 0.020846579 -0.090502083 -0.061270151 0.993791103
3180.543912128 -8.202006340 4.419839859 -17.291244507 0.026081840 -0.092317037 -0.063166104 0.993381798
3180.577270144 -8.202006340 4.419839859 -17.291244507 0.026081840 -0.092317037 -0.063166104 0.993381798
3180.609391392 -8.095341682 3.966238022 -19.075529099 0.009272003 -0.094008297 -0.066018716 0.993336797
3180.641065376 -7.997801781 3.464645624 -20.867626190 -0.007596287 -0.095333293 -0.068983234 0.993023276
3180.672939296 -7.908995152 2.944636106 -22.502985001 -0.022870639 -0.088974006 -0.073740095 0.993037224
3180.704376768 -7.908995152 2.944636106 -22.502985001 -0.022870639 -0.088974006 -0.073740095 0.993037224
3180.735828096 -7.942230701 2.927512169 -22.519340515 -0.023142476 -0.088415563 -0.073505290 0.993098199
3180.767261856 -7.971493244 2.908687830 -22.533027649 -0.024184993 -0.089019433 -0.071821265 0.993142664
3180.798631168 -8.046549797 2.892518044 -22.493381500 -0.028710043 -0.088970475 -0.075685926 0.992739439
3180.830042912 -8.046549797 2.892518044 -22.493381500 -0.028710043 -0.088970475 -0.075685926 0.992739439
3180.862934528 -7.628052711 2.958831549 -22.331880569 -0.027855227 -0.094609857 -0.077862747 0.992073774
3180.897782080 -7.195110798 3.024379730 -22.132923126 -0.027069511 -0.105241753 -0.078220189 0.990996003
3180.929248000 -6.775247574 3.029927969 -22.015237808 -0.029325500 -0.112585008 -0.089186370 0.989196837
3180.960889952 -6.775247574 3.029927969 -22.015237808 -0.029325500 -0.112585008 -0.089186370 0.989196837
3180.992543744 -6.707863331 2.953542948 -22.063631058 -0.031472266 -0.115746088 -0.100436166 0.987686634
3181.024290720 -6.640552521 2.890474558 -22.086648941 -0.031934775 -0.117656842 -0.112513907 0.986142814
3181.055880576 -6.570290089 2.825250626 -22.111177444 -0.034508470 -0.119576484 -0.126060769 0.984184623
3181.087232160 -6.570290089 2.825250626 -22.111177444 -0.034508470 -0.119576484 -0.126060769 0.984184623
3181.118461952 -6.767353058 2.857000113 -21.966875076 -0.034618016 -0.114071622 -0.125234425 0.984939396
3181.150661120 -6.812642574 2.897783756 -21.881305695 -0.035185702 -0.114761055 -0.129327312 0.984310031
3181.182398880 -6.834897041 2.965953350 -21.778608322 -0.022652317 -0.117187977 -0.124389194 0.985028505
3181.213500928 -6.834897041 2.965953350 -21.778608322 -0.022652317 -0.117187977 -0.124389194 0.985028505
3181.244813568 -7.015095711 3.257133007 -21.547142029 -0.034357559 -0.118819624 -0.058482114 0.990596414
3181.276155872 -7.253698826 3.530794382 -21.363832474 -0.043990761 -0.118587784 0.008543647 0.991931856
3181.307328352 -7.520571709 3.839655638 -21.192209244 -0.038395572 -0.120215766 0.112445652 0.985611439
3181.338739264 -7.520571709 3.839655638 -21.192209244 -0.038395572 -0.120215766 0.112445652 0.985611439
3181.370208032 -7.675855160 3.371568680 -21.500673294 -0.078977123 -0.057713471 0.051995579 0.993845165
3181.410646880 -8.033963203 2.917109966 -21.715570450 -0.117111646 0.023284186 -0.013132676 0.992758930
3181.442660960 -8.367869377 2.573031425 -21.840236664 -0.145556942 0.088300444 -0.061461508 0.983482897
3181.474707424 -8.367869377 2.573031425 -21.840236664 -0.145556942 0.088300444 -0.061461508 0.983482897
3181.516124768 -8.305163383 2.626450062 -21.817689896 -0.139571428 0.080943868 -0.056287799 0.985291600
3181.547843584 -8.291634560 2.653943777 -21.762817383 -0.139701545 0.077320822 -0.053917538 0.985696614
3181.579554592 -8.270025253 2.664926052 -21.687782288 -0.147057787 0.073314674 -0.054291330 0.984911859
3181.611079712 -8.270025253 2.664926052 -21.687782288 -0.147057787 0.073314674 -0.054291330 0.984911859
3181.644941408 -8.249888420 2.590477467 -21.686079025 -0.152997658 0.070747033 -0.069253922 0.983255029
3181.676284000 -8.235471725 2.513271809 -21.697071075 -0.160411984 0.070392184 -0.083457254 0.980993271
3181.707644448 -8.222387314 2.538818836 -21.605695724 -0.160075232 0.072036140 -0.089550197 0.980391502
3181.739132064 -8.222387314 2.538818836 -21.605695724 -0.160075232 0.072036140 -0.089550197 0.980391502
3181.770573088 -7.987977982 2.406571388 -21.839132309 -0.164161652 0.056325827 -0.082088001 0.981396914
3181.802348224 -7.782864094 2.319910765 -22.062364578 -0.164411128 0.046534117 -0.074946016 0.982439160
3181.833851264 -7.611376286 2.257252693 -22.210353851 -0.164563566 0.038190167 -0.074381113 0.982816279
3181.865185920 -7.611376286 2.257252693 -22.210353851 -0.164563566 0.038190167 -0.074381113 0.982816279
3181.896204480 -7.635591507 2.310666561 -22.132539749 -0.153547302 0.032801092 -0.083371945 0.984071374
3181.927594752 -7.630463123 2.311231136 -22.036724091 -0.154803172 0.031653296 -0.091013752 0.983234763
3181.959052448 -7.622228622 2.337053776 -21.935556412 -0.150504112 0.030973673 -0.092381299 0.983796120
3181.990504544 -7.564777851 2.321184874 -21.908733368 -0.150583401 0.030249696 -0.092420399 0.983802855
3182.024062496 -7.825258732 2.454491615 -21.600309372 -0.152019575 0.034750279 -0.099056281 0.982787013
3182.055696224 -7.883183956 2.421563625 -21.527301788 -0.156868890 0.037197120 -0.106465466 0.981159329
3182.087102496 -7.807332993 2.549342394 -21.480760574 -0.153150886 0.035522591 -0.105368711 0.981926858
3182.118486016 -7.807332993 2.549342394 -21.480760574 -0.153150886 0.035522591 -0.105368711 0.981926858
3182.150089696 -8.096780777 2.757971048 -21.428182602 -0.146193400 0.041919596 -0.105524734 0.982718050
3182.181294848 -8.407903671 2.949462414 -21.400037766 -0.140877202 0.047317784 -0.106013045 0.983196735
3182.212976224 -8.721891403 3.163858652 -21.307151794 -0.139943853 0.063079193 -0.099107839 0.983165503
3182.244289792 -8.721891403 3.163858652 -21.307151794 -0.139943853 0.063079193 -0.099107839 0.983165503
3182.276009920 -8.991676331 3.361999512 -20.854814529 -0.133005306 0.069148555 -0.095039234 0.984121740
3182.307530688 -9.298685074 3.107263803 -20.942884445 -0.156860799 0.073539242 -0.105199061 0.979244530
3182.339064704 -9.624343872 2.887884378 -21.012470245 -0.176250190 0.083412096 -0.123276941 0.973026752
3182.371165760 -9.624343872 2.887884378 -21.012470245 -0.176250190 0.083412096 -0.123276941 0.973026752
3182.402909952 -7.661941528 3.008122683 -21.468612671 -0.158783719 0.002626523 -0.112593874 0.980868757
3182.434439712 -2.629174232 3.304525852 -22.867673874 -0.114026889 -0.229400173 -0.030681541 0.966142893
3182.466213760 3.109249592 4.072241783 -26.312955856 0.024526948 -0.354307562 -0.187238351 0.915863752
3182.497625056 3.109249592 4.072241783 -26.312955856 0.024526948 -0.354307562 -0.187238351 0.915863752
3182.529389408 0.846946239 4.186528206 -24.461034775 0.014513200 -0.320106477 -0.164666027 0.932848513
3182.560919424 0.814983606 4.445044041 -24.480628967 0.015952142 -0.312728524 -0.182011992 0.932104111
3182.592672448 0.792964101 4.787240982 -24.650289536 0.030940039 -0.302682430 -0.162607342 0.938607931
3182.624913376 0.792964101 4.787240982 -24.650289536 0.030940039 -0.302682430 -0.162607342 0.938607931
3182.656377184 0.896514952 4.826499939 -24.508525848 0.030969247 -0.313559264 -0.155610949 0.936219394
3182.687723904 0.941465974 4.890299797 -24.344072342 0.038591959 -0.318572074 -0.142035082 0.936401904
3182.719312704 1.003227830 4.944554329 -24.211803436 0.047651950 -0.326258183 -0.137446687 0.934019923
3182.751328064 1.003227830 4.944554329 -24.211803436 0.047651950 -0.326258183 -0.137446687 0.934019923
3182.783220352 0.468157232 4.763370037 -24.265623093 0.042633720 -0.316446066 -0.137105957 0.937681317
3182.814575296 -0.102934718 4.644634724 -24.231784821 0.043981124 -0.303727239 -0.129242539 0.942927241
3182.845975584 -0.634648204 4.570932388 -23.808753967 0.032810058 -0.290187776 -0.148794994 0.944761693
3182.877670304 -0.634648204 4.570932388 -23.808753967 0.032810058 -0.290187776 -0.148794994 0.944761693
3182.909466496 -0.791233122 4.585809231 -23.633974075 0.031159898 -0.289714247 -0.135107905 0.947016656
3182.952006016 -0.856595755 4.582859039 -23.512556076 0.028888253 -0.287621439 -0.130980641 0.948305547
3182.983541184 -0.924411058 4.582552433 -23.416564941 0.029431716 -0.286525249 -0.131215036 0.948588252
3183.024023840 -0.924411058 4.582552433 -23.416564941 0.029431716 -0.286525249 -0.131215036 0.948588252
3183.055656512 -1.236031771 4.627513885 -23.023233414 0.028332341 -0.284600198 -0.119961798 0.950688779
3183.087288928 -1.380849004 4.650763035 -22.926107407 0.032813560 -0.273904920 -0.123106986 0.953280687
3183.118858688 -1.519746780 4.684080124 -22.823455811 0.040832005 -0.265638143 -0.123184189 0.955298245
3183.151263488 -1.519746780 4.684080124 -22.823455811 0.040832005 -0.265638143 -0.123184189 0.955298245
3183.183101376 -1.358576775 4.770560741 -22.918889999 0.040869460 -0.270271301 -0.106603444 0.955991030
3183.217049760 -1.188122749 4.963374615 -22.833091736 0.062617168 -0.279182464 -0.086397976 0.954291165
3183.248541696 -1.159774065 4.983378410 -22.920015335 0.055986498 -0.276144624 -0.080484346 0.956102431
3183.280014944 -1.159774065 4.983378410 -22.920015335 0.055986498 -0.276144624 -0.080484346 0.956102431
3183.311597248 -0.623510122 5.384750843 -23.795919418 0.069486752 -0.274182826 -0.086321063 0.955271721
3183.343300192 -0.121612430 5.804690838 -24.702304840 0.079999685 -0.265771091 -0.084339693 0.957001865
3183.374674496 0.369592011 6.177518845 -25.550893784 0.088793308 -0.255679727 -0.098500475 0.957622707
3183.406086112 0.369592011 6.177518845 -25.550893784 0.088793308 -0.255679727 -0.098500475 0.957622707
3183.437544768 0.252741188 6.051942825 -25.388544083 0.086938284 -0.254802644 -0.106356733 0.957186282
3183.469308000 0.150660843 5.890452862 -25.278377533 0.077208906 -0.257143170 -0.104800001 0.957566261
3183.500826016 0.023223981 5.707920074 -25.104290009 0.052526321 -0.258383840 -0.108665012 0.958473086
3183.532473120 0.023223981 5.707920074 -25.104290009 0.052526321 -0.258383840 -0.108665012 0.958473086
3183.563899072 -0.005612653 5.696083546 -24.921226501 0.054359455 -0.261106282 -0.104145654 0.958134770
3183.595253792 -0.077086002 5.707434177 -24.801109314 0.060986314 -0.258060783 -0.106585316 0.958292663
3183.626756064 -0.102994099 5.717660427 -24.763225555 0.052617818 -0.258224368 -0.102475271 0.959192514
3183.658435936 -0.102994099 5.717660427 -24.763225555 0.052617818 -0.258224368 -0.102475271 0.959192514
3183.690344512 -0.117969051 5.642300129 -24.594211578 0.049650282 -0.261799961 -0.095527850 0.959098577
3183.722413792 -0.183844298 5.616103649 -24.512662888 0.053908229 -0.262017876 -0.098018602 0.958557725
3183.754364128 -0.226141199 5.617308617 -24.438964844 0.071846269 -0.265240282 -0.088209547 0.957446992
3183.785799296 -0.226141199 5.617308617 -24.438964844 0.071846269 -0.265240282 -0.088209547 0.957446992
3183.817110624 -0.148115233 5.785243034 -24.451417923 0.077727430 -0.267873496 -0.082274288 0.956782758
3183.849036320 -0.364247113 5.546519279 -23.984153748 0.058520705 -0.278698146 -0.071830876 0.955899060
3183.880537120 -1.294069767 5.218507290 -22.508739471 0.041649159 -0.275711089 -0.085354991 0.956537127
3183.911945632 -1.294069767 5.218507290 -22.508739471 0.041649159 -0.275711089 -0.085354991 0.956537127
3183.943389696 -1.417292714 5.006341934 -22.711137772 0.035254262 -0.273800045 -0.080384165 0.957772970
3183.974732992 -1.479987979 4.989574432 -22.633056641 0.053991478 -0.269882500 -0.081533097 0.957914770
3184.006029760 -1.454791665 5.016911983 -22.638298035 0.058574311 -0.269049674 -0.066650897 0.959030271
3184.037299136 -1.454791665 5.016911983 -22.638298035 0.058574311 -0.269049674 -0.066650897 0.959030271
3184.069014784 -1.310788631 4.835947514 -22.424694061 0.052733429 -0.279798508 -0.068373881 0.956167877
3184.100786752 -1.363980770 4.798923492 -22.340717316 0.054610986 -0.275513202 -0.077941038 0.956574798
3184.132742240 -1.526212811 4.823163509 -22.164970398 0.060369451 -0.276534855 -0.062364917 0.957076073
3184.164526368 -1.526212811 4.823163509 -22.164970398 0.060369451 -0.276534855 -0.062364917 0.957076073
3184.196073632 -1.976887345 4.790588856 -21.645172119 0.060769822 -0.268002093 -0.060092267 0.959620178
3184.227864032 -2.405726433 4.830837727 -21.052984238 0.080162942 -0.263435513 -0.055746265 0.959722877
3184.259539072 -2.512669325 4.854588509 -21.076332092 0.078315690 -0.253953069 -0.078488797 0.960840225
3184.291222464 -2.512669325 4.854588509 -21.076332092 0.078315690 -0.253953069 -0.078488797 0.960840225
3184.322777056 -2.667468071 4.782170296 -21.160547256 0.070689909 -0.243898332 -0.076358564 0.964202225
3184.354229632 -2.813810110 4.694748878 -21.172830582 0.055307943 -0.236327872 -0.074281856 0.967249930
3184.385284672 -2.971065521 4.739021778 -21.306631088 0.047161315 -0.228509784 -0.077979818 0.969266832
3184.416728288 -2.971065521 4.739021778 -21.306631088 0.047161315 -0.228509784 -0.077979818 0.969266832
3184.448576064 -2.940918684 4.756643295 -21.277637482 0.049894337 -0.230870679 -0.084334746 0.968037665
3184.483024384 -2.911383152 4.759573460 -21.219772339 0.047425471 -0.237201154 -0.090477154 0.966074705
3184.514345376 -2.895954132 4.796067715 -21.180213928 0.054811679 -0.240657181 -0.094415799 0.964450836
3184.545698240 -3.111212969 4.715743542 -20.962327957 0.054809146 -0.237018749 -0.090952203 0.965684116
3184.577088448 -3.168015957 4.698881626 -20.854030609 0.053122472 -0.236571819 -0.097787648 0.965219855
3184.616973248 -3.235212088 4.675601959 -20.709747314 0.045778770 -0.237778261 -0.094533086 0.965623736
3184.648625952 -3.308168173 4.665876865 -20.583122253 0.040683102 -0.236058071 -0.082736924 0.967355192
3184.680027680 -3.062699080 3.984665871 -20.375131607 -0.008959230 -0.259111285 -0.117477499 0.958634496
3184.711483968 -2.846765518 3.350451946 -20.067613602 -0.045074590 -0.289258689 -0.151113331 0.944172919
3184.743259136 -2.617833853 2.632055044 -19.805688858 -0.088332176 -0.312063217 -0.182744473 0.928126276
3184.774777568 -2.467299938 1.936758637 -19.466087341 -0.130493268 -0.334362298 -0.214795530 0.908315063
3184.806102880 0.574921608 1.144666672 -19.002527237 -0.139612421 -0.453791022 -0.237769350 0.847377062
3184.837383200 0.115148306 1.374315739 -20.686315536 -0.127758890 -0.298655123 -0.224748880 0.918678761
3184.869187168 -0.784120500 1.609178305 -22.973188400 -0.111933179 -0.121560536 -0.197596580 0.966255426
3184.902229824 -2.544450998 2.030821800 -24.852222443 -0.091849387 0.069973581 -0.163852870 0.979703844
3184.934143904 -4.853973389 2.573516130 -25.851699829 -0.066061541 0.259095430 -0.127801001 0.955077112
3184.965511744 -7.354362488 3.078830242 -25.879913330 -0.044767611 0.438669920 -0.090384901 0.892969847
3184.996797248 -8.127967834 2.680430412 -26.787528992 -0.053111039 0.437092036 -0.079088934 0.894357145
3185.028629632 -8.940295219 2.218818426 -27.702362061 -0.068308741 0.438994944 -0.071236879 0.893052459
3185.061237600 -9.720397949 1.767691135 -28.590465546 -0.075493865 0.442016125 -0.058830757 0.891886413
3185.093317856 -9.310256004 1.739220500 -28.454492569 -0.065452687 0.432366848 -0.043877307 0.898248076
3185.125906880 -9.339650154 1.738238215 -28.434629440 -0.065645769 0.432651281 -0.043308496 0.898124635
3185.157242944 -9.489030838 1.734898090 -28.439935684 -0.043636650 0.433605105 -0.049143910 0.898703158
3185.188653344 -9.759485245 1.742432237 -28.364946365 -0.020182461 0.451417595 -0.055924136 0.890329897
3185.220409344 -10.053656578 1.741506577 -28.284936905 0.000682036 0.471221983 -0.064320646 0.879665971
3185.252843104 -10.697661400 2.180528402 -28.501771927 -0.016538957 0.479120910 -0.105993174 0.871168792
3185.284396672 -11.258117676 2.533720493 -28.722095490 -0.038069155 0.486384422 -0.128589004 0.863392055
3185.315682688 -11.782481194 2.898277283 -28.943935394 -0.053398039 0.493127316 -0.152186155 0.854876280
3185.347055744 -12.294408798 3.278841496 -29.174791336 -0.051450431 0.496850729 -0.170465603 0.849372566
3185.378368288 -18.086128235 3.014027596 -31.743236542 -0.140019625 0.524424076 -0.286012352 0.789665043
3185.413554400 -20.039918900 2.424817085 -32.908096313 -0.148639917 0.519910336 -0.266078204 0.797998607
3185.450637344 -21.923772812 1.689919710 -34.007518768 -0.170598030 0.521723032 -0.254217446 0.796288133
3185.483145792 -22.161211014 2.185060978 -34.355155945 -0.169331327 0.526688635 -0.246301979 0.795777202
3185.514658496 -22.764633179 2.280506134 -34.403594971 -0.166723043 0.532414496 -0.240638107 0.794249058
3185.546007392 -23.417516708 2.333835363 -34.480373383 -0.166350484 0.536190212 -0.237593785 0.792702258
3185.577373280 -24.117425919 2.395785093 -34.507141113 -0.168839142 0.549180329 -0.240290329 0.782403231
3185.609093664 -24.765398026 2.127794504 -34.584449768 -0.192482173 0.549664795 -0.233095273 0.778771996
3185.644085120 -24.649251938 2.138891459 -34.696914673 -0.188933283 0.541116416 -0.238210410 0.784061849
3185.675702976 -24.394346237 2.111453533 -34.494884491 -0.188468277 0.536873162 -0.240554139 0.786371827
3185.707105312 -24.148860931 1.998972058 -34.225860596 -0.193323597 0.549408257 -0.212156340 0.784707725
3185.738541056 -23.679660797 1.742160559 -34.257770538 -0.217053667 0.524689555 -0.184730589 0.802161574
3185.769989600 -24.126100540 1.809039235 -34.446891785 -0.217765465 0.519700646 -0.189595178 0.804079056
3185.801660544 -23.715961456 1.821483135 -34.246604919 -0.220212340 0.515136242 -0.188513473 0.806600213
3185.833361792 -23.308477402 1.861847758 -34.023208618 -0.233049423 0.517954946 -0.194366246 0.799770236
3185.864876768 -23.114097595 2.157281399 -33.665504456 -0.224290669 0.555533648 -0.245409936 0.762135148
3185.896365632 -23.246133804 2.244740248 -33.704338074 -0.225371435 0.554865658 -0.243705064 0.762849629
3185.927778880 -22.849901199 2.196975946 -33.574398041 -0.225837842 0.553907394 -0.240016475 0.764575720
3185.959237440 -22.590219498 2.200328112 -33.509040833 -0.227506638 0.552310169 -0.241922423 0.764635682
3185.990941504 -22.687345505 2.025972366 -33.450340271 -0.223383054 0.556988895 -0.216105193 0.770170033
3186.023601728 -22.856752396 2.116732121 -33.475906372 -0.228046313 0.560234308 -0.208913893 0.768431783
3186.055092928 -22.537366867 2.023146152 -33.355266571 -0.218874991 0.559513509 -0.200987533 0.773719788
3186.086480416 -22.393590927 2.073682547 -33.267597198 -0.219382122 0.566929162 -0.206866518 0.766595721
3186.118383584 -22.113254547 2.075648308 -33.359375000 -0.222607136 0.544835925 -0.209468663 0.780847490
3186.156064672 -22.265913010 2.156036377 -33.424808502 -0.214785829 0.545354605 -0.210548162 0.782384098
3186.187798688 -22.683132172 2.125474453 -33.475715637 -0.215216801 0.545920908 -0.206972599 0.782824636
3186.228674432 -22.466787338 2.141317606 -33.418552399 -0.218223810 0.544684052 -0.213920623 0.780983746
3186.261074112 -22.537460327 2.196233511 -33.129806519 -0.205874220 0.559554696 -0.202455059 0.776869595
3186.293390560 -22.652511597 2.241966486 -33.152664185 -0.208483264 0.560687900 -0.201652661 0.775564253
3186.326031232 -22.827163696 2.303417206 -33.119880676 -0.209992304 0.560129583 -0.208391741 0.773777068
3186.357519232 -22.674575806 2.226691484 -33.080917358 -0.214855000 0.550794423 -0.203155026 0.780506849
3186.388941632 -25.816762924 3.240146160 -30.851287842 -0.220082894 0.656582475 -0.222943991 0.686118841
3186.420810688 -25.803731918 3.254239082 -30.861322403 -0.219799370 0.655577719 -0.222502455 0.687312722
3186.453349088 -25.809932709 3.286130428 -30.864955902 -0.215129346 0.653722227 -0.226811633 0.689146578
3186.484857440 -26.980775833 3.571570158 -30.020370483 -0.202739373 0.688146532 -0.197834685 0.667991400
3186.516190688 -28.100765228 3.780459642 -29.339641571 -0.202022895 0.691997647 -0.195979387 0.664769173
3186.548789920 -28.046218872 3.780888319 -29.368007660 -0.200306818 0.690929294 -0.197039336 0.666085124
3186.580529376 -27.787128448 3.741910696 -29.357627869 -0.206843123 0.692223430 -0.194529891 0.663476348
3186.612022944 -27.416414261 3.800381899 -28.977048874 -0.204827696 0.710791886 -0.185408548 0.646872699
3186.643255744 -35.483589172 4.323114395 -28.433790207 -0.201533198 0.715267658 -0.184371769 0.643260121
3186.674679200 -35.446681976 4.318263531 -28.458972931 -0.203578830 0.716248333 -0.181346893 0.642384052
3186.705730720 -35.276264191 4.300566196 -28.465585709 -0.200944737 0.718626499 -0.182896554 0.640114069
3186.737449504 -35.112274170 4.193749428 -28.568435669 -0.195489243 0.714254916 -0.172510415 0.649510622
3186.768786464 -35.040191650 4.059478283 -28.612716675 -0.172688991 0.710995972 -0.146316826 0.665773749
3186.800259872 -35.092212677 4.089943409 -28.611656189 -0.168266118 0.713057578 -0.147821531 0.664367557
3186.832651360 -34.718795776 4.047346592 -28.589370728 -0.172841400 0.714568853 -0.149081483 0.661280513
3186.864195936 -33.359699249 3.713329792 -27.603593826 -0.157766506 0.756333470 -0.097637519 0.627324700
3186.896395936 -31.679698944 4.547636032 -28.162986755 -0.093821667 0.748965561 -0.124361761 0.644035816
3186.927804160 -31.635776520 4.543374062 -28.167192459 -0.094660863 0.749219179 -0.126055270 0.643288553
3186.959233152 -30.871215820 4.207096577 -28.238740921 -0.115863316 0.751105964 -0.114151701 0.639832020
3186.990615200 -29.633613586 4.118325233 -28.500093460 -0.112004936 0.752597928 -0.125477418 0.636636913
3187.022902272 -28.842527390 0.541492939 -30.492435455 -0.171358481 0.614544451 0.128284603 0.759285450
3187.054699584 -29.254587173 0.154042125 -30.282108307 -0.185686886 0.624239385 0.138883904 0.746027231
3187.086117664 -29.668933868 0.221118927 -30.201568604 -0.181089684 0.628788173 0.132230744 0.744544864
3187.117264928 -30.566961288 -0.467413366 -30.603645325 -0.175652653 0.593191504 0.191582158 0.761949003
3187.149306432 -31.486122131 -1.295274615 -30.984638214 -0.184876740 0.561710536 0.242294267 0.769152343
3187.180717504 -31.573488235 -1.439463496 -30.976959229 -0.186085626 0.563085437 0.240746081 0.768341243
3187.212249568 -31.103975296 -1.139102936 -30.877830505 -0.220670000 0.558324873 0.209769011 0.771735072
3187.252510528 -30.387609482 -0.951835990 -30.796970367 -0.263420194 0.538916707 0.173244849 0.781130493
3187.283816512 -28.895921707 -3.016015530 -32.165851593 -0.324602932 0.400596738 0.335378706 0.788464546
3187.315213184 -28.869600296 -2.989485502 -32.157043457 -0.329163402 0.397521526 0.336850524 0.787502229
3187.346648448 -28.643785477 -3.303125381 -32.457920074 -0.337888271 0.392991483 0.319618672 0.793242157
3187.378261536 -28.500694275 -3.428017855 -32.686634064 -0.317465752 0.401684940 0.314824492 0.799218535
3187.409846528 -26.259582520 -7.567167282 -32.318317413 -0.386851907 0.391627342 0.639437914 0.536742747
3187.441143840 -26.515855789 -7.578043461 -32.446216583 -0.367029220 0.400817692 0.639997125 0.543174386
3187.473898720 -26.368940353 -7.167876720 -32.175662994 -0.374805242 0.398443431 0.639003754 0.540775478
3187.505662944 -26.175838470 -6.669756413 -31.752742767 -0.381800771 0.412188202 0.637287736 0.527440488
3187.537157824 -30.400379181 -7.947388649 -30.491977692 -0.283840716 0.594766974 0.459222943 0.595651805
3187.568521696 -30.419160843 -8.038500786 -30.438068390 -0.289517432 0.593354046 0.462781996 0.591560125
3187.599955616 -30.227464676 -7.822959423 -30.428392410 -0.287862957 0.595203578 0.462042958 0.591086864
3187.631512576 -29.204696655 -6.809412956 -31.210826874 -0.258587122 0.544264615 0.503058314 0.619549155
3187.664411648 -28.167356491 -5.839378357 -31.631025314 -0.227852613 0.505215168 0.554581344 0.620709598
3187.695902688 -28.196247101 -5.810528755 -31.622985840 -0.223332018 0.507325947 0.554815233 0.620421767
3187.727347296 -28.055168152 -5.610419750 -31.540809631 -0.225488976 0.504290760 0.558790147 0.618545949
3187.758974944 -27.966842651 -5.352612972 -31.409513474 -0.223239571 0.506661832 0.557443380 0.618639529
3187.790675136 -27.869321823 -5.102223396 -31.257101059 -0.224297225 0.509554446 0.554299116 0.618706346
3187.832120768 -27.814853668 -4.952114105 -31.168237686 -0.226912096 0.509430230 0.550823092 0.620955467
3187.863544864 -27.715429306 -4.798298359 -31.098871231 -0.226497814 0.510943055 0.544612586 0.625326455
3187.895506144 -27.604404449 -4.759926319 -31.063194275 -0.232495055 0.509220958 0.543711007 0.625314772
3187.926977152 -27.496477127 -4.761824131 -31.068876266 -0.240249142 0.504964232 0.543363035 0.626137435
3187.958876064 -27.472021103 -4.689785004 -31.033802032 -0.242324769 0.504082680 0.540082276 0.628880382
3187.991017440 -27.387083054 -4.583802223 -30.958509445 -0.240402460 0.505727053 0.545199692 0.623862207
3188.023046880 -27.321565628 -4.459363461 -30.892400742 -0.238313600 0.506970525 0.547490358 0.621644497
3188.054585024 -27.245050430 -4.369178772 -30.837299347 -0.241037533 0.503377557 0.552476048 0.619097829
3188.086194880 -27.245115280 -4.300340176 -30.790390015 -0.239337146 0.504573047 0.554093122 0.617336750
3188.117952480 -27.133375168 -4.153725624 -30.753787994 -0.243859217 0.502622783 0.552534044 0.618554235
3188.151834464 -27.017061234 -3.996836901 -30.715970993 -0.248574108 0.500193119 0.550228119 0.620698690
3188.184963776 -26.945089340 -3.843927622 -30.745292664 -0.250418425 0.493734568 0.547090292 0.627860725
3188.217393120 -26.956686020 -3.810967922 -30.666854858 -0.249310136 0.497909784 0.544518530 0.627239764
3188.249933504 -26.851636887 -3.689151525 -30.560937881 -0.253340811 0.496748358 0.546788812 0.624565125
3188.281690656 -26.749101639 -3.522120953 -30.419921875 -0.259503037 0.499474674 0.543654799 0.622593522
3188.313209568 -26.666549683 -3.407367229 -30.337789536 -0.264105082 0.500413656 0.541549921 0.621738195
3188.344604960 -26.650184631 -3.368880033 -30.390157700 -0.267773002 0.494479269 0.543481946 0.623229623
3188.375876512 -26.529993057 -3.255405188 -30.336969376 -0.261798143 0.494950950 0.550329447 0.619372785
3188.407830464 -26.405731201 -3.098301649 -30.267944336 -0.257926673 0.496028513 0.554150581 0.616722584
3188.441360512 -26.148056030 -2.924743414 -30.274494171 -0.262066334 0.480709970 0.565241754 0.617042065
3188.472919840 -26.135883331 -2.841996431 -30.221828461 -0.259634107 0.483229369 0.563810408 0.617411852
3188.504268032 -26.001976013 -2.655601501 -30.160720825 -0.256424367 0.483182311 0.568986952 0.614031911
3188.535698880 -25.889511108 -2.433519125 -30.060295105 -0.255913556 0.488286793 0.561334968 0.617241681
3188.567017024 -25.745155334 -2.280975103 -29.926055908 -0.262735158 0.494482011 0.557515979 0.612889647
3188.599822016 -25.715711594 -2.177170277 -29.961563110 -0.263832748 0.489606500 0.559047341 0.614933908
3188.631727776 -25.592639923 -2.056068659 -29.890254974 -0.265660733 0.489653587 0.559408247 0.613780141
3188.663882784 -25.467788696 -1.916681767 -29.816045761 -0.266747504 0.487706244 0.560247779 0.614093602
3188.698032384 -25.346818924 -1.807808161 -29.799005508 -0.268160135 0.482996672 0.564692616 0.613128543
3188.733422560 -25.300781250 -1.710542798 -29.740081787 -0.270799220 0.483822584 0.562224209 0.613585591
3188.765194496 -25.149425507 -1.602422833 -29.667385101 -0.272129416 0.485280424 0.565264642 0.609035611
3188.796614240 -25.013204575 -1.477743864 -29.596824646 -0.269123763 0.487728447 0.565698206 0.608012319
3188.828185696 -24.958812714 -1.363916278 -29.553894043 -0.258002609 0.493149072 0.569958568 0.604471505
3188.860194368 -24.792037964 -1.314123631 -29.584608078 -0.265805751 0.488059700 0.572148681 0.603150904
3188.891911552 -24.583992004 -1.249305725 -29.637022018 -0.273708045 0.479158103 0.580703616 0.598560572
3188.924269824 -24.453445435 -1.176208615 -29.689025879 -0.273736119 0.478510231 0.580250382 0.599504709
3188.955990816 -24.382814407 -1.108510613 -29.764692307 -0.272599488 0.478721529 0.577271461 0.602721155
3188.987635520 -24.448812485 -0.937939346 -29.663480759 -0.269181281 0.487505436 0.567588210 0.606402159
3189.019970336 -24.470920563 -0.921988308 -29.492460251 -0.295321643 0.488435656 0.553480923 0.606526613
3189.052302080 -24.248279572 -0.902978718 -29.450883865 -0.314827740 0.477463037 0.563782752 0.595870376
3189.083909632 -24.041475296 -0.874252617 -29.405384064 -0.331991196 0.468549401 0.573030710 0.584704340
3189.115235360 -24.221391678 -0.524496496 -29.173721313 -0.310848624 0.487038374 0.567442119 0.586665273
3189.146679008 -24.269563675 -0.321353674 -29.009222031 -0.300607383 0.499874085 0.563488841 0.585014045
3189.178691072 -24.167064667 -0.232364401 -28.453994751 -0.308638066 0.546851099 0.555532157 0.545050919
3189.210633344 -24.021635056 -0.094651222 -27.930757523 -0.317299783 0.590621412 0.544805110 0.503661156
3189.242231424 -23.939577103 -0.021258280 -27.886375427 -0.322184265 0.591334701 0.547070861 0.497226477
3189.274389216 -23.830572128 0.011014283 -27.844934464 -0.333422691 0.591802478 0.547895491 0.488272071
3189.305851296 -23.789793015 0.133967638 -27.905427933 -0.336987913 0.589784205 0.539903879 0.497089177
3189.337353824 -23.754461288 0.294362366 -27.721181870 -0.323422968 0.603539884 0.551278591 0.476685524
3189.369567968 -23.800556183 0.431857169 -27.584672928 -0.322349101 0.616638422 0.540713131 0.472733885
3189.402176800 -23.690551758 0.473399371 -27.748544693 -0.324669480 0.603582978 0.553594112 0.473086387
3189.442228224 -23.546667099 0.642335355 -27.731140137 -0.321299493 0.608956039 0.540657997 0.483350903
3189.473816960 -23.467498779 0.802619278 -27.748723984 -0.308908492 0.611873686 0.536455333 0.492343187
3189.505310752 -23.699396133 -0.152240753 -26.879365921 -0.362352043 0.705908239 0.516153932 0.322458804
3189.536786272 -24.532793045 0.772377729 -26.776872635 -0.266672760 0.816534996 0.376775354 0.346693784
3189.568593760 -26.122848511 2.795598507 -26.706775665 0.181694746 0.792735398 0.302199244 0.497225523
3189.600071168 -29.233158112 8.360841751 -29.249950409 0.305746198 0.707264841 -0.125601277 0.624915957
3189.631694464 -28.260152817 12.322198868 -34.722953796 0.363082528 0.468692213 -0.520355821 0.614596248
3189.663056896 -26.133640289 11.804180145 -41.477668762 -0.337751776 -0.135137513 0.800655484 -0.476038158
3189.694965088 -26.133640289 11.804180145 -41.477668762 -0.337751776 -0.135137513 0.800655484 -0.476038158
3189.726494848 -25.186979294 11.136476517 -41.470230103 -0.345657855 -0.117734514 0.813712299 -0.452251554
3189.759363520 -24.109939575 10.372216225 -41.582473755 -0.359305769 -0.097256444 0.830243111 -0.414893806
3189.790929920 -25.386827469 6.791668415 -37.345233917 -0.340822935 -0.102401406 0.824967742 -0.439069301
3189.823250496 -25.386827469 6.791668415 -37.345233917 -0.340822935 -0.102401406 0.824967742 -0.439069301
3189.854928448 -25.137277603 5.261414051 -38.244346619 -0.280129969 0.027450847 0.867834508 -0.409434885
3189.886741248 -24.950529099 3.417764187 -38.971672058 -0.213652015 0.157799706 0.888983965 -0.373041034
3189.919002848 -24.950529099 3.417764187 -38.971672058 -0.213652015 0.157799706 0.888983965 -0.373041034
3189.951999936 -24.950529099 3.417764187 -38.971672058 -0.213652015 0.157799706 0.888983965 -0.373041034
3189.983152992 -24.867061615 3.485807657 -39.039608002 -0.211706400 0.153556705 0.891833246 -0.369099140
3190.014522496 -24.767875671 3.561303616 -39.119186401 -0.212243140 0.151572943 0.892322659 -0.368427426
3190.045853120 -24.691137314 3.626046896 -39.165260315 -0.214305416 0.150672019 0.892379582 -0.367464036
3190.108972576 -24.691137314 3.626046896 -39.165260315 -0.214305416 0.150672019 0.892379582 -0.367464036
3190.140694944 -24.669212341 3.636599541 -39.122550964 -0.216182843 0.153580889 0.890388846 -0.369980514
3190.172194784 -24.859159470 3.129436016 -40.008354187 -0.223929688 0.159273431 0.892898679 -0.356678277
3190.235188064 -24.859159470 3.129436016 -40.008354187 -0.223929688 0.159273431 0.892898679 -0.356678277
3190.266619072 -24.764238358 3.196433783 -40.033843994 -0.224968135 0.157508373 0.893064141 -0.356394202
3190.298337248 -24.719249725 3.066793442 -39.983970642 -0.226141408 0.157748267 0.894069076 -0.353009939
3190.361873472 -24.719249725 3.066793442 -39.983970642 -0.226141408 0.157748267 0.894069076 -0.353009939
3190.393324608 -24.047460556 2.948505640 -39.476325989 -0.258178622 0.166430220 0.898036480 -0.314921051
3190.425592384 -23.374509811 3.692704439 -37.995834351 -0.272051990 0.166969195 0.896024048 -0.308625817
3190.490436096 -23.374509811 3.692704439 -37.995834351 -0.272051990 0.166969195 0.896024048 -0.308625817
3190.523115968 -23.438903809 4.099845886 -37.691745758 -0.279534817 0.160321981 0.896985352 -0.302612662
3190.555707008 -23.382442474 4.385618210 -37.575248718 -0.279718995 0.154299498 0.893798649 -0.314758569
3190.618959488 -23.382442474 4.385618210 -37.575248718 -0.279718995 0.154299498 0.893798649 -0.314758569
3190.650949696 -23.413459778 4.376258850 -37.551719666 -0.279617518 0.150115103 0.894024611 -0.316226900
3190.682866816 -23.405712128 4.242960453 -37.217319489 -0.281084955 0.143889651 0.894591570 -0.316216677
3190.745899136 -23.405712128 4.242960453 -37.217319489 -0.281084955 0.143889651 0.894591570 -0.316216677
3190.777390208 -23.334461212 4.254028797 -37.237525940 -0.281854123 0.143579930 0.894412041 -0.316180706
3190.808926272 -23.481870651 4.256438255 -37.242385864 -0.279234290 0.143497258 0.893936634 -0.319865644
3190.876038208 -23.481870651 4.256438255 -37.242385864 -0.279234290 0.143497258 0.893936634 -0.319865644
3190.910197888 -23.520479202 4.232912540 -37.260734558 -0.278330207 0.143346071 0.894318044 -0.319655210
3190.942511840 -24.569696426 6.578579426 -37.501438141 -0.281472802 0.126300067 0.897202671 -0.315988421
3191.005425280 -24.569696426 6.578579426 -37.501438141 -0.281472802 0.126300067 0.897202671 -0.315988421
3191.048144032 -24.648056030 6.497175694 -37.487003326 -0.279447436 0.123898573 0.898287475 -0.315654784
3191.079733568 -26.779369354 7.734870911 -40.610923767 -0.248740152 0.035909358 0.924368143 -0.287023336
3191.143135968 -26.779369354 7.734870911 -40.610923767 -0.248740152 0.035909358 0.924368143 -0.287023336
3191.175074528 -26.737762451 7.726677895 -40.605819702 -0.249688730 0.037090369 0.924267471 -0.286372900
3191.206525376 -27.657121658 10.749242783 -40.525352478 -0.251026243 -0.031306665 0.931930780 -0.259828269
3191.269532448 -27.657121658 10.749242783 -40.525352478 -0.251026243 -0.031306665 0.931930780 -0.259828269
3191.301289120 -27.654708862 10.747879028 -40.532348633 -0.251877457 -0.030665133 0.932369888 -0.257495135
3191.332837888 -28.413864136 13.902355194 -35.025985718 -0.249993950 -0.068078265 0.934273660 -0.244951338
3191.395927584 -28.413864136 13.902355194 -35.025985718 -0.249993950 -0.068078265 0.934273660 -0.244951338
3191.427593024 -28.493631363 13.844655991 -35.186691284 -0.248308226 -0.067416944 0.934872389 -0.244564146
3191.459108416 -26.277467728 10.243293762 -40.599617004 -0.213468418 0.004905938 0.940111995 -0.265700221
3191.523048448 -26.277467728 10.243293762 -40.599617004 -0.213468418 0.004905938 0.940111995 -0.265700221
3191.554613280 -26.286558151 10.244185448 -40.611766815 -0.212507650 0.004159400 0.939806819 -0.267556190
3191.585919104 -25.098464966 11.086460114 -41.276069641 -0.214104846 0.006427298 0.936533511 -0.277529836
3191.649311040 -25.098464966 11.086460114 -41.276069641 -0.214104846 0.006427298 0.936533511 -0.277529836
3191.681072768 -25.122951508 11.079830170 -41.409851074 -0.214572832 0.005885487 0.936739624 -0.276482910
3191.713173984 -25.388227463 11.061106682 -41.315246582 -0.214692444 -0.002215644 0.938949347 -0.268842608
3191.776405568 -25.388227463 11.061106682 -41.315246582 -0.214692444 -0.002215644 0.938949347 -0.268842608
3191.807596000 -25.489122391 11.084812164 -41.357990265 -0.213044718 -0.000895076 0.938813925 -0.270628035
3191.839030464 -28.254798889 9.856537819 -40.707565308 -0.203628376 0.003835678 0.939371526 -0.275865734
3191.901820800 -28.254798889 9.856537819 -40.707565308 -0.203628376 0.003835678 0.939371526 -0.275865734
3191.933630304 -28.291013718 9.811990738 -40.672210693 -0.203709692 0.003759831 0.939641178 -0.274886668
3191.964836832 -28.329885483 9.766803741 -40.681972504 -0.203246936 0.004442897 0.939848483 -0.274510056
3192.027392192 -28.329885483 9.766803741 -40.681972504 -0.203246936 0.004442897 0.939848483 -0.274510056
3192.059079232 -28.375537872 9.832935333 -40.665878296 -0.204148501 0.002355058 0.940359354 -0.272106767
3192.090489600 -29.651712418 9.249942780 -39.671138763 -0.223469526 0.004161082 0.935337365 -0.274204493
3192.154739840 -29.651712418 9.249942780 -39.671138763 -0.223469526 0.004161082 0.935337365 -0.274204493
3192.186247584 -29.789615631 9.143216133 -39.573341370 -0.223918632 0.003723095 0.935365140 -0.273749232
3192.217585728 -29.735462189 9.407670975 -40.447208405 -0.190039173 -0.014854998 0.940957546 -0.279755831
3192.280807616 -29.735462189 9.407670975 -40.447208405 -0.190039173 -0.014854998 0.940957546 -0.279755831
3192.313056288 -29.727323532 9.400215149 -40.407592773 -0.189879715 -0.012030464 0.941841543 -0.277011633
3192.344551296 -29.718669891 9.395375252 -40.393276215 -0.190323174 -0.006401317 0.942030668 -0.276250571
3192.407520544 -29.718669891 9.395375252 -40.393276215 -0.190323174 -0.006401317 0.942030668 -0.276250571
3192.438931392 -29.787607193 9.318059921 -40.321994781 -0.190045759 -0.006341099 0.942175686 -0.275948048
3192.470497472 -29.942743301 9.115365028 -40.560211182 -0.188625410 -0.004445335 0.942341626 -0.276392758
3192.533889856 -29.942743301 9.115365028 -40.560211182 -0.188625410 -0.004445335 0.942341626 -0.276392758
3192.565237952 -30.009353638 9.055577278 -40.485069275 -0.190630615 -0.004187727 0.942418039 -0.274755746
3192.596593120 -30.097795486 8.983768463 -40.399848938 -0.192262352 -0.002210303 0.941809773 -0.275725722
3192.669407680 -30.097795486 8.983768463 -40.399848938 -0.192262352 -0.002210303 0.941809773 -0.275725722
3192.700710400 -30.095640182 8.987634659 -40.405715942 -0.191288084 -0.000118210 0.942049980 -0.275591493
3192.732382816 -30.144975662 8.945419312 -40.358963013 -0.188820779 0.000877580 0.942030311 -0.277353197
3192.795141664 -30.144975662 8.945419312 -40.358963013 -0.188820779 0.000877580 0.942030311 -0.277353197
3192.826531904 -30.201818466 8.920141220 -40.302452087 -0.187216848 -0.000684270 0.941672087 -0.279648066
3192.857876928 -29.794507980 8.866725922 -40.491870880 -0.188401893 -0.005477726 0.943851411 -0.271328688
3192.921004928 -29.794507980 8.866725922 -40.491870880 -0.188401893 -0.005477726 0.943851411 -0.271328688
3192.953594944 -29.806684494 8.875416756 -40.477104187 -0.187874094 -0.004426340 0.943489969 -0.272965819
3192.985239808 -29.740493774 9.063556671 -41.128044128 -0.188111678 -0.004443999 0.943894327 -0.271399587
3193.048453536 -29.740493774 9.063556671 -41.128044128 -0.188111678 -0.004443999 0.943894327 -0.271399587
3193.080271712 -29.647579193 9.214253426 -41.052608490 -0.190013021 -0.004903144 0.943402290 -0.271777749
3193.112367040 -29.363048553 9.371192932 -41.124496460 -0.190467954 -0.001242643 0.944547236 -0.267490059
3193.175605024 -29.363048553 9.371192932 -41.124496460 -0.190467954 -0.001242643 0.944547236 -0.267490059
3193.207312192 -29.354990005 9.373773575 -41.068061829 -0.191122219 -0.002004289 0.944669008 -0.266587317
3193.238735744 -30.070882797 9.002748489 -40.662548065 -0.177413285 -0.002199413 0.947027445 -0.267691433
3193.302055200 -30.070882797 9.002748489 -40.662548065 -0.177413285 -0.002199413 0.947027445 -0.267691433
3193.333788192 -30.133266449 8.956407547 -40.663654327 -0.177483425 -0.002387624 0.947380781 -0.266389906
3193.365237408 -33.370014191 8.919402122 -25.514568329 -0.189642608 -0.001977426 0.944122851 -0.269562244
3193.427967392 -33.370014191 8.919402122 -25.514568329 -0.189642608 -0.001977426 0.944122851 -0.269562244
3193.459769408 -33.376480103 8.933392525 -25.531734467 -0.186755225 -0.004577187 0.944917858 -0.268759787
3193.500201440 -29.816204071 4.983727932 -28.503128052 -0.172371984 0.070716158 0.942240894 -0.278332919
3193.564171072 -29.816204071 4.983727932 -28.503128052 -0.172371984 0.070716158 0.942240894 -0.278332919
3193.595321984 -29.596948624 5.173194885 -28.519519806 -0.174310610 0.069299109 0.941670656 -0.279409826
3193.627059008 -29.656028748 5.370853424 -28.498586655 -0.174787238 0.067433782 0.941972315 -0.278550327
3193.690202496 -29.656028748 5.370853424 -28.498586655 -0.174787238 0.067433782 0.941972315 -0.278550327
3193.721969248 -29.703447342 5.339319706 -28.487785339 -0.174314931 0.068147808 0.942153871 -0.278058112
3193.753506432 -29.753297806 5.512363434 -28.516748428 -0.174938068 0.066864379 0.942342699 -0.277337492
3193.816139584 -29.753297806 5.512363434 -28.516748428 -0.174938068 0.066864379 0.942342699 -0.277337492
3193.847636320 -29.856849670 5.573072910 -28.508165359 -0.171630755 0.065409824 0.941876650 -0.281305671
3193.879201888 -30.214260101 5.453702450 -28.273443222 -0.166220710 0.057850800 0.946521819 -0.270407885
3193.943164800 -30.214260101 5.453702450 -28.273443222 -0.166220725 0.057850797 0.946521819 -0.270407856
3193.974503072 -30.150154114 5.468475819 -28.296413422 -0.166012555 0.058121718 0.946600914 -0.270200640
3194.005663776 -30.345565796 3.572962761 -27.050186157 -0.170334443 0.063842662 0.950120091 -0.253341973
3194.068903168 -30.345565796 3.572962761 -27.050186157 -0.170334443 0.063842662 0.950120091 -0.253341973
3194.100729600 -30.276407242 3.657527924 -27.076524734 -0.170212805 0.062759206 0.950161934 -0.253537476
3194.132776928 -26.288198471 1.904284000 -28.581760406 -0.168360084 0.088911653 0.947054327 -0.258529842
3194.195733408 -26.288198471 1.904284000 -28.581760406 -0.168360084 0.088911653 0.947054327 -0.258529842
3194.239527168 -26.257383347 1.886640906 -28.594303131 -0.168172985 0.088869207 0.947661996 -0.256431043
3194.271260160 -26.472122192 1.763929844 -28.422731400 -0.167051747 0.090950318 0.948509812 -0.253280282
3194.334795104 -26.472122192 1.763929844 -28.422731400 -0.167051747 0.090950318 0.948509812 -0.253280282
3194.366684480 -26.973640442 1.501095772 -28.601394653 -0.162316412 0.090608783 0.949907959 -0.251233518
3194.398107456 -27.436655045 1.588560104 -27.145250320 -0.167323500 0.076782264 0.952973545 -0.240725517
3194.461563520 -27.436655045 1.588560104 -27.145250320 -0.167323500 0.076782264 0.952973545 -0.240725517
3194.493166528 -27.432773590 1.587242484 -27.102571487 -0.168510273 0.078767300 0.952125967 -0.242602885
3194.525069088 -27.498683929 1.538435578 -26.944097519 -0.170157254 0.070875853 0.953376591 -0.238948151
3194.589017760 -27.498683929 1.538435578 -26.944097519 -0.170157254 0.070875853 0.953376591 -0.238948151
3194.623354784 -27.582870483 1.498313665 -26.901788712 -0.169651076 0.070397571 0.953701615 -0.238151059
3194.655088288 -27.646245956 1.607336402 -27.070682526 -0.168840960 0.075479321 0.953628540 -0.237461865
3194.744237728 -27.646245956 1.607336402 -27.070682526 -0.168840960 0.075479321 0.953628540 -0.237461865
3194.782504992 -27.733224869 1.675230980 -27.159511566 -0.166835338 0.075250529 0.953672886 -0.238770515
3194.814518208 -27.679660797 1.843438983 -27.391183853 -0.163242370 0.064392485 0.955604434 -0.236697376
3194.878215520 -27.679660797 1.843438983 -27.391183853 -0.163242370 0.064392485 0.955604434 -0.236697376
3194.914643040 -27.979589462 1.844593883 -27.360778809 -0.162549824 0.065572940 0.956330538 -0.233901009
3194.946689888 -27.655195236 1.071514606 -27.265069962 -0.166196376 0.072187357 0.957716882 -0.223486215
3195.020025248 -27.655195236 1.071514606 -27.265069962 -0.166196376 0.072187357 0.957716882 -0.223486215
3195.051297056 -27.632711411 1.088987947 -27.261638641 -0.169649974 0.070958324 0.957405865 -0.222615823
3195.083211776 -27.728567123 1.128538966 -27.176904678 -0.169356808 0.064847119 0.957188904 -0.225615829
3195.146148608 -27.728567123 1.128538966 -27.176904678 -0.169356808 0.064847119 0.957188904 -0.225615829
3195.178556416 -27.715417862 1.133962750 -27.171937943 -0.167278498 0.064859055 0.957236052 -0.226958871
3195.210070688 -27.749122620 1.117266178 -27.166538239 -0.165521458 0.067116827 0.956674218 -0.229940176
3195.273282528 -27.749122620 1.117266178 -27.166538239 -0.165521458 0.067116827 0.956674218 -0.229940176
3195.304679840 -27.755237579 1.120169997 -27.154956818 -0.165516347 0.068387300 0.956493199 -0.230322227
3195.335975168 -27.754770279 1.118457198 -27.161741257 -0.164424777 0.069885395 0.956773281 -0.229489461
3195.400022240 -27.754770279 1.118457198 -27.161741257 -0.164424777 0.069885395 0.956773281 -0.229489461
3195.431715680 -27.751201630 1.117749810 -27.168441772 -0.164913222 0.070246771 0.956625998 -0.229642540
3195.463197280 -27.755531311 1.122701526 -27.162504196 -0.164312527 0.069831043 0.956499398 -0.230724737
3195.525867936 -27.755531311 1.122701526 -27.162504196 -0.164312527 0.069831043 0.956499398 -0.230724737
3195.557155392 -27.753692627 1.124842763 -27.171905518 -0.163952991 0.069755487 0.956584394 -0.230650932
3195.588618208 -27.753942490 1.122951865 -27.165834427 -0.163321555 0.069777615 0.956733406 -0.230474144
3195.651748384 -27.753942490 1.122951865 -27.165834427 -0.163321555 0.069777615 0.956733406 -0.230474144
3195.683306016 -27.751317978 1.127107978 -27.171745300 -0.163815364 0.069557145 0.956716299 -0.230261251
3195.714921696 -27.749608994 1.124075413 -27.169078827 -0.163340822 0.068525650 0.957010090 -0.229686052
3195.778514176 -27.749608994 1.124075413 -27.169078827 -0.163340822 0.068525650 0.957010090 -0.229686052
3195.810312224 -27.740615845 1.130069017 -27.171772003 -0.163499102 0.068227895 0.956914306 -0.230061099
3195.842186560 -27.735034943 1.135553956 -27.171461105 -0.163683802 0.067850374 0.956881046 -0.230179638
3195.928953408 -27.735034943 1.135553956 -27.171461105 -0.163683802 0.067850374 0.956881046 -0.230179638
3195.960360832 -27.730791092 1.138381481 -27.180673599 -0.163886875 0.068193778 0.956755698 -0.230454430
3195.991863840 -27.735425949 1.145446777 -27.171537399 -0.164165050 0.068318471 0.956691444 -0.230486259
3196.054778592 -27.735425949 1.145446777 -27.171537399 -0.164165050 0.068318471 0.956691444 -0.230486259
3196.086397440 -27.731819153 1.146201611 -27.174268723 -0.164076924 0.068610497 0.956617177 -0.230770409
3196.117953152 -27.734785080 1.144893527 -27.169843674 -0.164066732 0.068947628 0.956596613 -0.230762452
3196.181684864 -27.734785080 1.144893527 -27.169843674 -0.164066732 0.068947628 0.956596613 -0.230762452
3196.213688448 -27.727647781 1.139459014 -27.171499252 -0.164039478 0.069198459 0.956567466 -0.230827436
3196.245456896 -27.727647781 1.139459014 -27.171499252 -0.164039478 0.069198459 0.956567466 -0.230827436
3196.309229760 -27.727647781 1.139459014 -27.171499252 -0.164039478 0.069198459 0.956567466 -0.230827436
3196.340957024 -27.722654343 1.142579198 -27.178085327 -0.164000422 0.069091931 0.956486881 -0.231220677
3196.372928864 -27.727031708 1.135972261 -27.171644211 -0.163924471 0.068968110 0.956558645 -0.231014624
3196.436243488 -27.727031708 1.135972261 -27.171644211 -0.163924471 0.068968110 0.956558645 -0.231014624
3196.468235648 -27.725465775 1.132302284 -27.175186157 -0.163881510 0.068964973 0.956534684 -0.231145114
3196.500147456 -27.725465775 1.132302284 -27.175186157 -0.163881510 0.068964973 0.956534684 -0.231145114
3196.563954496 -27.725465775 1.132302284 -27.175186157 -0.163881510 0.068964973 0.956534684 -0.231145114
3196.595240544 -27.725465775 1.132302284 -27.175186157 -0.163881510 0.068964973 0.956534684 -0.231145114
3196.626809216 -27.731811523 1.129730105 -27.172760010 -0.163754046 0.069165483 0.956500351 -0.231317386
3196.690522368 -27.731811523 1.129730105 -27.172760010 -0.163754046 0.069165483 0.956500351 -0.231317386
3196.724593536 -27.733753204 1.125593305 -27.173332214 -0.163756773 0.069287635 0.956479728 -0.231364295
3196.772811936 -27.733133316 1.131312490 -27.168285370 -0.163832530 0.069389738 0.956453145 -0.231389984
3196.840050048 -27.733133316 1.131312490 -27.168285370 -0.163832530 0.069389738 0.956453145 -0.231389984
3196.873184256 -27.733133316 1.131312490 -27.168285370 -0.163832530 0.069389738 0.956453145 -0.231389984
3196.904745376 -27.733133316 1.131312490 -27.168285370 -0.163832530 0.069389738 0.956453145 -0.231389984
3196.968408096 -27.733133316 1.131312490 -27.168285370 -0.163832530 0.069389738 0.956453145 -0.231389984
3196.999904224 -27.731725693 1.132340312 -27.174768448 -0.163832739 0.069304705 0.956465185 -0.231365651
3197.031293824 -27.731725693 1.132340312 -27.174768448 -0.163832739 0.069304705 0.956465185 -0.231365651
3197.094791104 -27.731725693 1.132340312 -27.174768448 -0.163832739 0.069304705 0.956465185 -0.231365651
3197.129660256 -27.724754333 1.137601733 -27.185020447 -0.163843706 0.069250353 0.956407607 -0.231611937
3197.161831328 -27.724754333 1.137601733 -27.185020447 -0.163843706 0.069250353 0.956407607 -0.231611937
3197.226142496 -27.724754333 1.137601733 -27.185020447 -0.163843706 0.069250353 0.956407607 -0.231611937
3197.257509152 -27.725011826 1.143558264 -27.194112778 -0.163779050 0.069133312 0.956385016 -0.231786013
3197.288994400 -27.725011826 1.143558264 -27.194112778 -0.163779050 0.069133312 0.956385016 -0.231786013
3197.352393280 -27.725011826 1.143558264 -27.194112778 -0.163779050 0.069133312 0.956385016 -0.231786013
3197.383758688 -27.721759796 1.143140435 -27.198690414 -0.163766012 0.069127195 0.956357718 -0.231909513
3197.415104896 -27.721759796 1.143140435 -27.198690414 -0.163766012 0.069127195 0.956357718 -0.231909513
3197.478581952 -27.721759796 1.143140435 -27.198690414 -0.163766012 0.069127195 0.956357718 -0.231909513
3197.518888576 -27.716163635 1.146374226 -27.204839706 -0.163824618 0.069087081 0.956337929 -0.231961757
3197.550526560 -27.716163635 1.146374226 -27.204839706 -0.163824618 0.069087081 0.956337929 -0.231961757
3197.613586464 -27.716163635 1.146374226 -27.204839706 -0.163824618 0.069087081 0.956337929 -0.231961757
3197.645251904 -27.713571548 1.138896823 -27.206474304 -0.163865313 0.069233455 0.956321299 -0.231957793
3197.676732288 -27.713571548 1.138896823 -27.206474304 -0.163865313 0.069233455 0.956321299 -0.231957793
3197.739838592 -27.713571548 1.138896823 -27.206474304 -0.163865313 0.069233455 0.956321299 -0.231957793
3197.771229344 -27.715320587 1.137500525 -27.208625793 -0.163867772 0.069250695 0.956318498 -0.231962621
3197.802594080 -27.716438293 1.140631676 -27.206081390 -0.163833857 0.069203451 0.956317604 -0.232004359
3197.865539712 -27.716438293 1.140631676 -27.206081390 -0.163833857 0.069203451 0.956317604 -0.232004359
3197.897051648 -27.721597672 1.125687718 -27.211624146 -0.163751349 0.069399334 0.956339419 -0.231913984
3197.928730528 -27.721597672 1.125687718 -27.211624146 -0.163751349 0.069399334 0.956339419 -0.231913984
3197.991721184 -27.721597672 1.125687718 -27.211624146 -0.163751349 0.069399334 0.956339419 -0.231913984
3198.024407232 -27.715051651 1.131014824 -27.218776703 -0.163743168 0.069297820 0.956294537 -0.232135028
3198.056994688 -27.715051651 1.131014824 -27.218776703 -0.163743168 0.069297820 0.956294537 -0.232135028
3198.120606272 -27.715051651 1.131014824 -27.218776703 -0.163743168 0.069297820 0.956294537 -0.232135028
3198.151934720 -27.711116791 1.134455085 -27.223659515 -0.163765952 0.069279037 0.956247747 -0.232317448
3198.183275776 -27.711116791 1.134455085 -27.223659515 -0.163765952 0.069279037 0.956247747 -0.232317448
3198.246510208 -27.711116791 1.134455085 -27.223659515 -0.163765952 0.069279037 0.956247747 -0.232317448
3198.278108768 -27.706689835 1.134221911 -27.226518631 -0.163851798 0.069264285 0.956235707 -0.232310817
3198.309552960 -27.713155746 1.135648012 -27.224231720 -0.163788453 0.069262303 0.956245899 -0.232314065
3198.372818368 -27.713155746 1.135648012 -27.224231720 -0.163788453 0.069262303 0.956245899 -0.232314065
3198.404204992 -27.708715439 1.138136268 -27.230251312 -0.163761199 0.069228187 0.956209719 -0.232492328
3198.435661952 -27.708715439 1.138136268 -27.230251312 -0.163761199 0.069228187 0.956209719 -0.232492328
3198.498713472 -27.708715439 1.138136268 -27.230251312 -0.163761199 0.069228187 0.956209719 -0.232492328
3198.530098464 -27.697647095 1.135638237 -27.231887817 -0.163834646 0.069317743 0.956159532 -0.232620269
3198.561536928 -27.697647095 1.135638237 -27.231887817 -0.163834646 0.069317743 0.956159532 -0.232620269
3198.624699488 -27.697647095 1.135638237 -27.231887817 -0.163834646 0.069317743 0.956159532 -0.232620269
3198.656266944 -27.695409775 1.136694193 -27.236087799 -0.163828999 0.069294430 0.956126153 -0.232768387
3198.687690464 -27.695409775 1.136694193 -27.236087799 -0.163828999 0.069294430 0.956126153 -0.232768387
3198.751051296 -27.695409775 1.136694193 -27.236087799 -0.163828999 0.069294430 0.956126153 -0.232768387
3198.782710176 -27.689168930 1.134685159 -27.242029190 -0.163849726 0.069397561 0.956073403 -0.232939705
3198.814254272 -27.689168930 1.134685159 -27.242029190 -0.163849726 0.069397561 0.956073403 -0.232939705
3198.877146496 -27.689168930 1.134685159 -27.242029190 -0.163849726 0.069397561 0.956073403 -0.232939705
3198.908743296 -27.689168930 1.134685159 -27.242029190 -0.163849726 0.069397561 0.956073403 -0.232939705
3198.940858176 -27.689168930 1.134685159 -27.242029190 -0.163849726 0.069397561 0.956073403 -0.232939705
3199.003785312 -27.689168930 1.134685159 -27.242029190 -0.163849726 0.069397561 0.956073403 -0.232939705
3199.035156864 -27.684181213 1.132830262 -27.243951797 -0.163878694 0.069529422 0.956013858 -0.233124256
3199.066474176 -27.684181213 1.132830262 -27.243951797 -0.163878694 0.069529422 0.956013858 -0.233124256
3199.143449824 -27.684181213 1.132830262 -27.243951797 -0.163878694 0.069529422 0.956013858 -0.233124256
3199.174524224 -27.684181213 1.132830262 -27.243951797 -0.163878694 0.069529422 0.956013858 -0.233124256
3199.206041216 -27.684181213 1.132830262 -27.243951797 -0.163878694 0.069529422 0.956013858 -0.233124256
3199.269723872 -27.684181213 1.132830262 -27.243951797 -0.163878694 0.069529422 0.956013858 -0.233124256
3199.301693984 -27.679691315 1.134815931 -27.250556946 -0.163863823 0.069566652 0.955992222 -0.233212426
3199.333263168 -27.687143326 1.134746552 -27.244010925 -0.163856089 0.069545932 0.956001699 -0.233185112
3199.396823200 -27.687143326 1.134746552 -27.244010925 -0.163856089 0.069545932 0.956001699 -0.233185112
3199.428805728 -27.687143326 1.134746552 -27.244010925 -0.163856089 0.069545932 0.956001699 -0.233185112
