1084.611259584 0.000000000 0.000000000 0.000000000 0.000000000 0.000000000 0.000000000 1.000000000
1084.860282656 -0.007583886 -0.006906642 0.037720732 0.019583106 -0.009578867 -0.000274582 0.999762297
1085.110395648 -0.053558722 -0.019608974 0.341940492 -0.004292523 -0.048948962 -0.009555732 0.998746336
1085.360318720 -0.133662552 -0.005862226 0.637965560 -0.022253066 -0.083683066 -0.019861398 0.996045947
1085.610716544 -0.284766763 0.073636755 0.916840017 -0.005177938 -0.081051297 0.010094679 0.996645391
1085.859762880 -0.460351765 0.057775162 1.326145053 -0.002739079 -0.118709520 -0.005886953 0.992907822
1086.109729216 -0.677458823 0.039666966 1.730370998 -0.010091493 -0.145246193 -0.012825214 0.989260972
1086.359663232 -0.935163200 0.031053897 2.129619360 -0.017970404 -0.169068903 -0.017502431 0.985284925
1086.609901248 -1.241988301 0.051138040 2.516302109 -0.026195282 -0.190329194 -0.020369103 0.981159329
1086.860214208 0.148363590 0.342848003 -0.928877115 0.051194858 -0.194037497 0.086815365 0.975803077
1087.111044448 1.412256241 1.448298693 -4.282786369 0.133609176 -0.197173655 0.198362410 0.950748920
1087.361648960 2.576748133 3.408756495 -6.884555817 0.229113698 -0.224072486 0.289385438 0.901972592
1087.611963328 4.134795189 4.845255375 -9.136060715 0.186311826 -0.273438722 0.364221185 0.870552778
1087.862149344 5.552323818 6.236049175 -11.040255547 0.159588844 -0.309482068 0.439397693 0.828059077
1088.112425376 7.049589157 7.387853622 -12.522850990 0.112594165 -0.346758634 0.455775529 0.812003493
1088.362383616 8.056578636 8.654309273 -13.595656395 0.130448028 -0.349451303 0.456733257 0.807627261
1088.612110720 9.120162964 9.882054329 -14.686588287 0.136519954 -0.352100492 0.451242447 0.808559120
1088.862181248 9.902245522 10.818811417 -16.112592697 0.130282700 -0.331726193 0.455143183 0.815983355
1089.112183808 10.141574860 11.112943649 -16.957704544 0.121400490 -0.305712968 0.469760150 0.819223344
1089.362186080 10.030344009 10.928988457 -16.650007248 0.107279375 -0.305053025 0.456646472 0.828799009
1089.612361472 9.829977989 10.765192986 -16.283348083 0.114821821 -0.302685440 0.453321308 0.830480158
1089.862339072 9.649486542 10.541656494 -15.933099747 0.111441843 -0.304798901 0.448927641 0.832551658
1090.112386976 9.464457512 10.273694992 -15.611477852 0.110134214 -0.300173759 0.445457190 0.836261988
1090.362212128 9.237956047 10.015338898 -15.259962082 0.112054512 -0.293788701 0.443954110 0.839069009
1090.612358656 8.988951683 9.776851654 -14.916586876 0.118212007 -0.285755962 0.446071208 0.839874983
1090.862143104 8.757912636 9.582599640 -14.650041580 0.109415539 -0.271932483 0.461358309 0.837394416
1091.112225248 9.258914948 9.349082947 -14.356757164 0.093497671 -0.297991753 0.323356360 0.893252373
1091.362342624 10.232395172 9.924479485 -14.246099472 0.091150314 -0.308696032 0.330575496 0.887196839
1091.612222752 10.232395172 9.924479485 -14.246099472 0.091150314 -0.308696032 0.330575496 0.887196839
1091.862255040 10.232395172 9.924479485 -14.246099472 0.091150314 -0.308696032 0.330575496 0.887196839
1092.112178240 10.232395172 9.924479485 -14.246099472 0.091150314 -0.308696032 0.330575496 0.887196839
1092.366614880 10.228225708 9.960653305 -14.243050575 0.093464032 -0.307685822 0.331062883 0.887125254
1092.612214464 10.223501205 9.982872009 -14.240073204 0.095184490 -0.306384593 0.331467122 0.887241781
1092.862296608 9.873907089 10.079052925 -14.132045746 0.114840470 -0.292147040 0.356976599 0.879789472
1093.112201120 9.551995277 10.131651878 -14.007027626 0.113510773 -0.293729991 0.386354208 0.866930485
1093.362640160 9.230731964 10.162723541 -13.881563187 0.110147558 -0.297115862 0.416142881 0.852299690
1093.612789216 8.886460304 10.116143227 -13.741496086 0.109452292 -0.303722173 0.434385687 0.840881765
1093.862704096 8.501695633 9.986941338 -13.568102837 0.110456049 -0.311521918 0.446203470 0.831658602
1094.112271488 8.127843857 9.848078728 -13.392678261 0.112276524 -0.326359570 0.453875959 0.821510792
1094.362234304 8.048384666 10.050169945 -13.477667809 0.127429321 -0.343327701 0.462249696 0.807597101
1094.612531584 7.935292721 10.167353630 -13.564212799 0.133551985 -0.359061331 0.469127327 0.795712471
1094.862756576 7.795680046 10.191253662 -13.671545029 0.130245745 -0.368997693 0.469572932 0.791440427
1095.112464288 7.647111416 10.160579681 -13.794954300 0.121768691 -0.374621570 0.460551351 0.795439184
1095.362486592 7.408861160 10.098265648 -13.911875725 0.127405539 -0.369897693 0.462137282 0.795847178
1095.613129088 7.192389011 10.027284622 -14.046415329 0.130566925 -0.367481679 0.461420655 0.796869159
1095.862725728 7.077039719 9.887298584 -14.295907021 0.107313074 -0.364407212 0.451594263 0.807312787
1096.112592768 6.928806305 9.756649017 -14.490024567 0.094253562 -0.360836834 0.456276447 0.807913899
1096.362390464 6.773195744 9.619147301 -14.688640594 0.082808532 -0.355198592 0.461255014 0.808838964
1096.612782336 6.596961021 9.469652176 -14.859233856 0.078780122 -0.350936294 0.460161299 0.811719716
1096.863211872 6.326906681 9.277728081 -14.878664970 0.081798054 -0.344316661 0.467697978 0.809946716
1097.113143072 6.063044548 9.082311630 -14.882681847 0.087663166 -0.340610236 0.469275713 0.809987724
1097.362991104 5.814017773 8.866931915 -14.885056496 0.089174479 -0.337146252 0.470059752 0.810816944
1097.612367968 5.644955635 8.689569473 -14.854136467 0.087878436 -0.334365278 0.474369049 0.809599459
1097.862596480 5.741322041 8.773652077 -14.808345795 0.088948607 -0.336770177 0.472837627 0.809381604
1098.112948448 5.728732109 8.763273239 -14.786849976 0.088355839 -0.337883383 0.473529577 0.808577657
1098.362496608 5.712430477 8.746070862 -14.757405281 0.087756522 -0.338623643 0.475478232 0.807188511
1098.612351072 5.701936722 8.735531807 -14.741555214 0.088048495 -0.338653564 0.476594716 0.806485415
1098.862341536 5.700526714 8.734753609 -14.739985466 0.088130519 -0.338523477 0.476735383 0.806447864
1099.113978400 5.700450420 8.734902382 -14.740058899 0.088133365 -0.338534862 0.476700574 0.806463420
