3436.322591168 0.000000000 0.000000000 0.000000000 0.000000000 0.000000000 0.000000000 1.000000000
3436.384558400 -0.000116959 0.000704621 0.000125280 -0.000235178 0.000004645 -0.000128385 0.999999940
3436.447363136 -0.000116959 0.000704621 0.000125280 -0.000235178 0.000004645 -0.000128385 0.999999940
3436.509554080 -0.000116959 0.000704621 0.000125280 -0.000235178 0.000004645 -0.000128385 0.999999940
3436.572020192 -0.000116959 0.000704621 0.000125280 -0.000235178 0.000004645 -0.000128385 0.999999940
3436.634519424 0.002175042 -0.003211760 0.009842535 0.004611079 0.001304836 0.004003260 0.999980509
3436.696472512 0.009097118 -0.011086076 0.034770705 0.013885484 0.006833926 0.013134092 0.999794006
3436.758868576 0.011452684 -0.018842271 0.086783811 0.019764828 0.005945416 0.013277864 0.999698818
3436.821737760 0.002651758 -0.011731755 0.165590465 -0.003831724 0.005560593 -0.003699297 0.999970376
3436.884366336 -0.008127619 -0.008693689 0.246268868 0.013801458 0.004004550 -0.015044995 0.999783576
3436.946778304 -0.016087934 -0.010185882 0.358173460 0.011470552 -0.006889096 -0.017225556 0.999762118
3437.009484064 -0.019554876 -0.016880631 0.488361061 0.004716047 -0.005267299 -0.012905371 0.999891698
3437.071765760 -0.010954941 -0.019628426 0.629418492 -0.013076871 0.001086726 0.010569279 0.999858022
3437.135370912 -0.010560184 -0.025853755 0.764745533 0.000608840 -0.003519113 0.007363101 0.999966502
3437.196859840 -0.028562929 -0.016387839 0.916843295 -0.006322762 -0.000264380 -0.026586521 0.999626458
3437.258965312 -0.015657263 -0.025291851 1.073075652 -0.006014791 0.002030514 0.011307111 0.999915898
3437.321641376 -0.007651037 -0.031133544 1.235680938 -0.001898552 0.006933079 0.020547885 0.999763072
3437.384224896 -0.003050587 -0.038223341 1.401513696 0.001077363 0.006421950 0.023278859 0.999707818
3437.446791328 -0.025023893 -0.036153235 1.561927438 0.021107968 0.012510111 -0.022435926 0.999447107
3437.509198656 -0.080780745 -0.057884105 1.629617333 0.037373826 0.027853647 -0.041069098 0.998068511
3437.572617440 -0.072241522 -0.075641409 1.800723433 0.038938761 0.026380004 -0.044068627 0.997920752
3437.634693056 -0.067962877 -0.104366101 1.962381124 0.056604549 0.039052755 -0.058756318 0.995900869
3437.697001376 -0.051847104 -0.118662179 2.149611950 0.028007952 0.054022901 -0.046985157 0.997040391
3437.760652704 -0.036682896 -0.133475855 2.319110155 0.044755049 0.059300151 -0.039367631 0.996459067
3437.822428032 -0.028706798 -0.152619913 2.508502960 0.021167675 0.055846937 -0.052159701 0.996851265
3437.885171520 -0.011803266 -0.171157911 2.687913418 0.031920876 0.054965787 -0.045967419 0.996918678
3437.947841088 0.007553918 -0.182910785 2.882192612 0.017176723 0.054261874 -0.043554951 0.997428477
3438.010462272 0.024621060 -0.198278278 3.068048477 0.032933507 0.059369851 -0.047258008 0.996572733
3438.073329344 0.045462817 -0.224949762 3.256114006 0.031237414 0.062306594 -0.034090161 0.996985435
3438.136869792 0.065124571 -0.234138146 3.456570387 0.024010036 0.061303340 -0.034985341 0.997216821
3438.199167520 0.085338145 -0.252173573 3.645244360 0.035262518 0.057193078 -0.026903419 0.997377396
3438.261668384 0.109484620 -0.271244764 3.848953485 0.023577413 0.050171088 -0.011491609 0.998396158
3438.324045728 0.118714452 -0.280966043 4.043865204 0.031868171 0.044941887 -0.021080354 0.998258650
3438.386799968 0.136430562 -0.284848928 4.257951260 0.007329218 0.040840898 -0.005361005 0.999124408
3438.449442240 0.136742800 -0.285700381 4.478500366 -0.013984070 0.039523300 -0.025419915 0.998797357
3438.512132992 0.151484653 -0.306067437 4.683649540 0.000270391 0.036986977 -0.015937507 0.999188602
3438.574648096 0.165234238 -0.326456636 4.886493206 0.034344405 0.035201136 -0.008991952 0.998749435
3438.636577056 0.163607493 -0.354185611 5.079342365 0.088056438 0.031557471 -0.017524917 0.995461226
3438.700249504 0.168754399 -0.395613432 5.281949520 0.107810341 0.016544651 -0.011719923 0.993964732
3438.761739168 0.166663229 -0.437779903 5.497859955 0.098862141 0.005516314 -0.015062124 0.994971871
3438.824211232 0.155625999 -0.483350307 5.718194962 0.081278585 0.001441140 -0.021938266 0.996448934
3438.887761376 0.145054966 -0.521678805 5.940627098 0.064214900 -0.002426989 -0.028574347 0.997523963
3438.950933984 0.131553352 -0.555603564 6.161082268 0.057404030 -0.012665519 -0.028927216 0.997851491
3439.011641984 0.124590658 -0.584969223 6.374667645 0.056429252 -0.022049654 -0.012795891 0.998081088
3439.074111264 0.103753544 -0.624473870 6.585525990 0.070949972 -0.018459557 -0.016413046 0.997174025
3439.136749792 0.087701790 -0.654427171 6.807148457 0.069596805 -0.013167615 -0.021540388 0.997255683
3439.199105024 0.087829977 -0.681877971 7.034770489 0.051939469 -0.019119449 -0.002342491 0.998464465
3439.261792768 0.068669856 -0.710987985 7.277154922 0.025805224 -0.021658560 -0.016940290 0.999288738
3439.324373504 0.057851385 -0.710961461 7.514741421 -0.001227998 -0.027707588 -0.016706329 0.999475718
3439.387770464 0.043385834 -0.726404846 7.748831272 -0.004270693 -0.029179070 -0.014550981 0.999459207
3439.449331616 0.022967769 -0.740489304 7.976805210 0.013375914 -0.025680838 -0.022132825 0.999335647
3439.513157472 0.002334315 -0.743721068 8.208790779 0.024316639 -0.026110638 -0.016676268 0.999224126
3439.574447968 -0.013598459 -0.766259730 8.445096016 0.029328082 -0.031768765 -0.015626673 0.998942673
3439.636804256 -0.036576059 -0.785774708 8.688341141 0.026874872 -0.037336234 -0.025387242 0.998618662
3439.699507328 -0.058972377 -0.798825145 8.937260628 0.017568223 -0.037874188 -0.021383213 0.998899221
3439.762044864 -0.085402802 -0.823676705 9.182574272 0.024048928 -0.036648039 -0.027560437 0.998658597
3439.824670944 -0.109833032 -0.835688770 9.430982590 0.029768899 -0.037803356 -0.028662233 0.998430371
3439.887158368 -0.132144183 -0.848435104 9.690038681 0.016314460 -0.038498409 -0.025262069 0.998806059
3439.950046880 -0.149493426 -0.864986598 9.946187973 0.007929396 -0.031870604 -0.034458250 0.998866379
3440.013301856 -0.157610372 -0.877819121 10.219439507 0.010274163 -0.025216347 -0.030629650 0.999159873
3440.074173408 -0.175825074 -0.890559256 10.474193573 0.017307732 -0.028955074 -0.033839826 0.998857796
3440.141418912 -0.198180258 -0.904521763 10.744520187 0.021447163 -0.030218335 -0.036267344 0.998654842
3440.199418016 -0.220754147 -0.920465708 11.008942604 0.015231431 -0.031203708 -0.038077913 0.998671353
3440.261591392 -0.240316257 -0.939233541 11.276880264 0.020611320 -0.031519461 -0.032217823 0.998771131
3440.324543072 -0.270132840 -0.956183672 11.547295570 0.027143577 -0.031031635 -0.037740510 0.998436749
3440.386830688 -0.294222802 -0.978921175 11.823437691 0.027650591 -0.032470923 -0.033195931 0.998538494
3440.449245056 -0.323534846 -1.003813624 12.107368469 0.027332257 -0.032193795 -0.033836041 0.998534739
3440.512022816 -0.347569287 -1.026136398 12.386423111 0.027188199 -0.033289045 -0.031745207 0.998571396
3440.574549920 -0.372183442 -1.048738480 12.665934563 0.031801198 -0.031844713 -0.029016135 0.998565316
3440.637024928 -0.396072626 -1.072240591 12.952422142 0.028256781 -0.032227460 -0.027717477 0.998696506
3440.700002912 -0.422924280 -1.094691515 13.235156059 0.029253088 -0.029917024 -0.024751322 0.998817623
3440.761719008 -0.446142673 -1.121168852 13.519676208 0.033933923 -0.030390030 -0.022885066 0.998699784
3440.824402432 -0.457543403 -1.149254799 13.804644585 0.030554732 -0.028698223 -0.020389678 0.998912930
3440.887376064 -0.482476503 -1.179755926 14.097167969 0.032258041 -0.028856153 -0.020505462 0.998852491
3440.949636064 -0.505247176 -1.207523346 14.378642082 0.040054314 -0.027729033 -0.018042404 0.998649716
3441.011885344 -0.529415488 -1.241476178 14.668334007 0.039324943 -0.029803483 -0.019367184 0.998594105
3441.074375360 -0.549241722 -1.271727800 14.959629059 0.037790209 -0.029211989 -0.017208561 0.998710394
3441.137653824 -0.559056222 -1.304548502 15.260300636 0.037594546 -0.029370520 -0.018670624 0.998686850
3441.203105952 -0.575950503 -1.331569791 15.550482750 0.041481353 -0.026838383 -0.015966924 0.998651147
3441.262335008 -0.600934863 -1.363678813 15.844181061 0.034681819 -0.027685704 -0.018604646 0.998841584
3441.324573536 -0.621568859 -1.394660950 16.138849258 0.036178917 -0.027629789 -0.017185114 0.998815477
3441.386599584 -0.640711725 -1.426595092 16.428180695 0.042975251 -0.029032666 -0.017853495 0.998494565
3441.449862912 -0.659235477 -1.453603387 16.725406647 0.037117742 -0.026206359 -0.016829764 0.998825431
3441.511859776 -0.682372868 -1.484378576 17.022743225 0.033838950 -0.026858207 -0.018028326 0.998903632
3441.574998944 -0.700935960 -1.514007211 17.315607071 0.040289734 -0.026854781 -0.014743258 0.998718262
3441.637206496 -0.725132763 -1.544790745 17.613414764 0.038800359 -0.028476287 -0.017550744 0.998686969
3441.699044064 -0.744622529 -1.573580980 17.913526535 0.034671068 -0.027347919 -0.015800111 0.998899579
3441.761697600 -0.765345812 -1.605711579 18.207384109 0.033869140 -0.028086204 -0.017690282 0.998874903
3441.823957728 -0.782552898 -1.631097674 18.505989075 0.035186142 -0.030598048 -0.014515356 0.998806775
3441.886965088 -0.809382796 -1.662425518 18.799045563 0.035439409 -0.040627260 -0.015093341 0.998431563
3441.949428352 -0.839508235 -1.692049742 19.100156784 0.040610261 -0.045501698 -0.014189308 0.998037636
3442.012908672 -0.872365117 -1.726884007 19.398839951 0.043744553 -0.044700380 -0.014456421 0.997937500
3442.073947136 -0.901761413 -1.758304954 19.699724197 0.041509122 -0.042386614 -0.011102200 0.998176932
3442.137143008 -0.930064261 -1.795206547 20.000722885 0.039249077 -0.041161310 -0.014309246 0.998278797
3442.199076640 -0.961742938 -1.828105927 20.301383972 0.039488990 -0.041181251 -0.013400390 0.998281121
3442.262063360 -0.990677178 -1.859815955 20.603364944 0.037956066 -0.041643452 -0.014511198 0.998305857
3442.324392992 -1.020030379 -1.892261624 20.903711319 0.041555345 -0.041746911 -0.015786573 0.998138845
3442.386825344 -1.054680586 -1.924494624 21.205192566 0.045274477 -0.041920487 -0.018147644 0.997929633
3442.450206272 -1.085385323 -1.953674555 21.511100769 0.039247397 -0.042933065 -0.019644940 0.998113453
3442.512628672 -1.116536856 -1.996148825 21.810274124 0.044777822 -0.042908382 -0.021931065 0.997834086
3442.574354688 -1.156961918 -2.015439987 22.110376358 0.048071444 -0.043977823 -0.024352128 0.997578084
3442.637642208 -1.181670427 -2.059729815 22.424243927 0.052438289 -0.046062164 -0.027436744 0.997183859
3442.699507680 -1.214355946 -2.092098236 22.723241806 0.054622553 -0.049192019 -0.030085864 0.996840656
3442.762078880 -1.247343063 -2.131732464 23.026380539 0.051060002 -0.050600190 -0.028667657 0.997000873
3442.824534048 -1.285377741 -2.171472073 23.325202942 0.052541301 -0.053347640 -0.034152064 0.996607780
3442.886845568 -1.316682339 -2.208832979 23.627866745 0.055062864 -0.049746618 -0.031888276 0.996732891
3442.949308224 -1.348722458 -2.251720667 23.929454803 0.057580378 -0.043930911 -0.032569185 0.996841908
3443.012535200 -1.376820683 -2.296406031 24.229866028 0.062436249 -0.041022498 -0.031173399 0.996718168
3443.073961600 -1.411828756 -2.344244003 24.525581360 0.066173688 -0.043164585 -0.030140210 0.996418297
3443.137206880 -1.442764163 -2.388190269 24.819431305 0.066775836 -0.041376580 -0.026616553 0.996554315
3443.199890656 -1.470129848 -2.438653469 25.111906052 0.070256434 -0.043669496 -0.029518826 0.996135354
3443.262373696 -1.497727752 -2.484696150 25.391834259 0.068542458 -0.042492449 -0.026955016 0.996378303
3443.324895200 -1.522372603 -2.531585693 25.684272766 0.062393580 -0.045554351 -0.034302142 0.996421218
3443.386868480 -1.558138371 -2.571603775 25.979482651 0.063385531 -0.046395678 -0.035557587 0.996275723
3443.449643168 -1.593038321 -2.615825415 26.274177551 0.063428313 -0.051038489 -0.038775280 0.995925903
3443.511969920 -1.627489567 -2.658417702 26.561199188 0.061671607 -0.051893197 -0.041258927 0.995892227
3443.574190048 -1.665840864 -2.698095322 26.846750259 0.063407712 -0.055578541 -0.043555245 0.995486557
3443.636958624 -1.702280879 -2.747293949 27.126672745 0.074583478 -0.059532009 -0.043674868 0.994477630
3443.699876096 -1.745640635 -2.795012474 27.412601471 0.081170969 -0.064095862 -0.049363185 0.993411422
3443.761670336 -1.793437958 -2.849483967 27.694028854 0.082401201 -0.065849572 -0.056430981 0.992818892
3443.824398848 -1.841164231 -2.901237011 27.976573944 0.085721284 -0.073599443 -0.055998676 0.992017746
3443.886737760 -1.893753648 -2.949734449 28.255987167 0.072811060 -0.074245721 -0.064102501 0.992510438
3443.950365216 -1.947738171 -2.969185591 28.560075760 0.030752301 -0.075545229 -0.069359198 0.994251728
3444.012430496 -2.000500679 -3.017634153 28.826313019 0.043389432 -0.078066021 -0.058192980 0.994302094
3444.074150528 -2.045251846 -3.043193102 29.063920975 0.107845902 -0.072810113 -0.057735067 0.989815414
3444.137175232 -2.121954203 -3.483465195 29.308515549 0.080676697 -0.065173291 -0.060039613 0.992793500
3444.199415872 -2.147686005 -3.822120905 29.673933029 0.066561893 -0.065440349 -0.040185571 0.994822681
3444.262502432 -2.207646847 -4.178705692 30.072706223 0.037439507 -0.062547766 -0.057390813 0.995686889
3444.324086080 -2.215013981 -4.413796425 30.482025146 0.020418881 -0.067348674 -0.047175292 0.996404409
3444.386706592 -2.269290209 -4.445273876 30.725145340 0.073386744 -0.074804105 -0.065938555 0.992305815
3444.449242528 -2.308555365 -4.490465641 30.973613739 0.093200870 -0.067529097 -0.061693907 0.991436958
3444.511938368 -2.350281239 -4.545131683 31.240345001 0.083182566 -0.056115631 -0.047398109 0.993823469
3444.574292288 -2.385536909 -4.583480835 31.509412766 0.060576402 -0.049976993 -0.047496095 0.995779574
3444.637673824 -2.413582325 -4.629016876 31.763635635 0.058823064 -0.050570872 -0.035610262 0.996350527
3444.699321536 -2.447272539 -4.656169415 32.017311096 0.053016536 -0.049004223 -0.050499864 0.996111274
3444.762402624 -2.474190712 -4.681918144 32.275596619 0.054158177 -0.044203777 -0.047369629 0.996428132
3444.824064480 -2.501447201 -4.716459274 32.533206940 0.048345715 -0.036657780 -0.045550141 0.997117877
3444.886871008 -2.522147179 -4.744879246 32.793876648 0.042592082 -0.034931470 -0.028756045 0.998067558
3444.949581664 -2.558987617 -4.767189026 33.047370911 0.042401623 -0.034556638 -0.049994383 0.997250497
3445.012194336 -2.575853109 -4.804469109 33.297668457 0.046059337 -0.041006714 -0.025932159 0.997759759
3445.074163488 -2.600634098 -4.836967468 33.546375275 0.058738094 -0.037918363 -0.030719003 0.997079909
3445.140170304 -2.617003202 -4.871070385 33.799697876 0.066801973 -0.029824989 -0.021089310 0.997097373
3445.201368000 -2.630450249 -4.906463146 34.055053711 0.053940356 -0.025495999 -0.011039726 0.998157561
3445.261870336 -2.643588543 -4.950654984 34.281642914 0.064906538 -0.031140799 -0.007215967 0.997379184
3445.324451136 -2.658586979 -4.980212212 34.517417908 0.045355491 -0.036860447 -0.005222600 0.998276949
3445.386752352 -2.681277752 -5.015636444 34.752895355 0.052907087 -0.043197718 -0.004651187 0.997653842
3445.449237312 -2.702235699 -5.064077854 34.968994141 0.078630187 -0.052996870 0.011059012 0.995432734
3445.511694336 -2.736598969 -5.094474316 35.197750092 0.066364430 -0.051363844 -0.003302962 0.996467054
3445.574206752 -2.754447699 -5.128622055 35.424457550 0.055455491 -0.056381598 0.005512485 0.996852756
3445.636888704 -2.784195662 -5.164155006 35.661350250 0.046782728 -0.062765859 0.002975069 0.996926785
3445.700061920 -2.820865154 -5.181454659 35.896743774 0.037372656 -0.072120376 -0.007419420 0.996667862
3445.762529632 -2.857028484 -5.210464001 36.132747650 0.030346980 -0.075871952 -0.006184612 0.996636450
3445.824345728 -2.896286488 -5.234230995 36.362091064 0.037325937 -0.075565778 -0.016019782 0.996313155
3445.887459232 -2.938805580 -5.253556252 36.594329834 0.036604878 -0.080241926 -0.022128910 0.995857239
3446.011835456 -3.027074337 -5.300410271 37.056087494 0.030240098 -0.077293538 -0.028514843 0.996141613
3446.074542752 -3.064033270 -5.328646660 37.285388947 0.038038496 -0.080513760 -0.019195065 0.995842397
3446.136825632 -3.100606680 -5.362335205 37.512607574 0.049842212 -0.084449783 -0.013185254 0.995093048
3446.199226016 -3.149333715 -5.370084286 37.753684998 0.039304834 -0.085585408 -0.028735630 0.995140433
3446.262060480 -3.185177088 -5.402535915 37.991043091 0.034868039 -0.083591178 -0.014658314 0.995782077
3446.324300640 -3.224485159 -5.434247494 38.219886780 0.040245730 -0.082146920 -0.011778797 0.995737612
3446.386924224 -3.266999722 -5.461884975 38.444900513 0.054703418 -0.084715202 -0.013323612 0.994813204
3446.449361120 -3.310865641 -5.481375694 38.685970306 0.044134978 -0.085597634 -0.020294374 0.995144844
3446.511749280 -3.352688789 -5.515722275 38.918312073 0.041520938 -0.085650161 -0.013733746 0.995364964
3446.574820320 -3.392605066 -5.544019699 39.148448944 0.036991686 -0.090094008 -0.008422402 0.995210409
3446.637292832 -3.439697742 -5.563703537 39.363887787 0.054343641 -0.096142359 -0.016110249 0.993752420
3446.699505728 -3.486496210 -5.594554901 39.588214874 0.056624405 -0.099353455 -0.018678574 0.993264139
3446.761479840 -3.536118031 -5.622493744 39.809474945 0.049891938 -0.097494096 -0.033492893 0.993420303
3446.824765984 -3.591933489 -5.649834156 40.050701141 0.049743928 -0.100779414 -0.018742058 0.993487656
3446.889683712 -3.645280600 -5.682679176 40.282199860 0.051304929 -0.101079844 -0.024608593 0.993249774
3446.949655456 -3.697566509 -5.705129147 40.505794525 0.047329985 -0.100604475 -0.029402129 0.993365049
3447.011847552 -3.745530844 -5.733322620 40.735054016 0.049980845 -0.099118076 -0.023630943 0.993538678
3447.074089632 -3.796258450 -5.763872623 40.967376709 0.046243697 -0.099608608 -0.028177267 0.993552029
3447.137222624 -3.843010664 -5.787997246 41.197021484 0.045814492 -0.102742650 -0.022419965 0.993399382
3447.199208992 -3.896236897 -5.815765858 41.427242279 0.046015237 -0.105039679 -0.026828859 0.993040502
3447.263766976 -3.941974163 -5.844735622 41.664176941 0.042961262 -0.105690792 -0.015072743 0.993356228
3447.324281120 -3.994998455 -5.863523483 41.889591217 0.044578113 -0.099484682 -0.023994675 0.993750393
3447.386773952 -4.046831131 -5.892411709 42.125267029 0.044862721 -0.097887173 -0.023910817 0.993898273
3447.449207296 -4.097548008 -5.918796062 42.357246399 0.041435950 -0.103920400 -0.021542560 0.993488550
3447.512057280 -4.153792381 -5.940481186 42.589637756 0.040281445 -0.109474927 -0.029089056 0.992746949
3447.574050464 -4.213760853 -5.962296963 42.825557709 0.030961001 -0.114202827 -0.033984814 0.992393196
3447.636996160 -4.269469261 -5.985099316 43.062679291 0.026847240 -0.120990038 -0.026084773 0.991947711
3447.699921600 -4.335553646 -6.002890587 43.274692535 0.043201365 -0.129085407 -0.037231106 0.989992142
3447.761980672 -4.403164864 -6.026148319 43.505256653 0.039065134 -0.137780577 -0.034154311 0.989102602
3447.824134208 -4.474302769 -6.047603130 43.731811523 0.042293388 -0.142565563 -0.035879631 0.988230228
3447.887025024 -4.550748348 -6.065981865 43.972332001 0.030036448 -0.144891664 -0.040633485 0.988156438
3447.949394400 -4.623097420 -6.086185455 44.204261780 0.031194765 -0.145930588 -0.039826103 0.988000512
3448.012493024 -4.698162079 -6.105840683 44.441135406 0.031139873 -0.146213651 -0.038787149 0.988001764
3448.074382208 -4.774462700 -6.129030704 44.669105530 0.039638683 -0.146660119 -0.041897923 0.987504005
3448.137359840 -4.850450516 -6.146720886 44.907016754 0.045991145 -0.145882219 -0.036383308 0.987562358
3448.199925312 -4.926261902 -6.170430660 45.143676758 0.032517262 -0.144938543 -0.036536798 0.988231003
3448.262065664 -5.002286911 -6.183884144 45.383251190 0.026271176 -0.139237911 -0.040093645 0.989098132
3448.324830752 -5.076485634 -6.200625420 45.625732422 0.010942075 -0.133927420 -0.034133244 0.990342677
3448.386810528 -5.154579163 -6.209726334 45.861331940 0.020333288 -0.131606758 -0.041673165 0.990216911
3448.449305376 -5.229506016 -6.221060753 46.110420227 0.011134389 -0.134104431 -0.037855741 0.990181267
3448.512221376 -5.303736210 -6.238416195 46.352127075 0.016965674 -0.137276098 -0.037072126 0.989693403
3448.574423616 -5.378243923 -6.241744518 46.603862762 0.014571847 -0.139209613 -0.036052912 0.989499152
3448.636959296 -5.452715397 -6.253005981 46.859687805 0.001944443 -0.141399801 -0.030801777 0.989471376
3448.699541312 -5.530589104 -6.262866020 47.101051331 0.007514208 -0.138723731 -0.038121875 0.989568591
3448.761947552 -5.603783131 -6.268727303 47.345928192 0.004063393 -0.139412835 -0.035753638 0.989580333
3448.824551040 -5.673011780 -6.276630878 47.575233459 0.001994880 -0.137107447 -0.033661738 0.989982069
3448.886975104 -5.737901688 -6.284887314 47.781623840 0.005059787 -0.133563489 -0.033292390 0.990467966
3448.949310112 -5.796868324 -6.290515423 47.968608856 0.001665378 -0.133607477 -0.033999424 0.990449548
3449.013206656 -5.849985600 -6.299372196 48.130538940 0.005612928 -0.135413677 -0.034730438 0.990164340
3449.074212736 -5.897949696 -6.305451393 48.278205872 0.002001393 -0.138209045 -0.034501228 0.989799917
3449.136839648 -5.939752579 -6.313199520 48.410316467 0.007689915 -0.143611893 -0.027932461 0.989209890
3449.206047520 -5.980702877 -6.320211411 48.521743774 0.007995428 -0.145455644 -0.033199422 0.988775253
3449.261662848 -6.014578342 -6.324953556 48.618263245 0.014611971 -0.149218515 -0.031215502 0.988203406
3449.324382912 -6.044839859 -6.328694344 48.705677032 0.009191484 -0.149595514 -0.031653784 0.988197744
3449.386814688 -6.070720673 -6.336630821 48.774780273 0.017746355 -0.146704614 -0.034753799 0.988410354
3449.449201696 -6.093906403 -6.337483406 48.838291168 0.017677953 -0.145637706 -0.035639245 0.988537788
3449.511855456 -6.111437321 -6.340305805 48.895637512 0.019229677 -0.146599844 -0.033489216 0.988441765
3449.574312864 -6.126010418 -6.344704151 48.941772461 0.019296089 -0.149279475 -0.031562425 0.988102794
3449.639555392 -6.138907433 -6.345208168 48.981090546 0.018237507 -0.150770351 -0.030971646 0.987915218
3449.699432000 -6.148167133 -6.348134995 49.012134552 0.018376155 -0.152211428 -0.029919233 0.987724066
3449.761699008 -6.157654285 -6.349500656 49.038516998 0.016356781 -0.151246518 -0.032101963 0.987839222
3449.824612000 -6.167749882 -6.350070953 49.059299469 0.016142683 -0.149986878 -0.035071768 0.987933874
3449.886947296 -6.173201084 -6.350929737 49.076549530 0.017469374 -0.151879251 -0.033366155 0.987681270
3449.949197440 -6.176409721 -6.352378845 49.092052460 0.018021369 -0.152293622 -0.032463368 0.987637579
3450.014424288 -6.181462765 -6.353278637 49.104881287 0.018421818 -0.152875021 -0.033243086 0.987514436
3450.074308384 -6.186513901 -6.354224682 49.114902496 0.019502891 -0.153410062 -0.034307398 0.987374306
3450.136828224 -6.189965248 -6.354754925 49.125137329 0.020313513 -0.153637782 -0.033971384 0.987334132
3450.199407904 -6.193176746 -6.355415821 49.135044098 0.020926598 -0.153231695 -0.034283727 0.987373650
3450.261884032 -6.196912766 -6.355722427 49.143772125 0.021107666 -0.153261200 -0.034854583 0.987345278
3450.325443904 -6.200268269 -6.356315613 49.151187897 0.021337148 -0.153771833 -0.034958486 0.987257242
3450.388106816 -6.202569485 -6.356518269 49.157779694 0.021375667 -0.153909668 -0.035019230 0.987232804
3450.449874944 -6.204699039 -6.356810093 49.163200378 0.021581979 -0.154271305 -0.035127591 0.987168014
3450.512313312 -6.206553936 -6.357118130 49.168560028 0.021523328 -0.154343918 -0.035208233 0.987155020
3450.574376352 -6.208189011 -6.357432842 49.173629761 0.021525146 -0.154451057 -0.035101488 0.987142086
3450.637123328 -6.209781170 -6.357810974 49.178436279 0.021673637 -0.154576451 -0.034957781 0.987124264
3450.699451872 -6.211417198 -6.358081818 49.183288574 0.021501098 -0.154685944 -0.034917478 0.987112343
3450.761740832 -6.213031292 -6.358265877 49.188068390 0.021354403 -0.154877990 -0.034897525 0.987086117
3450.824061952 -6.214421272 -6.358650684 49.191833496 0.021614628 -0.155050188 -0.034789305 0.987057209
3450.886788512 -6.215469837 -6.358830452 49.195228577 0.021548560 -0.155273452 -0.034689363 0.987027109
3450.949138784 -6.216131687 -6.358990669 49.197151184 0.021587627 -0.155343220 -0.034614075 0.987017870
3451.011752384 -6.216545105 -6.358949184 49.198158264 0.021454209 -0.155369237 -0.034751933 0.987011850
3451.074084064 -6.216334820 -6.358912468 49.197704315 0.021591425 -0.155375928 -0.034576997 0.987013936
3451.136793824 -6.215953350 -6.358872890 49.196708679 0.021648727 -0.155400977 -0.034551401 0.987009645
3451.200044288 -6.215676785 -6.358800888 49.195808411 0.021712575 -0.155452490 -0.034579791 0.986999154
3451.261918368 -6.215676785 -6.358800888 49.195808411 0.021712575 -0.155452490 -0.034579791 0.986999154
3451.324597920 -6.215676785 -6.358800888 49.195808411 0.021712575 -0.155452490 -0.034579791 0.986999154
3451.388904128 -6.215676785 -6.358800888 49.195808411 0.021712575 -0.155452490 -0.034579791 0.986999154
3451.449650112 -6.215676785 -6.358800888 49.195808411 0.021712575 -0.155452490 -0.034579791 0.986999154
3451.511917248 -6.215889454 -6.358779430 49.196674347 0.021717735 -0.155440465 -0.034588903 0.987000585
3451.574280672 -6.216006756 -6.358808517 49.197002411 0.021713689 -0.155422449 -0.034572493 0.987004101
3451.637356736 -6.216006756 -6.358808517 49.197002411 0.021713689 -0.155422449 -0.034572493 0.987004101
3451.699594176 -6.215964794 -6.358792305 49.196788788 0.021725789 -0.155443639 -0.034566637 0.987000704
