1655.516290432 0.000000000 -0.000000000 1.000000000 -0.707106781 0.000000000 0.000000000 0.707106781
1656.016383936 0.000415314 -0.000325843 1.000682757 -0.706262483 0.000578800 0.000367753 0.707949740
1656.516311552 0.322132785 1.797719272 1.114472316 -0.694738927 0.030180484 -0.002189818 0.718625192
1657.016077312 0.383761764 5.443244300 1.115995878 -0.696810445 -0.004298606 0.004230581 0.717229968
1657.516171808 0.706886492 9.819783969 1.496467450 -0.719049297 0.054409653 0.005094950 0.692807145
1658.016753568 0.694749085 9.794982603 1.499699347 -0.719103359 0.054630174 0.004983029 0.692734489
1658.266284224 0.697712461 9.794092411 1.498894313 -0.719095882 0.054565903 0.005019159 0.692747055
1658.516207584 0.699044321 9.793675198 1.498408235 -0.719091689 0.054536537 0.005034208 0.692753611
1659.015916672 0.699742774 9.793460293 1.498139131 -0.719089311 0.054521031 0.005041963 0.692757244
1659.516279520 0.699742774 9.793460293 1.498139131 -0.719089311 0.054521031 0.005041963 0.692757244
1660.016252064 0.699742774 9.793460293 1.498139131 -0.719089311 0.054521031 0.005041963 0.692757244
1660.515903520 0.699742774 9.793460293 1.498139131 -0.719089311 0.054521031 0.005041963 0.692757244
1661.016229792 0.699742774 9.793460293 1.498139131 -0.719089311 0.054521031 0.005041963 0.692757244
1661.516689920 0.824059971 9.901758188 0.941069928 -0.208867435 -0.512917914 0.808559354 -0.198799846
1662.016347712 0.699742774 9.793460293 1.498139131 -0.719089311 0.054521031 0.005041963 0.692757244
1662.516842016 0.699742774 9.793460293 1.498139131 -0.719089311 0.054521031 0.005041963 0.692757244
1663.017633280 0.699742774 9.793460293 1.498139131 -0.719089311 0.054521031 0.005041963 0.692757244
1663.516341568 0.699742774 9.793460293 1.498139131 -0.719089311 0.054521031 0.005041963 0.692757244
1664.016388192 0.699742774 9.793460293 1.498139131 -0.719089311 0.054521031 0.005041963 0.692757244
1664.516741696 0.699742774 9.793460293 1.498139131 -0.719089311 0.054521031 0.005041963 0.692757244
1665.016246080 0.699742774 9.793460293 1.498139131 -0.719089311 0.054521031 0.005041963 0.692757244
1665.516498336 0.699742774 9.793460293 1.498139131 -0.719089311 0.054521031 0.005041963 0.692757244
1666.016273600 0.699742774 9.793460293 1.498139131 -0.719089311 0.054521031 0.005041963 0.692757244
1666.516574880 0.699742774 9.793460293 1.498139131 -0.719089311 0.054521031 0.005041963 0.692757244
1667.016490016 0.699742774 9.793460293 1.498139131 -0.719089311 0.054521031 0.005041963 0.692757244
1667.516237760 0.699742774 9.793460293 1.498139131 -0.719089311 0.054521031 0.005041963 0.692757244
1668.016035424 -4.185443128 2.158916261 -0.113722769 -0.711341989 0.081053499 -0.039786035 0.697022221
1668.516149632 -4.124114920 2.405645564 -0.113190458 -0.714971432 0.079693580 -0.039024427 0.693499733
1669.015969536 -4.116096497 2.435883195 -0.112985896 -0.715675240 0.079781102 -0.038668359 0.692783288
1669.516067328 -4.116153343 2.435527245 -0.113147277 -0.715734004 0.079771685 -0.038610327 0.692726899
