280.276352672 0.000000000 -0.000000000 1.000000000 -0.707106781 0.000000000 0.000000000 0.707106781
280.339857280 0.026222626 0.277189428 1.019889242 -0.709644091 -0.006394063 0.002693623 0.704526170
280.405381408 0.042768397 0.586322519 1.025524468 -0.703247092 -0.017066362 -0.005379100 0.710720292
280.472451328 0.077520589 0.916677343 1.020372743 -0.705320569 -0.001428052 -0.000712998 0.708886696
280.544596000 0.111556883 1.279507456 1.049467966 -0.704102561 -0.007164712 -0.023377436 0.709677213
280.648459328 0.159139732 1.787833886 1.062091749 -0.708054531 -0.004974155 -0.007381436 0.706101659
280.741808864 0.194053168 2.286545450 1.076388356 -0.709078332 -0.010940655 -0.004791568 0.705028554
280.836140512 0.260515597 2.809685744 1.056967235 -0.721049135 -0.009458565 -0.008825840 0.692763152
280.899290752 0.281276369 3.117374980 1.046075741 -0.729737362 -0.011495303 -0.008395957 0.683579365
280.962406944 0.301012764 3.414312594 1.047924387 -0.729697207 -0.017072108 -0.009661017 0.683488986
281.026514592 0.322150121 3.708162341 1.035230433 -0.718582401 -0.026351572 -0.019753049 0.694661605
281.097375360 0.362679688 4.101498461 1.038839347 -0.714584770 -0.018507361 -0.026134517 0.698815477
281.162193248 0.404998524 4.463450908 1.032448102 -0.714375018 -0.021176112 -0.034572476 0.698587611
281.225488928 0.423422174 4.798948179 1.022560185 -0.724502394 -0.018951781 -0.021669943 0.688670839
281.292209472 0.449016247 5.112545109 1.017811250 -0.722302705 -0.028004527 -0.027262727 0.690471790
281.358211264 0.485910129 5.442150898 1.022648485 -0.712149509 -0.017471260 -0.028587683 0.701227906
281.425254592 0.514853875 5.796891446 1.015749900 -0.710760912 -0.009357403 -0.034462464 0.702526657
281.488004416 0.556806586 6.125560613 1.033967998 -0.699132722 0.000309842 -0.025277573 0.714544880
281.555824000 0.595345020 6.462593154 1.032827730 -0.711229694 -0.007938252 -0.027449874 0.702378681
281.630117568 0.646330327 6.852498346 1.051463499 -0.707780190 -0.004558301 -0.030430073 0.705762308
281.730431072 0.722562790 7.371196430 1.034330603 -0.721824615 0.000556533 -0.037949512 0.691034550
281.802192576 0.774958808 7.722964430 1.044888336 -0.720585667 0.001812692 -0.043362765 0.692006272
281.870596224 0.844682264 8.069757445 1.043890951 -0.716963565 0.009591945 -0.037275875 0.696047233
281.965196960 0.938247403 8.554581973 1.028122249 -0.723838887 0.017017813 -0.029436138 0.689130738
282.028669824 0.993997664 8.885194475 1.023233228 -0.725538707 0.028432134 -0.038220032 0.686530719
282.092436800 1.052145552 9.192916959 1.027503389 -0.716242318 0.027184958 -0.047982051 0.695669205
282.155656096 1.111749821 9.504031320 1.037588935 -0.695268404 0.022892257 -0.048109005 0.716772847
282.219281728 1.158471351 9.825259615 1.041716474 -0.705974430 0.012774895 -0.054428967 0.706027191
282.292681664 1.239300235 10.201490674 1.044146607 -0.719112209 0.018052453 -0.056130579 0.692387968
282.354992384 1.286295603 10.502007412 1.041933205 -0.723859935 0.004507653 -0.070168922 0.686354717
282.418389344 1.387128356 10.796003952 1.051608013 -0.722430424 0.062472193 -0.014570358 0.688461482
282.482002432 1.437539831 11.094637238 1.054942672 -0.698006184 0.030260456 -0.061423893 0.712810478
282.545238400 1.522809027 11.378208185 1.073801772 -0.676787393 0.041873556 -0.043197980 0.733716133
282.607971200 1.609321717 11.713412996 1.062697123 -0.707399004 0.045617358 -0.022509007 0.704981596
282.671186592 1.681569368 12.045208102 1.066471079 -0.724491451 0.035221419 -0.030657399 0.687700308
282.766574624 1.785832287 12.523088220 1.055184726 -0.718761114 0.031936252 -0.034892765 0.693646186
282.868413600 1.881421895 13.043914511 1.056557016 -0.716969632 0.021468019 -0.035500012 0.695868824
282.970837824 1.965743227 13.569184436 1.068184240 -0.706610228 0.009466862 -0.036076198 0.706619326
283.039756256 2.023286660 13.935782996 1.081781324 -0.705990392 0.007805423 -0.038158330 0.707149619
283.134538080 2.101420965 14.467604596 1.102813167 -0.704739890 0.004572168 -0.042354777 0.708185608
283.197278752 2.156667182 14.820320537 1.116504082 -0.704003154 0.005422829 -0.046425230 0.708657075
283.291688480 2.246495764 15.356016260 1.132032363 -0.707223895 0.005095357 -0.047349629 0.705383876
283.390812800 2.338484474 15.939770583 1.139023375 -0.711747281 0.013350303 -0.055179043 0.700137737
283.490594272 2.447682189 16.506497233 1.151140873 -0.709614321 0.016045420 -0.053311945 0.702387283
283.589835200 2.561838376 17.066096421 1.176632107 -0.708281572 0.015729276 -0.052577498 0.703793586
283.653107616 2.633902265 17.424529344 1.181542376 -0.703178330 0.012887079 -0.050850420 0.709075732
283.779848608 2.768485752 18.001985117 1.217714488 -0.700841371 0.007801548 -0.050300070 0.711498708
283.847647552 2.843070549 18.376002558 1.234651110 -0.698544709 0.005841834 -0.050770187 0.713739134
283.919392224 2.935789442 18.834495143 1.256703610 -0.698916337 0.005003065 -0.047110008 0.713632658
284.013781536 3.037094374 19.417385892 1.291401161 -0.699677970 0.001128526 -0.045032410 0.713036848
284.077310720 3.099168665 19.799102947 1.314499613 -0.696033739 -0.002846811 -0.045961446 0.716530861
284.138372320 3.160795349 20.170396582 1.340278642 -0.697248529 -0.004178204 -0.044881373 0.715410857
284.198469856 3.218690544 20.529673485 1.365034119 -0.693697293 -0.008087141 -0.043631704 0.718898420
284.256779072 3.265019336 20.879069745 1.388557206 -0.695707165 -0.009874191 -0.043185993 0.716958165
284.315318272 3.309737852 21.239713106 1.418740896 -0.697035360 -0.011221743 -0.042707552 0.715675795
284.377995904 3.365067651 21.619265448 1.454174466 -0.695504065 -0.012678475 -0.041685086 0.717199906
284.454057696 3.437866980 22.061730047 1.479074945 -0.693202905 -0.014236047 -0.039770466 0.719503563
284.514608064 3.506190253 22.452338524 1.504890735 -0.696354761 -0.014809081 -0.036284415 0.716626946
284.572343008 3.567237208 22.815728450 1.526233648 -0.694408074 -0.018343964 -0.034617493 0.718514130
284.629769472 3.631732473 23.175291405 1.547279285 -0.692303492 -0.014555493 -0.033589372 0.720677297
284.687687136 3.679652469 23.543939157 1.568694997 -0.694661847 -0.017516782 -0.035141024 0.718264011
284.757415328 3.720372645 23.998058896 1.599108718 -0.694092975 -0.013741173 -0.033107828 0.718992346
284.817628800 3.746686171 24.377289980 1.621254408 -0.690556562 -0.016340872 -0.035089356 0.722241890
284.875196832 3.782559112 24.749448975 1.654471810 -0.687261711 -0.014494359 -0.033557046 0.725489614
284.933738816 3.826241623 25.119423792 1.680164322 -0.685900948 -0.017144510 -0.033350479 0.726728079
284.991505408 3.856707240 25.493588696 1.713472381 -0.685615776 -0.016077641 -0.032705308 0.727050810
285.049272192 3.890264519 25.866053626 1.745699534 -0.687347162 -0.015934382 -0.034130296 0.725351706
285.106784576 3.919843073 26.232195147 1.777977921 -0.687715654 -0.011417981 -0.037903200 0.724900101
285.164761632 3.959864017 26.582764281 1.814975766 -0.688199505 -0.006172658 -0.045809026 0.724047563
285.228018656 4.015335792 26.960762092 1.848902064 -0.686142599 -0.001652238 -0.046949864 0.725948561
285.286846272 4.075285315 27.309883898 1.879769929 -0.686559869 -0.001443523 -0.046199331 0.725602566
285.349187360 4.120456483 27.669732198 1.911635449 -0.691001754 -0.001248710 -0.047075481 0.721317486
285.414941536 4.180460207 28.072388109 1.944453810 -0.688752662 -0.002032652 -0.048223175 0.723387976
285.488398688 4.273693375 28.508096992 1.965329786 -0.682170315 -0.007403527 -0.042305325 0.729930893
285.552193664 4.342188568 28.890957844 1.993483418 -0.682064121 -0.011281549 -0.041099276 0.730049389
285.614965504 4.426879317 29.271582579 2.020459492 -0.683705219 -0.016410179 -0.036580777 0.728656110
285.679062176 4.494885041 29.645610827 2.046189862 -0.677173532 -0.017069899 -0.035217808 0.734781826
285.743399648 4.549835892 30.037953762 2.096074493 -0.679921290 -0.015898063 -0.035388970 0.732258091
285.819806752 4.627476090 30.497604679 2.146847682 -0.678296510 -0.011246786 -0.037654129 0.733736684
285.882879264 4.676527486 30.874634153 2.195158432 -0.677591858 -0.009837677 -0.038942393 0.734340509
285.946571680 4.732326702 31.246237456 2.241493514 -0.674749388 -0.008486905 -0.037459684 0.737046816
286.041409504 4.800955852 31.796611765 2.318832342 -0.672183158 -0.005748890 -0.034464243 0.739559983
286.104437472 4.861405860 32.159995850 2.366183826 -0.673614440 -0.004640977 -0.032638283 0.738347337
286.167602976 4.917689072 32.518985107 2.406520138 -0.675780195 -0.002605839 -0.029380970 0.736512795
286.230739040 4.976890576 32.873518856 2.453204831 -0.671610318 -0.001669851 -0.028207563 0.740365535
286.294494688 5.026664987 33.227160607 2.500099759 -0.667327889 -0.001244756 -0.027241205 0.744264641
286.359642112 5.080405808 33.581619420 2.539446483 -0.668955967 -0.001312711 -0.026989771 0.742810705
286.434044512 5.142551636 33.997086557 2.601778993 -0.668472328 -0.002581177 -0.022968381 0.743377789
286.497737472 5.201331580 34.344968592 2.646519234 -0.666193220 -0.004310592 -0.020996476 0.745471100
286.571208480 5.258463537 34.739526031 2.705555946 -0.659163464 -0.011757077 -0.021879057 0.751589387
286.632993440 5.307623356 35.080217568 2.758078989 -0.657387590 -0.008937509 -0.017227934 0.753302646
286.696056704 5.355120754 35.438220217 2.814103059 -0.658884061 -0.013237569 -0.019685137 0.751870372
286.759139520 5.403574224 35.795710408 2.877193209 -0.650325421 -0.013570607 -0.019321898 0.759288713
286.858284992 5.478949783 36.358260878 2.984664973 -0.638822530 -0.019824019 -0.017822426 0.768892154
286.954378272 5.544740417 36.897299000 3.076538796 -0.653684176 -0.018367673 -0.027513977 0.756044051
287.051965088 5.620944948 37.422802536 3.163414116 -0.653784356 -0.010945822 -0.027084388 0.756116817
287.135644768 5.664539912 37.867831576 3.240003745 -0.654019813 -0.021650557 -0.034478527 0.755381075
287.200249376 5.703984479 38.192310966 3.295386872 -0.656236294 -0.021903896 -0.028232358 0.753708883
287.295677280 5.866680370 38.603872940 3.350829173 -0.653904760 -0.029233187 -0.026773209 0.755537677
287.396724064 5.940843363 39.147842521 3.460371730 -0.641561753 -0.027821018 -0.016855848 0.766381360
287.462753216 5.955900837 39.467657674 3.523016188 -0.634590745 -0.037161694 -0.029332054 0.771396931
287.558542176 6.031216620 39.988589440 3.593050575 -0.666718757 -0.033331990 -0.007568408 0.744525216
287.655764192 6.075643912 40.481612064 3.644070576 -0.700116396 -0.059797396 -0.024370457 0.711102935
287.729027776 6.119647718 40.843534257 3.675863341 -0.685726882 -0.048639422 -0.003576497 0.726223147
287.803159872 6.135368980 41.212097848 3.710293258 -0.676281362 -0.055798755 -0.015770001 0.734357764
287.878387200 6.162565118 41.593230839 3.741214354 -0.684866827 -0.047061388 -0.009224459 0.727088416
287.986190432 6.188445836 42.160143707 3.773999708 -0.700692694 -0.053375541 -0.009261597 0.711403558
288.056797568 6.205133441 42.508785946 3.798459636 -0.696916988 -0.051112897 -0.005279975 0.715308539
288.126935456 6.212026092 42.820041579 3.862085489 -0.653428593 -0.049217154 -0.006591370 0.755357730
288.196722176 6.220391235 43.130858478 3.933510410 -0.614384298 -0.055990814 -0.016794803 0.786838546
288.301671264 6.239942744 43.671920203 4.042139151 -0.650508348 -0.056515404 -0.003291874 0.757386336
288.372954496 6.244253933 44.008451064 4.114376878 -0.660328771 -0.061421681 -0.013326550 0.748341964
288.443651232 6.263618351 44.344713825 4.167461488 -0.657496993 -0.043348195 0.004461399 0.752195941
288.512152256 6.268032006 44.650389002 4.220389601 -0.649912354 -0.051198541 -0.004863527 0.758267095
288.581444992 6.293392131 44.974326665 4.295373476 -0.644445416 -0.035407130 0.016037554 0.763661730
288.656463008 6.306140935 45.338617023 4.349628909 -0.650864058 -0.031485482 0.011995857 0.758446268
288.727694784 6.319427916 45.667667690 4.415462622 -0.656961908 -0.031689091 0.014200517 0.753123628
288.841969024 6.344678546 46.206381275 4.494579787 -0.676976490 -0.023849695 0.019085392 0.735370500
288.911106368 6.342669459 46.502091685 4.544981273 -0.657835401 -0.042078327 0.015267922 0.751830360
288.988773600 6.346232066 46.826365476 4.604717918 -0.644693329 -0.043815178 0.031958801 0.762515165
289.058396576 6.350548264 47.138424464 4.655311780 -0.648438014 -0.039638486 0.035090868 0.759424495
289.127715904 6.353149165 47.418711299 4.718262352 -0.637297245 -0.029814890 0.039108171 0.769047362
289.198471840 6.352066916 47.716518832 4.772837293 -0.643021448 -0.032347014 0.038099419 0.764215626
289.275764160 6.359570367 48.034632382 4.848426239 -0.638074250 -0.032102850 0.041084122 0.768207494
289.386871584 6.359895821 48.524303948 4.926759573 -0.656222645 -0.030453219 0.038640660 0.752961713
289.457807904 6.341574002 48.813535563 4.970352693 -0.651884989 -0.049994376 0.032224257 0.755981561
289.529155968 6.327159037 49.098512579 5.030805573 -0.655294353 -0.060794663 0.054103417 0.750976790
289.601833152 6.298909531 49.384107483 5.065238366 -0.658251047 -0.074786091 0.063342163 0.746391566
289.672460640 6.265805922 49.642656842 5.111411301 -0.650886201 -0.079879733 0.085610513 0.750091476
289.744077088 6.232897476 49.891088141 5.176776832 -0.634631417 -0.085831482 0.130736898 0.756824805
289.815094336 6.148719702 50.139319183 5.202347654 -0.641579803 -0.135171585 0.104090854 0.747842960
289.891307072 6.099743462 50.387527573 5.254225923 -0.633837160 -0.127336301 0.165147146 0.744823698
289.963320416 6.002309294 50.599644363 5.305047682 -0.633412503 -0.175446978 0.163797507 0.735647562
290.036201888 5.909891327 50.807978192 5.333342804 -0.620950701 -0.200094511 0.187445793 0.734334044
290.109178464 5.800503990 51.002751245 5.381474786 -0.611597555 -0.218680313 0.206222669 0.731846680
290.184908096 5.676777332 51.177621126 5.426687862 -0.594771137 -0.249141593 0.200965350 0.737420294
290.261770112 5.545609102 51.377938341 5.464051320 -0.602639574 -0.262612235 0.216124311 0.721907639
290.334618816 5.423618195 51.552867440 5.507406735 -0.599391659 -0.267378635 0.235577244 0.716757746
290.408396640 5.288999210 51.720082256 5.542047117 -0.602557565 -0.278144520 0.236919600 0.709527385
290.482882528 5.145326019 51.877268093 5.562953649 -0.606524846 -0.300463632 0.226238192 0.700475194
290.556427104 5.010266577 52.033423352 5.604070521 -0.596158578 -0.300129436 0.273520185 0.692606656
290.630020608 4.852656908 52.166772672 5.625456921 -0.590940074 -0.336326303 0.263842120 0.684150410
290.714877664 4.681832734 52.319202071 5.655095105 -0.570132677 -0.346240460 0.278176864 0.691146805
290.791730912 4.527373779 52.464041307 5.691235866 -0.571042517 -0.342866100 0.300878104 0.682514211
290.866288768 4.352327449 52.590215739 5.713995927 -0.565886945 -0.364609342 0.288888463 0.680716865
290.940842336 4.182676348 52.713926577 5.749087212 -0.556089110 -0.367919687 0.290202597 0.686427314
291.030477952 3.971900935 52.877004716 5.780551390 -0.552975612 -0.368684323 0.293537597 0.687113908
291.096040512 3.833637114 52.979462572 5.827385560 -0.536318224 -0.364389732 0.296636032 0.701134758
291.215606688 3.564770737 53.172237715 5.883640355 -0.527505233 -0.366667752 0.287464558 0.710392228
291.333531840 3.292965488 53.399277389 5.963653199 -0.548491206 -0.357468925 0.298116570 0.694622110
291.410771264 3.121928397 53.542638234 6.004985219 -0.563538712 -0.361432703 0.321987174 0.669413760
291.485005248 2.949008505 53.632806656 6.015441408 -0.536013303 -0.395739197 0.320438950 0.673349171
291.560099520 2.761196298 53.732083411 6.032860214 -0.539209927 -0.417650499 0.335528047 0.649801235
291.634848192 2.574952508 53.815462955 6.050563784 -0.530127457 -0.441319067 0.335006177 0.641851401
291.747214496 2.301994798 53.932732759 6.091623955 -0.515905278 -0.462074130 0.361134837 0.624428436
291.821773376 2.099560683 53.991882841 6.098472417 -0.505966681 -0.479564171 0.372596513 0.612525723
291.901315552 1.895498744 54.039697338 6.099239790 -0.487156106 -0.499287293 0.378539844 0.608357390
291.986170144 1.651488848 54.087046730 6.122821138 -0.479219041 -0.510734927 0.400187714 0.591057306
292.086815584 1.365751101 54.119257153 6.128208711 -0.459700662 -0.526198599 0.412149218 0.584742129
292.160447744 1.158418076 54.143906310 6.139061991 -0.452575096 -0.536492057 0.423898158 0.572418035
292.232980640 0.952530983 54.155898920 6.158655598 -0.444584732 -0.542410965 0.441057936 0.560002373
292.305362880 0.756380412 54.151026055 6.167388269 -0.424647227 -0.555312525 0.444783142 0.559884532
292.419472960 0.431042794 54.159715184 6.172617097 -0.421515050 -0.554815163 0.454067260 0.555273015
292.539785952 0.058009464 54.159936130 6.185397468 -0.433135660 -0.570067118 0.445164752 0.537815327
292.619330080 -0.187084854 54.168505435 6.195197185 -0.438837282 -0.568328028 0.452953860 0.528448572
292.691931040 -0.412385729 54.181269425 6.199472655 -0.447429275 -0.560820876 0.455145647 0.527379777
292.801069312 -0.738680270 54.181804919 6.211690547 -0.433502958 -0.557518614 0.462678394 0.535888872
292.873011808 -0.962973114 54.188255382 6.225980312 -0.432354042 -0.552930084 0.487849115 0.518981257
292.945625600 -1.188619799 54.181593959 6.236372319 -0.427451428 -0.560413295 0.501793814 0.501423158
293.018870016 -1.421001605 54.145728710 6.228775360 0.414835450 0.587356520 -0.484208803 -0.498463342
293.092705344 -1.652282579 54.108509223 6.222576121 0.405587537 0.602211460 -0.488925413 -0.483520473
293.167074720 -1.878357988 54.069952795 6.227813116 0.398923309 0.612200607 -0.495367528 -0.469767626
293.240558528 -2.091630802 54.015960160 6.214108328 0.365123448 0.624691909 -0.498018342 -0.477935788
293.313128320 -2.316228683 53.978584459 6.208151008 0.367764856 0.624871155 -0.509374982 -0.463489134
293.386430944 -2.540093838 53.915548913 6.205176823 0.361485384 0.632958052 -0.501302961 -0.466248607
293.460786560 -2.771951883 53.864816310 6.208828351 0.366770836 0.625499629 -0.506165003 -0.466932926
293.572130432 -3.145775560 53.784499399 6.192424888 0.376341090 0.628075574 -0.499778456 -0.462720165
293.685420704 -3.513911345 53.706070071 6.180906068 0.380699542 0.636661351 -0.500400014 -0.446463895
293.763338944 -3.754107286 53.637769104 6.165033900 0.364404290 0.640991784 -0.511076501 -0.441746372
293.843071904 -4.007475180 53.558584104 6.158810208 0.358366900 0.648581000 -0.522936694 -0.421251784
293.963477664 -4.398405082 53.396086196 6.121564986 0.334853368 0.660830262 -0.535123414 -0.405979702
294.100584704 -4.813273649 53.178629969 6.073561169 0.309391517 0.682923045 -0.546442712 -0.373220264
294.183630304 -5.037005879 53.029245538 6.052015504 0.291762188 0.697589085 -0.555150669 -0.346485251
294.269229728 -5.263658781 52.863525158 6.025176639 0.275947181 0.703452741 -0.571530464 -0.319937999
294.353112544 -5.489455448 52.668957982 5.972916714 0.259700241 0.720287651 -0.569965530 -0.298128796
294.427622464 -5.679902175 52.495935100 5.934274184 0.255211932 0.729965698 -0.573338648 -0.270739256
294.498756000 -5.851954142 52.322060548 5.906764650 0.243792691 0.737102350 -0.582060649 -0.241765694
294.560988384 -5.983937479 52.168317341 5.865474559 0.225430955 0.742429828 -0.588995497 -0.225971548
294.626339968 -6.110862427 51.998408355 5.829942264 0.198886933 0.738988663 -0.607615519 -0.212469116
294.689466784 -6.238289109 51.819742955 5.791431404 0.187315608 0.748817296 -0.608419114 -0.184422619
294.754308832 -6.352676920 51.633582126 5.754922803 0.169257973 0.754136258 -0.613704046 -0.161237671
294.818639456 -6.459054984 51.432678850 5.711839589 0.148115476 0.767414334 -0.607568075 -0.141414565
294.882493184 -6.559425161 51.234721004 5.672752879 0.134441508 0.763604080 -0.618036159 -0.129867612
294.946071424 -6.661013297 51.034109243 5.638447419 0.128891977 0.764395554 -0.620795393 -0.117044329
295.009954048 -6.749775469 50.824997548 5.587732042 0.109758907 0.770209094 -0.615934226 -0.123919178
295.105271232 -6.914354579 50.513496351 5.536979033 0.121569559 0.763645568 -0.622544786 -0.120433712
295.199762816 -7.076110749 50.194295618 5.455292225 0.121872341 0.768510439 -0.611545397 -0.143356425
295.266274336 -7.207219866 49.974219088 5.420753306 0.133471371 0.772421013 -0.601087236 -0.155709045
295.331761376 -7.360229103 49.769132850 5.389878673 0.154140554 0.749991220 -0.616287629 -0.184237393
295.396041024 -7.515297786 49.563072977 5.337254321 0.173587600 0.758138872 -0.591492983 -0.212670748
295.459761632 -7.680143489 49.392820321 5.305353496 0.201311929 0.732502340 -0.606990440 -0.233401874
295.524300416 -7.848091790 49.202560486 5.269343011 0.203738107 0.746133546 -0.586685039 -0.239950370
295.585451776 -8.026871069 49.037420564 5.215486180 0.222573919 0.743038486 -0.584493257 -0.238164422
295.649790464 -8.205637356 48.876448777 5.192005136 0.232456235 0.738911570 -0.577520643 -0.257766750
295.747544032 -8.497659312 48.645759420 5.140680236 0.260857374 0.718447344 -0.572335464 -0.297016769
295.824522848 -8.727281725 48.483232039 5.106470236 0.276073075 0.704730270 -0.574138504 -0.312256117
295.894557632 -8.943267138 48.329196633 5.081894146 0.282923037 0.700463319 -0.578435124 -0.307763712
295.962439648 -9.151744951 48.167191780 5.045021871 0.275441640 0.707137731 -0.573069956 -0.309320154
296.022863072 -9.332634035 48.030749450 5.022711630 0.270787733 0.705991155 -0.577000686 -0.308740507
296.085785824 -9.504454636 47.878763197 5.007195488 0.242830511 0.702192017 -0.587878578 -0.319935137
296.156518080 -9.725750633 47.715815702 4.965273386 0.249883322 0.710302265 -0.590180210 -0.291060711
296.220442240 -9.908641979 47.541292287 4.929028181 0.238446609 0.722264675 -0.576873642 -0.297814967
296.283389120 -10.088576821 47.372845776 4.910872374 0.243220838 0.724840471 -0.568487641 -0.303762601
296.380296064 -10.361246084 47.109388843 4.853340038 0.232735389 0.724748893 -0.581361537 -0.287388318
296.450750528 -10.543000334 46.912134809 4.825752374 0.211211002 0.733800068 -0.589940352 -0.262483815
296.546121216 -10.794616373 46.627234504 4.773097375 0.196877573 0.736775983 -0.594466382 -0.254970769
296.615020800 -10.975471711 46.425601340 4.737890566 0.194316651 0.739934665 -0.592358355 -0.252684212
296.712085952 -11.254836653 46.119127411 4.689384529 0.192859128 0.738120561 -0.600116473 -0.240506992
296.779084832 -11.419990553 45.911454956 4.656111264 0.180681334 0.735643074 -0.606668136 -0.241116767
296.843121920 -11.595378574 45.713225392 4.623315403 0.189807866 0.741190059 -0.601643456 -0.229424109
296.939294624 -11.839584445 45.392572751 4.567348494 0.182089373 0.740258113 -0.603119916 -0.234750408
297.027416736 -12.083925224 45.104549772 4.537776216 0.185942289 0.736653362 -0.609751742 -0.225765595
297.090302560 -12.254218459 44.888057996 4.499293772 0.184729586 0.737825289 -0.606649690 -0.231224948
297.153342208 -12.416697067 44.676057124 4.478339041 0.181089459 0.738469381 -0.608536545 -0.227052537
297.216908224 -12.569410673 44.463906612 4.454261000 0.170795345 0.734107550 -0.620484255 -0.216597195
297.311417920 -12.809747569 44.098804582 4.422823155 0.145822453 0.735690544 -0.631774677 -0.195846861
297.376108992 -12.959536001 43.842961652 4.404840542 0.126927026 0.735300435 -0.641219954 -0.179052425
297.439628000 -13.098339783 43.581361893 4.369864677 0.109327427 0.746639489 -0.633643591 -0.170507438
297.504432224 -13.250246234 43.316912209 4.338912233 0.116532949 0.750825641 -0.629947171 -0.160771549
297.572248736 -13.403218615 43.034330542 4.306599834 0.123813368 0.757305640 -0.622205891 -0.154978212
297.668144064 -13.590119571 42.674962103 4.234176294 0.123228064 0.764509962 -0.617749334 -0.136839766
297.731818912 -13.710410612 42.439493717 4.204659997 0.124158307 0.762194388 -0.622904074 -0.125039772
297.801042048 -13.824924638 42.182873973 4.161600522 0.110903488 0.768404356 -0.615233635 -0.136904111
297.864683008 -13.947741430 41.969567917 4.123850427 0.128332291 0.751775722 -0.633442701 -0.130822137
297.962996320 -14.141014520 41.606765736 4.077205263 0.130445950 0.751164139 -0.631130832 -0.142864143
298.057897280 -14.339938398 41.269168305 4.036149371 0.145218586 0.742741726 -0.634635647 -0.156473276
298.122245216 -14.469903008 41.036788141 4.000766909 0.138947755 0.745876440 -0.630203256 -0.164941546
298.185486144 -14.596691139 40.816190003 3.970117475 0.133301447 0.746461871 -0.632121230 -0.159524763
298.248352544 -14.715473874 40.587297509 3.931881576 0.125322783 0.760333102 -0.620547625 -0.145287366
298.311311424 -14.815893441 40.359025003 3.896134336 0.104115867 0.766183555 -0.622657933 -0.120082241
298.374303712 -14.893916632 40.119934739 3.861330309 0.078285211 0.773413758 -0.622435667 -0.090974857
298.437206272 -14.965172190 39.877233227 3.813485113 0.050799176 0.775645301 -0.625412901 -0.068209345
298.499846240 -15.026551962 39.635860336 3.755847393 0.037156138 0.780910220 -0.621541518 -0.049847681
298.570954368 -15.096012894 39.384654918 3.716092878 0.041953977 0.783275114 -0.618645137 -0.044700715
298.635129280 -15.164759099 39.129021422 3.658572002 0.045837988 0.777953785 -0.624548354 -0.051245876
298.700299744 -15.235632106 38.871854373 3.611967708 0.056046370 0.775620949 -0.626859599 -0.048145522
298.764345056 -15.299681870 38.621498142 3.567469217 0.054324734 0.774807141 -0.627868448 -0.050039287
298.827207552 -15.361324697 38.371175558 3.520460447 0.048192554 0.769562698 -0.634727218 -0.050715778
298.890866272 -15.421174702 38.138255465 3.514341957 0.048592206 0.741492144 -0.667472970 -0.048041982
298.955065664 -15.482279757 37.897285201 3.516087260 0.039981695 0.709794640 -0.701167882 -0.054374944
299.049770784 -15.589555927 37.489369526 3.443498004 0.037567167 0.743551287 -0.666036036 -0.046002062
299.112714528 -15.653284003 37.221628655 3.412987621 0.038591216 0.762036603 -0.645672077 -0.030306826
299.207789472 -15.742892110 36.846587064 3.353450363 0.020322283 0.758059802 -0.651110121 -0.031431693
299.281777568 -15.804780611 36.547806553 3.312781986 0.019648732 0.756721539 -0.652860795 -0.027554003
299.384758368 -15.873253642 36.133965939 3.266434997 0.016411660 0.755730392 -0.654290123 -0.022509271
299.449936960 -15.914542982 35.873556962 3.232635541 0.011269351 0.754539598 -0.655751321 -0.023091156
299.513844000 -15.955456021 35.610717065 3.204386838 0.017015148 0.756472264 -0.653581425 -0.017073967
299.608107648 -16.017999247 35.219878637 3.155127208 0.014128275 0.755382518 -0.654925623 -0.016433863
299.702633792 -16.082429125 34.811187656 3.113327943 0.013753232 0.755108641 -0.655305780 -0.014004427
299.798642016 -16.145734572 34.407904895 3.058390805 0.013763639 0.758470859 -0.651470748 -0.010880390
299.895302816 -16.208594781 33.991746524 3.001926445 0.012042623 0.762288920 -0.647055106 -0.009500956
299.961065408 -16.249940592 33.699261572 2.950071993 0.014549531 0.768227891 -0.639993058 -0.004806806
300.026767392 -16.282858572 33.414684276 2.903952506 0.013060551 0.774119861 -0.632898353 -0.002745477
300.091245344 -16.317893625 33.123410223 2.852377590 0.012039692 0.768808081 -0.639365427 -0.001015431
300.155506976 -16.343886174 32.817728502 2.807903958 0.003120015 0.770569751 -0.637323336 -0.005611631
300.218437408 -16.378728395 32.525715480 2.760835798 0.007613502 0.767922852 -0.640486351 0.003709722
300.313980224 -16.409977739 32.042932952 2.682502147 0.002507785 0.768207416 -0.640191768 0.002361728
300.410604832 -16.455118207 31.520819970 2.598030654 0.002866574 0.768228020 -0.640128015 0.007322317
300.541083360 -16.479258003 30.817911659 2.480976203 -0.008033563 0.768056630 -0.639966826 0.021608706
300.635353344 -16.499853917 30.393817151 2.427638040 -0.018487901 0.767246933 -0.640437070 0.028821869
300.729519840 -16.499791578 29.866426097 2.344528757 -0.017071706 0.765921262 -0.642083326 0.028322765
300.824219744 -16.497142243 29.342687497 2.263761900 -0.017497642 0.767683520 -0.639958536 0.028441493
300.915906304 -16.506316297 28.858102215 2.178473835 -0.020030769 0.766931076 -0.640739168 0.029475594
301.015100256 -16.528075507 28.300129862 2.097676819 -0.019496438 0.766157875 -0.641561619 0.031948222
301.103249248 -16.533277069 27.801383614 2.022524580 -0.019425096 0.764412185 -0.643578976 0.033208118
301.189056128 -16.544580953 27.313329080 1.946115291 -0.019421237 0.765134211 -0.642600554 0.035453944
301.246566240 -16.547176073 26.988146969 1.906801990 -0.021302253 0.765767186 -0.641353610 0.042572028
301.305094080 -16.533853200 26.659371215 1.859074001 -0.026076108 0.764481480 -0.642561088 0.044758822
301.362340800 -16.526488348 26.340065072 1.810488916 -0.029638884 0.764656959 -0.641960242 0.048044975
301.448315904 -16.478231192 25.770774679 1.724711411 -0.029049916 0.764426357 -0.642355929 0.046768650
301.534627968 -16.477120511 25.265001574 1.653607630 -0.031115619 0.764621981 -0.641836428 0.049305625
301.592866400 -16.472482410 24.935397186 1.608045302 -0.036320657 0.762841600 -0.642948567 0.058057246
301.650272224 -16.452389137 24.607180849 1.556768514 -0.049673612 0.761850585 -0.642519997 0.065454352
301.709780416 -16.440072343 24.278406070 1.508294191 -0.053266820 0.760764225 -0.642690438 0.073139876
301.767155872 -16.414094532 23.920974044 1.457812494 -0.053548271 0.760730038 -0.642766240 0.072621983
301.853089920 -16.386305670 23.407021170 1.382272825 -0.052540758 0.759863382 -0.643730478 0.073879506
301.910217440 -16.356094498 23.052126095 1.330438477 -0.054124669 0.759537942 -0.644018569 0.073571171
301.967347264 -16.331924748 22.691664593 1.288263050 -0.053061501 0.760224561 -0.643060327 0.075607608
302.024559616 -16.306281911 22.335543662 1.229301126 -0.056881886 0.760713062 -0.642329132 0.074117302
302.082471680 -16.285192186 21.977266427 1.185191827 -0.054907973 0.759279345 -0.644509175 0.071329621
302.139690208 -16.269078189 21.624438962 1.133953631 -0.047005886 0.759099559 -0.645886343 0.066250572
302.197146496 -16.255136074 21.266858829 1.084260568 -0.044428286 0.758698561 -0.646947073 0.062145835
302.255229632 -16.229542145 20.914649423 1.040711306 -0.040370007 0.759250870 -0.646444326 0.063388577
302.313161344 -16.216487666 20.559659261 0.994026208 -0.042450404 0.760894474 -0.644201018 0.065135333
302.370713376 -16.199462336 20.208406735 0.953197688 -0.040977573 0.757448824 -0.648037057 0.068118201
302.436504832 -16.165004304 19.819785281 0.902586726 -0.041034472 0.759825805 -0.645356061 0.067055737
302.493803392 -16.143978305 19.470103489 0.856502609 -0.040063779 0.759874936 -0.645205784 0.068516211
302.551517440 -16.118981905 19.123322070 0.820947782 -0.040024231 0.756500457 -0.649217509 0.067983425
302.610408192 -16.094684403 18.761027170 0.773049980 -0.040031650 0.757722530 -0.647762470 0.068248205
302.699338624 -16.067119235 18.211900394 0.714202500 -0.039397728 0.759863006 -0.645092818 0.070080579
302.757645088 -16.053416055 17.843627113 0.671648832 -0.037256619 0.759012728 -0.645676524 0.074922958
302.815041440 -16.042851216 17.478720914 0.621388268 -0.038870288 0.758794154 -0.645838023 0.074925164
302.873488000 -16.034156451 17.104478150 0.574070528 -0.037882327 0.760890955 -0.642939004 0.078989366
302.931003872 -16.031493285 16.726886480 0.516601627 -0.035047583 0.762304908 -0.641046166 0.081992117
302.988310208 -16.015130893 16.351406533 0.457270068 -0.035279681 0.762071741 -0.641148143 0.083253018
303.046019808 -16.006316559 15.962868365 0.409234166 -0.033457910 0.765498438 -0.636766186 0.086148324
303.103839648 -15.993352827 15.592185273 0.347134054 -0.031766186 0.761548575 -0.641270202 0.088358386
303.163430464 -15.970388264 15.227709510 0.291424868 -0.031356159 0.762190387 -0.640416972 0.089155523
303.222490240 -15.936013828 14.859388191 0.236526602 -0.032238441 0.763195064 -0.639467256 0.087037953
303.290787648 -15.899992663 14.436169479 0.175983569 -0.031576121 0.761216012 -0.641406000 0.090285521
303.354629728 -15.856580864 14.051349665 0.119122089 -0.038571948 0.759714043 -0.642449440 0.092765806
303.417771264 -15.826365075 13.677426325 0.061456579 -0.042104541 0.760340508 -0.640216091 0.101157675
303.480775680 -15.786552586 13.306847085 0.004317891 -0.046230099 0.757959537 -0.642758606 0.101101402
303.543699872 -15.759773250 12.931352369 -0.057858923 -0.050617948 0.754759158 -0.645549218 0.105083981
303.637797856 -15.692489199 12.375199309 -0.134992629 -0.057572574 0.749646936 -0.650431979 0.107949577
303.700498272 -15.651115040 12.014051202 -0.177223827 -0.054405157 0.744336150 -0.656140474 0.111729376
303.794611616 -15.569296459 11.487437094 -0.232156573 -0.058711927 0.740842902 -0.658372127 0.119376910
303.857454528 -15.512865251 11.132508070 -0.272481154 -0.067774551 0.746139535 -0.650826834 0.122909874
303.920531616 -15.453000478 10.782840467 -0.306469398 -0.066462338 0.745352761 -0.650671877 0.129066368
303.990462784 -15.376484313 10.399892378 -0.345088905 -0.075134220 0.742794162 -0.653926130 0.122443036
304.054631424 -15.310328307 10.051327297 -0.381159394 -0.077459369 0.745234754 -0.650601535 0.123866262
304.149731520 -15.199113913 9.556544285 -0.395525134 -0.074561531 0.730309338 -0.667403741 0.125144302
304.212704352 -15.146399971 9.236966339 -0.386248078 -0.078359869 0.709508479 -0.690815724 0.115026449
304.276354656 -15.070339099 8.892698750 -0.409353990 -0.079732260 0.728869567 -0.669529604 0.118836145
304.338883360 -14.992820141 8.534520398 -0.426302927 -0.081864958 0.749200996 -0.646978306 0.115823435
304.401936640 -14.960618406 8.236123717 -0.416940088 -0.073054410 0.733911107 -0.666067698 0.111316494
304.470662592 -14.902188750 7.890885788 -0.434980342 -0.068037524 0.721153204 -0.681233462 0.105971322
304.533999520 -14.843504050 7.535459296 -0.485025739 -0.068967213 0.759966156 -0.636268508 0.113390259
304.597676160 -14.775303293 7.188615828 -0.533959849 -0.068593658 0.775156112 -0.617736215 0.113269066
304.660941376 -14.719628186 6.880653051 -0.559951356 -0.065280744 0.729213859 -0.672695034 0.107083907
304.725166848 -14.666535556 6.547218402 -0.587288873 -0.064399512 0.717292950 -0.685533885 0.106709047
304.790308960 -14.615109908 6.242657091 -0.582378324 -0.068159229 0.702459322 -0.700290150 0.107233042
304.855481472 -14.563070465 5.898176024 -0.579540407 -0.066492868 0.703315111 -0.697642053 0.119256527
304.920465952 -14.497322866 5.570487071 -0.573294155 -0.072793690 0.706384465 -0.690352788 0.138329657
304.983170656 -14.414540555 5.263242923 -0.571282974 -0.090779951 0.703663074 -0.686922694 0.157335601
305.046534272 -14.317003125 4.975331731 -0.586310936 -0.113504638 0.697709307 -0.684874502 0.176820067
305.109762848 -14.155702895 4.699748843 -0.548888540 -0.134223238 0.695998730 -0.676633813 0.199340344
305.173026368 -14.031492939 4.444233530 -0.541726882 -0.160503653 0.685528801 -0.674506043 0.222104566
305.236062080 -13.897554871 4.197177185 -0.538162451 -0.179534915 0.685196373 -0.658886851 0.253261255
305.298947872 -13.752723271 3.989541738 -0.528252210 -0.210009105 0.673842617 -0.657489799 0.263703368
305.364008960 -13.582781997 3.756755688 -0.525628002 -0.217724136 0.662459655 -0.651441839 0.298943032
305.429525440 -13.372694362 3.545151578 -0.491630320 0.243248408 -0.645633404 0.652678829 -0.313046428
305.492238784 -13.188275468 3.349062260 -0.496703156 -0.254617613 0.644729644 -0.642610551 0.326412679
305.563806336 -12.982346185 3.133220555 -0.478444892 -0.269669069 0.643313608 -0.635416782 0.331167190
305.625439392 -12.790222145 2.955950780 -0.472339235 -0.283278554 0.656329467 -0.615880622 0.331173597
305.688728928 -12.599879316 2.776213182 -0.460785636 -0.301118902 0.647157488 -0.618345637 0.328881841
305.751906080 -12.440606215 2.618565017 -0.434552530 -0.324712106 0.649988093 -0.604469839 0.326640078
305.814877984 -12.229449244 2.462623630 -0.428502391 -0.333236797 0.647566778 -0.594863889 0.340216783
305.877840672 -12.008926677 2.307883073 -0.425213081 -0.342387258 0.632651427 -0.602772539 0.345236735
305.942651872 -11.760895632 2.148902587 -0.428481314 -0.343601043 0.629443532 -0.601679004 0.351740726
306.009538432 -11.529788813 1.995233022 -0.444452180 -0.343919884 0.628469229 -0.598946477 0.357782978
306.072695072 -11.290839237 1.839816186 -0.439047407 -0.350219610 0.632005815 -0.586981681 0.365194991
306.135562912 -11.069388750 1.691500945 -0.446949814 -0.356609332 0.638604203 -0.570076709 0.374201820
306.198360192 -10.838872877 1.560294092 -0.464533547 -0.362387570 0.628864639 -0.573759051 0.379479995
306.261259936 -10.588584325 1.415991329 -0.450523446 -0.362114265 0.618464371 -0.577531545 0.390937840
306.326996448 -10.334504715 1.277682937 -0.460139686 -0.369078809 0.617384397 -0.570031108 0.397091771
306.391319936 -10.068590967 1.135768738 -0.473356082 -0.370490150 0.619871664 -0.559704049 0.406481914
306.454761792 -9.808345694 1.008536021 -0.484159036 -0.387527805 0.627663852 -0.542151878 0.402407294
306.517970848 -9.561285705 0.894590172 -0.503106792 -0.393258970 0.622084944 -0.538453171 0.410397232
306.583188064 -9.308335154 0.785877495 -0.500412178 -0.395492583 0.604974499 -0.542213001 0.428481661
306.646838240 -9.037367571 0.675486916 -0.519054195 -0.406199089 0.596749810 -0.535897151 0.437842674
306.718756800 -8.730820619 0.573546535 -0.540694220 -0.425815738 0.588480937 -0.525367361 0.443125580
306.783589600 -8.502601376 0.544662264 -0.497274318 -0.434179695 0.571154611 -0.531193447 0.450670527
306.850596384 -8.244168869 0.486698339 -0.518225357 -0.420687828 0.552308202 -0.536427553 0.479815466
306.923346272 -7.928682857 0.423452604 -0.524825411 -0.454497935 0.546044017 -0.532193446 0.460475508
306.983483424 -7.682901792 0.359411740 -0.508557200 -0.452998338 0.549474126 -0.514917787 0.477211025
307.046419808 -7.415180252 0.326275643 -0.504357955 -0.470363505 0.528245942 -0.523436954 0.475108569
307.109117440 -7.153126002 0.279675460 -0.497744304 -0.470024836 0.523533183 -0.515189111 0.489458722
307.180636896 -6.852627682 0.223496916 -0.501817615 0.474170993 -0.506186009 0.518695521 -0.499892538
307.243448672 -6.599414751 0.202367840 -0.471453129 -0.469825285 0.489301741 -0.529975005 0.508895374
307.319936640 -6.255950101 0.173611031 -0.449001231 -0.488740076 0.485879276 -0.519357733 0.505293986
307.383179232 -5.980217994 0.147387335 -0.424062934 -0.489606096 0.486443654 -0.500983118 0.522182303
307.446645536 -5.717304193 0.128334211 -0.397055406 -0.503918205 0.491114019 -0.480006466 0.523896227
307.509388736 -5.467826941 0.124351503 -0.370776048 -0.489738274 0.476970267 -0.477511036 0.551941119
307.572736928 -5.209646227 0.125480404 -0.356239287 -0.493464593 0.475109752 -0.460775237 0.564313388
307.638270592 -4.913873968 0.142053276 -0.334327739 -0.495023405 0.456725331 -0.456485102 0.581356304
307.701161088 -4.638233952 0.162508280 -0.313421508 -0.506563889 0.446876784 -0.432596146 0.597122049
307.764616832 -4.399561091 0.224974500 -0.276367020 -0.532602316 0.433997070 -0.422426841 0.591216441
307.830660896 -4.120320788 0.285862306 -0.240494009 -0.530689739 0.426520113 -0.408128578 0.608177654
307.893982400 -3.857007269 0.341012234 -0.209432369 -0.547616302 0.416403510 -0.412758437 0.596954752
307.960068640 -3.580370215 0.414165185 -0.197774600 -0.550327754 0.409485292 -0.404003099 0.605179853
308.025262848 -3.311914075 0.491139535 -0.170116563 -0.559098678 0.399314402 -0.387485535 0.614663841
308.088288832 -3.065186105 0.594547785 -0.137924838 -0.570197233 0.377550929 -0.386525823 0.618811926
308.151586304 -2.795565689 0.682324547 -0.129457764 -0.573193751 0.379950773 -0.368342201 0.625627970
308.215155520 -2.536832014 0.781530519 -0.111160149 -0.585443129 0.375734255 -0.363675159 0.619532479
308.278126848 -2.282687320 0.871601148 -0.090195854 -0.579845296 0.380645950 -0.356554485 0.625904939
308.341139136 -2.010706818 0.971587445 -0.083213096 -0.589570186 0.389375604 -0.347902142 0.616244866
308.405753728 -1.769962434 1.068411012 -0.061373953 -0.575048339 0.372378059 -0.363961378 0.631019892
308.468907776 -1.503378664 1.174766843 -0.056137378 -0.586604971 0.377599401 -0.357226096 0.621049770
308.533330656 -1.242476065 1.276115890 -0.035596413 -0.583933825 0.380096324 -0.367769981 0.615867935
308.596338112 -0.962647583 1.368190581 -0.013413698 -0.571389361 0.390645425 -0.375717726 0.616235783
308.659728000 -0.681888806 1.459070654 -0.001643540 -0.571550212 0.405126189 -0.370914257 0.609611139
308.722298176 -0.413531246 1.556171045 0.013164321 -0.568002678 0.397607958 -0.384206388 0.609644422
308.794469824 -0.093403100 1.654420647 0.033707509 -0.562182750 0.411582255 -0.375080596 0.611445133
308.856276640 0.184855970 1.745596823 0.055588400 -0.563018703 0.411597923 -0.383265544 0.605561402
308.919611552 0.484203129 1.809656312 0.070322024 -0.548850302 0.425631095 -0.391509399 0.603590845
308.982757696 0.797010932 1.876346241 0.071928820 -0.556097814 0.440337253 -0.399331559 0.580855086
309.047411232 1.091959791 1.923834946 0.090332709 -0.542585698 0.443752282 -0.409639053 0.583849739
309.110146784 1.382862138 1.978802194 0.102385205 -0.538912708 0.438484878 -0.417790059 0.585453304
309.173477664 1.679974427 2.035180650 0.103115394 -0.545199810 0.444396218 -0.411290671 0.579749215
309.239882208 1.960006770 2.080381881 0.132053580 -0.541654174 0.446694518 -0.408152271 0.583512200
309.303159264 2.265425301 2.129204222 0.123014081 -0.547552398 0.451206952 -0.402351472 0.578542955
309.366441216 2.564518400 2.193843885 0.127546697 -0.553666856 0.450993015 -0.403701842 0.571911825
309.434535392 2.916335332 2.252013657 0.129545735 -0.546952672 0.450368803 -0.401801169 0.580143548
309.497458016 3.199236441 2.310330179 0.142194894 -0.547031496 0.443321699 -0.405936514 0.582613045
309.560779488 3.523840226 2.355260043 0.146002292 -0.551780261 0.455420575 -0.395804301 0.575733965
309.624697856 3.846210872 2.391607802 0.151841591 -0.541689598 0.476500561 -0.374253226 0.582626911
309.687510848 4.160230660 2.459239345 0.152820208 -0.542770456 0.458850259 -0.398693214 0.579569144
309.751376288 4.500303307 2.518332241 0.130791979 -0.548350620 0.467482307 -0.388569826 0.574269431
309.818906816 4.843145783 2.569387530 0.133339844 -0.546813342 0.471022840 -0.381909940 0.577301872
309.940465984 5.457830516 2.719403705 0.103946475 -0.531132575 0.454903504 -0.412846285 0.583540002
310.003137600 5.774886644 2.777646559 0.125626884 -0.521428115 0.469874730 -0.390048182 0.595980599
310.066003840 6.110300838 2.849231504 0.120719223 -0.556123627 0.471362662 -0.401521701 0.554368176
310.128778720 6.441116250 2.931881412 0.164656721 -0.532516547 0.474544365 -0.411470617 0.567384970
310.191578560 6.716704678 2.950808354 0.167114316 -0.508682190 0.456662209 -0.449600171 0.574944991
310.254858656 7.063359877 2.981291846 0.177114740 -0.518521257 0.472972536 -0.446830241 0.554775109
310.318152192 7.392935824 2.997493764 0.186181090 -0.508229288 0.491458897 -0.441879052 0.552190228
310.381777184 7.733288212 3.028662110 0.203477112 -0.514469295 0.485251158 -0.473596499 0.524937152
310.451488320 8.111281036 3.017514532 0.199208684 -0.505926678 0.510981183 -0.465380722 0.516098064
310.522586688 8.438517433 2.987841249 0.191481687 -0.498426916 0.525112087 -0.474931931 0.500267495
310.585988192 8.776764429 2.944222554 0.186279991 -0.490499505 0.543268836 -0.489680131 0.473795924
310.649276288 9.084927356 2.887651293 0.180232023 -0.472945123 0.553872365 -0.515423460 0.451538449
310.711957376 9.367709891 2.817229230 0.160378281 -0.452941724 0.566347000 -0.535923734 0.432296914
310.775274496 9.635383778 2.721465935 0.179465877 0.432324978 -0.565049804 0.567608955 -0.414287228
310.838611680 9.924692721 2.616135739 0.192323627 0.416076028 -0.563684653 0.594158557 -0.395115122
310.901936800 10.199813093 2.468957882 0.213536559 0.384614244 -0.577193147 0.600058684 -0.398559318
310.965018336 10.471725131 2.333092331 0.232979270 0.383083609 -0.583816283 0.615257949 -0.365873137
311.029964928 10.761518508 2.153705607 0.236117695 -0.364269641 0.616152020 -0.602394665 0.353249181
311.095696576 11.026019549 1.973421630 0.227323756 -0.346659056 0.644661529 -0.596808748 0.328722269
311.158704832 11.255444182 1.790907212 0.210889624 -0.321709655 0.667600330 -0.595996737 0.309193445
311.222848224 11.460646200 1.609538326 0.195968131 -0.310029446 0.675223948 -0.606988861 0.281990932
311.285764480 11.653265640 1.415720692 0.181695745 -0.288557801 0.674501430 -0.627258821 0.261397375
311.380510432 11.942239190 1.099205659 0.153254892 -0.263472976 0.687493480 -0.636249901 0.230479433
311.443236896 12.089961831 0.881735825 0.146073972 -0.242825550 0.698473402 -0.639527383 0.210179414
311.537415744 12.292673523 0.508349393 0.122471965 -0.200977902 0.713337115 -0.645534939 0.184506602
311.634158464 12.446976893 0.153711191 0.097908473 -0.157948908 0.726776471 -0.649238649 0.159176883
311.699203744 12.531318566 -0.094314625 0.077527796 -0.128814800 0.734038271 -0.649283679 0.151740792
311.795022720 12.664381259 -0.464235706 0.057213140 -0.126665129 0.729712083 -0.655764663 0.146454522
311.857921632 12.749149695 -0.708470110 0.036155594 -0.125935941 0.727999700 -0.655704233 0.155590921
311.953633696 12.903071012 -1.123346252 -0.006236276 -0.143776087 0.727875908 -0.644972187 0.183128311
312.025390048 13.037756263 -1.370555124 -0.016883732 -0.170326503 0.710735592 -0.652218384 0.201134235
312.086966112 13.162585942 -1.588920622 -0.028083453 -0.188375454 0.704633054 -0.645869043 0.225521900
312.182412032 13.364170073 -1.917433431 -0.057025832 -0.210338935 0.703378295 -0.637978546 0.232378747
312.315898656 13.646560181 -2.396483152 -0.095445235 -0.202879323 0.715344198 -0.626243348 0.234396945
312.410359616 13.848043450 -2.734064508 -0.114582965 -0.203010671 0.713330641 -0.633759390 0.219761462
312.505073280 14.032106365 -3.081654031 -0.147501837 -0.183882836 0.715991468 -0.639986615 0.209667480
312.601762720 14.219354752 -3.454550758 -0.179239278 -0.180054937 0.720180252 -0.638688681 0.202478130
312.696166176 14.402140807 -3.811458774 -0.211712314 -0.182931838 0.725167839 -0.629888341 0.209542898
312.761804640 14.532598892 -4.053841488 -0.223004128 -0.184919244 0.716228339 -0.640199345 0.207283954
312.861237728 14.724512344 -4.419935407 -0.248000487 -0.179995801 0.718525926 -0.637577121 0.211701254
312.957432256 14.902243583 -4.753333698 -0.273413052 -0.180228804 0.725800392 -0.629877562 0.209727504
313.081190496 15.070388239 -5.065952242 -0.312920490 -0.177959675 0.731622024 -0.625450079 0.204625920
313.207480320 15.192919860 -5.310391531 -0.332526345 -0.166402915 0.739976650 -0.617386982 0.208753303
313.429491328 15.362670386 -5.612238969 -0.375747888 -0.172050315 0.738835493 -0.620862339 0.197612648
313.795463168 15.480503621 -5.859458726 -0.402172152 -0.167971316 0.737638876 -0.621239251 0.204294686
