1298.516734464 0.000000000 -0.000000000 1.000000000 -0.707106781 0.000000000 0.000000000 0.707106781
1299.017304896 0.000000000 -0.000000000 1.000000000 -0.707106781 0.000000000 0.000000000 0.707106781
1299.515915328 0.000000000 -0.000000000 1.000000000 -0.707106781 0.000000000 0.000000000 0.707106781
1300.016913248 0.000000000 0.000000000 1.000000000 -0.707106781 0.000000000 0.000000000 0.707106781
1300.516251072 -0.000000000 -0.000000000 1.000000000 -0.707106781 0.000000000 0.000000000 0.707106781
1301.016255968 -0.000000000 -0.000000000 1.000000000 -0.707106781 0.000000000 0.000000000 0.707106781
1301.516328384 0.000000000 -0.000000000 1.000000000 -0.707106781 -0.000000000 -0.000000000 0.707106781
1302.016638816 -0.000000000 -0.000000000 1.000000000 -0.707106781 0.000000000 -0.000000000 0.707106781
1302.517206880 -0.000000000 -0.000000000 1.000000000 -0.707106781 0.000000000 0.000000000 0.707106781
1302.761983680 -0.000000000 -0.000000000 1.000000000 -0.707106781 0.000000000 0.000000000 0.707106781
1303.016427712 -0.000000000 -0.000000000 1.000000000 -0.707106781 0.000000000 0.000000000 0.707106781
1303.266346400 -0.000000000 -0.000000000 1.000000000 -0.707106781 0.000000000 0.000000000 0.707106781
1303.516775936 -0.000000000 -0.000000000 1.000000000 -0.707106781 0.000000000 0.000000000 0.707106781
1304.016353920 0.000000000 0.000000000 1.000000000 -0.707106781 0.000000000 0.000000000 0.707106781
1304.516307744 -0.000000000 0.000000000 1.000000000 -0.707106781 0.000000000 0.000000000 0.707106781
1304.762377216 -0.000000000 0.000000000 1.000000000 -0.707106781 0.000000000 0.000000000 0.707106781
1305.516284096 0.000000000 0.000000000 1.000000000 -0.707106781 0.000000000 0.000000000 0.707106781
1306.016832960 0.000000000 0.000000000 1.000000000 -0.707106781 0.000000000 0.000000000 0.707106781
1306.516511040 0.000000000 0.000000000 1.000000000 -0.707106781 0.000000000 0.000000000 0.707106781
1307.016327264 0.000000000 0.000000000 1.000000000 -0.707106781 0.000000000 0.000000000 0.707106781
1307.516294400 0.000000000 0.000000000 1.000000000 -0.707106781 0.000000000 0.000000000 0.707106781
1308.016148064 0.000000000 0.000000000 1.000000000 -0.707106781 0.000000000 0.000000000 0.707106781
1308.516016000 -0.255850380 -1.111975468 0.643681044 -0.694311597 0.004959671 0.005836973 0.719633752
1309.016465600 -0.245253921 -0.960022428 0.666476392 -0.685253800 0.016817439 -0.005976390 0.728085631
1309.516863136 -0.250741681 -0.999847274 0.661620829 -0.680930716 0.014112498 -0.006800662 0.732180270
1310.016436928 -0.252804124 -1.007901201 0.659977968 -0.680602243 0.013848663 -0.007313076 0.732485714
1310.516578624 -0.252714247 -1.008532864 0.659768746 -0.680531653 0.013894038 -0.007287981 0.732550688
