1574.761641248 0.000000000 -0.000000000 1.000000000 -0.707106781 0.000000000 0.000000000 0.707106781
1575.265824640 0.015714077 0.049031628 1.015126171 -0.707185009 0.005881623 -0.004064177 0.706992399
1575.761703232 0.015714077 0.049031628 1.015126171 -0.707185009 0.005881623 -0.004064177 0.706992399
1576.265942656 -0.036876223 1.287080731 1.382587586 -0.699297856 0.012338839 -0.016246076 0.714539240
1576.761832352 0.048468894 1.254951938 1.302197135 -0.697040868 -0.000977843 0.008283999 0.716982879
1577.265942560 0.048468894 1.254951938 1.302197135 -0.697040868 -0.000977843 0.008283999 0.716982879
1577.761605856 0.048468894 1.254951938 1.302197135 -0.697040868 -0.000977843 0.008283999 0.716982879
1578.265984032 0.048468894 1.254951938 1.302197135 -0.697040868 -0.000977843 0.008283999 0.716982879
1578.761613440 0.048468894 1.254951938 1.302197135 -0.697040868 -0.000977843 0.008283999 0.716982879
1579.265945600 0.048468894 1.254951938 1.302197135 -0.697040868 -0.000977843 0.008283999 0.716982879
1579.761557824 0.048468894 1.254951938 1.302197135 -0.697040868 -0.000977843 0.008283999 0.716982879
1580.265911008 0.048468894 1.254951938 1.302197135 -0.697040868 -0.000977843 0.008283999 0.716982879
1580.515859008 0.048468894 1.254951938 1.302197135 -0.697040868 -0.000977843 0.008283999 0.716982879
1581.015822336 0.048468894 1.254951938 1.302197135 -0.697040868 -0.000977843 0.008283999 0.716982879
1581.516149024 0.048468894 1.254951938 1.302197135 -0.697040868 -0.000977843 0.008283999 0.716982879
1582.016133696 0.048468894 1.254951938 1.302197135 -0.697040868 -0.000977843 0.008283999 0.716982879
1582.265842560 0.048468894 1.254951938 1.302197135 -0.697040868 -0.000977843 0.008283999 0.716982879
1582.761676768 0.048468894 1.254951938 1.302197135 -0.697040868 -0.000977843 0.008283999 0.716982879
1583.265885312 0.048468894 1.254951938 1.302197135 -0.697040868 -0.000977843 0.008283999 0.716982879
1583.516214880 0.048468894 1.254951938 1.302197135 -0.697040868 -0.000977843 0.008283999 0.716982879
1584.015882912 0.048468894 1.254951938 1.302197135 -0.697040868 -0.000977843 0.008283999 0.716982879
1584.265943104 0.048468894 1.254951938 1.302197135 -0.697040868 -0.000977843 0.008283999 0.716982879
1584.515938848 0.048468894 1.254951938 1.302197135 -0.697040868 -0.000977843 0.008283999 0.716982879
1585.015998336 0.048468894 1.254951938 1.302197135 -0.697040868 -0.000977843 0.008283999 0.716982879
1585.266090592 0.048468894 1.254951938 1.302197135 -0.697040868 -0.000977843 0.008283999 0.716982879
1585.515804352 0.048468894 1.254951938 1.302197135 -0.697040868 -0.000977843 0.008283999 0.716982879
1586.016202048 0.048468894 1.254951938 1.302197135 -0.697040868 -0.000977843 0.008283999 0.716982879
1586.515876640 0.048468894 1.254951938 1.302197135 -0.697040868 -0.000977843 0.008283999 0.716982879
1587.015878944 0.048468894 1.254951938 1.302197135 -0.697040868 -0.000977843 0.008283999 0.716982879
1587.266048160 0.048468894 1.254951938 1.302197135 -0.697040868 -0.000977843 0.008283999 0.716982879
1587.761590496 0.143413232 0.964197812 1.285828328 -0.697379296 -0.001129400 0.010573231 0.716623366
1588.266224640 0.050405841 1.271894144 1.304051756 -0.697095413 -0.000844474 0.008402936 0.716928631
1588.761512640 0.144957245 0.987314928 1.287023245 -0.697402048 -0.001122685 0.010338971 0.716604653
