1884.898405312 0.000000000 -0.000000000 1.000000000 -0.707106781 0.000000000 0.000000000 0.707106781
1885.398003776 -0.000000000 0.000000000 1.000000000 -0.707106781 0.000000000 0.000000000 0.707106781
1885.898312864 0.122374245 0.776279127 1.339092017 -0.710067192 -0.001054377 0.005856176 0.704108782
1886.398626816 -0.269600341 4.355307282 1.916091307 -0.747825041 -0.007788152 -0.003510091 0.663840894
1886.899736640 -0.273703092 4.374063447 1.922629705 -0.747910963 -0.007804045 -0.003618436 0.663743321
1887.399333504 -0.274182353 4.374134279 1.922222960 -0.747897225 -0.007770436 -0.003606679 0.663759259
1887.900463136 -0.274448021 4.374245594 1.922090393 -0.747891878 -0.007753582 -0.003602120 0.663765505
1888.401330304 0.469098960 4.105178136 2.474390352 -0.738766429 0.027808653 0.053111033 0.671289848
1888.900630592 -0.274751039 4.374376646 1.922000437 -0.747888449 -0.007740157 -0.003601950 0.663769526
1889.400796736 -0.153677907 6.124440217 1.840099205 -0.750045649 -0.016606106 -0.015724630 0.660990542
1889.900452896 -0.153677907 6.124440217 1.840099205 -0.750045649 -0.016606106 -0.015724630 0.660990542
1890.400893664 -0.176323097 6.187707139 1.896907837 -0.751449997 -0.016899359 -0.041205358 0.658285221
1890.900942656 -0.153677907 6.124440217 1.840099205 -0.750045649 -0.016606106 -0.015724630 0.660990542
1891.151387168 -0.153677907 6.124440217 1.840099205 -0.750045649 -0.016606106 -0.015724630 0.660990542
1891.400572800 -0.153677907 6.124440217 1.840099205 -0.750045649 -0.016606106 -0.015724630 0.660990542
1891.900767904 -0.153677907 6.124440217 1.840099205 -0.750045649 -0.016606106 -0.015724630 0.660990542
1892.400918432 -0.153677907 6.124440217 1.840099205 -0.750045649 -0.016606106 -0.015724630 0.660990542
1892.900574880 -0.153677907 6.124440217 1.840099205 -0.750045649 -0.016606106 -0.015724630 0.660990542
1893.401371712 -0.153677907 6.124440217 1.840099205 -0.750045649 -0.016606106 -0.015724630 0.660990542
1893.899861952 -0.153677907 6.124440217 1.840099205 -0.750045649 -0.016606106 -0.015724630 0.660990542
1894.398790368 -0.153677907 6.124440217 1.840099205 -0.750045649 -0.016606106 -0.015724630 0.660990542
1894.899571584 -0.153677907 6.124440217 1.840099205 -0.750045649 -0.016606106 -0.015724630 0.660990542
1895.398961152 -0.153677907 6.124440217 1.840099205 -0.750045649 -0.016606106 -0.015724630 0.660990542
1895.898454592 -0.153677907 6.124440217 1.840099205 -0.750045649 -0.016606106 -0.015724630 0.660990542
1896.398144832 -0.148443945 6.132726069 1.841919472 -0.750398691 -0.015480409 -0.014958756 0.660634844
1896.898096992 -0.107163196 6.368733288 1.816573670 -0.747681961 -0.013350910 -0.011661683 0.663820340
