858.999295104 0.000000000 -0.000000000 1.000000000 -0.707106781 0.000000000 0.000000000 0.707106781
859.753433952 -0.000000000 -0.000000000 1.000000000 -0.707106781 0.000000000 0.000000000 0.707106781
860.252736416 0.000000000 -0.000000000 1.000000000 -0.707106781 0.000000000 0.000000000 0.707106781
860.753059520 -0.000000000 0.000000000 1.000000000 -0.707106781 0.000000000 0.000000000 0.707106781
860.998748032 -0.000000000 0.000000000 1.000000000 -0.707106781 0.000000000 0.000000000 0.707106781
861.502840768 0.000000000 -0.000000000 1.000000000 -0.707106781 0.000000000 0.000000000 0.707106781
862.253644416 -0.000000000 -0.000000000 1.000000000 -0.707106781 0.000000000 0.000000000 0.707106781
862.753017056 -0.000000000 -0.000000000 1.000000000 -0.707106781 0.000000000 0.000000000 0.707106781
863.252958240 -0.000000000 -0.000000000 1.000000000 -0.707106781 0.000000000 -0.000000000 0.707106781
863.752748192 0.124636048 0.286809074 1.202383333 -0.731843950 -0.013012786 -0.016545351 0.681147086
863.998514720 -0.000000000 -0.000000000 1.000000000 -0.707106781 0.000000000 0.000000000 0.707106781
864.252528608 0.000000000 -0.000000000 1.000000000 -0.707106781 0.000000000 0.000000000 0.707106781
864.503359648 0.000000000 0.000000000 1.000000000 -0.707106781 0.000000000 0.000000000 0.707106781
864.753456192 0.000000000 0.000000000 1.000000000 -0.707106781 0.000000000 0.000000000 0.707106781
864.998491744 0.000000000 0.000000000 1.000000000 -0.707106781 0.000000000 0.000000000 0.707106781
865.253294912 -0.000000000 0.000000000 1.000000000 -0.707106781 0.000000000 0.000000000 0.707106781
865.752813504 -0.000000000 0.000000000 1.000000000 -0.707106781 0.000000000 0.000000000 0.707106781
865.998479680 -0.000000000 0.000000000 1.000000000 -0.707106781 0.000000000 0.000000000 0.707106781
866.998795296 0.000000000 0.000000000 1.000000000 -0.707106781 0.000000000 0.000000000 0.707106781
867.753084768 0.000000000 -0.000000000 1.000000000 -0.707106781 0.000000000 0.000000000 0.707106781
868.252803584 0.000000000 0.000000000 1.000000000 -0.707106781 0.000000000 0.000000000 0.707106781
868.752787296 0.000000000 -0.000000000 1.000000000 -0.707106781 0.000000000 0.000000000 0.707106781
869.253038592 0.000000000 0.000000000 1.000000000 -0.707106781 0.000000000 0.000000000 0.707106781
869.753317376 -0.000000000 -0.000000000 1.000000000 -0.707106781 0.000000000 0.000000000 0.707106781
870.252763296 -0.000000000 -0.000000000 1.000000000 -0.707106781 0.000000000 0.000000000 0.707106781
870.752959520 0.000000000 -0.000000000 1.000000000 -0.707106781 0.000000000 0.000000000 0.707106781
871.253003232 0.000000000 -0.000000000 1.000000000 -0.707106781 0.000000000 0.000000000 0.707106781
871.752785280 0.000000000 -0.000000000 1.000000000 -0.707106781 0.000000000 0.000000000 0.707106781
872.253763712 0.000000000 -0.000000000 1.000000000 -0.707106781 0.000000000 0.000000000 0.707106781
872.753615840 0.000000000 -0.000000000 1.000000000 -0.707106781 0.000000000 0.000000000 0.707106781
873.253150016 0.000000000 -0.000000000 1.000000000 -0.707106781 0.000000000 0.000000000 0.707106781
873.752934336 -0.000000000 -0.000000000 1.000000000 -0.707106781 0.000000000 0.000000000 0.707106781
874.252923168 0.000000000 -0.000000000 1.000000000 -0.707106781 0.000000000 0.000000000 0.707106781
874.753450240 0.000000000 -0.000000000 1.000000000 -0.707106781 0.000000000 0.000000000 0.707106781
875.252953632 -0.000000000 -0.000000000 1.000000000 -0.707106781 0.000000000 0.000000000 0.707106781
875.752921760 -0.000000000 0.000000000 1.000000000 -0.707106781 0.000000000 0.000000000 0.707106781
876.253323008 0.000000000 -0.000000000 1.000000000 -0.707106781 0.000000000 0.000000000 0.707106781
876.502827808 -0.000000000 -0.000000000 1.000000000 -0.707106781 0.000000000 0.000000000 0.707106781
876.752865536 0.000000000 0.000000000 1.000000000 -0.707106781 0.000000000 0.000000000 0.707106781
877.253188320 0.000000000 -0.000000000 1.000000000 -0.707106781 -0.000000000 -0.000000000 0.707106781
877.752940800 0.000000000 0.000000000 1.000000000 -0.707106781 0.000000000 0.000000000 0.707106781
878.252852384 0.071128973 0.577818151 0.941269427 -0.717692493 -0.016309376 -0.018567791 0.695921495
878.753087648 0.000000000 0.000000000 1.000000000 -0.707106781 0.000000000 0.000000000 0.707106781
879.253119104 0.000000000 -0.000000000 1.000000000 -0.707106781 0.000000000 0.000000000 0.707106781
879.503167008 -0.000000000 -0.000000000 1.000000000 -0.707106781 0.000000000 0.000000000 0.707106781
879.753988768 -0.000000000 -0.000000000 1.000000000 -0.707106781 0.000000000 0.000000000 0.707106781
880.253499968 -0.000000000 -0.000000000 1.000000000 -0.707106781 0.000000000 0.000000000 0.707106781
880.752980064 0.000000000 -0.000000000 1.000000000 -0.707106781 0.000000000 0.000000000 0.707106781
881.252841440 -0.000000000 0.000000000 1.000000000 -0.707106781 0.000000000 0.000000000 0.707106781
881.502919232 -0.000000000 0.000000000 1.000000000 -0.707106781 0.000000000 0.000000000 0.707106781
881.752852544 -0.000000000 0.000000000 1.000000000 -0.707106781 0.000000000 0.000000000 0.707106781
882.253426336 -0.000000000 0.000000000 1.000000000 -0.707106781 0.000000000 0.000000000 0.707106781
882.752839680 -0.000000000 0.000000000 1.000000000 -0.707106781 0.000000000 0.000000000 0.707106781
883.253041632 -0.000000000 0.000000000 1.000000000 -0.707106781 0.000000000 0.000000000 0.707106781
883.752805664 -0.000000000 0.000000000 1.000000000 -0.707106781 0.000000000 0.000000000 0.707106781
884.252689440 0.000000000 -0.000000000 1.000000000 -0.707106781 0.000000000 0.000000000 0.707106781
884.753119712 0.000000000 0.000000000 1.000000000 -0.707106781 0.000000000 0.000000000 0.707106781
885.252785248 -0.000000000 -0.000000000 1.000000000 -0.707106781 0.000000000 0.000000000 0.707106781
885.753196992 -0.000000000 0.000000000 1.000000000 -0.707106781 0.000000000 0.000000000 0.707106781
886.253125120 0.000000000 0.000000000 1.000000000 -0.707106781 0.000000000 0.000000000 0.707106781
886.753632064 0.000000000 -0.000000000 1.000000000 -0.707106781 -0.000000000 -0.000000000 0.707106781
887.252848192 0.000000000 -0.000000000 1.000000000 -0.707106781 0.000000000 0.000000000 0.707106781
887.752865696 0.000000000 -0.000000000 1.000000000 -0.707106781 0.000000000 0.000000000 0.707106781
888.253097536 0.000000000 -0.000000000 1.000000000 -0.707106781 0.000000000 0.000000000 0.707106781
888.752894624 0.000000000 0.000000000 1.000000000 -0.707106781 0.000000000 0.000000000 0.707106781
889.252767680 0.000000000 -0.000000000 1.000000000 -0.707106781 0.000000000 0.000000000 0.707106781
889.753268768 -0.000000000 -0.000000000 1.000000000 -0.707106781 0.000000000 0.000000000 0.707106781
890.252789984 0.019630892 0.091365904 0.963389665 -0.708029207 -0.003365609 0.002471686 0.706170805
890.752897568 0.026167705 0.240963744 0.965620684 -0.707200664 -0.005230475 0.004261962 0.706980692
891.252827520 0.026502253 0.253469374 0.965738017 -0.707187448 -0.005002833 0.004390897 0.706994770
