3318.105186336 0.000000000 -0.000000000 1.000000000 -0.707106781 0.000000000 0.000000000 0.707106781
3318.605220832 -0.000000000 -0.000000000 1.000000000 -0.707106781 0.000000000 0.000000000 0.707106781
3319.105017856 0.152387120 2.315674500 1.465488971 -0.709907978 0.003316525 -0.016792833 0.704086404
3319.605354560 0.245483472 4.944120213 1.203986334 -0.715986722 0.016236087 -0.007699556 0.697882598
3320.105366592 0.245483472 4.944120213 1.203986334 -0.715986722 0.016236087 -0.007699556 0.697882598
3320.605301824 0.245483472 4.944120213 1.203986334 -0.715986722 0.016236087 -0.007699556 0.697882598
3321.105305312 0.245483472 4.944120213 1.203986334 -0.715986722 0.016236087 -0.007699556 0.697882598
3321.605196512 0.245483472 4.944120213 1.203986334 -0.715986722 0.016236087 -0.007699556 0.697882598
3322.105240992 0.245483472 4.944120213 1.203986334 -0.715986722 0.016236087 -0.007699556 0.697882598
3322.605365632 0.245483472 4.944120213 1.203986334 -0.715986722 0.016236087 -0.007699556 0.697882598
3323.105151776 0.245483472 4.944120213 1.203986334 -0.715986722 0.016236087 -0.007699556 0.697882598
3323.605334880 0.245483472 4.944120213 1.203986334 -0.715986722 0.016236087 -0.007699556 0.697882598
3324.105377504 0.245483472 4.944120213 1.203986334 -0.715986722 0.016236087 -0.007699556 0.697882598
3324.355112992 0.245483472 4.944120213 1.203986334 -0.715986722 0.016236087 -0.007699556 0.697882598
3326.605256672 0.245483472 4.944120213 1.203986334 -0.715986722 0.016236087 -0.007699556 0.697882598
3327.106142944 0.245483472 4.944120213 1.203986334 -0.715986722 0.016236087 -0.007699556 0.697882598
3327.605610720 0.245483472 4.944120213 1.203986334 -0.715986722 0.016236087 -0.007699556 0.697882598
3328.106798848 0.245483472 4.944120213 1.203986334 -0.715986722 0.016236087 -0.007699556 0.697882598
3328.605037056 0.245483472 4.944120213 1.203986334 -0.715986722 0.016236087 -0.007699556 0.697882598
3329.105805440 0.245483472 4.944120213 1.203986334 -0.715986722 0.016236087 -0.007699556 0.697882598
3329.605553888 0.245483472 4.944120213 1.203986334 -0.715986722 0.016236087 -0.007699556 0.697882598
