1325.761694112 0.000000000 -0.000000000 1.000000000 -0.707106781 0.000000000 0.000000000 0.707106781
1326.266449664 -0.006297947 -0.025424054 1.009862058 -0.706671535 -0.001461523 -0.000928258 0.707539641
1326.761952320 -0.006297947 -0.025424054 1.009862058 -0.706671535 -0.001461523 -0.000928258 0.707539641
1327.266064576 0.160698413 0.925520543 1.182715016 -0.723908496 -0.024251413 -0.001660509 0.689467622
1327.761718208 0.160698413 0.925520543 1.182715016 -0.723908496 -0.024251413 -0.001660509 0.689467622
1328.265983808 0.160698413 0.925520543 1.182715016 -0.723908496 -0.024251413 -0.001660509 0.689467622
1328.762001728 0.160698413 0.925520543 1.182715016 -0.723908496 -0.024251413 -0.001660509 0.689467622
1329.266356384 0.160698413 0.925520543 1.182715016 -0.723908496 -0.024251413 -0.001660509 0.689467622
1329.761829440 0.160698413 0.925520543 1.182715016 -0.723908496 -0.024251413 -0.001660509 0.689467622
1330.266187104 0.160698413 0.925520543 1.182715016 -0.723908496 -0.024251413 -0.001660509 0.689467622
1330.761990176 0.160698413 0.925520543 1.182715016 -0.723908496 -0.024251413 -0.001660509 0.689467622
1331.265818592 0.160698413 0.925520543 1.182715016 -0.723908496 -0.024251413 -0.001660509 0.689467622
1331.761607072 0.160698413 0.925520543 1.182715016 -0.723908496 -0.024251413 -0.001660509 0.689467622
1332.266074272 0.160698413 0.925520543 1.182715016 -0.723908496 -0.024251413 -0.001660509 0.689467622
1332.515951200 0.160698413 0.925520543 1.182715016 -0.723908496 -0.024251413 -0.001660509 0.689467622
1333.015944224 0.160698413 0.925520543 1.182715016 -0.723908496 -0.024251413 -0.001660509 0.689467622
1333.266017984 0.160698413 0.925520543 1.182715016 -0.723908496 -0.024251413 -0.001660509 0.689467622
1333.516308576 0.160698413 0.925520543 1.182715016 -0.723908496 -0.024251413 -0.001660509 0.689467622
1334.015765344 0.160698413 0.925520543 1.182715016 -0.723908496 -0.024251413 -0.001660509 0.689467622
1334.266130208 0.160698413 0.925520543 1.182715016 -0.723908496 -0.024251413 -0.001660509 0.689467622
1334.515876192 0.160698413 0.925520543 1.182715016 -0.723908496 -0.024251413 -0.001660509 0.689467622
1335.015902080 0.160698413 0.925520543 1.182715016 -0.723908496 -0.024251413 -0.001660509 0.689467622
1335.266070848 0.160698413 0.925520543 1.182715016 -0.723908496 -0.024251413 -0.001660509 0.689467622
1335.516103136 0.160698413 0.925520543 1.182715016 -0.723908496 -0.024251413 -0.001660509 0.689467622
1336.016323872 0.160698413 0.925520543 1.182715016 -0.723908496 -0.024251413 -0.001660509 0.689467622
1336.515853664 0.160698413 0.925520543 1.182715016 -0.723908496 -0.024251413 -0.001660509 0.689467622
1337.015865696 0.160698413 0.925520543 1.182715016 -0.723908496 -0.024251413 -0.001660509 0.689467622
1337.265708000 0.160698413 0.925520543 1.182715016 -0.723908496 -0.024251413 -0.001660509 0.689467622
1337.516128736 0.160698413 0.925520543 1.182715016 -0.723908496 -0.024251413 -0.001660509 0.689467622
1338.016001248 0.160698413 0.925520543 1.182715016 -0.723908496 -0.024251413 -0.001660509 0.689467622
1338.515828928 0.160698413 0.925520543 1.182715016 -0.723908496 -0.024251413 -0.001660509 0.689467622
1339.016096832 0.262613044 -1.299659444 0.797031681 -0.718780910 -0.033104232 -0.000630333 0.694447778
1339.515978208 0.268897615 -1.068600571 0.800118360 -0.719764985 -0.033870759 0.001826702 0.693388637
1340.016193056 0.271770615 -1.001039664 0.800610621 -0.719534470 -0.032571192 0.003711668 0.693682555
1340.515893888 0.269624803 -0.937349319 0.797582896 -0.720887585 -0.033788338 0.002853671 0.692221998
