2364.898185952 0.000000000 -0.000000000 1.000000000 -0.707106781 0.000000000 0.000000000 0.707106781
2366.150401568 0.062273125 0.571807337 1.051698672 -0.714078575 0.021683612 0.008214468 0.699681451
2366.646651808 0.062273125 0.571807337 1.051698672 -0.714078575 0.021683612 0.008214468 0.699681451
2367.150669952 0.302535788 2.076029167 1.016952151 -0.715311980 0.060757084 0.033125621 0.695370434
2367.646743328 0.302535788 2.076029167 1.016952151 -0.715311980 0.060757084 0.033125621 0.695370434
2368.150763328 0.302535788 2.076029167 1.016952151 -0.715311980 0.060757084 0.033125621 0.695370434
2368.650174752 0.302535788 2.076029167 1.016952151 -0.715311980 0.060757084 0.033125621 0.695370434
2369.150711552 0.302535788 2.076029167 1.016952151 -0.715311980 0.060757084 0.033125621 0.695370434
2369.651093184 0.302535788 2.076029167 1.016952151 -0.715311980 0.060757084 0.033125621 0.695370434
2370.150544064 0.302535788 2.076029167 1.016952151 -0.715311980 0.060757084 0.033125621 0.695370434
2370.650569504 0.302535788 2.076029167 1.016952151 -0.715311980 0.060757084 0.033125621 0.695370434
2371.150846176 0.302535788 2.076029167 1.016952151 -0.715311980 0.060757084 0.033125621 0.695370434
2371.650230144 0.302535788 2.076029167 1.016952151 -0.715311980 0.060757084 0.033125621 0.695370434
2372.150534496 0.302535788 2.076029167 1.016952151 -0.715311980 0.060757084 0.033125621 0.695370434
2372.400700800 0.302535788 2.076029167 1.016952151 -0.715311980 0.060757084 0.033125621 0.695370434
2372.900170016 0.302535788 2.076029167 1.016952151 -0.715311980 0.060757084 0.033125621 0.695370434
2373.150466880 0.302535788 2.076029167 1.016952151 -0.715311980 0.060757084 0.033125621 0.695370434
2373.401274272 0.302535788 2.076029167 1.016952151 -0.715311980 0.060757084 0.033125621 0.695370434
2373.900418464 0.302535788 2.076029167 1.016952151 -0.715311980 0.060757084 0.033125621 0.695370434
2374.400571264 0.302535788 2.076029167 1.016952151 -0.715311980 0.060757084 0.033125621 0.695370434
2374.900741120 0.302535788 2.076029167 1.016952151 -0.715311980 0.060757084 0.033125621 0.695370434
2375.400886784 0.302535788 2.076029167 1.016952151 -0.715311980 0.060757084 0.033125621 0.695370434
2375.900222240 0.302535788 2.076029167 1.016952151 -0.715311980 0.060757084 0.033125621 0.695370434
2376.401250848 0.302535788 2.076029167 1.016952151 -0.715311980 0.060757084 0.033125621 0.695370434
2376.900720512 0.302535788 2.076029167 1.016952151 -0.715311980 0.060757084 0.033125621 0.695370434
2377.400531808 0.302535788 2.076029167 1.016952151 -0.715311980 0.060757084 0.033125621 0.695370434
2377.900486592 0.302535788 2.076029167 1.016952151 -0.715311980 0.060757084 0.033125621 0.695370434
2378.400839744 0.346197014 2.740500893 1.030533667 -0.714000671 0.059935424 0.031984694 0.696841278
