1062.911167168 0.000000000 -0.000000000 1.000000000 -0.707106781 0.000000000 0.000000000 0.707106781
1063.410368000 -0.035015045 2.050252919 1.613792368 -0.732456703 0.004329025 -0.001402916 0.680798406
1063.911329792 0.188638144 4.330213929 1.942189602 -0.752022098 0.003808931 0.001692575 0.659124716
1064.410784672 0.393099001 6.322255729 1.922427109 -0.766714934 -0.007257674 0.002546780 0.641941625
1064.911124544 0.393099001 6.322255729 1.922427109 -0.766714934 -0.007257674 0.002546780 0.641941625
1065.411078080 0.393099001 6.322255729 1.922427109 -0.766714934 -0.007257674 0.002546780 0.641941625
1065.911182592 0.393099001 6.322255729 1.922427109 -0.766714934 -0.007257674 0.002546780 0.641941625
1066.410888384 0.393099001 6.322255729 1.922427109 -0.766714934 -0.007257674 0.002546780 0.641941625
1066.911057504 0.393099001 6.322255729 1.922427109 -0.766714934 -0.007257674 0.002546780 0.641941625
1067.410837664 0.393099001 6.322255729 1.922427109 -0.766714934 -0.007257674 0.002546780 0.641941625
1067.910666752 0.393099001 6.322255729 1.922427109 -0.766714934 -0.007257674 0.002546780 0.641941625
1068.410746784 0.393099001 6.322255729 1.922427109 -0.766714934 -0.007257674 0.002546780 0.641941625
1068.911241280 0.393099001 6.322255729 1.922427109 -0.766714934 -0.007257674 0.002546780 0.641941625
1069.411134432 0.393099001 6.322255729 1.922427109 -0.766714934 -0.007257674 0.002546780 0.641941625
1071.911058688 0.393099001 6.322255729 1.922427109 -0.766714934 -0.007257674 0.002546780 0.641941625
1072.411234720 0.393099001 6.322255729 1.922427109 -0.766714934 -0.007257674 0.002546780 0.641941625
1072.910754752 0.393099001 6.322255729 1.922427109 -0.766714934 -0.007257674 0.002546780 0.641941625
1073.410798624 0.393099001 6.322255729 1.922427109 -0.766714934 -0.007257674 0.002546780 0.641941625
1073.910859648 0.393099001 6.322255729 1.922427109 -0.766714934 -0.007257674 0.002546780 0.641941625
1074.410962944 0.393099001 6.322255729 1.922427109 -0.766714934 -0.007257674 0.002546780 0.641941625
1074.910883552 0.393099001 6.322255729 1.922427109 -0.766714934 -0.007257674 0.002546780 0.641941625
1075.410900384 0.393099001 6.322255729 1.922427109 -0.766714934 -0.007257674 0.002546780 0.641941625
1075.910492352 0.393099001 6.322255729 1.922427109 -0.766714934 -0.007257674 0.002546780 0.641941625
1076.409510720 0.393099001 6.322255729 1.922427109 -0.766714934 -0.007257674 0.002546780 0.641941625
1076.909365504 0.393099001 6.322255729 1.922427109 -0.766714934 -0.007257674 0.002546780 0.641941625
1077.409433088 0.393099001 6.322255729 1.922427109 -0.766714934 -0.007257674 0.002546780 0.641941625
1077.909900224 0.393099001 6.322255729 1.922427109 -0.766714934 -0.007257674 0.002546780 0.641941625
1078.410495040 0.393099001 6.322255729 1.922427109 -0.766714934 -0.007257674 0.002546780 0.641941625
1078.910871488 0.393099001 6.322255729 1.922427109 -0.766714934 -0.007257674 0.002546780 0.641941625
1079.410838016 -0.365762164 7.533481009 2.184831276 -0.768428320 -0.003398184 0.000542836 0.639926617
1079.910899360 -1.584454043 12.539876339 2.224529404 -0.770815400 -0.008719059 0.002067843 0.636995542
1080.410870176 -1.978972413 12.564336343 1.875618663 -0.767040746 0.002932402 0.000064575 0.641591685
1080.910619744 -1.967665744 14.477338323 1.815968381 -0.758435969 0.020028696 -0.023129438 0.651029002
1081.410549216 -1.967665744 14.477338323 1.815968381 -0.758435969 0.020028696 -0.023129438 0.651029002
1081.910895776 -1.967665744 14.477338323 1.815968381 -0.758435969 0.020028696 -0.023129438 0.651029002
1082.410660704 -1.967665744 14.477338323 1.815968381 -0.758435969 0.020028696 -0.023129438 0.651029002
1082.910477952 -1.967665744 14.477338323 1.815968381 -0.758435969 0.020028696 -0.023129438 0.651029002
1083.410507712 -1.967665744 14.477338323 1.815968381 -0.758435969 0.020028696 -0.023129438 0.651029002
1083.910511424 -1.967665744 14.477338323 1.815968381 -0.758435969 0.020028696 -0.023129438 0.651029002
1084.410609440 -1.967665744 14.477338323 1.815968381 -0.758435969 0.020028696 -0.023129438 0.651029002
1084.911223936 -1.967665744 14.477338323 1.815968381 -0.758435969 0.020028696 -0.023129438 0.651029002
1085.410752352 -1.967665744 14.477338323 1.815968381 -0.758435969 0.020028696 -0.023129438 0.651029002
1085.910481216 -1.967665744 14.477338323 1.815968381 -0.758435969 0.020028696 -0.023129438 0.651029002
1086.410781440 -1.967665744 14.477338323 1.815968381 -0.758435969 0.020028696 -0.023129438 0.651029002
1086.911292288 -1.967665744 14.477338323 1.815968381 -0.758435969 0.020028696 -0.023129438 0.651029002
1087.161303776 -1.967665744 14.477338323 1.815968381 -0.758435969 0.020028696 -0.023129438 0.651029002
1089.161515168 -1.967665744 14.477338323 1.815968381 -0.758435969 0.020028696 -0.023129438 0.651029002
1089.660691808 -1.967665744 14.477338323 1.815968381 -0.758435969 0.020028696 -0.023129438 0.651029002
1090.161457664 -1.967665744 14.477338323 1.815968381 -0.758435969 0.020028696 -0.023129438 0.651029002
1090.660949184 -1.967665744 14.477338323 1.815968381 -0.758435969 0.020028696 -0.023129438 0.651029002
1091.160833632 -1.967665744 14.477338323 1.815968381 -0.758435969 0.020028696 -0.023129438 0.651029002
1091.660784320 -1.967665744 14.477338323 1.815968381 -0.758435969 0.020028696 -0.023129438 0.651029002
1092.160914336 -1.967665744 14.477338323 1.815968381 -0.758435969 0.020028696 -0.023129438 0.651029002
1092.660938144 -1.967665744 14.477338323 1.815968381 -0.758435969 0.020028696 -0.023129438 0.651029002
1093.161263712 -1.967665744 14.477338323 1.815968381 -0.758435969 0.020028696 -0.023129438 0.651029002
1093.660806656 -1.967665744 14.477338323 1.815968381 -0.758435969 0.020028696 -0.023129438 0.651029002
1094.160736608 -1.967665744 14.477338323 1.815968381 -0.758435969 0.020028696 -0.023129438 0.651029002
1094.661258944 -1.967665744 14.477338323 1.815968381 -0.758435969 0.020028696 -0.023129438 0.651029002
1095.160826144 -1.967665744 14.477338323 1.815968381 -0.758435969 0.020028696 -0.023129438 0.651029002
1095.661286624 -1.967665744 14.477338323 1.815968381 -0.758435969 0.020028696 -0.023129438 0.651029002
1096.160595200 -1.967665744 14.477338323 1.815968381 -0.758435969 0.020028696 -0.023129438 0.651029002
1096.660924032 -1.967665744 14.477338323 1.815968381 -0.758435969 0.020028696 -0.023129438 0.651029002
