1793.398042400 0.000000000 -0.000000000 1.000000000 -0.707106781 0.000000000 0.000000000 0.707106781
1793.897901856 0.181634695 2.389678962 1.345510965 -0.746071497 -0.004229175 0.000394726 0.665852295
1794.398354848 0.344269046 4.254787461 1.465437523 -0.751527602 0.011376920 0.011894184 0.659496291
1794.899552448 0.344269046 4.254787461 1.465437523 -0.751527602 0.011376920 0.011894184 0.659496291
1795.399120256 0.344269046 4.254787461 1.465437523 -0.751527602 0.011376920 0.011894184 0.659496291
1795.901197088 0.344269046 4.254787461 1.465437523 -0.751527602 0.011376920 0.011894184 0.659496291
1796.401823936 0.344269046 4.254787461 1.465437523 -0.751527602 0.011376920 0.011894184 0.659496291
1796.900627904 0.344269046 4.254787461 1.465437523 -0.751527602 0.011376920 0.011894184 0.659496291
1797.400377344 0.344269046 4.254787461 1.465437523 -0.751527602 0.011376920 0.011894184 0.659496291
1797.900587072 0.344269046 4.254787461 1.465437523 -0.751527602 0.011376920 0.011894184 0.659496291
1798.400313504 0.344269046 4.254787461 1.465437523 -0.751527602 0.011376920 0.011894184 0.659496291
1798.900440000 0.344269046 4.254787461 1.465437523 -0.751527602 0.011376920 0.011894184 0.659496291
1799.150468320 0.344269046 4.254787461 1.465437523 -0.751527602 0.011376920 0.011894184 0.659496291
1799.400940288 0.344269046 4.254787461 1.465437523 -0.751527602 0.011376920 0.011894184 0.659496291
1799.900400608 0.344269046 4.254787461 1.465437523 -0.751527602 0.011376920 0.011894184 0.659496291
1800.400884640 0.346838448 4.255034796 1.460656358 -0.750688454 0.015829628 0.003167371 0.660459109
1800.900771104 0.349134748 4.255207458 1.461915030 -0.751212228 0.015037646 0.003477526 0.659880266
1801.400801216 0.349134748 4.255207458 1.461915030 -0.751212228 0.015037646 0.003477526 0.659880266
1801.899410432 0.349134748 4.255207458 1.461915030 -0.751212228 0.015037646 0.003477526 0.659880266
1802.398795776 0.349134748 4.255207458 1.461915030 -0.751212228 0.015037646 0.003477526 0.659880266
1802.898453568 0.349134748 4.255207458 1.461915030 -0.751212228 0.015037646 0.003477526 0.659880266
1803.398117056 0.349134748 4.255207458 1.461915030 -0.751212228 0.015037646 0.003477526 0.659880266
1803.898841504 0.346391797 4.269141067 1.457649856 -0.751154495 0.014765654 0.002899985 0.659954916
1804.397798144 0.347828090 4.415113989 1.431155634 -0.751128767 0.006019004 -0.008654406 0.660071547
