2364.898185952 0.000000000 -0.000000000 1.000000000 -0.707106781 0.000000000 0.000000000 0.707106781
2366.150401568 -0.015447402 1.198085249 1.411891767 -0.716997322 0.023086137 0.005111753 0.696674774
2366.646651808 0.105576649 4.146398585 1.773136591 -0.730420661 0.014877904 0.005390422 0.682814213
2367.150669952 0.257749960 5.280316505 1.851817304 -0.739526783 0.057984880 0.022785014 0.670237819
2367.646743328 0.257749960 5.280316505 1.851817304 -0.739526783 0.057984880 0.022785014 0.670237819
2368.150763328 0.257749960 5.280316505 1.851817304 -0.739526783 0.057984880 0.022785014 0.670237819
2368.650174752 0.257749960 5.280316505 1.851817304 -0.739526783 0.057984880 0.022785014 0.670237819
2369.150711552 0.257749960 5.280316505 1.851817304 -0.739526783 0.057984880 0.022785014 0.670237819
2369.651093184 0.257749960 5.280316505 1.851817304 -0.739526783 0.057984880 0.022785014 0.670237819
2370.150544064 0.257749960 5.280316505 1.851817304 -0.739526783 0.057984880 0.022785014 0.670237819
2370.650569504 0.257749960 5.280316505 1.851817304 -0.739526783 0.057984880 0.022785014 0.670237819
2371.150846176 0.257749960 5.280316505 1.851817304 -0.739526783 0.057984880 0.022785014 0.670237819
2371.401332864 0.257749960 5.280316505 1.851817304 -0.739526783 0.057984880 0.022785014 0.670237819
2371.900639744 0.257749960 5.280316505 1.851817304 -0.739526783 0.057984880 0.022785014 0.670237819
2372.150534496 0.257749960 5.280316505 1.851817304 -0.739526783 0.057984880 0.022785014 0.670237819
2372.400700800 0.257749960 5.280316505 1.851817304 -0.739526783 0.057984880 0.022785014 0.670237819
2372.900170016 0.257749960 5.280316505 1.851817304 -0.739526783 0.057984880 0.022785014 0.670237819
2373.150466880 0.257749960 5.280316505 1.851817304 -0.739526783 0.057984880 0.022785014 0.670237819
2373.401274272 0.257749960 5.280316505 1.851817304 -0.739526783 0.057984880 0.022785014 0.670237819
2373.900418464 0.257749960 5.280316505 1.851817304 -0.739526783 0.057984880 0.022785014 0.670237819
2374.400571264 0.257749960 5.280316505 1.851817304 -0.739526783 0.057984880 0.022785014 0.670237819
2374.900741120 0.257749960 5.280316505 1.851817304 -0.739526783 0.057984880 0.022785014 0.670237819
2375.400886784 0.257749960 5.280316505 1.851817304 -0.739526783 0.057984880 0.022785014 0.670237819
2375.900222240 0.257749960 5.280316505 1.851817304 -0.739526783 0.057984880 0.022785014 0.670237819
2376.401250848 0.257749960 5.280316505 1.851817304 -0.739526783 0.057984880 0.022785014 0.670237819
2376.900720512 0.257749960 5.280316505 1.851817304 -0.739526783 0.057984880 0.022785014 0.670237819
2377.400531808 0.257749960 5.280316505 1.851817304 -0.739526783 0.057984880 0.022785014 0.670237819
2377.900486592 0.257749960 5.280316505 1.851817304 -0.739526783 0.057984880 0.022785014 0.670237819
2378.400839744 0.287347783 5.687910674 1.818519886 -0.737331753 0.055534989 0.021224573 0.672909555
