2232.897246400 0.000000000 -0.000000000 1.000000000 -0.707106781 0.000000000 0.000000000 0.707106781
2233.397426688 0.000433815 0.002247794 0.997355526 -0.707361024 0.000524044 0.000695182 0.706851911
2234.149724064 0.092602212 1.065119369 1.222253540 -0.722900186 0.019919805 0.009195577 0.690604057
2234.646514848 0.158676256 1.993097413 1.327362332 -0.703659370 0.012899222 0.013085246 0.710299850
2235.148917760 0.158676256 1.993097413 1.327362332 -0.703659370 0.012899222 0.013085246 0.710299850
2235.646583424 0.158676256 1.993097413 1.327362332 -0.703659370 0.012899222 0.013085246 0.710299850
2236.150348128 0.158676256 1.993097413 1.327362332 -0.703659370 0.012899222 0.013085246 0.710299850
2236.650562816 0.158676256 1.993097413 1.327362332 -0.703659370 0.012899222 0.013085246 0.710299850
2237.150673024 0.158676256 1.993097413 1.327362332 -0.703659370 0.012899222 0.013085246 0.710299850
2237.650639104 0.158676256 1.993097413 1.327362332 -0.703659370 0.012899222 0.013085246 0.710299850
2238.150307040 0.158676256 1.993097413 1.327362332 -0.703659370 0.012899222 0.013085246 0.710299850
2238.650567424 0.158676256 1.993097413 1.327362332 -0.703659370 0.012899222 0.013085246 0.710299850
2239.150627904 0.158676256 1.993097413 1.327362332 -0.703659370 0.012899222 0.013085246 0.710299850
2239.400684896 0.158676256 1.993097413 1.327362332 -0.703659370 0.012899222 0.013085246 0.710299850
2239.900516800 0.158676256 1.993097413 1.327362332 -0.703659370 0.012899222 0.013085246 0.710299850
2240.150674144 0.158676256 1.993097413 1.327362332 -0.703659370 0.012899222 0.013085246 0.710299850
2240.400730272 0.158676256 1.993097413 1.327362332 -0.703659370 0.012899222 0.013085246 0.710299850
2240.900399776 0.166803671 2.028747750 1.306235988 -0.701739519 0.013280241 0.009834028 0.712241935
2241.150490432 0.166803671 2.028747750 1.306235988 -0.701739519 0.013280241 0.009834028 0.712241935
2241.650431648 0.166803671 2.028747750 1.306235988 -0.701739519 0.013280241 0.009834028 0.712241935
2242.151836256 0.166803671 2.028747750 1.306235988 -0.701739519 0.013280241 0.009834028 0.712241935
2242.649903744 0.166803671 2.028747750 1.306235988 -0.701739519 0.013280241 0.009834028 0.712241935
2243.150524352 0.166803671 2.028747750 1.306235988 -0.701739519 0.013280241 0.009834028 0.712241935
2243.648779040 0.166803671 2.028747750 1.306235988 -0.701739519 0.013280241 0.009834028 0.712241935
2244.150258304 0.166803671 2.028747750 1.306235988 -0.701739519 0.013280241 0.009834028 0.712241935
2244.647952640 0.166803671 2.028747750 1.306235988 -0.701739519 0.013280241 0.009834028 0.712241935
2245.150668640 0.166803671 2.028747750 1.306235988 -0.701739519 0.013280241 0.009834028 0.712241935
2245.647139072 0.166803671 2.028747750 1.306235988 -0.701739519 0.013280241 0.009834028 0.712241935
2246.150354528 0.226238220 2.514826615 1.283106588 -0.693474082 -0.000223700 0.003074292 0.720474979
