952.795626944 0.000000000 -0.000000000 1.000000000 -0.707106781 0.000000000 0.000000000 0.707106781
953.292299680 -0.000000000 0.000000000 1.000000000 -0.707106781 0.000000000 0.000000000 0.707106781
953.796075456 0.000000000 0.000000000 1.000000000 -0.707106781 0.000000000 0.000000000 0.707106781
954.292148544 0.101167295 1.946540240 1.369290755 -0.725916428 -0.003478978 0.012760991 0.687655724
954.796154240 0.101167295 1.946540240 1.369290755 -0.725916428 -0.003478978 0.012760991 0.687655724
955.292700544 0.101167295 1.946540240 1.369290755 -0.725916428 -0.003478978 0.012760991 0.687655724
955.795991936 0.101167295 1.946540240 1.369290755 -0.725916428 -0.003478978 0.012760991 0.687655724
956.295900416 0.101167295 1.946540240 1.369290755 -0.725916428 -0.003478978 0.012760991 0.687655724
956.796001312 0.101167295 1.946540240 1.369290755 -0.725916428 -0.003478978 0.012760991 0.687655724
957.296071104 0.101167295 1.946540240 1.369290755 -0.725916428 -0.003478978 0.012760991 0.687655724
957.796031136 0.101167295 1.946540240 1.369290755 -0.725916428 -0.003478978 0.012760991 0.687655724
958.296049600 0.101167295 1.946540240 1.369290755 -0.725916428 -0.003478978 0.012760991 0.687655724
958.796717792 0.032162137 1.300193010 1.632973788 -0.708800266 -0.042062276 -0.111894082 0.695206921
959.046551776 0.101167295 1.946540240 1.369290755 -0.725916428 -0.003478978 0.012760991 0.687655724
959.546509312 0.101167295 1.946540240 1.369290755 -0.725916428 -0.003478978 0.012760991 0.687655724
960.046511680 0.101167295 1.946540240 1.369290755 -0.725916428 -0.003478978 0.012760991 0.687655724
960.546089728 0.101167295 1.946540240 1.369290755 -0.725916428 -0.003478978 0.012760991 0.687655724
961.045920032 0.101167295 1.946540240 1.369290755 -0.725916428 -0.003478978 0.012760991 0.687655724
961.546358848 0.101167295 1.946540240 1.369290755 -0.725916428 -0.003478978 0.012760991 0.687655724
961.795531296 0.101167295 1.946540240 1.369290755 -0.725916428 -0.003478978 0.012760991 0.687655724
962.294669888 0.101167295 1.946540240 1.369290755 -0.725916428 -0.003478978 0.012760991 0.687655724
962.545584832 0.101167295 1.946540240 1.369290755 -0.725916428 -0.003478978 0.012760991 0.687655724
962.795585408 0.101167295 1.946540240 1.369290755 -0.725916428 -0.003478978 0.012760991 0.687655724
963.293349856 0.101167295 1.946540240 1.369290755 -0.725916428 -0.003478978 0.012760991 0.687655724
963.795635200 0.101167295 1.946540240 1.369290755 -0.725916428 -0.003478978 0.012760991 0.687655724
964.292226368 0.101167295 1.946540240 1.369290755 -0.725916428 -0.003478978 0.012760991 0.687655724
964.795760576 0.101167295 1.946540240 1.369290755 -0.725916428 -0.003478978 0.012760991 0.687655724
965.292560608 0.101167295 1.946540240 1.369290755 -0.725916428 -0.003478978 0.012760991 0.687655724
965.795521760 0.101167295 1.946540240 1.369290755 -0.725916428 -0.003478978 0.012760991 0.687655724
966.292110176 0.101167295 1.946540240 1.369290755 -0.725916428 -0.003478978 0.012760991 0.687655724
966.793079104 0.101167295 1.946540240 1.369290755 -0.725916428 -0.003478978 0.012760991 0.687655724
967.291717024 0.101167295 1.946540240 1.369290755 -0.725916428 -0.003478978 0.012760991 0.687655724
967.793035296 0.101167295 1.946540240 1.369290755 -0.725916428 -0.003478978 0.012760991 0.687655724
968.291760672 0.101167295 1.946540240 1.369290755 -0.725916428 -0.003478978 0.012760991 0.687655724
968.793621984 0.101167295 1.946540240 1.369290755 -0.725916428 -0.003478978 0.012760991 0.687655724
969.292213504 0.101167295 1.946540240 1.369290755 -0.725916428 -0.003478978 0.012760991 0.687655724
969.794436896 0.101167295 1.946540240 1.369290755 -0.725916428 -0.003478978 0.012760991 0.687655724
970.292727392 0.101167295 1.946540240 1.369290755 -0.725916428 -0.003478978 0.012760991 0.687655724
970.795176864 0.016834928 2.944940223 1.431672005 -0.734569249 -0.010530848 -0.011238841 0.678358908
971.292813056 0.138970250 4.401769886 1.395985305 -0.739164916 -0.014183095 -0.006240840 0.673346210
971.795503552 0.229240692 5.768901851 1.402370855 -0.746692978 -0.012837232 0.003014020 0.665038132
972.293275936 0.157539034 7.409954856 1.468525561 -0.730790628 -0.068592601 0.099991094 0.671745408
972.795542208 0.157539034 7.409954856 1.468525561 -0.730790628 -0.068592601 0.099991094 0.671745408
973.293158816 0.157539034 7.409954856 1.468525561 -0.730790628 -0.068592601 0.099991094 0.671745408
973.795542752 0.157539034 7.409954856 1.468525561 -0.730790628 -0.068592601 0.099991094 0.671745408
974.295524320 0.157539034 7.409954856 1.468525561 -0.730790628 -0.068592601 0.099991094 0.671745408
974.795862720 0.157539034 7.409954856 1.468525561 -0.730790628 -0.068592601 0.099991094 0.671745408
975.295514624 0.157539034 7.409954856 1.468525561 -0.730790628 -0.068592601 0.099991094 0.671745408
975.795543680 0.157539034 7.409954856 1.468525561 -0.730790628 -0.068592601 0.099991094 0.671745408
976.295553920 0.157539034 7.409954856 1.468525561 -0.730790628 -0.068592601 0.099991094 0.671745408
976.795559904 0.157539034 7.409954856 1.468525561 -0.730790628 -0.068592601 0.099991094 0.671745408
977.295484448 0.157539034 7.409954856 1.468525561 -0.730790628 -0.068592601 0.099991094 0.671745408
977.795750720 0.157539034 7.409954856 1.468525561 -0.730790628 -0.068592601 0.099991094 0.671745408
978.045868352 0.157539034 7.409954856 1.468525561 -0.730790628 -0.068592601 0.099991094 0.671745408
978.545694272 0.157539034 7.409954856 1.468525561 -0.730790628 -0.068592601 0.099991094 0.671745408
978.795542592 0.157539034 7.409954856 1.468525561 -0.730790628 -0.068592601 0.099991094 0.671745408
979.295650592 0.157539034 7.409954856 1.468525561 -0.730790628 -0.068592601 0.099991094 0.671745408
979.795837792 0.157539034 7.409954856 1.468525561 -0.730790628 -0.068592601 0.099991094 0.671745408
980.295887424 0.157539034 7.409954856 1.468525561 -0.730790628 -0.068592601 0.099991094 0.671745408
980.795504384 0.157539034 7.409954856 1.468525561 -0.730790628 -0.068592601 0.099991094 0.671745408
981.294175328 0.157539034 7.409954856 1.468525561 -0.730790628 -0.068592601 0.099991094 0.671745408
981.796679744 0.157539034 7.409954856 1.468525561 -0.730790628 -0.068592601 0.099991094 0.671745408
982.293615040 0.157539034 7.409954856 1.468525561 -0.730790628 -0.068592601 0.099991094 0.671745408
982.795719552 0.157539034 7.409954856 1.468525561 -0.730790628 -0.068592601 0.099991094 0.671745408
983.292361344 0.157539034 7.409954856 1.468525561 -0.730790628 -0.068592601 0.099991094 0.671745408
983.795985184 0.157539034 7.409954856 1.468525561 -0.730790628 -0.068592601 0.099991094 0.671745408
984.293404608 0.157539034 7.409954856 1.468525561 -0.730790628 -0.068592601 0.099991094 0.671745408
984.795855872 0.157539034 7.409954856 1.468525561 -0.730790628 -0.068592601 0.099991094 0.671745408
985.296066208 0.157539034 7.409954856 1.468525561 -0.730790628 -0.068592601 0.099991094 0.671745408
985.796323232 0.157539034 7.409954856 1.468525561 -0.730790628 -0.068592601 0.099991094 0.671745408
986.294448736 0.157539034 7.409954856 1.468525561 -0.730790628 -0.068592601 0.099991094 0.671745408
986.795911840 0.157539034 7.409954856 1.468525561 -0.730790628 -0.068592601 0.099991094 0.671745408
987.293061344 0.070753978 7.995023703 1.441995150 -0.725878511 -0.062743458 0.111946716 0.675745202
987.795776000 0.028372679 8.217846503 1.434026754 -0.726414804 -0.064792658 0.115153252 0.674435447
