1414.762368000 0.000000000 -0.000000000 1.000000000 -0.707106781 0.000000000 0.000000000 0.707106781
1415.266350080 0.004065486 0.021089510 0.991705119 -0.704685675 0.002221347 0.005156028 0.709497414
1415.761642336 0.004065486 0.021089510 0.991705119 -0.704685675 0.002221347 0.005156028 0.709497414
1416.266355648 0.111793029 1.127142832 1.271227308 -0.698620172 -0.023797603 -0.013818222 0.714963346
1416.762405088 0.111793029 1.127142832 1.271227308 -0.698620172 -0.023797603 -0.013818222 0.714963346
1417.266295328 0.111793029 1.127142832 1.271227308 -0.698620172 -0.023797603 -0.013818222 0.714963346
1417.761985408 0.111793029 1.127142832 1.271227308 -0.698620172 -0.023797603 -0.013818222 0.714963346
1418.266146880 0.111793029 1.127142832 1.271227308 -0.698620172 -0.023797603 -0.013818222 0.714963346
1418.761731968 0.111793029 1.127142832 1.271227308 -0.698620172 -0.023797603 -0.013818222 0.714963346
1419.266654240 0.111793029 1.127142832 1.271227308 -0.698620172 -0.023797603 -0.013818222 0.714963346
1419.762344992 0.111793029 1.127142832 1.271227308 -0.698620172 -0.023797603 -0.013818222 0.714963346
1420.266293760 0.111793029 1.127142832 1.271227308 -0.698620172 -0.023797603 -0.013818222 0.714963346
1420.762203104 0.111793029 1.127142832 1.271227308 -0.698620172 -0.023797603 -0.013818222 0.714963346
1421.266730112 0.111793029 1.127142832 1.271227308 -0.698620172 -0.023797603 -0.013818222 0.714963346
1421.516464192 0.111793029 1.127142832 1.271227308 -0.698620172 -0.023797603 -0.013818222 0.714963346
1422.016264480 0.111793029 1.127142832 1.271227308 -0.698620172 -0.023797603 -0.013818222 0.714963346
1422.516387712 0.111793029 1.127142832 1.271227308 -0.698620172 -0.023797603 -0.013818222 0.714963346
1423.016498400 0.111793029 1.127142832 1.271227308 -0.698620172 -0.023797603 -0.013818222 0.714963346
1423.266645888 0.111793029 1.127142832 1.271227308 -0.698620172 -0.023797603 -0.013818222 0.714963346
1423.516279488 0.111793029 1.127142832 1.271227308 -0.698620172 -0.023797603 -0.013818222 0.714963346
1424.016982496 0.111793029 1.127142832 1.271227308 -0.698620172 -0.023797603 -0.013818222 0.714963346
1424.266502624 0.111793029 1.127142832 1.271227308 -0.698620172 -0.023797603 -0.013818222 0.714963346
1424.516339040 0.111793029 1.127142832 1.271227308 -0.698620172 -0.023797603 -0.013818222 0.714963346
1425.016858784 0.111793029 1.127142832 1.271227308 -0.698620172 -0.023797603 -0.013818222 0.714963346
1425.266379072 0.111793029 1.127142832 1.271227308 -0.698620172 -0.023797603 -0.013818222 0.714963346
1425.516329376 0.111793029 1.127142832 1.271227308 -0.698620172 -0.023797603 -0.013818222 0.714963346
1426.016252288 0.111793029 1.127142832 1.271227308 -0.698620172 -0.023797603 -0.013818222 0.714963346
1426.516316480 0.111793029 1.127142832 1.271227308 -0.698620172 -0.023797603 -0.013818222 0.714963346
1427.016140896 0.111793029 1.127142832 1.271227308 -0.698620172 -0.023797603 -0.013818222 0.714963346
1427.516565184 0.111793029 1.127142832 1.271227308 -0.698620172 -0.023797603 -0.013818222 0.714963346
1428.016447360 0.116456677 1.449413203 1.270896481 -0.696560087 -0.025314109 -0.010209720 0.716979082
