2134.646117536 0.000000000 -0.000000000 1.000000000 -0.707106781 0.000000000 0.000000000 0.707106781
2135.149605472 0.095566156 1.016880792 1.351767315 -0.712674709 0.012501396 -0.010751216 0.701300852
2135.645746848 0.167287634 1.990146597 1.484324206 -0.688093185 0.020300382 0.004644813 0.725323438
2136.149268384 0.257294767 3.305373673 1.658932811 -0.684311121 0.040889768 -0.013258528 0.727922062
2136.646418080 0.842424139 5.926926675 2.449702469 -0.648416098 0.016158813 0.024741921 0.760712360
2137.150582464 0.843061210 5.926908671 2.450352470 -0.648404579 0.016187616 0.024762673 0.760720890
2137.651126016 0.843109967 5.926901458 2.450355257 -0.648404916 0.016185591 0.024762981 0.760720636
2138.150823936 0.843114918 5.926907780 2.450359271 -0.648404997 0.016185408 0.024762861 0.760720575
2138.650210144 0.843119571 5.926916350 2.450362245 -0.648405029 0.016185246 0.024762732 0.760720556
2139.152038656 0.843119571 5.926916350 2.450362245 -0.648405029 0.016185246 0.024762732 0.760720556
2139.651532096 0.843119571 5.926916350 2.450362245 -0.648405029 0.016185246 0.024762732 0.760720556
2140.150565888 0.843119571 5.926916350 2.450362245 -0.648405029 0.016185246 0.024762732 0.760720556
2140.400119680 0.843119571 5.926916350 2.450362245 -0.648405029 0.016185246 0.024762732 0.760720556
2140.901657760 0.843119571 5.926916350 2.450362245 -0.648405029 0.016185246 0.024762732 0.760720556
2141.150826496 0.843119571 5.926916350 2.450362245 -0.648405029 0.016185246 0.024762732 0.760720556
2141.400495008 0.843119571 5.926916350 2.450362245 -0.648405029 0.016185246 0.024762732 0.760720556
2141.901053376 0.834260938 5.946702524 2.443871106 -0.646553743 0.018820427 0.022752192 0.762296784
2142.151028256 0.834260938 5.946702524 2.443871106 -0.646553743 0.018820427 0.022752192 0.762296784
2142.650518304 0.834260938 5.946702524 2.443871106 -0.646553743 0.018820427 0.022752192 0.762296784
2143.150502112 0.834260938 5.946702524 2.443871106 -0.646553743 0.018820427 0.022752192 0.762296784
2143.649924928 0.834260938 5.946702524 2.443871106 -0.646553743 0.018820427 0.022752192 0.762296784
2144.150866848 0.834260938 5.946702524 2.443871106 -0.646553743 0.018820427 0.022752192 0.762296784
2144.648175264 0.834260938 5.946702524 2.443871106 -0.646553743 0.018820427 0.022752192 0.762296784
2145.151087136 0.834260938 5.946702524 2.443871106 -0.646553743 0.018820427 0.022752192 0.762296784
2145.647808032 0.834260938 5.946702524 2.443871106 -0.646553743 0.018820427 0.022752192 0.762296784
2146.150577344 0.834260938 5.946702524 2.443871106 -0.646553743 0.018820427 0.022752192 0.762296784
2146.647454848 0.864872196 6.497808998 2.552529449 -0.650790486 0.020753659 0.027168357 0.758487250
