3467.102691616 0.000000000 -0.000000000 1.000000000 -0.707106781 0.000000000 0.000000000 0.707106781
3468.103027136 -0.018959671 1.577851484 1.133417924 -0.707473177 -0.020992746 0.018608046 0.706183226
3468.602803296 -0.041257228 2.589215689 1.175229122 -0.694284473 -0.001795531 0.004689775 0.719683161
3469.103014816 0.093469437 3.847170684 1.280568880 -0.692623728 0.025423114 0.031659836 0.720155324
3469.604213952 0.093469437 3.847170684 1.280568880 -0.692623728 0.025423114 0.031659836 0.720155324
3470.104427008 0.415068336 5.669690036 1.282265058 -0.731976590 0.008157152 0.060372169 0.678600717
3470.605489600 0.415068336 5.669690036 1.282265058 -0.731976590 0.008157152 0.060372169 0.678600717
3471.106228128 0.415068336 5.669690036 1.282265058 -0.731976590 0.008157152 0.060372169 0.678600717
3471.605317792 0.415068336 5.669690036 1.282265058 -0.731976590 0.008157152 0.060372169 0.678600717
3472.105463456 0.415068336 5.669690036 1.282265058 -0.731976590 0.008157152 0.060372169 0.678600717
3472.605273760 0.415068336 5.669690036 1.282265058 -0.731976590 0.008157152 0.060372169 0.678600717
3473.105462720 0.415068336 5.669690036 1.282265058 -0.731976590 0.008157152 0.060372169 0.678600717
3473.605435264 0.415068336 5.669690036 1.282265058 -0.731976590 0.008157152 0.060372169 0.678600717
3474.106177248 0.415068336 5.669690036 1.282265058 -0.731976590 0.008157152 0.060372169 0.678600717
3475.855647840 0.415068336 5.669690036 1.282265058 -0.731976590 0.008157152 0.060372169 0.678600717
3476.355206176 0.415068336 5.669690036 1.282265058 -0.731976590 0.008157152 0.060372169 0.678600717
3476.855192128 0.415068336 5.669690036 1.282265058 -0.731976590 0.008157152 0.060372169 0.678600717
3477.355424288 0.415068336 5.669690036 1.282265058 -0.731976590 0.008157152 0.060372169 0.678600717
3477.855394016 0.415068336 5.669690036 1.282265058 -0.731976590 0.008157152 0.060372169 0.678600717
3478.355331200 0.415068336 5.669690036 1.282265058 -0.731976590 0.008157152 0.060372169 0.678600717
3478.855286240 0.415068336 5.669690036 1.282265058 -0.731976590 0.008157152 0.060372169 0.678600717
3479.355574304 0.415068336 5.669690036 1.282265058 -0.731976590 0.008157152 0.060372169 0.678600717
3480.354905440 0.404014883 6.105172517 1.268391774 -0.728729971 0.003154241 0.063108924 0.681879713
