3362.852582176 0.000000000 -0.000000000 1.000000000 -0.707106781 0.000000000 0.000000000 0.707106781
3364.102806432 0.226269561 1.635795293 1.098319080 -0.725251320 0.015237569 -0.026216619 0.687816129
3364.602183936 0.327557212 2.640773131 1.206507330 -0.711740335 0.010629737 -0.021665824 0.702027989
3365.102760992 0.479947626 3.741082098 1.280950861 -0.713101014 0.031149225 -0.011181587 0.700279688
3365.604307232 0.479947626 3.741082098 1.280950861 -0.713101014 0.031149225 -0.011181587 0.700279688
3366.105228448 0.479947626 3.741082098 1.280950861 -0.713101014 0.031149225 -0.011181587 0.700279688
3366.605092160 0.479947626 3.741082098 1.280950861 -0.713101014 0.031149225 -0.011181587 0.700279688
3367.105493984 0.479947626 3.741082098 1.280950861 -0.713101014 0.031149225 -0.011181587 0.700279688
3367.606457344 0.479947626 3.741082098 1.280950861 -0.713101014 0.031149225 -0.011181587 0.700279688
3368.105236416 0.479947626 3.741082098 1.280950861 -0.713101014 0.031149225 -0.011181587 0.700279688
3368.605463936 0.479947626 3.741082098 1.280950861 -0.713101014 0.031149225 -0.011181587 0.700279688
3369.105203008 0.479947626 3.741082098 1.280950861 -0.713101014 0.031149225 -0.011181587 0.700279688
3369.610254912 0.479947626 3.741082098 1.280950861 -0.713101014 0.031149225 -0.011181587 0.700279688
3369.855339840 0.479947626 3.741082098 1.280950861 -0.713101014 0.031149225 -0.011181587 0.700279688
3370.105452320 0.479947626 3.741082098 1.280950861 -0.713101014 0.031149225 -0.011181587 0.700279688
3370.605417152 0.479947626 3.741082098 1.280950861 -0.713101014 0.031149225 -0.011181587 0.700279688
3371.855236512 0.479947626 3.741082098 1.280950861 -0.713101014 0.031149225 -0.011181587 0.700279688
3372.355327200 0.479947626 3.741082098 1.280950861 -0.713101014 0.031149225 -0.011181587 0.700279688
3372.855415616 0.479947626 3.741082098 1.280950861 -0.713101014 0.031149225 -0.011181587 0.700279688
3373.355138112 0.479947626 3.741082098 1.280950861 -0.713101014 0.031149225 -0.011181587 0.700279688
3373.855131136 0.479947626 3.741082098 1.280950861 -0.713101014 0.031149225 -0.011181587 0.700279688
3374.354889376 0.479947626 3.741082098 1.280950861 -0.713101014 0.031149225 -0.011181587 0.700279688
3374.855894304 0.479947626 3.741082098 1.280950861 -0.713101014 0.031149225 -0.011181587 0.700279688
3375.355183040 0.479947626 3.741082098 1.280950861 -0.713101014 0.031149225 -0.011181587 0.700279688
