953.044057472 0.000000000 -0.000000000 1.000000000 -0.707106781 0.000000000 0.000000000 0.707106781
953.543846688 -0.000000000 -0.000000000 1.000000000 -0.707106781 0.000000000 0.000000000 0.707106781
954.044023840 0.000000000 -0.000000000 1.000000000 -0.707106781 0.000000000 0.000000000 0.707106781
954.543743680 -0.138551853 1.469923777 0.939683183 -0.703179534 0.002876731 0.004073314 0.710994849
955.044568352 -0.138551853 1.469923777 0.939683183 -0.703179534 0.002876731 0.004073314 0.710994849
955.545355552 -0.138551853 1.469923777 0.939683183 -0.703179534 0.002876731 0.004073314 0.710994849
956.046133728 -0.138551853 1.469923777 0.939683183 -0.703179534 0.002876731 0.004073314 0.710994849
956.546032224 -0.138551853 1.469923777 0.939683183 -0.703179534 0.002876731 0.004073314 0.710994849
957.046393568 -0.138551853 1.469923777 0.939683183 -0.703179534 0.002876731 0.004073314 0.710994849
957.546068352 -0.138551853 1.469923777 0.939683183 -0.703179534 0.002876731 0.004073314 0.710994849
958.045780320 -0.138551853 1.469923777 0.939683183 -0.703179534 0.002876731 0.004073314 0.710994849
958.545784416 -0.138551853 1.469923777 0.939683183 -0.703179534 0.002876731 0.004073314 0.710994849
958.796717792 -0.138551853 1.469923777 0.939683183 -0.703179534 0.002876731 0.004073314 0.710994849
959.046551776 -0.138551853 1.469923777 0.939683183 -0.703179534 0.002876731 0.004073314 0.710994849
959.546509312 -0.138551853 1.469923777 0.939683183 -0.703179534 0.002876731 0.004073314 0.710994849
960.046511680 -0.138551853 1.469923777 0.939683183 -0.703179534 0.002876731 0.004073314 0.710994849
960.296170144 -0.138551853 1.469923777 0.939683183 -0.703179534 0.002876731 0.004073314 0.710994849
960.796051360 -0.138551853 1.469923777 0.939683183 -0.703179534 0.002876731 0.004073314 0.710994849
961.295754752 -0.138551853 1.469923777 0.939683183 -0.703179534 0.002876731 0.004073314 0.710994849
961.795531296 -0.138551853 1.469923777 0.939683183 -0.703179534 0.002876731 0.004073314 0.710994849
962.294669888 -0.138551853 1.469923777 0.939683183 -0.703179534 0.002876731 0.004073314 0.710994849
962.795585408 -0.138551853 1.469923777 0.939683183 -0.703179534 0.002876731 0.004073314 0.710994849
963.293349856 -0.138551853 1.469923777 0.939683183 -0.703179534 0.002876731 0.004073314 0.710994849
963.795635200 -0.138551853 1.469923777 0.939683183 -0.703179534 0.002876731 0.004073314 0.710994849
964.292226368 -0.138551853 1.469923777 0.939683183 -0.703179534 0.002876731 0.004073314 0.710994849
964.795760576 -0.138551853 1.469923777 0.939683183 -0.703179534 0.002876731 0.004073314 0.710994849
965.292560608 -0.138551853 1.469923777 0.939683183 -0.703179534 0.002876731 0.004073314 0.710994849
965.795521760 -0.138551853 1.469923777 0.939683183 -0.703179534 0.002876731 0.004073314 0.710994849
966.292110176 -0.138551853 1.469923777 0.939683183 -0.703179534 0.002876731 0.004073314 0.710994849
966.793079104 -0.138551853 1.469923777 0.939683183 -0.703179534 0.002876731 0.004073314 0.710994849
967.291717024 -0.138551853 1.469923777 0.939683183 -0.703179534 0.002876731 0.004073314 0.710994849
967.793035296 -0.138551853 1.469923777 0.939683183 -0.703179534 0.002876731 0.004073314 0.710994849
968.291760672 -0.138551853 1.469923777 0.939683183 -0.703179534 0.002876731 0.004073314 0.710994849
968.793621984 -0.138551853 1.469923777 0.939683183 -0.703179534 0.002876731 0.004073314 0.710994849
969.292213504 -0.138551853 1.469923777 0.939683183 -0.703179534 0.002876731 0.004073314 0.710994849
969.794436896 -0.138551853 1.469923777 0.939683183 -0.703179534 0.002876731 0.004073314 0.710994849
970.292727392 -0.138551853 1.469923777 0.939683183 -0.703179534 0.002876731 0.004073314 0.710994849
970.795176864 -0.138551853 1.469923777 0.939683183 -0.703179534 0.002876731 0.004073314 0.710994849
971.292813056 -0.138551853 1.469923777 0.939683183 -0.703179534 0.002876731 0.004073314 0.710994849
971.795503552 -0.030186088 2.978363530 1.080386852 -0.709114512 0.001611253 0.012456804 0.704981447
972.293275936 -0.030186088 2.978363530 1.080386852 -0.709114512 0.001611253 0.012456804 0.704981447
972.795542208 -0.030186088 2.978363530 1.080386852 -0.709114512 0.001611253 0.012456804 0.704981447
973.293158816 -0.030186088 2.978363530 1.080386852 -0.709114512 0.001611253 0.012456804 0.704981447
973.795542752 -0.030186088 2.978363530 1.080386852 -0.709114512 0.001611253 0.012456804 0.704981447
974.295524320 0.096916142 2.886271418 1.071611685 -0.720065796 -0.062873689 0.033012634 0.690262497
974.795862720 -0.030186088 2.978363530 1.080386852 -0.709114512 0.001611253 0.012456804 0.704981447
975.295514624 -0.030186088 2.978363530 1.080386852 -0.709114512 0.001611253 0.012456804 0.704981447
975.795543680 -0.030186088 2.978363530 1.080386852 -0.709114512 0.001611253 0.012456804 0.704981447
976.295553920 -0.030186088 2.978363530 1.080386852 -0.709114512 0.001611253 0.012456804 0.704981447
976.795559904 -0.030186088 2.978363530 1.080386852 -0.709114512 0.001611253 0.012456804 0.704981447
977.295484448 -0.030186088 2.978363530 1.080386852 -0.709114512 0.001611253 0.012456804 0.704981447
977.795750720 -0.030186088 2.978363530 1.080386852 -0.709114512 0.001611253 0.012456804 0.704981447
978.045868352 -0.030186088 2.978363530 1.080386852 -0.709114512 0.001611253 0.012456804 0.704981447
978.295917632 -0.030186088 2.978363530 1.080386852 -0.709114512 0.001611253 0.012456804 0.704981447
978.795542592 -0.030186088 2.978363530 1.080386852 -0.709114512 0.001611253 0.012456804 0.704981447
979.295650592 -0.030186088 2.978363530 1.080386852 -0.709114512 0.001611253 0.012456804 0.704981447
979.795837792 -0.030186088 2.978363530 1.080386852 -0.709114512 0.001611253 0.012456804 0.704981447
980.295887424 -0.030186088 2.978363530 1.080386852 -0.709114512 0.001611253 0.012456804 0.704981447
980.795504384 -0.030186088 2.978363530 1.080386852 -0.709114512 0.001611253 0.012456804 0.704981447
981.294175328 -0.030186088 2.978363530 1.080386852 -0.709114512 0.001611253 0.012456804 0.704981447
981.796679744 -0.030186088 2.978363530 1.080386852 -0.709114512 0.001611253 0.012456804 0.704981447
982.293615040 -0.030186088 2.978363530 1.080386852 -0.709114512 0.001611253 0.012456804 0.704981447
982.795719552 -0.030186088 2.978363530 1.080386852 -0.709114512 0.001611253 0.012456804 0.704981447
983.292361344 -0.030186088 2.978363530 1.080386852 -0.709114512 0.001611253 0.012456804 0.704981447
983.795985184 -0.030186088 2.978363530 1.080386852 -0.709114512 0.001611253 0.012456804 0.704981447
984.293404608 -0.030186088 2.978363530 1.080386852 -0.709114512 0.001611253 0.012456804 0.704981447
984.795855872 -0.030186088 2.978363530 1.080386852 -0.709114512 0.001611253 0.012456804 0.704981447
985.296066208 -0.030186088 2.978363530 1.080386852 -0.709114512 0.001611253 0.012456804 0.704981447
985.796323232 -0.030186088 2.978363530 1.080386852 -0.709114512 0.001611253 0.012456804 0.704981447
986.294448736 -0.030186088 2.978363530 1.080386852 -0.709114512 0.001611253 0.012456804 0.704981447
986.795911840 -0.030186088 2.978363530 1.080386852 -0.709114512 0.001611253 0.012456804 0.704981447
987.293061344 0.050423178 3.568117756 1.337561698 -0.711141204 0.002143299 0.015076962 0.702884258
988.046337152 0.060455348 3.829868478 1.346560946 -0.712290930 -0.000483035 0.018529545 0.701639547
