1919.898182528 0.000000000 -0.000000000 1.000000000 -0.707106781 0.000000000 0.000000000 0.707106781
1920.397450048 -0.000545302 -0.000525963 0.999878791 -0.707141504 -0.000128999 -0.000399209 0.707071932
1921.150393824 0.165289540 2.535959836 1.094025730 -0.711067883 -0.008541875 0.018513489 0.702827684
1921.645890528 -0.036245911 3.705915952 1.138357723 -0.717822645 -0.020241472 -0.006882894 0.695897664
1922.149468736 -0.036245911 3.705915952 1.138357723 -0.717822645 -0.020241472 -0.006882894 0.695897664
1922.646150208 -0.036245911 3.705915952 1.138357723 -0.717822645 -0.020241472 -0.006882894 0.695897664
1923.151450240 0.013330833 5.208256838 1.009158121 -0.744114250 -0.051168885 0.012343969 0.665975491
1923.650437792 0.013330833 5.208256838 1.009158121 -0.744114250 -0.051168885 0.012343969 0.665975491
1924.150295488 0.013330833 5.208256838 1.009158121 -0.744114250 -0.051168885 0.012343969 0.665975491
1924.650522976 0.013330833 5.208256838 1.009158121 -0.744114250 -0.051168885 0.012343969 0.665975491
1925.151427968 0.013330833 5.208256838 1.009158121 -0.744114250 -0.051168885 0.012343969 0.665975491
1925.650335808 0.013330833 5.208256838 1.009158121 -0.744114250 -0.051168885 0.012343969 0.665975491
1926.150250720 0.013330833 5.208256838 1.009158121 -0.744114250 -0.051168885 0.012343969 0.665975491
1926.399958912 0.013330833 5.208256838 1.009158121 -0.744114250 -0.051168885 0.012343969 0.665975491
1926.900193152 0.013330833 5.208256838 1.009158121 -0.744114250 -0.051168885 0.012343969 0.665975491
1927.150016288 0.013330833 5.208256838 1.009158121 -0.744114250 -0.051168885 0.012343969 0.665975491
1927.400955392 0.013330833 5.208256838 1.009158121 -0.744114250 -0.051168885 0.012343969 0.665975491
1927.900308928 0.013330833 5.208256838 1.009158121 -0.744114250 -0.051168885 0.012343969 0.665975491
1928.400170112 0.013330833 5.208256838 1.009158121 -0.744114250 -0.051168885 0.012343969 0.665975491
1928.900426688 0.013330833 5.208256838 1.009158121 -0.744114250 -0.051168885 0.012343969 0.665975491
1929.400228704 0.013330833 5.208256838 1.009158121 -0.744114250 -0.051168885 0.012343969 0.665975491
1929.901058368 0.013330833 5.208256838 1.009158121 -0.744114250 -0.051168885 0.012343969 0.665975491
1930.400443008 0.013330833 5.208256838 1.009158121 -0.744114250 -0.051168885 0.012343969 0.665975491
1930.899507680 0.013330833 5.208256838 1.009158121 -0.744114250 -0.051168885 0.012343969 0.665975491
1931.398688352 0.013330833 5.208256838 1.009158121 -0.744114250 -0.051168885 0.012343969 0.665975491
1931.899297760 0.013330833 5.208256838 1.009158121 -0.744114250 -0.051168885 0.012343969 0.665975491
1932.398122336 0.013330833 5.208256838 1.009158121 -0.744114250 -0.051168885 0.012343969 0.665975491
1932.898526016 0.127483762 5.230961670 1.069763533 -0.744752170 -0.051537599 0.014237051 0.665195751
1933.398755808 0.139212431 5.538172727 1.030324466 -0.740474914 -0.055747087 0.017607597 0.669536508
