3264.853528416 0.000000000 -0.000000000 1.000000000 -0.707106781 0.000000000 0.000000000 0.707106781
3265.853140000 0.093705337 0.603665810 1.052610787 -0.706767088 0.006539921 0.004386140 0.707402484
3266.352536032 0.166309717 1.584672406 1.173265824 -0.692203435 0.010905313 -0.006422341 0.721591458
3266.852687424 0.166309717 1.584672406 1.173265824 -0.692203435 0.010905313 -0.006422341 0.721591458
3267.353715200 0.672979257 3.375156209 1.398680289 -0.671362982 0.014023549 -0.001055022 0.740995259
3267.854320448 0.672979257 3.375156209 1.398680289 -0.671362982 0.014023549 -0.001055022 0.740995259
3268.354556352 0.672979257 3.375156209 1.398680289 -0.671362982 0.014023549 -0.001055022 0.740995259
3268.854765600 0.672979257 3.375156209 1.398680289 -0.671362982 0.014023549 -0.001055022 0.740995259
3269.354715680 0.672979257 3.375156209 1.398680289 -0.671362982 0.014023549 -0.001055022 0.740995259
3269.855207008 0.672979257 3.375156209 1.398680289 -0.671362982 0.014023549 -0.001055022 0.740995259
3270.354953056 0.672979257 3.375156209 1.398680289 -0.671362982 0.014023549 -0.001055022 0.740995259
3270.855031200 0.672979257 3.375156209 1.398680289 -0.671362982 0.014023549 -0.001055022 0.740995259
3271.355229472 0.672979257 3.375156209 1.398680289 -0.671362982 0.014023549 -0.001055022 0.740995259
3271.605741984 0.672979257 3.375156209 1.398680289 -0.671362982 0.014023549 -0.001055022 0.740995259
3273.355298208 0.672979257 3.375156209 1.398680289 -0.671362982 0.014023549 -0.001055022 0.740995259
3273.855153504 0.672979257 3.375156209 1.398680289 -0.671362982 0.014023549 -0.001055022 0.740995259
3274.355173536 0.672979257 3.375156209 1.398680289 -0.671362982 0.014023549 -0.001055022 0.740995259
3274.855448416 0.672979257 3.375156209 1.398680289 -0.671362982 0.014023549 -0.001055022 0.740995259
3275.355552800 0.672979257 3.375156209 1.398680289 -0.671362982 0.014023549 -0.001055022 0.740995259
3275.855216128 0.672979257 3.375156209 1.398680289 -0.671362982 0.014023549 -0.001055022 0.740995259
3276.355436576 0.672979257 3.375156209 1.398680289 -0.671362982 0.014023549 -0.001055022 0.740995259
3276.855102240 0.672979257 3.375156209 1.398680289 -0.671362982 0.014023549 -0.001055022 0.740995259
3277.355353344 0.672979257 3.375156209 1.398680289 -0.671362982 0.014023549 -0.001055022 0.740995259
