3427.855188256 0.000000000 -0.000000000 1.000000000 -0.707106781 0.000000000 0.000000000 0.707106781
3428.355598016 0.080456675 2.208682350 1.258765998 -0.731866002 0.003706468 0.007893448 0.681392773
3428.855367904 0.194300423 3.893855661 1.380772559 -0.738905039 0.014762512 0.012538517 0.673531140
3429.355001632 0.194300423 3.893855661 1.380772559 -0.738905039 0.014762512 0.012538517 0.673531140
3429.855261408 0.194300423 3.893855661 1.380772559 -0.738905039 0.014762512 0.012538517 0.673531140
3430.355335808 0.194300423 3.893855661 1.380772559 -0.738905039 0.014762512 0.012538517 0.673531140
3430.854966944 0.194300423 3.893855661 1.380772559 -0.738905039 0.014762512 0.012538517 0.673531140
3431.355340608 0.194300423 3.893855661 1.380772559 -0.738905039 0.014762512 0.012538517 0.673531140
3431.855198464 0.194300423 3.893855661 1.380772559 -0.738905039 0.014762512 0.012538517 0.673531140
3432.354996672 0.194300423 3.893855661 1.380772559 -0.738905039 0.014762512 0.012538517 0.673531140
3432.855346176 0.194300423 3.893855661 1.380772559 -0.738905039 0.014762512 0.012538517 0.673531140
3433.355325024 0.194300423 3.893855661 1.380772559 -0.738905039 0.014762512 0.012538517 0.673531140
3433.605041728 0.194300423 3.893855661 1.380772559 -0.738905039 0.014762512 0.012538517 0.673531140
3433.855128832 0.194300423 3.893855661 1.380772559 -0.738905039 0.014762512 0.012538517 0.673531140
3436.355251936 0.194300423 3.893855661 1.380772559 -0.738905039 0.014762512 0.012538517 0.673531140
3436.855426656 0.194300423 3.893855661 1.380772559 -0.738905039 0.014762512 0.012538517 0.673531140
3437.355194496 0.194300423 3.893855661 1.380772559 -0.738905039 0.014762512 0.012538517 0.673531140
3437.854954240 0.194300423 3.893855661 1.380772559 -0.738905039 0.014762512 0.012538517 0.673531140
3438.354971328 0.194300423 3.893855661 1.380772559 -0.738905039 0.014762512 0.012538517 0.673531140
3438.855235040 0.194300423 3.893855661 1.380772559 -0.738905039 0.014762512 0.012538517 0.673531140
3439.355012864 0.196783502 3.893164200 1.379246077 -0.738622287 0.014206599 0.012436659 0.673855043
3439.855247040 0.236515681 4.227007776 1.349496161 -0.724087440 0.012248344 0.012911144 0.689478542
