3467.102691616 0.000000000 -0.000000000 1.000000000 -0.707106781 0.000000000 0.000000000 0.707106781
3468.103027136 0.020345183 0.434865816 1.037940959 -0.704719817 -0.003050663 0.034731777 0.708628518
3468.602803296 0.081970376 1.325896711 1.116390710 -0.693827972 0.015240289 0.027024365 0.719472142
3469.103014816 0.081970376 1.325896711 1.116390710 -0.693827972 0.015240289 0.027024365 0.719472142
3469.604213952 0.081970376 1.325896711 1.116390710 -0.693827972 0.015240289 0.027024365 0.719472142
3470.104427008 0.081970376 1.325896711 1.116390710 -0.693827972 0.015240289 0.027024365 0.719472142
3470.605489600 0.081970376 1.325896711 1.116390710 -0.693827972 0.015240289 0.027024365 0.719472142
3471.106228128 0.081970376 1.325896711 1.116390710 -0.693827972 0.015240289 0.027024365 0.719472142
3471.605317792 0.081970376 1.325896711 1.116390710 -0.693827972 0.015240289 0.027024365 0.719472142
3472.105463456 0.081970376 1.325896711 1.116390710 -0.693827972 0.015240289 0.027024365 0.719472142
3472.605273760 0.081970376 1.325896711 1.116390710 -0.693827972 0.015240289 0.027024365 0.719472142
3473.105462720 0.081970376 1.325896711 1.116390710 -0.693827972 0.015240289 0.027024365 0.719472142
3473.354981824 0.081970376 1.325896711 1.116390710 -0.693827972 0.015240289 0.027024365 0.719472142
3473.605435264 0.081970376 1.325896711 1.116390710 -0.693827972 0.015240289 0.027024365 0.719472142
3476.355206176 0.081970376 1.325896711 1.116390710 -0.693827972 0.015240289 0.027024365 0.719472142
3476.855192128 0.081970376 1.325896711 1.116390710 -0.693827972 0.015240289 0.027024365 0.719472142
3477.355424288 0.081970376 1.325896711 1.116390710 -0.693827972 0.015240289 0.027024365 0.719472142
3477.855394016 0.081970376 1.325896711 1.116390710 -0.693827972 0.015240289 0.027024365 0.719472142
3478.355331200 0.081970376 1.325896711 1.116390710 -0.693827972 0.015240289 0.027024365 0.719472142
3478.855286240 0.081970376 1.325896711 1.116390710 -0.693827972 0.015240289 0.027024365 0.719472142
3479.355574304 0.034770165 1.317862031 1.098017592 -0.693530788 0.015186635 0.025353388 0.719820546
3480.605447456 0.055341677 1.798894761 1.129638257 -0.689257287 0.009691294 0.028974218 0.723872202
