168.226062880 0.000000000 -0.000000000 1.000000000 -0.707106781 0.000000000 0.000000000 0.707106781
168.313021856 0.033060445 0.351622842 1.005043358 -0.704378459 -0.002770568 -0.005590108 0.709797198
168.400345248 0.077584216 0.705422777 1.018841339 -0.706896949 -0.002614697 -0.012044426 0.707209162
168.478061760 0.120471661 1.039413045 1.028195360 -0.706267011 0.000608504 -0.010812096 0.707862725
168.566008960 0.152784724 1.405237819 1.038155676 -0.709714173 -0.005913308 -0.017181649 0.704255363
168.647788480 0.190679675 1.753546446 1.054224881 -0.703928115 -0.007387158 -0.018369689 0.709995206
168.736609760 0.236964226 2.150866083 1.057329647 -0.703004779 -0.001307590 -0.017858524 0.710959664
168.830361248 0.300812494 2.567759596 1.077103432 -0.715739870 0.018950003 -0.005855359 0.698085275
168.921132256 0.346751257 2.953993644 1.089548336 -0.704495343 0.017883821 -0.018075471 0.709252958
169.008306240 0.391291512 3.361643735 1.100734058 -0.701062352 0.015039169 -0.019940586 0.712662455
169.094614272 0.445795106 3.747202402 1.129574860 -0.688663704 0.014445767 -0.008779635 0.724883811
169.173067136 0.496767761 4.104305375 1.135087201 -0.700634192 0.015240229 0.000135562 0.713357867
169.264408320 0.542324912 4.496711714 1.166775965 -0.696793431 0.008942557 -0.007554546 0.717176320
169.346363552 0.594255254 4.887901514 1.176084042 -0.698589741 0.018415526 -0.005248829 0.715266168
169.447852096 0.659301071 5.380603865 1.216430259 -0.696903533 0.014209595 -0.014716585 0.716873053
169.532084736 0.717352909 5.772956260 1.234007052 -0.699753370 0.016029326 -0.002283708 0.714200998
169.619006176 0.761093413 6.214276958 1.252826383 -0.702735622 -0.000453814 -0.014186278 0.711309489
169.704759648 0.812445082 6.623009126 1.267860709 -0.706635478 -0.001609576 -0.015768104 0.707400225
169.794825664 0.876201597 7.085621789 1.258742474 -0.724344199 0.000955032 -0.021027645 0.689117122
169.897226368 0.935272716 7.608009932 1.260118171 -0.711815885 -0.005556962 -0.033965301 0.701522362
170.009422784 1.004724954 8.173748798 1.277083894 -0.710032817 -0.013889760 -0.045327749 0.702570899
170.099164448 1.070296062 8.637174513 1.289644091 -0.715746221 0.004574664 -0.031464765 0.697636287
170.194284768 1.131882356 9.122397424 1.290997791 -0.710292123 0.004610395 -0.040600991 0.702720004
170.277212800 1.198596453 9.538316750 1.314397625 -0.697387659 0.021950377 -0.034213655 0.715540397
170.387635744 1.310831568 10.129787397 1.344963527 -0.700087835 0.026318144 -0.021816862 0.713237971
170.498088736 1.427654679 10.732039694 1.380769233 -0.698880061 0.033480901 -0.031863025 0.713743958
170.587800160 1.510380340 11.189024119 1.372424502 -0.715005894 0.036023992 -0.048603599 0.696495897
170.670557888 1.598343579 11.631902167 1.387651981 -0.713058758 0.029926896 -0.052221128 0.698515957
170.745129568 1.681573844 12.049080278 1.384637546 -0.709437628 0.035538620 -0.040638701 0.702697485
170.834695712 1.800370079 12.515770500 1.379939626 -0.714426906 0.049609212 -0.035644561 0.697038441
170.903635488 1.889325020 12.888186960 1.383166066 -0.709849575 0.067659152 -0.047131332 0.699510155
170.993534784 2.021607053 13.352951969 1.422735421 -0.673401823 0.073184773 -0.038105874 0.734657686
171.083536960 2.145540094 13.820372156 1.446314131 -0.680248801 0.064962197 -0.042674273 0.728848673
171.167368768 2.248029880 14.296876919 1.435399242 -0.731349023 0.048324487 -0.055863960 0.677991570
171.239711808 2.372139059 14.664899413 1.438598452 -0.710454187 0.074620703 -0.020946679 0.699462533
171.324029952 2.462199717 15.071196737 1.451080767 -0.676860611 0.051577130 -0.040540864 0.733182073
171.399861280 2.569687621 15.450132109 1.485759837 -0.670463676 0.066512212 -0.021140765 0.738652593
171.487132256 2.676239932 15.950300429 1.492807555 -0.715819943 0.053359167 -0.026310058 0.695745923
171.560370976 2.772229436 16.322398466 1.505954186 -0.704282763 0.052056672 -0.023646122 0.707613421
171.643833376 2.869122560 16.770933754 1.503184190 -0.708862177 0.042033880 -0.025513351 0.703631037
171.712661568 2.945057690 17.144549101 1.518845896 -0.704869947 0.037007081 -0.027038043 0.707854348
171.821938144 3.063905910 17.795495966 1.551474296 -0.697035681 0.024346359 -0.021549201 0.716298922
171.889461120 3.127704298 18.197892769 1.578789443 -0.697558035 0.019681316 -0.024228259 0.715848046
171.994619456 3.219134082 18.866789720 1.615584183 -0.697289906 0.016386870 -0.023707575 0.716209612
172.112893504 3.347936101 19.625646061 1.651529837 -0.708619670 0.022890419 -0.033143008 0.704440014
172.191355712 3.445468844 20.098455982 1.665745685 -0.705419833 0.028878800 -0.044658853 0.706791668
172.271788768 3.561271210 20.620825665 1.684977869 -0.703009755 0.037096266 -0.038465090 0.709169647
172.350599168 3.662086987 21.109892853 1.713115990 -0.700641674 0.034933175 -0.039527235 0.711560620
172.426804672 3.761007030 21.593582244 1.735628397 -0.696469605 0.029413676 -0.039030216 0.715920085
172.501719040 3.848637712 22.086910186 1.768939020 -0.695312953 0.025074306 -0.041532058 0.717067824
172.578434624 3.953604761 22.570141218 1.798265101 -0.691692661 0.026446724 -0.039004001 0.720652844
172.651337888 4.049599847 23.049993091 1.831908426 -0.693899229 0.025506697 -0.038792630 0.718573866
172.724468160 4.143638608 23.524044019 1.862619008 -0.697835419 0.023559399 -0.038772461 0.714819823
172.814627456 4.250458474 24.111203050 1.909150980 -0.692287547 0.020886643 -0.038705056 0.720280236
172.895083776 4.327647701 24.626694122 1.942409958 -0.691552647 0.019717283 -0.040720959 0.720907740
172.981378272 4.409678694 25.171128482 1.989132870 -0.689761862 0.016773652 -0.043037331 0.722561420
173.085960192 4.523120192 25.867211638 2.045143880 -0.690041071 0.016040932 -0.045760083 0.722144046
173.155940768 4.616949425 26.353135709 2.084305112 -0.688566999 0.016854428 -0.044622551 0.723602269
173.230640832 4.718378149 26.857844422 2.123015653 -0.689748756 0.016266927 -0.044643883 0.722488037
173.306640288 4.805502284 27.370843261 2.166756930 -0.689058081 0.016621149 -0.045571715 0.723080851
173.381217568 4.888986270 27.847616696 2.206099716 -0.690150134 0.016651278 -0.044842957 0.722083539
173.448711936 4.983989101 28.248362380 2.244899180 -0.687841554 0.015354754 -0.043101718 0.724417331
173.530649856 5.078691909 28.773740708 2.287927048 -0.686147801 0.014508206 -0.046037048 0.725859006
173.596456448 5.161015437 29.236841632 2.334114240 -0.682915360 0.022196506 -0.049105520 0.728507086
173.678999264 5.265680838 29.798070149 2.386343131 -0.681979885 0.028186887 -0.052615741 0.728931080
173.749748480 5.349183980 30.269107029 2.432621355 -0.685857025 0.028014505 -0.051533115 0.725368642
173.824477728 5.448432991 30.759013292 2.479185280 -0.685099977 0.026688289 -0.048877205 0.726317269
173.893457056 5.541778686 31.227268484 2.524066818 -0.683846110 0.023881455 -0.049344574 0.727563941
173.966589600 5.632096984 31.702418430 2.565550240 -0.683317690 0.024279745 -0.048093302 0.728130801
174.061306528 5.758747994 32.337374116 2.634420331 -0.685565627 0.022923113 -0.047994175 0.726065328
174.134422848 5.839293272 32.804403723 2.676636574 -0.684006437 0.021710494 -0.047909342 0.727577173
174.210653888 5.930213097 33.331538524 2.723623869 -0.685896338 0.019795415 -0.047421478 0.725882607
174.312416544 6.062806531 34.046940160 2.799932062 -0.682580445 0.019817850 -0.051760207 0.728705750
174.378103264 6.157946275 34.490815826 2.842052759 -0.687639902 0.032176524 -0.055357194 0.723223076
174.450281184 6.256768853 34.967208788 2.892745004 -0.688401102 0.035597567 -0.060226494 0.721948409
174.517087456 6.345963141 35.407616713 2.934764853 -0.686806478 0.034611923 -0.058350966 0.723667080
174.587141472 6.441489086 35.860915563 2.985133374 -0.683532770 0.034091890 -0.058382020 0.726782110
174.666483616 6.542754752 36.375772473 3.038659863 -0.679958839 0.036636039 -0.059726604 0.729894863
174.733691968 6.646260052 36.822483052 3.088961797 -0.683237484 0.039088882 -0.061906427 0.726516479
174.845759872 6.828618139 37.566519598 3.167049576 -0.678897129 0.047546511 -0.062950136 0.729983080
174.915215392 6.928114701 38.019266132 3.219693980 -0.678923228 0.050844927 -0.063351317 0.729701757
174.995129216 7.060476345 38.534347465 3.279449078 -0.682154562 0.053303414 -0.061301646 0.726681504
175.093755936 7.234312735 39.172740093 3.346422342 -0.680226463 0.051774132 -0.063023404 0.728450032
175.164570272 7.392428274 39.621688247 3.383906005 -0.672686360 0.050013128 -0.064037470 0.735452888
175.247155680 7.670330683 40.003407203 3.491445188 -0.671948004 0.058800252 -0.073192109 0.734623254
175.342016320 7.886335231 40.609994939 3.556731384 -0.668338624 0.054497892 -0.078013159 0.737744814
175.425614976 8.046424550 41.053445472 3.601579015 -0.656616582 0.044979530 -0.074593920 0.749177718
175.498438848 8.090568758 41.231536943 3.622744838 -0.650919727 0.044538730 -0.073747812 0.754242051
175.580346656 8.270491398 41.713018005 3.670452206 -0.651009536 0.034642322 -0.068028440 0.755220911
175.652670880 8.346230880 42.123538629 3.719320220 -0.632701261 0.034164914 -0.072896780 0.770199930
175.743745024 8.461312805 42.604018111 3.786360359 -0.625929009 0.023337851 -0.081954741 0.775210707
175.822502080 8.405736743 42.357568333 3.755128313 -0.632516539 0.022654660 -0.080680874 0.770000124
175.927483744 8.475593544 42.617943801 3.808827671 -0.627815356 0.021358796 -0.075667867 0.774381079
176.045639936 8.541400155 42.835192477 3.860468084 -0.608930949 0.015544649 -0.080567089 0.788967938
176.130438624 8.634679042 43.306978398 3.936185640 -0.637377351 0.003244659 -0.080047503 0.766375875
176.223696480 8.881055639 43.827835297 3.983093581 -0.650156063 -0.023194650 -0.064149401 0.756732420
176.316765856 8.968249614 44.368638958 4.113580129 -0.627282504 -0.024215054 -0.078237776 0.774473461
176.399415712 9.023327899 44.603348017 4.165745985 -0.631948628 -0.014624027 -0.072265501 0.771495150
176.493693472 9.054368070 44.841920089 4.210820455 -0.641279098 -0.013091024 -0.077798332 0.763241222
176.573430208 9.105606840 45.067395896 4.260997177 -0.642369257 -0.013640799 -0.070309834 0.763041410
176.658936544 9.137977718 45.264912058 4.324874729 -0.617212594 -0.013182355 -0.074977729 0.783104833
176.749234240 9.173419432 45.485420920 4.386924470 -0.597492645 -0.015966675 -0.079989008 0.797715089
176.837220960 9.173419432 45.485420920 4.386924470 -0.597492645 -0.015966675 -0.079989008 0.797715089
176.931515936 9.197499555 45.666449789 4.456528065 -0.592317422 -0.026129004 -0.083302559 0.800960692
177.016374464 9.240078390 45.878447455 4.524743263 -0.598009739 -0.031228747 -0.079077431 0.796966673
177.105401248 9.336055001 46.358238860 4.666800029 -0.604009196 -0.017305132 -0.049585954 0.795245030
177.195736832 9.419152347 46.797705567 4.785047818 -0.598788353 -0.047777708 -0.042586761 0.798345895
177.283088576 9.465498664 47.227247638 4.895580118 -0.620134909 -0.059868456 -0.039685245 0.781200066
177.370072736 9.513969990 47.678825544 5.029941828 -0.597047846 -0.055638114 -0.013459245 0.800160683
177.455753568 9.552931057 48.089533179 5.151802411 -0.579172667 -0.089108752 -0.042176216 0.809221737
177.585621856 10.442132016 47.687767707 4.705442849 -0.569591574 -0.108584118 -0.012627787 0.814625968
177.673819424 10.418020387 48.060696275 4.926390086 -0.556506193 -0.106664429 0.040504311 0.822972027
177.762673216 10.359750196 48.363872157 5.045243776 -0.546151489 -0.154796436 -0.044227383 0.822070893
177.921674400 10.294617730 48.921019216 5.249813420 -0.589557441 -0.114926649 -0.053070118 0.797745230
178.006358336 10.285599506 49.235717767 5.398991613 -0.577805207 -0.077824084 -0.030030911 0.811900670
178.092720768 10.263707789 49.555570414 5.484140195 -0.583057128 -0.081041646 -0.020382123 0.808122024
178.181365504 10.223409370 49.844756642 5.611143594 -0.554336904 -0.114619733 -0.005274723 0.824345250
178.302120288 10.174285280 50.268972642 5.785469199 -0.564657444 -0.123215428 0.020652255 0.815814571
178.382889664 10.115691068 50.523355455 5.896909425 -0.561128714 -0.141242481 0.016607951 0.815419710
178.468491840 10.065376049 50.815457016 6.013608510 -0.568112536 -0.151089717 0.061600342 0.806613564
178.556007264 9.986697369 51.074465699 6.122132678 -0.550896691 -0.183526088 0.077069755 0.810488287
178.698982688 9.832323050 51.488171981 6.284785177 -0.546098938 -0.220053081 0.092687299 0.802970520
178.826292704 9.659484625 51.849583576 6.401408790 -0.565362371 -0.243858185 0.107739347 0.780570822
178.907461824 9.529511921 52.058750313 6.481844721 -0.566478330 -0.271858083 0.121539880 0.768390228
178.998575520 9.385175395 52.259349632 6.552209800 -0.541902189 -0.298041116 0.149563634 0.771455916
179.122859168 9.165661778 52.522827036 6.642285784 -0.537027781 -0.335297701 0.178463027 0.753211499
179.203236608 8.990152364 52.669492147 6.699536845 -0.519223796 -0.370743109 0.183114010 0.747947496
179.295096160 8.790399556 52.846169152 6.737833300 -0.516959332 -0.400204967 0.203908311 0.728704628
179.382612352 8.600920952 52.961821473 6.795652503 -0.487612870 -0.429440890 0.225966675 0.725777702
179.566568448 8.137531052 53.207966542 6.865986017 -0.469936176 -0.477926995 0.247561045 0.699613685
179.740196288 7.652612558 53.410438950 6.945449373 -0.465399431 -0.510485422 0.264557110 0.672917186
179.918081344 7.129563631 53.616080354 6.967297287 -0.462756952 -0.525957057 0.278554210 0.656987617
180.047748576 6.753275709 53.752957024 6.987610381 -0.471281365 -0.534796597 0.275173809 0.645109176
180.131555936 6.511624177 53.844185774 6.999527806 -0.459176323 -0.544723164 0.299518418 0.634604205
180.268322048 6.098391453 53.968463369 7.010476267 -0.440573227 -0.558104214 0.304706230 0.633694747
180.394795456 5.673017191 54.047007678 7.024062996 -0.426366974 -0.572323689 0.327896663 0.618983503
180.506269216 5.315751466 54.111658855 7.021613414 -0.428713789 -0.590826303 0.332470738 0.597153226
180.625345952 4.941299845 54.147763663 7.029364108 -0.412281592 -0.602266073 0.333204181 0.596887292
180.713395776 4.649491790 54.178593114 7.017185846 -0.400299922 -0.611597136 0.354304230 0.583247313
180.796930016 4.365845423 54.209259190 6.988436606 -0.412319581 -0.623574092 0.363153490 0.556118205
180.936806112 3.892084982 54.190762906 6.941887049 -0.390784413 -0.641910366 0.361398942 0.551932450
181.021088384 3.595032823 54.182060446 6.919103322 -0.393901358 -0.649537928 0.392071808 0.518865973
181.150145280 3.175598776 54.122822864 6.857832857 0.375289127 0.674028448 -0.417879663 -0.479812786
181.233250208 2.927977139 54.058411642 6.796747910 0.354996513 0.698556814 -0.406894411 -0.469502707
181.321435616 2.655454499 53.994660268 6.751571491 0.353541743 0.694055498 -0.439339117 -0.447522449
181.405542592 2.381427807 53.905167683 6.688503538 0.347087349 0.708572108 -0.441217945 -0.427530893
181.487997472 2.151309077 53.827525301 6.647991610 0.326279885 0.699356532 -0.479226478 -0.418071596
181.658479712 1.645547517 53.606383584 6.485974807 0.299353529 0.745623489 -0.445497524 -0.394924085
181.823961664 1.171395934 53.364659671 6.355567040 0.295048791 0.751146690 -0.447643034 -0.385150069
181.956439200 0.774680703 53.187346188 6.234297020 0.301605680 0.757616472 -0.456554972 -0.355821377
182.046706400 0.505543612 53.036982494 6.139711575 0.285895951 0.760506675 -0.461171974 -0.356670032
182.172631392 0.127040219 52.817392632 5.995716015 0.268065600 0.773146420 -0.462022888 -0.341936103
182.306931296 -0.283512894 52.570491620 5.849384674 0.265347348 0.772056798 -0.466706662 -0.340152874
182.454145216 -0.735071507 52.255218528 5.680101911 0.250021227 0.771636072 -0.477066192 -0.338341554
182.576239360 -1.105322606 52.002247034 5.527471730 0.250065011 0.787844003 -0.472821688 -0.305301438
182.699946144 -1.506448223 51.742253970 5.371332717 0.279591407 0.772780986 -0.481009525 -0.305398148
182.787120544 -1.785131309 51.549415335 5.260871593 0.277889803 0.773693843 -0.479923086 -0.306347721
182.885831552 -2.104945703 51.335352047 5.123743070 0.282841565 0.777015792 -0.477180255 -0.297566988
182.970177472 -2.380012798 51.152118080 5.014433144 0.281848772 0.781213686 -0.472378938 -0.295168741
183.076771840 -2.719771951 50.916812174 4.855180244 0.272016338 0.787339103 -0.463718463 -0.301777129
183.167420448 -3.034046351 50.726886485 4.736092036 0.288314130 0.776429043 -0.479549158 -0.289940525
183.276636224 -3.410420847 50.468252983 4.570758512 0.280136962 0.777516728 -0.471847977 -0.307165276
183.358215360 -3.719133047 50.279760223 4.454867996 0.288319549 0.778724516 -0.468205828 -0.302065007
183.458314848 -4.075596808 50.062475648 4.299450504 0.291994931 0.773406784 -0.475954219 -0.300080803
183.571265536 -4.486790928 49.802959115 4.135095616 0.285594167 0.774543202 -0.480393003 -0.296211686
183.695780544 -4.936023099 49.499176871 3.956198428 0.275233913 0.777499880 -0.487191943 -0.287026550
183.778981216 -5.234946827 49.286319579 3.830398084 0.263774754 0.776050433 -0.495980252 -0.286656929
183.875642048 -5.566841939 49.030253445 3.706940032 0.254879948 0.769932916 -0.507413483 -0.291154725
183.966170048 -5.876824087 48.772926924 3.544203073 0.241964899 0.797955159 -0.468882036 -0.291324884
184.061351904 -6.179487405 48.529343533 3.423106404 0.246437836 0.783626446 -0.492594171 -0.287313363
184.142036704 -6.446868721 48.306544816 3.295002394 0.240499571 0.790174519 -0.488949635 -0.280557375
184.239201856 -6.759213608 48.044774328 3.156735643 0.233947444 0.794894559 -0.488582781 -0.273309532
184.316808000 -7.024838986 47.805056546 3.035366114 0.220698162 0.797202827 -0.493220845 -0.269245560
184.415936608 -7.333839773 47.527636661 2.898195242 0.221404158 0.793808704 -0.502914765 -0.260623635
184.498223104 -7.621233066 47.259548520 2.765158679 0.223711705 0.797259924 -0.501964146 -0.249723212
184.591498400 -7.914578304 46.968932026 2.631976416 0.220943920 0.794028319 -0.516821831 -0.231512436
184.673617984 -8.171908633 46.698211272 2.483176015 0.207973011 0.804665268 -0.508658670 -0.224782988
184.760795520 -8.428397008 46.407520475 2.359105757 0.205577940 0.802462387 -0.521932768 -0.203415862
184.845928384 -8.669681011 46.091322278 2.227687972 0.184334765 0.799460107 -0.539878838 -0.188188924
184.934387264 -8.934310141 45.717901761 2.092887717 0.155071205 0.801298362 -0.551152645 -0.173506825
185.046584736 -9.235165405 45.214015155 1.889686403 0.138345029 0.817962409 -0.539546293 -0.143833054
185.115122432 -9.402317967 44.935767779 1.777031799 0.143721040 0.820326861 -0.535273802 -0.141032129
185.196665024 -9.600297192 44.597949155 1.620301091 0.146375187 0.822808760 -0.529591633 -0.145233437
185.270419904 -9.789228326 44.310427977 1.485474218 0.167748554 0.821276620 -0.528525116 -0.134262197
185.357409792 -9.974650464 43.986766188 1.347798117 0.158207111 0.824699888 -0.523785593 -0.143140691
185.443381344 -10.191676622 43.680114792 1.206409723 0.182478178 0.810324965 -0.540762746 -0.132856383
185.521995328 -10.379791909 43.374887736 1.083921982 0.175262912 0.805439092 -0.549049773 -0.138185121
185.607441824 -10.577877637 43.058595302 0.955549533 0.163787733 0.806553697 -0.551061707 -0.137752342
185.686284832 -10.753734311 42.761620288 0.834392238 0.153051683 0.809347620 -0.552438262 -0.127842009
185.783208896 -10.956888327 42.393435045 0.671521738 0.138350126 0.821836369 -0.543261631 -0.101543221
185.861522144 -11.099986691 42.084228646 0.544888618 0.119516087 0.823055432 -0.549296393 -0.081050189
185.982704320 -11.294171549 41.588553871 0.301910049 0.102972786 0.833053932 -0.540617110 -0.056132815
186.085996672 -11.447656405 41.167335535 0.132713820 0.103041962 0.830962620 -0.544186954 -0.052383560
186.162798912 -11.560564437 40.860097912 -0.012764180 0.104303658 0.834239305 -0.538298359 -0.058312995
186.230509888 -11.673401600 40.587285921 -0.114229624 0.115796602 0.816445797 -0.563398419 -0.050888398
186.300597088 -11.774506680 40.301336500 -0.225518016 0.103907437 0.810008360 -0.575296860 -0.046078468
186.383134144 -11.882400964 39.956750614 -0.299971110 0.092198669 0.772553247 -0.626184389 -0.050537096
186.480595456 -12.012476729 39.510342092 -0.457227450 0.092717531 0.806012131 -0.583658681 -0.033021934
186.546074624 -12.091551012 39.228718786 -0.534869028 0.086512471 0.815999061 -0.570872136 -0.027679043
186.615375872 -12.173962181 38.949403558 -0.648601837 0.079767004 0.813963584 -0.574562744 -0.031275582
186.714256896 -12.298302527 38.521368524 -0.794129247 0.081177240 0.811413996 -0.578354939 -0.022872395
186.816557984 -12.407282986 38.091684628 -0.943848125 0.080785945 0.810215974 -0.580153323 -0.021114630
186.920287488 -12.519616059 37.638990087 -1.093800785 0.079668415 0.810788553 -0.579583720 -0.018909744
187.014311264 -12.630017328 37.212976107 -1.245856326 0.084216027 0.809865773 -0.580404023 -0.012500458
187.080924160 -12.693836527 36.923943781 -1.342120988 0.079107223 0.811523692 -0.578729018 -0.015622651
187.186170432 -12.804682776 36.438855484 -1.512785760 0.078387845 0.814642162 -0.574596967 -0.007198518
187.298118816 -12.911412892 35.935004240 -1.699944410 0.077523142 0.819312980 -0.568073721 0.002941270
187.406561376 -12.985996892 35.402682178 -1.897911377 0.059700411 0.824982612 -0.561821524 0.014004499
187.515118368 -13.041184581 34.863666563 -2.098598557 0.043968025 0.820353040 -0.569808860 0.020138652
187.585071712 -13.081761207 34.510318559 -2.222063421 0.048234981 0.820517789 -0.568877759 0.028320322
187.700575104 -13.144040188 33.909206468 -2.441040915 0.046140869 0.821618611 -0.567196423 0.033197828
187.771234400 -13.178248822 33.534176313 -2.574316770 0.043122291 0.822039982 -0.566764597 0.034185197
187.882015776 -13.233227057 32.954220614 -2.785887924 0.043104930 0.820839305 -0.568407697 0.035741987
187.992045408 -13.338394712 32.483992259 -2.943519210 0.044870672 0.820101208 -0.568942345 0.041535996
188.099638464 -13.368904383 31.921311983 -3.141969384 0.041833836 0.822290667 -0.565991025 0.041739059
188.192089568 -13.449606056 31.561810467 -3.248829486 0.043502544 0.823432393 -0.563135004 0.054273292
188.270366720 -13.441000277 31.186592343 -3.373078385 0.040362572 0.820928270 -0.566045592 0.063561197
188.364436256 -13.488205267 30.639043960 -3.569674641 0.035784117 0.820727872 -0.565219342 0.075182137
188.444570816 -13.565328341 30.441346525 -3.638957046 0.035500383 0.821680774 -0.563404800 0.078456738
188.524710976 -13.586195692 30.005551067 -3.792932703 0.036803626 0.820016326 -0.564085949 0.089586605
188.610996864 -13.588925263 29.780090422 -3.875181084 0.036071433 0.817571588 -0.567018291 0.093625891
188.680058880 -13.595599797 29.341269586 -4.027925026 0.031069505 0.815728673 -0.569372243 0.097142507
188.760884064 -13.590094310 29.121823238 -4.107809575 0.029312729 0.815451036 -0.569737618 0.097874498
188.837772192 -13.585348589 28.894058666 -4.171523389 0.028450364 0.815010916 -0.569863058 0.101014244
188.943186720 -13.572205031 28.688028325 -4.245814643 0.025501662 0.815260401 -0.569536483 0.101628433
189.009018496 -13.560651573 28.502343492 -4.305716518 0.023749647 0.814682044 -0.570615064 0.100635827
189.083013376 -13.550958211 28.303777407 -4.371023578 0.021254051 0.813958591 -0.571285474 0.103211355
189.196010624 -13.550958211 28.303777407 -4.371023578 0.021254051 0.813958591 -0.571285474 0.103211355
189.273976192 -13.658681530 27.653721112 -4.515664386 0.020070939 0.818506844 -0.564856464 0.102863399
189.344629440 -13.652364555 27.282228193 -4.613347225 0.024627346 0.815411113 -0.567545033 0.111314175
189.424857696 -13.657056835 26.987578942 -4.742432447 0.020796021 0.813060260 -0.569920382 0.117009818
189.495648128 -13.639486622 26.732327499 -4.815352693 0.025237529 0.816100078 -0.565645464 0.115710587
189.573679456 -13.603593611 26.241382666 -4.961139206 0.029285739 0.815854113 -0.566459536 0.112463357
189.644659200 -13.574166681 25.772179947 -5.117630421 0.032305847 0.815583986 -0.566580655 0.112984312
189.727172096 -13.547131238 25.235169728 -5.285519081 0.034803884 0.812448218 -0.570824570 0.113471991
189.794598720 -13.527379897 24.771642403 -5.441145040 0.031012680 0.814622645 -0.567698877 0.114656639
189.875257568 -13.503133917 24.231811912 -5.609580513 0.032102927 0.815721427 -0.565779473 0.116023892
189.941719200 -13.477641470 23.778011776 -5.756983783 0.034227236 0.815638254 -0.565531540 0.117204145
190.015893536 -13.451825763 23.260368237 -5.926290887 0.032205214 0.818428552 -0.561731556 0.116598408
190.100084256 -13.422073676 22.705449739 -6.120312220 0.037037971 0.820554723 -0.557910950 0.118547486
190.172013504 -13.399356004 22.203021925 -6.293077558 0.036330820 0.820545273 -0.558534292 0.115866174
190.243967200 -13.382315547 21.721402606 -6.472045343 0.040586170 0.818747960 -0.560445656 0.117920347
190.321230144 -13.356595552 21.197703462 -6.658872325 0.039124990 0.818849486 -0.560543930 0.117240168
190.397403840 -13.329009609 20.694295333 -6.841010840 0.036020032 0.819518736 -0.560050406 0.115910057
190.464197664 -13.314941726 20.237122140 -7.010961191 0.041403692 0.820444820 -0.559609472 0.109513791
190.532107552 -13.307493145 19.789991939 -7.174534671 0.043866495 0.822934273 -0.556890502 0.103575488
190.624397696 -13.293910024 19.183194674 -7.397654347 0.044049667 0.823282218 -0.556735693 0.101544986
190.695052000 -13.279833231 18.730481806 -7.570445066 0.043950033 0.824353989 -0.554878694 0.103046253
190.773789696 -13.269555033 18.263444325 -7.729830511 0.044428393 0.815844560 -0.567484824 0.101905572
190.867357280 -13.258290565 17.708801812 -7.920278147 0.041388457 0.814551092 -0.570272796 0.097890004
190.934234752 -13.257086608 17.321353938 -8.050295577 0.045998061 0.817722992 -0.564710710 0.101563286
191.004852800 -13.243118596 16.921171963 -8.195593684 0.042568700 0.820556447 -0.561227526 0.099492149
191.074938976 -13.235914663 16.552518580 -8.326069823 0.041579313 0.817647845 -0.565505699 0.099631658
191.143435008 -13.220338050 16.154321556 -8.473008153 0.032568296 0.820601804 -0.561758814 0.099895051
191.217835712 -12.931170372 15.726672193 -8.732072575 0.044614253 0.807378311 -0.579261763 0.102983697
191.294080224 -12.982909861 15.306202532 -8.777791438 0.037199958 0.787415124 -0.609015355 0.087714781
191.388764480 -12.933061679 14.710207190 -8.938636186 0.033649606 0.822992486 -0.558106207 0.100342082
191.471568800 -12.910408412 14.250882826 -9.077404330 0.034059206 0.805417069 -0.583222488 0.099974223
191.550291136 -12.900932481 13.790266603 -9.223585164 0.038692484 0.799289232 -0.590021017 0.107307101
191.637365728 -12.860444663 13.279409650 -9.439103405 0.030667440 0.845250428 -0.517047980 0.131425295
191.725597088 -12.798213989 12.814122873 -9.587434163 0.015959243 0.793456845 -0.590021373 0.148480022
191.812057920 -12.729883534 12.361331028 -9.702870241 0.007781519 0.773496038 -0.614586165 0.154684106
191.915421088 -12.583088007 11.759934602 -9.788307375 -0.002442722 0.771279290 -0.614188541 0.167017141
192.006052960 -12.466459209 11.273402122 -9.877664816 -0.024384171 0.767099478 -0.613482769 0.186017997
192.093241568 -12.348512949 10.812851839 -9.967025506 -0.033553525 0.766202623 -0.607449601 0.206912260
192.180878816 -12.190038999 10.397724908 -10.037099532 -0.044314926 0.762184343 -0.607496744 0.219223450
192.268508288 -12.049957196 9.993825180 -10.092785337 -0.059170881 0.762369978 -0.602972185 0.227410130
192.390401056 -11.859989574 9.455446502 -10.185523766 -0.065478493 0.754893798 -0.605432291 0.243515219
192.470598016 -11.719921680 9.116328149 -10.233408883 -0.065256995 0.755190808 -0.598499609 0.259280903
192.563961216 -11.541428600 8.712134593 -10.302436489 -0.080707895 0.769408944 -0.576690674 0.262533768
192.703131424 -11.240033074 8.171471092 -10.411702342 -0.105025353 0.751347549 -0.584159609 0.288451187
192.782173312 -11.026574764 7.853549569 -10.460194621 -0.122824559 0.748323362 -0.572322541 0.312046764
192.872865920 -10.798321626 7.565668580 -10.506418320 -0.163519182 0.740763268 -0.562682777 0.328510808
192.976483008 -10.555892414 7.216622375 -10.527473481 -0.185202408 0.729493609 -0.545510243 0.368724445
193.056187584 -10.266333997 6.974799429 -10.579478551 -0.216999095 0.718485483 -0.540684853 0.379934064
193.136224544 -9.995875315 6.747241074 -10.608299419 -0.224167937 0.708263478 -0.525908819 0.414163610
193.226074496 -9.684184776 6.532713217 -10.636966950 -0.245124866 0.681470350 -0.535699478 0.434209664
193.311933088 -9.342642244 6.319915774 -10.651632303 -0.267027092 0.669471339 -0.520497261 0.457807011
193.400260096 -8.989187436 6.130997422 -10.666117520 -0.303351650 0.664875599 -0.495516463 0.469448239
193.484548832 -8.667761317 5.962024263 -10.677184739 -0.321135253 0.640049757 -0.494627550 0.492495731
193.576843712 -8.286029439 5.810515883 -10.658241009 -0.319770397 0.612766977 -0.496058200 0.525537617
193.657140352 -7.916060546 5.701785765 -10.654099428 -0.345695828 0.607445311 -0.488382458 0.522481734
193.748831680 -7.528808344 5.571533251 -10.615702729 -0.346036176 0.593252910 -0.477716825 0.547810720
193.831145824 -7.156556710 5.472918639 -10.598564182 -0.351129821 0.572794654 -0.481741390 0.562618314
193.926315904 -6.761650605 5.374897928 -10.541966491 -0.353680529 0.554748992 -0.477156387 0.582653776
194.008915232 -6.369726779 5.316286557 -10.493216330 -0.380123270 0.541321918 -0.474548461 0.580758675
194.099579648 -5.986778982 5.284053982 -10.437351273 -0.402550627 0.518360741 -0.459815249 0.598184814
194.175786464 -5.622637183 5.272525077 -10.367052846 -0.405803631 0.484453505 -0.460743119 0.623172523
194.273265536 -5.175402008 5.287464562 -10.240338832 -0.426870605 0.459209918 -0.448404659 0.637056512
194.360720128 -4.779448064 5.382468876 -10.076344690 -0.440735165 0.442801764 -0.425517389 0.654686233
194.454100640 -4.337702499 5.458368374 -9.963219826 -0.447407669 0.410009955 -0.421971331 0.673541692
194.532335232 -4.031877101 5.550032829 -9.862693153 -0.465791626 0.385750884 -0.406907371 0.684588057
194.619076736 -3.623650220 5.676622681 -9.712863398 -0.478445628 0.356526001 -0.395305901 0.698363972
194.698163616 -3.306453631 5.782587301 -9.607851475 -0.477671657 0.352355112 -0.375817359 0.711643855
194.794690528 -2.918817237 5.922660521 -9.470490284 -0.477323821 0.354307474 -0.393221679 0.701430606
194.882888640 -2.535571916 6.044961929 -9.373410834 -0.489287269 0.376071562 -0.369128430 0.694918953
194.975364288 -2.162755354 6.170840517 -9.252989186 -0.485885960 0.372383202 -0.365352426 0.701258290
195.058471392 -1.781895902 6.306324746 -9.158125529 -0.486130726 0.365266101 -0.373619662 0.700475510
195.173146912 -1.240246075 6.460448486 -8.996065023 -0.469381784 0.387115129 -0.378715663 0.697421726
195.250675616 -0.883466631 6.567131719 -8.899406395 -0.459939572 0.390022969 -0.398956625 0.690775857
195.343450752 -0.498169153 6.676156083 -8.760400176 -0.480027077 0.407219330 -0.392441615 0.670623592
195.445006144 0.028262198 6.793410247 -8.619402230 -0.474193390 0.419382955 -0.403809819 0.660451509
195.534727136 0.493539608 6.864590661 -8.518615456 -0.452274029 0.437736940 -0.424301951 0.651001097
195.649895648 1.019128069 7.092709832 -8.540569033 -0.435368780 0.468936092 -0.440083430 0.629983763
195.729864832 1.403578711 7.090571044 -8.460539761 -0.413630704 0.486605298 -0.425424037 0.641201461
195.808470944 1.758492781 7.114394407 -8.420240116 -0.430753523 0.488940684 -0.453024192 0.608405696
195.897863872 2.169629263 7.085984357 -8.337736823 -0.402880027 0.503765972 -0.449398165 0.618020079
195.976098304 2.559006897 7.081799294 -8.300092785 -0.416446077 0.518108735 -0.448904604 0.597177243
196.070866912 2.970702889 7.037009735 -8.235204167 -0.386628525 0.528826160 -0.456067142 0.602381970
196.148316192 3.363707263 7.007145776 -8.179152581 -0.397376320 0.533775436 -0.463020134 0.585481169
196.241126816 3.797720590 6.948344098 -8.127364139 -0.395978869 0.547782094 -0.450333635 0.583382491
196.324526208 4.210702467 6.902600022 -8.066394083 -0.386826080 0.547717499 -0.455611987 0.585481718
196.416634336 4.666293221 6.829433894 -8.016459112 -0.373775391 0.551319122 -0.452032873 0.593300485
196.503725984 5.021815854 6.805719658 -8.060056192 -0.385926829 0.553515995 -0.453365638 0.582357385
196.581508288 5.458207815 6.740511247 -8.014772666 -0.392364117 0.556906259 -0.452113022 0.575760049
196.656766464 5.849766284 6.678871912 -7.993767276 -0.386114093 0.562229116 -0.447547806 0.578372967
196.733217472 6.249960392 6.610528841 -7.970801882 -0.384205824 0.573622975 -0.434179227 0.578645804
196.821900608 6.698689015 6.546969216 -7.933472575 -0.384536729 0.564976977 -0.465358678 0.562471172
196.911367040 7.131402947 6.464560776 -7.921560998 -0.368205972 0.580744300 -0.452737601 0.567617023
196.984219680 7.543237754 6.393866715 -7.904920405 -0.377723478 0.583671435 -0.457031513 0.554774572
197.073251136 7.999289377 6.307378938 -7.862879499 -0.366730422 0.589905788 -0.474833317 0.540419541
197.155467520 8.285874450 6.193107642 -7.804255405 -0.315127707 0.595650954 -0.487760548 0.554963167
197.243197792 8.731796422 6.051368077 -7.791811634 -0.333242396 0.602479047 -0.494912782 0.530122478
197.351068320 9.327045558 5.860009702 -7.767313763 -0.338643262 0.614453368 -0.500937276 0.506783628
197.431781472 9.639425711 5.717943615 -7.740212415 -0.301580270 0.622339569 -0.486100375 0.534274486
197.560059232 10.330131327 5.475216270 -7.768840477 -0.329223861 0.637026830 -0.490667412 0.495029249
197.640178976 10.691902692 5.316881455 -7.764598888 -0.298759423 0.639617154 -0.488518912 0.512817683
197.717038848 11.058118701 5.204177365 -7.766070417 -0.317082000 0.631506970 -0.529925745 0.468867419
197.796263296 11.386799140 4.999763900 -7.737589185 -0.275435061 0.623156388 -0.545369710 0.488245351
197.883019072 11.741885418 4.822989059 -7.726300271 -0.293539987 0.628964585 -0.553403756 0.460415150
197.987236640 12.225154142 4.550975492 -7.704257528 -0.274538550 0.671322511 -0.518804461 0.452544585
198.072380768 12.601216344 4.323653634 -7.732321166 -0.263987865 0.682370851 -0.535614086 0.421660978
198.146383744 12.898279299 4.105153851 -7.769212535 -0.254570092 0.700428713 -0.533421018 0.400069624
198.222978048 13.131388552 3.889947334 -7.793361006 -0.238427815 0.709303613 -0.546131031 0.376538787
198.302952032 13.396937859 3.632212738 -7.836668063 -0.207652207 0.720014442 -0.561579390 0.350839497
198.414861216 13.787839835 3.191375308 -7.916011934 -0.164493520 0.749533330 -0.562928445 0.307006896
198.488504768 13.977232398 2.898690826 -7.968906371 -0.112597664 0.759767530 -0.572842486 0.286228147
198.569717856 14.159785770 2.584197686 -8.012173776 -0.085033634 0.776046919 -0.572375303 0.250812626
198.651690176 14.343287172 2.222379484 -8.109741059 -0.058912213 0.789633402 -0.572453688 0.212850224
198.730803968 14.459981679 1.948284047 -8.167949618 -0.020868022 0.798659905 -0.573362527 0.181555214
198.814308384 14.567688692 1.677019838 -8.217488202 0.004474519 0.806821314 -0.575477693 0.133584324
198.891834624 14.607568755 1.347655779 -8.337732358 0.029033019 0.817223442 -0.566086556 0.104158251
198.980457280 14.642899198 0.980753304 -8.452505185 0.050023573 0.814684867 -0.571003779 0.087982350
199.064632128 14.675725250 0.642088980 -8.580157684 0.039274452 0.819617667 -0.566610176 0.075081994
199.167625664 14.689404803 0.241686081 -8.717316144 0.036754113 0.821869733 -0.561007084 0.091925672
199.270260352 14.710840532 -0.153594540 -8.863337089 0.024312819 0.820333979 -0.563754163 0.092963933
199.402000224 14.721344791 -0.671428370 -9.024857348 0.023663049 0.819311234 -0.566064566 0.087977661
199.556946432 14.752701275 -1.303490034 -9.243322379 0.012390297 0.822770801 -0.561283399 0.088632020
199.636913856 14.759161154 -1.601976133 -9.347967564 0.017844613 0.821525056 -0.561504025 0.097423722
199.780271328 14.785990470 -2.000143348 -9.478154108 0.012904781 0.820678699 -0.565672250 0.079591743
199.956174912 14.803241097 -2.368768276 -9.599050653 0.021325960 0.821967632 -0.563564208 0.079434240
200.203863136 14.816676886 -2.638739083 -9.699037312 0.016371495 0.827288541 -0.554514785 0.088538106
