3139.855139808 0.000000000 -0.000000000 1.000000000 -0.707106781 0.000000000 0.000000000 0.707106781
3140.355114144 -0.000000000 -0.000000000 1.000000000 -0.707106781 0.000000000 0.000000000 0.707106781
3140.854838464 -0.000000000 -0.000000000 1.000000000 -0.707106781 0.000000000 0.000000000 0.707106781
3141.355201984 0.051867186 2.319566975 1.621336073 -0.707407883 -0.015518082 -0.020061161 0.706350357
3141.855319712 0.286461192 4.096781629 1.714156962 -0.732070700 -0.007811650 -0.006854941 0.681149380
3142.355218208 0.286461192 4.096781629 1.714156962 -0.732070700 -0.007811650 -0.006854941 0.681149380
3142.855504512 0.286461192 4.096781629 1.714156962 -0.732070700 -0.007811650 -0.006854941 0.681149380
3143.354920992 0.286461192 4.096781629 1.714156962 -0.732070700 -0.007811650 -0.006854941 0.681149380
3143.855124352 0.286461192 4.096781629 1.714156962 -0.732070700 -0.007811650 -0.006854941 0.681149380
3144.355009088 0.286461192 4.096781629 1.714156962 -0.732070700 -0.007811650 -0.006854941 0.681149380
3144.855467552 0.286461192 4.096781629 1.714156962 -0.732070700 -0.007811650 -0.006854941 0.681149380
3145.354846976 0.286461192 4.096781629 1.714156962 -0.732070700 -0.007811650 -0.006854941 0.681149380
3145.605273568 0.286461192 4.096781629 1.714156962 -0.732070700 -0.007811650 -0.006854941 0.681149380
3145.855273504 0.286461192 4.096781629 1.714156962 -0.732070700 -0.007811650 -0.006854941 0.681149380
3146.104812736 0.286461192 4.096781629 1.714156962 -0.732070700 -0.007811650 -0.006854941 0.681149380
3148.855061216 0.286461192 4.096781629 1.714156962 -0.732070700 -0.007811650 -0.006854941 0.681149380
3149.355084448 0.286461192 4.096781629 1.714156962 -0.732070700 -0.007811650 -0.006854941 0.681149380
3149.855432032 0.286461192 4.096781629 1.714156962 -0.732070700 -0.007811650 -0.006854941 0.681149380
3150.355387392 0.286461192 4.096781629 1.714156962 -0.732070700 -0.007811650 -0.006854941 0.681149380
3151.105081216 0.283750246 4.100497946 1.710102284 -0.731663992 -0.009471204 -0.008738091 0.681543649
3151.605096992 0.301359062 4.335105134 1.699282354 -0.723059736 -0.019040559 -0.026606395 0.690010272
