3086.352593152 0.000000000 -0.000000000 1.000000000 -0.707106781 0.000000000 0.000000000 0.707106781
3087.102814880 0.042864210 0.954245075 1.064261677 -0.716633106 0.016967568 -0.000301075 0.697243861
3087.602520992 0.030161748 0.960979983 1.082884046 -0.716966703 0.017352474 -0.000268760 0.696891359
3088.103166176 -0.108825106 1.070582607 1.109086050 -0.716620018 0.021253451 -0.005556394 0.697117757
3088.602885312 1.228943083 3.971278347 1.163520457 -0.651548443 0.014792308 0.019621874 0.758208940
3089.105064512 1.126533838 4.058505065 1.106127479 -0.648420844 0.018485817 0.016338619 0.760882207
3089.604913888 1.127091809 4.058111234 1.106325302 -0.648433998 0.018460924 0.016344454 0.760871476
3090.105210592 1.127669018 4.057766522 1.106556390 -0.648446951 0.018437886 0.016357626 0.760860713
3090.605847872 1.128303285 4.057372475 1.106796010 -0.648461595 0.018412382 0.016371592 0.760848549
3091.105300928 1.128303285 4.057372475 1.106796010 -0.648461595 0.018412382 0.016371592 0.760848549
3091.605081088 1.128303285 4.057372475 1.106796010 -0.648461595 0.018412382 0.016371592 0.760848549
3092.105234560 1.128303285 4.057372475 1.106796010 -0.648461595 0.018412382 0.016371592 0.760848549
3092.355328960 1.128303285 4.057372475 1.106796010 -0.648461595 0.018412382 0.016371592 0.760848549
3092.855398784 1.128303285 4.057372475 1.106796010 -0.648461595 0.018412382 0.016371592 0.760848549
3095.355419968 1.128303285 4.057372475 1.106796010 -0.648461595 0.018412382 0.016371592 0.760848549
3095.855168512 1.128303285 4.057372475 1.106796010 -0.648461595 0.018412382 0.016371592 0.760848549
3096.355367744 1.128303285 4.057372475 1.106796010 -0.648461595 0.018412382 0.016371592 0.760848549
3096.854972672 1.128303285 4.057372475 1.106796010 -0.648461595 0.018412382 0.016371592 0.760848549
3097.355747136 1.128303285 4.057372475 1.106796010 -0.648461595 0.018412382 0.016371592 0.760848549
3097.854988800 1.128303285 4.057372475 1.106796010 -0.648461595 0.018412382 0.016371592 0.760848549
3098.355244416 1.128303285 4.057372475 1.106796010 -0.648461595 0.018412382 0.016371592 0.760848549
3098.855718464 1.129172064 4.536153261 1.538716115 -0.650533762 0.016447324 0.014899982 0.759153015
3100.605202752 1.151271733 4.857781601 1.600333284 -0.651855638 0.013427760 0.019146200 0.757982417
