1547.016863488 0.000000000 -0.000000000 1.000000000 -0.707106781 0.000000000 0.000000000 0.707106781
1547.516291712 0.000000000 -0.000000000 1.000000000 -0.707106781 0.000000000 0.000000000 0.707106781
1548.015858656 -0.000000000 -0.000000000 1.000000000 -0.707106781 0.000000000 0.000000000 0.707106781
1548.516168992 0.000000000 0.000000000 1.000000000 -0.707106781 -0.000000000 -0.000000000 0.707106781
1549.016259968 -0.000000000 0.000000000 1.000000000 -0.707106781 0.000000000 0.000000000 0.707106781
1549.516240608 0.000000000 0.000000000 1.000000000 -0.707106781 0.000000000 0.000000000 0.707106781
1549.761727424 0.000000000 0.000000000 1.000000000 -0.707106781 0.000000000 0.000000000 0.707106781
1550.016366592 -0.000000000 0.000000000 1.000000000 -0.707106781 0.000000000 0.000000000 0.707106781
1550.516368032 0.000000000 -0.000000000 1.000000000 -0.707106781 0.000000000 0.000000000 0.707106781
1551.016239200 -0.000000000 -0.000000000 1.000000000 -0.707106781 0.000000000 0.000000000 0.707106781
1551.515999840 -0.000000000 0.000000000 1.000000000 -0.707106781 0.000000000 0.000000000 0.707106781
1551.761975872 -0.000000000 -0.000000000 1.000000000 -0.707106781 0.000000000 0.000000000 0.707106781
1552.016354592 -0.000000000 -0.000000000 1.000000000 -0.707106781 0.000000000 0.000000000 0.707106781
1552.266385216 0.000000000 0.000000000 1.000000000 -0.707106781 0.000000000 0.000000000 0.707106781
1552.516349472 -0.000000000 0.000000000 1.000000000 -0.707106781 0.000000000 0.000000000 0.707106781
1552.761725760 0.000000000 -0.000000000 1.000000000 -0.707106781 0.000000000 0.000000000 0.707106781
1553.016212992 0.000000000 0.000000000 1.000000000 -0.707106781 0.000000000 0.000000000 0.707106781
1553.516264832 0.000000000 0.000000000 1.000000000 -0.707106781 0.000000000 0.000000000 0.707106781
1554.015977920 -0.000000000 0.000000000 1.000000000 -0.707106781 0.000000000 0.000000000 0.707106781
1554.516235296 0.000000000 0.000000000 1.000000000 -0.707106781 0.000000000 0.000000000 0.707106781
1555.016413408 0.000000000 0.000000000 1.000000000 -0.707106781 0.000000000 0.000000000 0.707106781
1555.516262496 0.000000000 0.000000000 1.000000000 -0.707106781 0.000000000 0.000000000 0.707106781
1556.016167840 0.000000000 0.000000000 1.000000000 -0.707106781 0.000000000 0.000000000 0.707106781
1556.516244128 0.000000000 0.000000000 1.000000000 -0.707106781 0.000000000 0.000000000 0.707106781
1557.016106176 -0.000000000 -0.000000000 1.000000000 -0.707106781 0.000000000 0.000000000 0.707106781
1557.516176800 -0.000000000 0.000000000 1.000000000 -0.707106781 0.000000000 0.000000000 0.707106781
