1414.762368000 0.000000000 -0.000000000 1.000000000 -0.707106781 0.000000000 0.000000000 0.707106781
1415.516385760 0.004065486 0.021089510 0.991705119 -0.704685675 0.002221347 0.005156028 0.709497414
1416.016535104 0.004065486 0.021089510 0.991705119 -0.704685675 0.002221347 0.005156028 0.709497414
1416.516271072 0.004065486 0.021089510 0.991705119 -0.704685675 0.002221347 0.005156028 0.709497414
1417.016209856 0.004065486 0.021089510 0.991705119 -0.704685675 0.002221347 0.005156028 0.709497414
1417.266295328 0.004065486 0.021089510 0.991705119 -0.704685675 0.002221347 0.005156028 0.709497414
1417.516144672 0.004065486 0.021089510 0.991705119 -0.704685675 0.002221347 0.005156028 0.709497414
1418.016364512 0.004065486 0.021089510 0.991705119 -0.704685675 0.002221347 0.005156028 0.709497414
1418.516085856 0.004065486 0.021089510 0.991705119 -0.704685675 0.002221347 0.005156028 0.709497414
1419.016435840 0.004065486 0.021089510 0.991705119 -0.704685675 0.002221347 0.005156028 0.709497414
1419.516857632 0.004065486 0.021089510 0.991705119 -0.704685675 0.002221347 0.005156028 0.709497414
1420.016087104 0.004065486 0.021089510 0.991705119 -0.704685675 0.002221347 0.005156028 0.709497414
1420.516274368 0.004065486 0.021089510 0.991705119 -0.704685675 0.002221347 0.005156028 0.709497414
1421.016423328 0.004065486 0.021089510 0.991705119 -0.704685675 0.002221347 0.005156028 0.709497414
1421.516464192 0.004065486 0.021089510 0.991705119 -0.704685675 0.002221347 0.005156028 0.709497414
1422.016264480 0.004065486 0.021089510 0.991705119 -0.704685675 0.002221347 0.005156028 0.709497414
1422.516387712 0.004065486 0.021089510 0.991705119 -0.704685675 0.002221347 0.005156028 0.709497414
1423.016498400 0.004065486 0.021089510 0.991705119 -0.704685675 0.002221347 0.005156028 0.709497414
1423.516279488 0.004065486 0.021089510 0.991705119 -0.704685675 0.002221347 0.005156028 0.709497414
1424.016982496 0.004065486 0.021089510 0.991705119 -0.704685675 0.002221347 0.005156028 0.709497414
1424.516339040 0.004065486 0.021089510 0.991705119 -0.704685675 0.002221347 0.005156028 0.709497414
1425.016858784 0.004065486 0.021089510 0.991705119 -0.704685675 0.002221347 0.005156028 0.709497414
1425.516329376 0.004065486 0.021089510 0.991705119 -0.704685675 0.002221347 0.005156028 0.709497414
1426.016252288 0.004065486 0.021089510 0.991705119 -0.704685675 0.002221347 0.005156028 0.709497414
1426.516316480 0.004065486 0.021089510 0.991705119 -0.704685675 0.002221347 0.005156028 0.709497414
1427.016140896 0.004065486 0.021089510 0.991705119 -0.704685675 0.002221347 0.005156028 0.709497414
1427.516565184 0.003222288 0.062670378 0.996775662 -0.704592771 0.002238123 0.005220006 0.709589156
1428.016447360 0.028410310 0.375539014 1.001607359 -0.704165313 -0.000161159 0.011307662 0.709946000
