1325.761694112 0.000000000 -0.000000000 1.000000000 -0.707106781 0.000000000 0.000000000 0.707106781
1326.515949472 0.008828685 0.563361222 1.305036778 -0.700843382 0.008664999 0.018848554 0.713013466
1327.016197760 0.088177846 3.066562738 1.825016151 -0.720884122 -0.015155218 -0.002681404 0.692884704
1327.515871520 -0.020967923 1.878034802 2.169499341 -0.730834124 -0.013462681 0.001726536 0.682420148
1328.015908512 0.287028473 5.313431573 2.088390984 -0.724177819 0.032292002 -0.013547491 0.688723586
1328.516533504 0.792502535 8.735877393 2.634621925 -0.700745353 0.037849612 -0.014393740 0.712261313
1329.016249248 0.786836586 8.847745631 2.591162732 -0.699249964 0.038758790 -0.015024904 0.713667637
1329.516211936 0.786880240 8.847752889 2.591057484 -0.699249118 0.038748920 -0.015023719 0.713669027
1330.016151072 0.786937991 8.847755039 2.590958612 -0.699246230 0.038746075 -0.015023826 0.713672009
1330.516237120 0.786924420 8.847792313 2.590892052 -0.699244242 0.038746011 -0.015025763 0.713673919
1331.016048512 0.786924420 8.847792313 2.590892052 -0.699244242 0.038746011 -0.015025763 0.713673919
1331.516230592 0.786924420 8.847792313 2.590892052 -0.699244242 0.038746011 -0.015025763 0.713673919
1331.761607072 0.786924420 8.847792313 2.590892052 -0.699244242 0.038746011 -0.015025763 0.713673919
1332.266074272 0.786924420 8.847792313 2.590892052 -0.699244242 0.038746011 -0.015025763 0.713673919
1332.515951200 0.786924420 8.847792313 2.590892052 -0.699244242 0.038746011 -0.015025763 0.713673919
1333.015944224 0.786924420 8.847792313 2.590892052 -0.699244242 0.038746011 -0.015025763 0.713673919
1333.516308576 0.786924420 8.847792313 2.590892052 -0.699244242 0.038746011 -0.015025763 0.713673919
1334.015765344 0.786924420 8.847792313 2.590892052 -0.699244242 0.038746011 -0.015025763 0.713673919
1334.515876192 0.786924420 8.847792313 2.590892052 -0.699244242 0.038746011 -0.015025763 0.713673919
1335.015902080 0.786924420 8.847792313 2.590892052 -0.699244242 0.038746011 -0.015025763 0.713673919
1335.516103136 0.786924420 8.847792313 2.590892052 -0.699244242 0.038746011 -0.015025763 0.713673919
1336.016323872 0.786924420 8.847792313 2.590892052 -0.699244242 0.038746011 -0.015025763 0.713673919
1336.515853664 0.786924420 8.847792313 2.590892052 -0.699244242 0.038746011 -0.015025763 0.713673919
1337.015865696 0.786924420 8.847792313 2.590892052 -0.699244242 0.038746011 -0.015025763 0.713673919
1337.516128736 0.786924420 8.847792313 2.590892052 -0.699244242 0.038746011 -0.015025763 0.713673919
1338.016001248 0.786924420 8.847792313 2.590892052 -0.699244242 0.038746011 -0.015025763 0.713673919
1338.515828928 0.786924420 8.847792313 2.590892052 -0.699244242 0.038746011 -0.015025763 0.713673919
1339.016096832 -0.182199126 8.212021177 2.386805612 -0.698177947 0.049754293 -0.027255827 0.713673024
1339.515978208 -0.137728848 8.453223743 2.402173641 -0.699161697 0.049057896 -0.024947524 0.712842104
1340.016193056 -0.124150318 8.518990699 2.405908853 -0.698783399 0.050434512 -0.022966543 0.713183468
1340.515893888 -0.116003151 8.583336076 2.408082550 -0.700420888 0.049139702 -0.023942960 0.711633756
