1626.016519456 0.000000000 -0.000000000 1.000000000 -0.707106781 0.000000000 0.000000000 0.707106781
1626.516320992 0.000000000 0.000000000 1.000000000 -0.707106781 0.000000000 0.000000000 0.707106781
1627.016474816 0.000000000 0.000000000 1.000000000 -0.707106781 0.000000000 0.000000000 0.707106781
1627.516842496 0.000000000 -0.000000000 1.000000000 -0.707106781 0.000000000 0.000000000 0.707106781
1628.016806848 -0.000000000 -0.000000000 1.000000000 -0.707106781 0.000000000 0.000000000 0.707106781
1628.516349312 0.000000000 -0.000000000 1.000000000 -0.707106781 0.000000000 0.000000000 0.707106781
1629.015994976 0.000000000 0.000000000 1.000000000 -0.707106781 0.000000000 0.000000000 0.707106781
1629.266846048 -0.000000000 -0.000000000 1.000000000 -0.707106781 0.000000000 0.000000000 0.707106781
1629.762311200 -0.000000000 -0.000000000 1.000000000 -0.707106781 0.000000000 0.000000000 0.707106781
1630.016712992 0.000000000 0.000000000 1.000000000 -0.707106781 0.000000000 0.000000000 0.707106781
1630.515817120 -0.000000000 -0.000000000 1.000000000 -0.707106781 0.000000000 0.000000000 0.707106781
1631.017036224 -0.000000000 -0.000000000 1.000000000 -0.707106781 0.000000000 0.000000000 0.707106781
1631.516446688 -0.000000000 -0.000000000 1.000000000 -0.707106781 0.000000000 0.000000000 0.707106781
1631.762486624 -0.000000000 -0.000000000 1.000000000 -0.707106781 0.000000000 0.000000000 0.707106781
1632.266282496 0.000000000 0.000000000 1.000000000 -0.707106781 0.000000000 0.000000000 0.707106781
1632.516300416 0.000000000 -0.000000000 1.000000000 -0.707106781 0.000000000 0.000000000 0.707106781
1632.762199264 -0.000000000 -0.000000000 1.000000000 -0.707106781 0.000000000 0.000000000 0.707106781
1633.515898624 0.000000000 0.000000000 1.000000000 -0.707106781 0.000000000 0.000000000 0.707106781
1634.016691648 -0.000000000 0.000000000 1.000000000 -0.707106781 0.000000000 0.000000000 0.707106781
1634.516168640 0.000000000 -0.000000000 1.000000000 -0.707106781 0.000000000 0.000000000 0.707106781
1634.762061312 0.000000000 0.000000000 1.000000000 -0.707106781 0.000000000 0.000000000 0.707106781
1635.016274528 0.000000000 0.000000000 1.000000000 -0.707106781 0.000000000 0.000000000 0.707106781
1635.516999872 0.000000000 0.000000000 1.000000000 -0.707106781 0.000000000 0.000000000 0.707106781
1636.017093568 0.000000000 0.000000000 1.000000000 -0.707106781 0.000000000 0.000000000 0.707106781
1636.516213376 0.000000000 0.000000000 1.000000000 -0.707106781 0.000000000 0.000000000 0.707106781
1636.762208384 0.000000000 0.000000000 1.000000000 -0.707106781 0.000000000 0.000000000 0.707106781
1637.516444576 -2.554934484 -6.081469734 -0.876351488 -0.675220310 -0.006825452 -0.045248350 0.736195309
1638.016434592 -2.520258125 -5.876954024 -0.857270249 -0.684843394 0.001002797 -0.060696365 0.726157332
1638.516209152 -2.527628124 -5.898553640 -0.860668553 -0.685583842 -0.001224007 -0.064224082 0.725154166
1639.017112480 -2.527582375 -5.894243887 -0.860695675 -0.685639092 -0.001352362 -0.060794224 0.725397318
1639.516788704 -2.527783090 -5.890915982 -0.860956279 -0.685710332 -0.001650152 -0.059985515 0.725396688
