2134.149398176 0.000000000 -0.000000000 1.000000000 -0.707106781 0.000000000 0.000000000 0.707106781
2134.646117536 0.061338312 0.317224020 1.009977627 -0.724593475 0.007945055 -0.021628409 0.688791248
2135.149605472 -0.048305579 1.709000031 1.402032310 -0.729951977 0.027209907 -0.031005546 0.682252438
2135.645746848 0.106172789 2.737472423 1.516278705 -0.706340830 0.031857157 -0.020395488 0.706860508
2136.149268384 0.106172789 2.737472423 1.516278705 -0.706340830 0.031857157 -0.020395488 0.706860508
2136.646418080 0.401941035 4.215991438 1.413525715 -0.705844521 0.042296015 -0.003871509 0.707092335
2137.150582464 0.401941035 4.215991438 1.413525715 -0.705844521 0.042296015 -0.003871509 0.707092335
2137.651126016 0.401941035 4.215991438 1.413525715 -0.705844521 0.042296015 -0.003871509 0.707092335
2138.150823936 0.401941035 4.215991438 1.413525715 -0.705844521 0.042296015 -0.003871509 0.707092335
2138.650210144 0.401941035 4.215991438 1.413525715 -0.705844521 0.042296015 -0.003871509 0.707092335
2139.152038656 0.401941035 4.215991438 1.413525715 -0.705844521 0.042296015 -0.003871509 0.707092335
2139.651532096 0.401941035 4.215991438 1.413525715 -0.705844521 0.042296015 -0.003871509 0.707092335
2140.150565888 0.401941035 4.215991438 1.413525715 -0.705844521 0.042296015 -0.003871509 0.707092335
2140.400119680 0.401941035 4.215991438 1.413525715 -0.705844521 0.042296015 -0.003871509 0.707092335
2140.901657760 0.401941035 4.215991438 1.413525715 -0.705844521 0.042296015 -0.003871509 0.707092335
2141.150826496 0.401941035 4.215991438 1.413525715 -0.705844521 0.042296015 -0.003871509 0.707092335
2141.400495008 0.401941035 4.215991438 1.413525715 -0.705844521 0.042296015 -0.003871509 0.707092335
2141.901053376 0.401941035 4.215991438 1.413525715 -0.705844521 0.042296015 -0.003871509 0.707092335
2142.401093408 0.401941035 4.215991438 1.413525715 -0.705844521 0.042296015 -0.003871509 0.707092335
2142.900545312 0.401941035 4.215991438 1.413525715 -0.705844521 0.042296015 -0.003871509 0.707092335
2143.400450528 0.401941035 4.215991438 1.413525715 -0.705844521 0.042296015 -0.003871509 0.707092335
2143.901011232 0.401941035 4.215991438 1.413525715 -0.705844521 0.042296015 -0.003871509 0.707092335
2144.400851616 0.401941035 4.215991438 1.413525715 -0.705844521 0.042296015 -0.003871509 0.707092335
2144.900245152 0.401941035 4.215991438 1.413525715 -0.705844521 0.042296015 -0.003871509 0.707092335
2145.400088384 0.401941035 4.215991438 1.413525715 -0.705844521 0.042296015 -0.003871509 0.707092335
2145.900048352 0.401941035 4.215991438 1.413525715 -0.705844521 0.042296015 -0.003871509 0.707092335
2146.402643136 -1.154053315 -0.745467500 0.225360289 -0.701744116 0.045830580 -0.013550577 0.710824265
2146.900856224 -1.114602013 -0.451594553 0.238248372 -0.701640068 0.042199058 -0.011387116 0.711189699
2147.401217664 -1.107428802 -0.396551843 0.240044224 -0.699761636 0.041228417 -0.010013293 0.713115421
2147.900930784 -1.108105566 -0.405987512 0.239333762 -0.699887147 0.041529325 -0.010091840 0.712973668
