1885.898312864 0.000000000 -0.000000000 1.000000000 -0.707106781 0.000000000 0.000000000 0.707106781
1886.398626816 0.448687987 4.470228291 0.044356548 -0.724995740 0.012173509 0.021066471 0.688323461
1886.899736640 2.764684563 9.545353239 1.025014815 -0.744144432 -0.002941831 0.047836457 0.666297293
1887.399333504 3.029715582 9.718201947 1.143919180 -0.745059885 -0.003833827 0.052981289 0.664878976
1887.900463136 2.999531029 9.708781574 1.138295518 -0.745387285 -0.004747963 0.051374071 0.664632196
1888.401330304 2.999168732 9.708574465 1.137986143 -0.745383981 -0.004749113 0.051367460 0.664636405
1888.900630592 2.998724925 9.708196305 1.137647694 -0.745380527 -0.004747339 0.051365849 0.664640415
1889.400796736 2.998724925 9.708196305 1.137647694 -0.745380527 -0.004747339 0.051365849 0.664640415
1889.900452896 2.998724925 9.708196305 1.137647694 -0.745380527 -0.004747339 0.051365849 0.664640415
1890.400893664 2.998724925 9.708196305 1.137647694 -0.745380527 -0.004747339 0.051365849 0.664640415
1890.900942656 2.998724925 9.708196305 1.137647694 -0.745380527 -0.004747339 0.051365849 0.664640415
1891.151387168 2.998724925 9.708196305 1.137647694 -0.745380527 -0.004747339 0.051365849 0.664640415
1891.400572800 2.998724925 9.708196305 1.137647694 -0.745380527 -0.004747339 0.051365849 0.664640415
1891.900767904 2.998724925 9.708196305 1.137647694 -0.745380527 -0.004747339 0.051365849 0.664640415
1892.400918432 2.998724925 9.708196305 1.137647694 -0.745380527 -0.004747339 0.051365849 0.664640415
1892.900574880 2.994768214 9.755983812 1.105051381 -0.742093164 0.004752945 0.044288309 0.668815140
1893.151053152 2.994768214 9.755983812 1.105051381 -0.742093164 0.004752945 0.044288309 0.668815140
1893.648746080 2.994768214 9.755983812 1.105051381 -0.742093164 0.004752945 0.044288309 0.668815140
1894.150910048 2.994768214 9.755983812 1.105051381 -0.742093164 0.004752945 0.044288309 0.668815140
1894.647805696 2.994768214 9.755983812 1.105051381 -0.742093164 0.004752945 0.044288309 0.668815140
1895.151093568 2.994768214 9.755983812 1.105051381 -0.742093164 0.004752945 0.044288309 0.668815140
1895.647003840 2.994768214 9.755983812 1.105051381 -0.742093164 0.004752945 0.044288309 0.668815140
1896.150970144 2.994768214 9.755983812 1.105051381 -0.742093164 0.004752945 0.044288309 0.668815140
1896.647038752 2.994768214 9.755983812 1.105051381 -0.742093164 0.004752945 0.044288309 0.668815140
