1626.016519456 0.000000000 -0.000000000 1.000000000 -0.707106781 0.000000000 0.000000000 0.707106781
1626.516320992 -0.000000000 0.000000000 1.000000000 -0.707106781 0.000000000 0.000000000 0.707106781
1627.016474816 0.000000000 0.000000000 1.000000000 -0.707106781 0.000000000 0.000000000 0.707106781
1627.516842496 0.000000000 -0.000000000 1.000000000 -0.707106781 0.000000000 0.000000000 0.707106781
1628.016806848 -0.000000000 -0.000000000 1.000000000 -0.707106781 0.000000000 0.000000000 0.707106781
1628.516349312 0.077810192 0.148773966 0.955946638 -0.706700211 0.017187941 -0.017214515 0.707094793
1629.015994976 0.077810192 0.148773966 0.955946638 -0.706700211 0.017187941 -0.017214515 0.707094793
1629.516612288 0.033266202 0.150967838 0.966071275 -0.709811099 0.033125483 -0.047980218 0.701974932
1630.016712992 0.033266202 0.150967838 0.966071275 -0.709811099 0.033125483 -0.047980218 0.701974932
1630.515817120 0.033266202 0.150967838 0.966071275 -0.709811099 0.033125483 -0.047980218 0.701974932
1631.017036224 0.033266202 0.150967838 0.966071275 -0.709811099 0.033125483 -0.047980218 0.701974932
1631.516446688 0.033266202 0.150967838 0.966071275 -0.709811099 0.033125483 -0.047980218 0.701974932
1632.016302592 0.033266202 0.150967838 0.966071275 -0.709811099 0.033125483 -0.047980218 0.701974932
1632.266282496 0.033266202 0.150967838 0.966071275 -0.709811099 0.033125483 -0.047980218 0.701974932
1632.762199264 0.033266202 0.150967838 0.966071275 -0.709811099 0.033125483 -0.047980218 0.701974932
1633.266303296 0.033266202 0.150967838 0.966071275 -0.709811099 0.033125483 -0.047980218 0.701974932
1633.761998048 0.033266202 0.150967838 0.966071275 -0.709811099 0.033125483 -0.047980218 0.701974932
1634.016691648 0.033266202 0.150967838 0.966071275 -0.709811099 0.033125483 -0.047980218 0.701974932
1634.266337024 0.033266202 0.150967838 0.966071275 -0.709811099 0.033125483 -0.047980218 0.701974932
1634.762061312 0.011356141 0.115232307 0.986938912 -0.711006134 0.038122469 -0.040604029 0.700976653
1635.266761760 0.033266202 0.150967838 0.966071275 -0.709811099 0.033125483 -0.047980218 0.701974932
1635.762017792 0.033266202 0.150967838 0.966071275 -0.709811099 0.033125483 -0.047980218 0.701974932
1636.266439616 0.033266202 0.150967838 0.966071275 -0.709811099 0.033125483 -0.047980218 0.701974932
1636.762208384 0.033266202 0.150967838 0.966071275 -0.709811099 0.033125483 -0.047980218 0.701974932
1637.266357280 0.033266202 0.150967838 0.966071275 -0.709811099 0.033125483 -0.047980218 0.701974932
1637.762149952 -0.037959196 0.267597935 0.942691497 -0.707256625 0.026244774 -0.061401324 0.703796246
1638.265888064 -0.028183658 0.313276534 0.938859408 -0.710324738 0.033183457 -0.069060730 0.699691533
1638.762058336 -0.017517901 0.310679495 0.947687131 -0.711156561 0.027295693 -0.064972557 0.699492571
