3362.852582176 0.000000000 -0.000000000 1.000000000 -0.707106781 0.000000000 0.000000000 0.707106781
3363.852497280 -0.001426385 1.404447490 1.084842856 -0.724898276 0.019325579 -0.033187421 0.687784564
3364.352510176 -0.002373167 1.403347962 1.085560123 -0.724916870 0.019356368 -0.033185900 0.687764174
3364.852227488 -0.002073436 1.403559936 1.085509838 -0.724914985 0.019348316 -0.033183214 0.687766517
3365.353148128 -0.002023881 1.403631213 1.085449355 -0.724913457 0.019346226 -0.033184354 0.687768131
3365.854440704 0.521895788 2.731129284 1.563294246 -0.741764142 -0.041348734 0.001587939 0.669383088
3366.354956288 0.521895788 2.731129284 1.563294246 -0.741764142 -0.041348734 0.001587939 0.669383088
3366.854915136 0.521895788 2.731129284 1.563294246 -0.741764142 -0.041348734 0.001587939 0.669383088
3367.355016608 0.521895788 2.731129284 1.563294246 -0.741764142 -0.041348734 0.001587939 0.669383088
3367.855111424 0.521895788 2.731129284 1.563294246 -0.741764142 -0.041348734 0.001587939 0.669383088
3368.354892320 0.521895788 2.731129284 1.563294246 -0.741764142 -0.041348734 0.001587939 0.669383088
3368.854950656 0.521895788 2.731129284 1.563294246 -0.741764142 -0.041348734 0.001587939 0.669383088
3369.105203008 0.521895788 2.731129284 1.563294246 -0.741764142 -0.041348734 0.001587939 0.669383088
3369.354951968 0.521895788 2.731129284 1.563294246 -0.741764142 -0.041348734 0.001587939 0.669383088
3372.105341184 0.521895788 2.731129284 1.563294246 -0.741764142 -0.041348734 0.001587939 0.669383088
3372.605595136 0.521895788 2.731129284 1.563294246 -0.741764142 -0.041348734 0.001587939 0.669383088
3373.105803936 0.521895788 2.731129284 1.563294246 -0.741764142 -0.041348734 0.001587939 0.669383088
3373.605977280 0.521895788 2.731129284 1.563294246 -0.741764142 -0.041348734 0.001587939 0.669383088
3374.105567072 0.521895788 2.731129284 1.563294246 -0.741764142 -0.041348734 0.001587939 0.669383088
3374.605357632 0.521895788 2.731129284 1.563294246 -0.741764142 -0.041348734 0.001587939 0.669383088
3375.105897312 0.424634657 2.943869866 1.546927371 -0.741400615 -0.040818945 0.000064859 0.669820079
3375.604940096 0.419843905 3.298713902 1.518484765 -0.740011228 -0.048104869 -0.002746031 0.670866427
