433.269362880 -0.227524255 -0.112565988 1.179463755 -0.707699089 -0.002010719 -0.000947855 0.706510480
433.347526944 -0.155749715 0.590757104 1.200450397 -0.708489348 -0.005827235 -0.009995385 0.705626657
433.410259456 -0.072963435 1.126382476 1.204782066 -0.700958754 0.005445859 0.001145219 0.713180101
433.487631488 0.013309712 1.797629706 1.213364543 -0.706924578 -0.003161793 -0.004791016 0.707265643
433.550711360 0.078829983 2.352920207 1.235920783 -0.705811189 0.010003964 0.008608491 0.708277050
433.628617280 0.163468009 3.007203791 1.241457480 -0.718560414 0.005432042 0.002142685 0.695440029
433.694332192 0.230277074 3.601331298 1.236769840 -0.722364483 0.010128512 0.005818183 0.691413853
433.771236928 0.342545322 4.363119664 1.239036302 -0.721398644 0.006660575 0.007912850 0.692442792
433.834429952 0.376898967 4.693877568 1.232973085 -0.724754544 0.004601641 0.008931170 0.688933894
433.911580480 0.423570076 5.079150453 1.240416718 -0.708811921 0.005965673 0.004586798 0.705357380
433.974746656 0.465261005 5.408394995 1.254938942 -0.708133790 0.012839809 0.004142550 0.705949370
434.051876960 0.507134668 5.814683425 1.261470001 -0.726799941 0.002207734 -0.004633309 0.686830040
434.114934048 0.548783497 6.143496921 1.259724475 -0.732846945 0.012081600 0.011721377 0.680185269
434.194427200 0.578315501 6.550500514 1.269902998 -0.722607303 0.008269231 -0.010218078 0.691133776
434.258180608 0.622063922 6.859333545 1.267670557 -0.712292648 0.015937379 -0.009902232 0.701631762
434.344736256 0.677428960 7.309949336 1.289315507 -0.710225350 0.012632689 -0.010346736 0.703784990
434.407817632 0.713424257 7.634780148 1.293824717 -0.722854850 0.008369183 -0.012255321 0.690840524
434.486837888 0.774212457 8.095579405 1.300134073 -0.724257843 0.012084675 -0.009234556 0.689361488
434.550559136 0.832556908 8.477317072 1.301553867 -0.726601292 0.011367196 -0.008705093 0.686910162
434.627788832 0.902255482 8.924534539 1.287972217 -0.725962566 0.013652594 -0.007683191 0.687555764
434.658748704 0.905469981 8.927528850 1.283285571 -0.725969268 0.013439489 -0.008024730 0.687548984
434.690115424 0.886876653 9.038913834 1.286674984 -0.726163853 0.013739247 -0.009314571 0.687321271
434.768624000 0.941804310 9.447314684 1.275499899 -0.732397395 0.034102105 0.001487171 0.680021243
434.800663904 0.941805965 9.447315569 1.275499566 -0.732397178 0.034102375 0.001487695 0.680021461
434.832493856 0.887169391 9.402251661 1.274824256 -0.732202105 0.036707858 -0.000185185 0.680097475
434.910720512 0.966970917 9.818013659 1.261831961 -0.719627777 0.050586520 0.006162966 0.692487462
434.973891456 1.020747702 10.141850114 1.277041349 -0.696568380 0.044955688 -0.012966509 0.715963231
435.051218368 1.101848090 10.568854008 1.259976152 -0.717972491 0.059443491 -0.016966509 0.693321074
435.114519872 1.168693462 10.897674463 1.253045733 -0.738283334 0.062391355 -0.021688178 0.671248583
435.191845056 1.249678902 11.270221022 1.236349088 -0.726877947 0.063677353 -0.018441011 0.683559488
435.255277920 1.316864678 11.582396003 1.201037337 -0.736049332 0.065615980 -0.009823913 0.673668624
435.332255456 1.399753639 11.926834106 1.225978113 -0.694179618 0.064312161 -0.017639805 0.716705966
435.395494912 1.474074148 12.252524680 1.212184597 -0.705525594 0.070331163 -0.016819880 0.704985288
435.473900352 1.562369336 12.657146399 1.195986944 -0.735275499 0.061748061 -0.008055612 0.674901640
435.539133792 1.618901770 12.961379606 1.185200617 -0.726506302 0.050928601 -0.011168867 0.685178901
435.616473024 1.698579484 13.362280118 1.164372955 -0.727801922 0.044833562 -0.004065971 0.684308251
435.679462496 1.750981521 13.687677360 1.155663867 -0.726718558 0.036622735 -0.002790955 0.685952712
435.758574752 1.807157566 14.106920761 1.151522569 -0.719337332 0.025002495 -0.001583284 0.694209026
435.821637952 1.848637540 14.453215900 1.145471297 -0.718106936 0.022702441 -0.000892893 0.695561809
435.898620896 1.906347234 14.906660795 1.144888284 -0.718167266 0.018004751 -0.002474079 0.695633155
435.961308512 1.944684802 15.280194166 1.143685848 -0.715819934 0.015407353 -0.002505615 0.698110419
436.039197408 2.005301353 15.771261442 1.143439345 -0.718989492 0.012111971 -0.005120507 0.694896532
436.113531424 2.061230347 16.243213630 1.130461984 -0.728822298 0.015524442 -0.003414972 0.684518361
436.191559360 2.119637502 16.734194903 1.117932810 -0.730712068 0.014287102 -0.008985159 0.682477120
436.255833568 2.174947430 17.118835362 1.111635103 -0.723724951 0.021034445 -0.002997969 0.689761378
436.343335808 2.247337155 17.659700815 1.100679604 -0.723517453 0.019055712 -0.011599055 0.689945532
436.406822400 2.314936139 18.033755434 1.090731567 -0.722888179 0.024367236 -0.017381662 0.690316447
436.485006368 2.404862481 18.498305040 1.084774126 -0.719749667 0.028080216 -0.023822148 0.693256391
436.549229504 2.478525166 18.901897572 1.087639582 -0.716227403 0.028406447 -0.025484729 0.696822724
436.628838528 2.559343263 19.417126496 1.085367208 -0.715797723 0.027362973 -0.026287215 0.697276035
436.691483872 2.628013719 19.822337929 1.088914962 -0.715378405 0.027475952 -0.025253756 0.697739964
436.769080608 2.709990414 20.352167039 1.086778353 -0.717687413 0.024447349 -0.022793867 0.695562753
436.831945888 2.781826898 20.734506794 1.089287372 -0.715969574 0.024839990 -0.020506337 0.697388008
436.909248608 2.855194474 21.222915696 1.093567956 -0.712438625 0.020464093 -0.023231223 0.701051166
436.972129856 2.911052370 21.624054778 1.102656945 -0.712894094 0.018371900 -0.024705596 0.700595545
437.052074656 2.981293430 22.128825346 1.108415609 -0.710857871 0.014860620 -0.025496770 0.702716276
437.117869120 3.041799734 22.541465839 1.112992893 -0.714383683 0.012817739 -0.022580367 0.699272326
437.194933472 3.107610917 23.026849497 1.118216641 -0.712389200 0.010960193 -0.020529187 0.701398642
437.267198528 3.176666627 23.526067388 1.116810597 -0.711936432 0.009674269 -0.018607079 0.701930696
437.344495456 3.240348863 24.044242983 1.130914200 -0.711896304 0.006559289 -0.019212712 0.701991096
437.408313632 3.292367832 24.475958096 1.133072207 -0.709879593 0.008410853 -0.016103344 0.704088704
437.487396928 3.355065221 25.028154851 1.147838371 -0.711950016 0.006768080 -0.017151130 0.701988039
437.550566304 3.403114206 25.462911596 1.146122764 -0.712700154 0.006109418 -0.018349328 0.701202159
437.627999520 3.482344282 25.991662313 1.164321295 -0.710948582 0.012766518 -0.025618317 0.702661250
437.690720704 3.551149636 26.423519695 1.176290950 -0.706731996 0.023240918 -0.035666288 0.706199448
437.768143008 3.652931994 26.948206432 1.191395621 -0.707113255 0.031427560 -0.038003613 0.705378535
437.830934976 3.728794178 27.369928202 1.204439893 -0.708163762 0.032124217 -0.040460574 0.704155567
437.918319968 3.860309519 27.932401930 1.219861746 -0.709090968 0.038297341 -0.042879594 0.702769275
437.981957216 3.953654215 28.343915900 1.232753821 -0.707344156 0.038801854 -0.047781854 0.704184319
438.060570208 4.067248050 28.838572378 1.244284421 -0.707284581 0.040096656 -0.043341689 0.704458854
438.123466368 4.155062641 29.245783816 1.252084644 -0.711505407 0.039745509 -0.041982320 0.700298390
438.159998048 4.039230446 29.007492054 1.332729633 -0.719224955 0.041353807 -0.047509993 0.691916272
438.200773248 4.254250816 29.732983496 1.268336127 -0.710522975 0.037659136 -0.042772450 0.701362538
438.264139296 4.332317415 30.134058827 1.282494892 -0.708301189 0.036950007 -0.040999991 0.703749333
438.309692448 4.303066422 30.123075391 1.322326229 -0.712850114 0.040284969 -0.041931759 0.698901684
438.384636224 4.345229672 30.606955494 1.388380848 -0.711664849 0.040927193 -0.043351634 0.699984816
438.452770560 4.360406371 30.790396036 1.378264311 -0.705367607 0.038750077 -0.049598882 0.706041728
438.524955840 4.390600013 31.036336571 1.408814082 -0.707682488 0.039140597 -0.051627419 0.703553920
438.593295904 4.428923767 31.210673836 1.398094109 -0.708032189 0.033966167 -0.052204421 0.703428331
438.665304544 4.477935478 31.395828009 1.445748122 -0.711463781 0.032418485 -0.054538048 0.699852793
438.733166144 4.539458135 31.560583401 1.434532925 -0.707580913 0.026859353 -0.050627237 0.704304416
438.806215840 4.594412850 31.820534844 1.452442073 -0.706415837 0.029456541 -0.054912768 0.705048627
438.838677632 4.459063478 31.875291107 1.534300374 -0.709094328 0.031120178 -0.062971720 0.701606250
438.919966592 4.572619678 32.343171934 1.555726417 -0.708823825 0.039356267 -0.064639075 0.701314237
438.984693344 4.664869972 32.722441774 1.566200758 -0.703853788 0.040033380 -0.064773471 0.706251776
439.061698048 4.778632500 33.169146589 1.584678346 -0.703377698 0.041886845 -0.063692756 0.706716732
439.093049184 4.778574168 33.169066526 1.584794469 -0.703377679 0.041881703 -0.063700545 0.706716354
439.124504704 4.789243141 33.183755551 1.584195750 -0.703516719 0.042253244 -0.062758258 0.706640142
439.201401824 4.916574940 33.596179503 1.595905058 -0.702397180 0.040631858 -0.058224067 0.708235280
439.233142688 4.916572887 33.596178192 1.595903227 -0.702396615 0.040631459 -0.058223721 0.708235892
439.265244544 4.915136216 33.589531227 1.598615525 -0.702702752 0.040340574 -0.058382102 0.707935739
439.344163552 5.023238772 34.003932149 1.618781543 -0.697052791 0.036910350 -0.058450350 0.713679612
439.376023840 5.023238368 34.003933001 1.618781809 -0.697052445 0.036909826 -0.058450087 0.713679999
439.407803200 4.660923511 30.301563519 0.684305588 -0.689341779 0.026791930 -0.078975306 0.719620043
439.485805760 4.763504104 30.735327997 0.715193450 -0.693921330 0.022820380 -0.082329569 0.714964517
439.549752096 4.855453765 31.072650777 0.759590212 -0.679798129 0.024914991 -0.079121121 0.728693073
439.627714912 4.952041958 31.489337752 0.795056599 -0.677009555 0.016646396 -0.085726318 0.730774903
439.702334624 5.053153980 31.895393081 0.832422002 -0.690767472 0.021401670 -0.080077108 0.718310466
439.781965472 5.147749910 32.323474634 0.861412736 -0.700458044 0.019937725 -0.082269388 0.708655603
439.845805152 5.222521553 32.640460512 0.892734949 -0.687889812 0.016763411 -0.084167632 0.720723529
439.922960288 5.308633531 33.035281774 0.923922136 -0.692179481 0.009222173 -0.082998570 0.716877782
439.988975328 5.401141058 33.185029062 0.976740006 -0.696295768 0.006007891 -0.082440632 0.712979418
440.025620512 5.627898402 33.449725025 0.843606032 -0.691870491 0.005767902 -0.082074206 0.717318465
440.130477504 5.747827269 33.662027368 0.865354417 -0.689035434 0.006178194 -0.082504063 0.719989639
440.166774848 5.753107046 33.511300684 0.782902573 -0.689895093 0.005637153 -0.081627934 0.719270368
440.207495648 5.451562127 31.203708829 0.029122601 -0.667253127 0.002732238 -0.069882456 0.741540452
440.270141696 5.520062755 31.518625741 0.046450910 -0.684000517 0.009474442 -0.064638495 0.726550337
440.349299712 5.600057424 31.878082409 0.076992938 -0.707404770 0.005517529 -0.071087503 0.703203111
440.414611776 5.664055477 32.195037195 0.071486404 -0.732410043 0.002724299 -0.080683841 0.676060815
440.451130624 5.643892522 32.173319001 0.069263049 -0.732218618 0.002844794 -0.082501934 0.676048248
440.556089472 4.346952531 31.274298650 -0.211513051 -0.726400957 0.023089581 -0.105455276 0.678739792
440.633379392 4.457967337 31.531412677 -0.179787326 -0.735448440 0.033036427 -0.098084496 0.669629464
440.696731040 4.560370610 31.766329370 -0.150938462 -0.748404057 0.027644464 -0.106074977 0.654121739
440.733071616 5.313178352 32.479561239 0.000301564 -0.750839695 0.024105635 -0.096850264 0.652900220
440.873387072 4.513827588 31.779862684 -0.150421811 -0.748418768 0.029405252 -0.107751908 0.653753933
440.978652768 4.522494214 31.777007457 -0.151282439 -0.748469594 0.027986243 -0.106614802 0.653944433
441.056140352 4.523829527 31.775838980 -0.151655965 -0.748494589 0.027825271 -0.106524865 0.653937350
441.119419616 4.523829491 31.775838927 -0.151655878 -0.748494381 0.027824909 -0.106524678 0.653937634
441.196061408 4.523829403 31.775838880 -0.151655762 -0.748494173 0.027824547 -0.106524492 0.653937918
441.259575328 4.523829321 31.775838769 -0.151655646 -0.748493965 0.027824186 -0.106524305 0.653938202
441.295912832 4.523829260 31.775838700 -0.151655544 -0.748493756 0.027823824 -0.106524118 0.653938486
441.399927488 4.523829226 31.775838627 -0.151655459 -0.748493548 0.027823463 -0.106523931 0.653938770
441.487551680 4.523829132 31.775838515 -0.151655343 -0.748493340 0.027823101 -0.106523744 0.653939054
441.554499648 4.523829074 31.775838385 -0.151655224 -0.748493132 0.027822739 -0.106523557 0.653939338
441.648119840 4.523828987 31.775838284 -0.151655116 -0.748492924 0.027822378 -0.106523370 0.653939623
441.711362560 4.523828929 31.775838246 -0.151655004 -0.748492716 0.027822016 -0.106523183 0.653939907
441.747775648 4.523828858 31.775838135 -0.151654915 -0.748492508 0.027821655 -0.106522996 0.653940191
441.888485088 4.697135233 32.503893559 -0.220506661 -0.739054623 0.016642411 -0.088462101 0.667604487
441.929078912 4.523829293 31.775837733 -0.151655156 -0.748492114 0.027820944 -0.106522629 0.653940731
441.991681600 4.523829207 31.775837606 -0.151655048 -0.748491906 0.027820583 -0.106522442 0.653941015
442.068818112 4.523829158 31.775837457 -0.151654932 -0.748491698 0.027820221 -0.106522255 0.653941299
442.131455808 4.523829065 31.775837352 -0.151654839 -0.748491490 0.027819860 -0.106522068 0.653941583
442.168045536 4.523828994 31.775837301 -0.151654752 -0.748491282 0.027819498 -0.106521881 0.653941867
442.208723680 4.523828950 31.775837174 -0.151654638 -0.748491074 0.027819137 -0.106521694 0.653942151
442.271799232 4.523828868 31.775837018 -0.151654537 -0.748490866 0.027818775 -0.106521507 0.653942435
442.349872992 4.523828807 31.775836982 -0.151654447 -0.748490658 0.027818414 -0.106521320 0.653942718
442.413875296 4.523828752 31.775836895 -0.151654347 -0.748490450 0.027818052 -0.106521132 0.653943002
442.490798048 4.523828670 31.775836748 -0.151654240 -0.748490242 0.027817691 -0.106520945 0.653943286
442.554510944 4.523828595 31.775836666 -0.151654153 -0.748490034 0.027817329 -0.106520758 0.653943570
442.631846080 4.523828530 31.775836583 -0.151654055 -0.748489826 0.027816967 -0.106520571 0.653943854
442.694732736 4.581907837 32.007025823 -0.180083576 -0.767602356 0.016241418 -0.098794957 0.633057972
442.731457792 4.523828594 31.775836432 -0.151654047 -0.748489417 0.027816248 -0.106520199 0.653944414
442.835219840 4.523828536 31.775836281 -0.151653949 -0.748489209 0.027815887 -0.106520012 0.653944698
442.871266176 4.523828453 31.775836128 -0.151653844 -0.748489001 0.027815525 -0.106519825 0.653944982
442.911879264 4.523828399 31.775836023 -0.151653742 -0.748488793 0.027815164 -0.106519637 0.653945265
442.975611264 4.523828342 31.775836001 -0.151653674 -0.748488585 0.027814802 -0.106519450 0.653945549
443.012426592 4.523828308 31.775835959 -0.151653569 -0.748488377 0.027814441 -0.106519263 0.653945833
443.055139104 4.523828231 31.775835865 -0.151653486 -0.748488169 0.027814079 -0.106519076 0.653946117
443.118485888 4.523828159 31.775835771 -0.151653396 -0.748487961 0.027813718 -0.106518889 0.653946401
443.154736864 4.523828121 31.775835685 -0.151653309 -0.748487754 0.027813356 -0.106518702 0.653946685
443.195328512 4.525091404 31.779465497 -0.156654684 -0.747589162 0.028125437 -0.106303763 0.654995355
443.272965408 4.574185447 32.021570622 -0.192094745 -0.755474247 0.019091914 -0.081250182 0.649840418
443.350481216 4.574853104 32.029060362 -0.193732606 -0.755825065 0.019200685 -0.081458002 0.649403109
443.413517792 4.616333083 32.206848764 -0.221304657 -0.761760928 0.020365144 -0.054237463 0.645262619
443.492152096 4.616328945 32.206849135 -0.221308372 -0.761759452 0.020366644 -0.054238719 0.645264208
443.555437024 4.616328891 32.206849127 -0.221308309 -0.761759258 0.020366270 -0.054238542 0.645264463
443.634377440 4.616328847 32.206849069 -0.221308236 -0.761759067 0.020365894 -0.054238367 0.645264716
443.698846368 4.616328787 32.206848959 -0.221308138 -0.761758875 0.020365519 -0.054238192 0.645264969
443.776284448 4.616328728 32.206848851 -0.221308047 -0.761758683 0.020365143 -0.054238016 0.645265222
443.852095296 4.616328674 32.206848809 -0.221307964 -0.761758492 0.020364768 -0.054237841 0.645265475
443.929054464 4.616328631 32.206848752 -0.221307896 -0.761758300 0.020364392 -0.054237666 0.645265728
443.992810432 4.616328572 32.206848650 -0.221307810 -0.761758108 0.020364017 -0.054237490 0.645265981
444.069866048 4.616328503 32.206848428 -0.221307714 -0.761757917 0.020363641 -0.054237315 0.645266233
444.132658688 4.616328442 32.206848320 -0.221307629 -0.761757725 0.020363266 -0.054237139 0.645266486
444.209437984 4.616328390 32.206848307 -0.221307558 -0.761757533 0.020362890 -0.054236964 0.645266739
444.272101760 4.616328353 32.206848198 -0.221307467 -0.761757342 0.020362515 -0.054236789 0.645266992
444.349315936 4.616328292 32.206848237 -0.221307396 -0.761757150 0.020362139 -0.054236613 0.645267245
444.417320544 4.616328266 32.206848150 -0.221307326 -0.761756958 0.020361764 -0.054236438 0.645267498
444.494611584 4.616328190 32.206848080 -0.221307248 -0.761756767 0.020361388 -0.054236262 0.645267751
444.558712256 4.616328155 32.206847886 -0.221307147 -0.761756575 0.020361013 -0.054236087 0.645268003
444.635926784 4.616328092 32.206847983 -0.221307116 -0.761756383 0.020360637 -0.054235911 0.645268256
444.698796608 4.616328023 32.206847766 -0.221307025 -0.761756192 0.020360262 -0.054235736 0.645268509
444.776552064 4.616328008 32.206847665 -0.221306942 -0.761756000 0.020359886 -0.054235560 0.645268762
444.840052352 4.616327949 32.206847676 -0.221306902 -0.761755808 0.020359511 -0.054235385 0.645269015
444.917000832 4.616327923 32.206847657 -0.221306830 -0.761755617 0.020359135 -0.054235209 0.645269268
444.980529856 4.616327843 32.206847445 -0.221306746 -0.761755425 0.020358760 -0.054235034 0.645269521
445.069354048 4.616327818 32.206847633 -0.221306689 -0.761755233 0.020358384 -0.054234858 0.645269774
445.135103456 4.616327768 32.206847553 -0.221306644 -0.761755042 0.020358009 -0.054234682 0.645270026
445.218668160 4.616327723 32.206847483 -0.221306570 -0.761754850 0.020357633 -0.054234507 0.645270279
445.283089760 4.616327695 32.206847442 -0.221306504 -0.761754659 0.020357257 -0.054234331 0.645270532
445.361392320 4.616327635 32.206847402 -0.221306437 -0.761754467 0.020356882 -0.054234156 0.645270785
445.424677888 4.616327612 32.206847360 -0.221306372 -0.761754275 0.020356506 -0.054233980 0.645271038
445.501715232 4.616327560 32.206847291 -0.221306320 -0.761754084 0.020356131 -0.054233804 0.645271291
445.564926240 4.616327507 32.206847103 -0.221306230 -0.761753892 0.020355755 -0.054233629 0.645271544
445.642031872 4.616327468 32.206847096 -0.221306194 -0.761753700 0.020355380 -0.054233453 0.645271796
445.705428896 4.616327414 32.206847088 -0.221306108 -0.761753509 0.020355004 -0.054233278 0.645272049
445.782937600 4.570969434 32.448651312 -0.190507319 -0.752580583 0.023791578 -0.065567459 0.654795644
445.847108800 4.616327562 32.206847354 -0.221306168 -0.761753131 0.020354258 -0.054232931 0.645272548
445.924305312 4.616327523 32.206847135 -0.221306101 -0.761752939 0.020353882 -0.054232756 0.645272801
445.987626784 4.616327483 32.206847069 -0.221306050 -0.761752748 0.020353507 -0.054232580 0.645273054
446.064567616 4.616327442 32.206847067 -0.221305987 -0.761752556 0.020353131 -0.054232404 0.645273306
446.127979904 4.726740456 32.131851411 -0.200045298 -0.760568962 0.020929213 -0.058947257 0.646236831
446.205461504 4.616327304 32.206846891 -0.221305844 -0.761752172 0.020352379 -0.054232047 0.645273813
446.269003712 4.616327271 32.206846763 -0.221305794 -0.761751980 0.020352003 -0.054231871 0.645274066
446.347375552 4.616327235 32.206846791 -0.221305735 -0.761751789 0.020351628 -0.054231695 0.645274319
446.410658752 4.605387147 32.325648832 -0.215120742 -0.755897313 0.019287642 -0.053747664 0.652195084
446.488506528 4.616327248 32.206846595 -0.221305682 -0.761751408 0.020350879 -0.054231346 0.645274822
446.560414816 4.636223460 32.498754857 -0.276918788 -0.759966491 0.041996612 -0.038982336 0.647431537
446.644727584 3.590018911 30.818241638 -0.404276025 -0.758399939 0.029573775 -0.070584467 0.647281050
446.708789408 3.636522264 31.033590329 -0.421651545 -0.747555774 0.037074456 -0.067287648 0.659741027
446.786110976 3.693754168 31.301798212 -0.452100585 -0.747077270 0.037366837 -0.061984833 0.660785255
446.860591168 3.742195184 31.585359884 -0.480953288 -0.750742631 0.032589721 -0.054698447 0.657519196
446.938849696 3.786821391 31.865682159 -0.498110889 -0.749896876 0.022524803 -0.045997916 0.659569178
447.001631296 3.818102083 32.098460764 -0.521863941 -0.750151491 0.015769666 -0.035822301 0.660106674
447.079895936 3.844302416 32.383460340 -0.553203366 -0.752854436 -0.001269995 -0.022932396 0.657786205
447.143653376 3.863618134 32.608253731 -0.566960502 -0.749380319 -0.006057016 -0.008108707 0.662062458
447.221213792 3.870937838 32.903464450 -0.597806691 -0.746939543 -0.018211163 -0.004293141 0.664628649
447.284303136 3.876308030 33.140861530 -0.637362324 -0.760889883 -0.023635771 -0.000688727 0.648450046
447.361767840 3.891128659 33.428669713 -0.662362084 -0.764338111 -0.015422704 0.026071682 0.644103764
447.424680832 3.878725175 33.664805328 -0.690245284 -0.757616748 -0.035423834 0.025671930 0.651231884
447.502531584 3.879101714 33.959269188 -0.743715341 -0.766798022 -0.027004164 0.044961310 0.639742174
447.565882272 3.865551388 34.186440856 -0.760692425 -0.752386430 -0.036799222 0.052113831 0.655625370
447.643180128 3.842097449 34.479804722 -0.796507483 -0.751371127 -0.053896706 0.058524083 0.655066032
447.706321472 3.816620624 34.733347172 -0.838239124 -0.758690266 -0.065129690 0.062722228 0.645145818
447.783665536 3.789663558 35.033682329 -0.866661683 -0.761533722 -0.067842354 0.058094650 0.641941444
447.846994656 3.775565887 35.286570400 -0.901071115 -0.758160602 -0.052906757 0.058464541 0.647282994
447.924162944 3.760214596 35.595706387 -0.939151259 -0.756977389 -0.047703008 0.052103406 0.649611338
447.987744736 3.753092315 35.854941889 -0.975828865 -0.762077630 -0.043221189 0.057201340 0.643504173
448.066272768 3.736418136 36.175715542 -1.014103478 -0.759862920 -0.049873974 0.053602044 0.645947173
448.141807104 3.718819222 36.489436930 -1.051900993 -0.753272319 -0.051305520 0.054679695 0.653420759
448.218923584 3.689259047 36.814312028 -1.091447973 -0.753180139 -0.062370488 0.051573327 0.652816814
448.281798432 3.666318676 37.076516030 -1.111818548 -0.746697552 -0.067520128 0.052467478 0.659644572
448.359139104 3.632592136 37.411721792 -1.151773262 -0.748006488 -0.071636187 0.054844242 0.657530729
448.422126848 3.604050245 37.696342024 -1.185162632 -0.755581694 -0.073758228 0.053701670 0.648669529
448.499090848 3.565714089 38.043041409 -1.241133269 -0.765148592 -0.078389903 0.042953956 0.637618705
448.561833248 3.542544824 38.317420120 -1.270746407 -0.756384041 -0.067074039 0.050459266 0.648720370
448.648001664 3.498639879 38.696317735 -1.309624591 -0.742663072 -0.076641166 0.050637403 0.663335169
448.710879040 3.468965301 38.974700311 -1.337493143 -0.738807050 -0.073521127 0.065052431 0.666728557
448.788394624 3.399793008 39.328323191 -1.353966823 -0.731809135 -0.099072761 0.059335320 0.671654151
448.851326560 3.350118116 39.608384631 -1.360265644 -0.722419918 -0.106891494 0.074793133 0.679035830
448.937751936 3.272038157 40.009783212 -1.412908380 -0.740642209 -0.118994970 0.073324867 0.657200715
449.001142912 3.215836849 40.306772624 -1.429395872 -0.750635941 -0.109477981 0.069372073 0.647879442
449.079400160 3.148482579 40.649276856 -1.462875537 -0.741975902 -0.107034594 0.065016568 0.658625996
449.142817824 3.091677242 40.936873084 -1.495300459 -0.740820302 -0.109698854 0.072973548 0.658654920
449.222369120 3.017965009 41.287797344 -1.521265146 -0.742753742 -0.118848366 0.077352355 0.654376464
449.287964416 2.946403397 41.564957945 -1.546120618 -0.734329240 -0.133529926 0.077342432 0.661020782
449.367986016 2.855018941 41.927718452 -1.590137094 -0.746297069 -0.132554634 0.098254718 0.644837936
449.430793280 2.770784208 42.194628840 -1.617113860 -0.741009755 -0.142507468 0.101493667 0.648301782
449.508846464 2.669026786 42.524199427 -1.641424056 -0.730618731 -0.146900698 0.112723779 0.657198451
449.571904768 2.589700266 42.801128461 -1.663614550 -0.728602812 -0.143408209 0.130454054 0.656927521
449.649373792 2.475506102 43.138230638 -1.686004031 -0.727371103 -0.153699442 0.129592577 0.656135294
449.712687904 2.385864907 43.415673879 -1.706391351 -0.727923895 -0.151996456 0.141656939 0.653419614
449.790953856 2.244412479 43.771371969 -1.741314836 -0.733247252 -0.161783231 0.148247225 0.643581707
449.854273504 2.135191177 44.047918242 -1.773187497 -0.732056784 -0.165253445 0.155310835 0.642388285
449.931119936 1.998218934 44.378429543 -1.786249171 -0.716451760 -0.167163712 0.163443549 0.657297022
449.994146528 1.888357400 44.648005058 -1.802261639 -0.709729474 -0.161271023 0.174656830 0.663152111
450.072621472 1.731485845 44.993861673 -1.819553715 -0.714217395 -0.168701012 0.180882493 0.654763320
450.138725888 1.599079164 45.278236205 -1.832146386 -0.716186971 -0.170869846 0.192674630 0.648657232
450.216932704 1.423850593 45.608338344 -1.863316032 -0.715963271 -0.185945825 0.198803110 0.642882624
450.287190368 1.259355520 45.899879167 -1.904343127 -0.730112964 -0.203624641 0.208383134 0.618100748
450.364704768 1.072204276 46.198656152 -1.942991127 -0.719918698 -0.223150458 0.228233693 0.616303758
450.436672320 0.867886783 46.468019121 -1.972692156 -0.702951825 -0.250123241 0.231762851 0.624165905
450.514081504 0.643946623 46.793796935 -1.992436125 -0.708030628 -0.251173466 0.257884024 0.607536296
450.577355872 0.445503315 47.076780131 -2.032158852 -0.704913815 -0.266397829 0.257987898 0.604624640
450.655106048 0.227257148 47.413721071 -2.021665665 -0.688125097 -0.246379159 0.291252198 0.617214159
450.719054496 0.022391518 47.662010791 -2.037297982 -0.672785825 -0.259167621 0.286542449 0.630939619
450.796056064 -0.223930990 47.972443034 -2.031590987 -0.681146198 -0.256371364 0.290439119 0.621255743
450.858606464 -0.410600112 48.190442048 -2.045414757 -0.690974224 -0.270632930 0.279916121 0.609064368
450.936326848 -0.621864128 48.444366849 -2.075837003 -0.693172505 -0.272411401 0.294267766 0.598924359
450.998871936 -0.808707889 48.647890906 -2.098628997 -0.694312519 -0.291022834 0.295181954 0.588305575
451.076988384 -1.034420355 48.896000617 -2.138398363 -0.684623211 -0.302787679 0.301426662 0.590552833
451.108630816 -1.030694195 48.895184545 -2.140263833 -0.684728241 -0.302774216 0.301453088 0.590424463
451.140265536 -1.066093091 48.956321823 -2.150488286 -0.684828987 -0.302551273 0.303075521 0.589590717
451.218670944 -1.304491208 49.198865500 -2.190067092 -0.688040935 -0.305961807 0.300576776 0.585355145
451.250297920 -1.304490568 49.198865779 -2.190066970 -0.688040822 -0.305962132 0.300576819 0.585355086
451.294534880 -1.289188327 49.221274474 -2.200083898 -0.688558148 -0.300596903 0.308011706 0.583659119
451.371519232 -1.526441570 49.483449080 -2.234438297 -0.685069985 -0.277614776 0.310535945 0.597642518
451.403152992 -1.526456147 49.483443239 -2.234433676 -0.685069666 -0.277612419 0.310534575 0.597644689
451.434917632 -1.471477528 49.484340386 -2.246747384 -0.683452228 -0.272508589 0.321633550 0.595973137
451.517784704 -1.722924179 49.766539412 -2.233524086 -0.643629943 -0.258950968 0.333580205 0.638286095
451.580606528 -1.942075114 49.986529426 -2.257939522 -0.649743905 -0.271426199 0.330261845 0.628560092
451.659473952 -2.213839040 50.280900507 -2.292569493 -0.678944480 -0.285718689 0.336342984 0.586747493
451.723851936 -2.410752413 50.473137920 -2.309094271 -0.678159914 -0.291563376 0.333542473 0.586378160
451.801927424 -2.652204841 50.709484111 -2.350693146 -0.672302958 -0.293730090 0.339086515 0.588856266
451.865939104 -2.851580035 50.897964695 -2.369872610 -0.670343042 -0.291743199 0.346894845 0.587528790
451.944569056 -3.107695777 51.138428334 -2.393205151 -0.664814074 -0.299088196 0.350253925 0.588124720
452.007830336 -3.317577577 51.322558904 -2.412237695 -0.661262317 -0.296649545 0.355506122 0.590208940
452.086591968 -3.578000087 51.554748223 -2.424432845 -0.659366382 -0.298392621 0.361236009 0.587967995
452.150140704 -3.797878264 51.742533303 -2.442531629 -0.657427360 -0.299264067 0.364141477 0.587904133
452.239603072 -4.103706330 52.007313361 -2.454706988 -0.659409863 -0.303993268 0.367915984 0.580865349
452.302717696 -4.327060770 52.193574819 -2.471224659 -0.658869653 -0.305666618 0.369915550 0.579328219
452.380068736 -4.609353732 52.426367037 -2.491752194 -0.658930090 -0.309564941 0.374896802 0.573962605
452.446013408 -4.845150611 52.616328834 -2.518701709 -0.662562918 -0.315502791 0.376606877 0.565363271
452.530364544 -5.173870320 52.863243438 -2.561358228 -0.670326283 -0.317791274 0.378810507 0.553329903
452.594189248 -5.424547880 53.047175608 -2.581332020 -0.662495705 -0.319880041 0.378836980 0.561479068
452.671313600 -5.722511180 53.274130459 -2.609606015 -0.655291240 -0.318541217 0.386156310 0.565692662
452.735292800 -5.985549041 53.459440681 -2.640520081 -0.654774799 -0.322335422 0.391010652 0.560785617
452.812169440 -6.311321990 53.679087862 -2.673627354 -0.654452679 -0.325561780 0.390901614 0.559372101
452.875695456 -6.591538607 53.865499914 -2.695600955 -0.650952132 -0.323764642 0.395302829 0.561403109
452.953157568 -6.940366930 54.120787672 -2.720692277 -0.649008716 -0.327113935 0.398393930 0.559523401
453.017476512 -7.223737075 54.335370379 -2.754502355 -0.645199664 -0.329148190 0.402964186 0.559462892
453.102921696 -7.655394928 54.621866449 -2.763465506 -0.642631725 -0.332478465 0.407117169 0.557438918
453.166319776 -7.992354435 54.816021684 -2.773191484 -0.640271170 -0.332618040 0.406071843 0.560824149
453.244484128 -7.992352756 54.816020037 -2.773192092 -0.640271330 -0.332618160 0.406071531 0.560824121
453.308182048 -8.115323131 54.902786904 -2.782988163 -0.638179175 -0.334018501 0.410768083 0.558953096
453.385885440 -8.524995832 55.117401208 -2.814611905 -0.634199096 -0.342061892 0.408246294 0.560464212
453.417541376 -8.115323191 54.902786825 -2.782987974 -0.638179367 -0.334018772 0.410767655 0.558953029
453.526594560 -8.115323238 54.902786817 -2.782987963 -0.638179462 -0.334018909 0.410767442 0.558952995
453.589363328 -8.115323250 54.902786821 -2.782987959 -0.638179558 -0.334019046 0.410767229 0.558952961
453.666705952 -8.115323248 54.902786756 -2.782987967 -0.638179653 -0.334019183 0.410767016 0.558952927
453.729706592 -8.115323283 54.902786788 -2.782987974 -0.638179748 -0.334019320 0.410766803 0.558952892
453.807448416 -8.115323307 54.902786786 -2.782987960 -0.638179844 -0.334019457 0.410766591 0.558952858
453.839806176 -8.115323273 54.902786752 -2.782987964 -0.638179939 -0.334019594 0.410766378 0.558952824
453.992372672 -8.894092080 55.289244180 -2.786083969 -0.634293319 -0.342473144 0.413612433 0.556155452
454.103517344 -8.115323354 54.902786604 -2.782987605 -0.638180132 -0.334019862 0.410765948 0.558952759
454.135440096 -8.115323369 54.902786580 -2.782987618 -0.638180227 -0.334019999 0.410765735 0.558952725
454.244682624 -8.115323430 54.902786622 -2.782987628 -0.638180322 -0.334020136 0.410765522 0.558952691
454.276434752 -8.115323412 54.902786600 -2.782987623 -0.638180418 -0.334020273 0.410765310 0.558952656
454.384857664 -8.518420139 55.367105769 -2.560515477 -0.636525915 -0.342487224 0.405865095 0.559294900
454.448291872 -9.185457287 55.821361642 -2.423619864 -0.639643650 -0.343661406 0.409080952 0.552635154
454.526537568 -10.658671814 56.321102672 -1.923439563 -0.645151960 -0.341321624 0.404163388 0.551298878
454.589784064 -10.689116053 56.371543152 -1.921574426 -0.646998271 -0.340346597 0.402493657 0.550959424
454.669368736 -11.096819057 56.799938243 -1.993446405 -0.647608340 -0.340442991 0.404752244 0.548523135
454.732428320 -11.135650582 56.882967922 -1.984950499 -0.651428442 -0.340644237 0.404793852 0.543823893
454.809751488 -11.204879944 57.021487665 -1.951263347 -0.659897038 -0.334338343 0.411918881 0.532049440
454.878923840 -11.346457389 57.100516236 -1.913443806 -0.664748543 -0.328132177 0.412988874 0.529035764
454.957303424 -11.657094329 57.275783144 -1.822786273 -0.666692560 -0.327532555 0.412597838 0.527263198
455.020041920 -11.947160080 57.399606259 -1.775338643 -0.671608962 -0.325060025 0.410678022 0.524042884
455.097486496 -12.362031472 57.626889089 -1.736855533 -0.674376699 -0.326288701 0.410661744 0.519719812
455.160705440 -12.707030623 57.776864574 -1.679919736 -0.679201765 -0.324640868 0.406871881 0.517444240
455.238324160 -13.160426148 58.008221077 -1.641896409 -0.686475261 -0.326357604 0.402304093 0.510288003
455.301288128 -13.509360322 58.201712001 -1.648950500 -0.689072321 -0.325859952 0.401138638 0.508018131
455.378871040 -13.933953533 58.470693404 -1.718020950 -0.690952104 -0.324897829 0.403073609 0.504537666
455.442220224 -14.274793684 58.687143103 -1.778866538 -0.689254010 -0.327866561 0.406767993 0.501968354
455.520320960 -14.695732838 58.959986046 -1.865365056 -0.687462473 -0.327193359 0.410356774 0.501943396
455.583316448 -15.033099497 59.171136565 -1.933886019 -0.687674390 -0.328203455 0.410975530 0.500485304
455.663317216 -15.463834541 59.430892977 -2.009593597 -0.684744959 -0.327272821 0.411520135 0.504646430
455.726747424 -15.804347538 59.637612544 -2.069566954 -0.684630513 -0.326970592 0.412312374 0.504350869
455.812346880 -16.266627719 59.914067423 -2.153770988 -0.683240333 -0.328532106 0.412535732 0.505038188
455.876171552 -16.611821439 60.117543472 -2.212605362 -0.682297550 -0.328902591 0.413172775 0.505550588
455.954149216 -17.040960151 60.366390894 -2.293668291 -0.683956660 -0.334366041 0.412586084 0.500175331
456.019240160 -17.378881905 60.577246539 -2.342907727 -0.675802631 -0.328591382 0.417578086 0.510829766
456.097264864 -17.804030126 60.832813040 -2.421168212 -0.669915304 -0.331171303 0.418398691 0.516218547
456.128772992 -17.802358639 60.833974481 -2.421411996 -0.669611108 -0.331295861 0.418747778 0.516250244
456.160440480 -17.808133941 60.843379574 -2.425849184 -0.669160734 -0.331606936 0.419422479 0.516086753
456.237613856 -18.195953833 61.107586246 -2.508180566 -0.660954490 -0.342126910 0.424177983 0.515908305
456.268949056 -18.195955041 61.107586504 -2.508180962 -0.660954612 -0.342127048 0.424177580 0.515908388
456.300335712 -18.195955160 61.107586461 -2.508180957 -0.660954716 -0.342127117 0.424177320 0.515908422
456.377635520 -18.236567327 61.135629889 -2.511128278 -0.660976164 -0.344793413 0.421407930 0.516375221
456.440713600 -18.545088204 61.310441232 -2.548113313 -0.656151966 -0.349327543 0.424108924 0.517268292
456.518368160 -18.936011992 61.555846920 -2.595152840 -0.631698436 -0.326276519 0.442393929 0.546615341
456.582772320 -19.436187242 61.818973605 -2.642177895 -0.623220328 -0.324888568 0.442410178 0.557061106
456.660527264 -19.921407289 62.114730493 -2.705096367 -0.648383650 -0.352427660 0.441052505 0.510750502
456.723608128 -19.436186644 61.818973498 -2.642177845 -0.623220550 -0.324888681 0.442409694 0.557061176
456.801939904 -19.822354798 62.021957369 -2.654653642 -0.591251389 -0.320381116 0.463764792 0.576801485
456.865927296 -20.168746619 62.194032938 -2.663733652 -0.623363382 -0.351602273 0.451847567 0.532567096
456.951611936 -19.436187070 61.818973227 -2.642177461 -0.623220842 -0.324888880 0.442408985 0.557061296
457.015672768 -19.436187069 61.818973285 -2.642177492 -0.623220940 -0.324888948 0.442408749 0.557061334
457.093742816 -18.166076045 60.887881017 -2.914062269 -0.620356159 -0.321829481 0.441166406 0.562988653
457.156653920 -18.464358514 61.062215435 -2.909501693 -0.612405006 -0.328299330 0.448739940 0.561971640
457.233917280 -18.811648458 61.243228893 -2.886151812 -0.604036735 -0.338187842 0.459490695 0.556450274
457.298601792 -19.109058067 61.378512630 -2.870869309 -0.597745712 -0.353744536 0.461471779 0.551913638
457.382810688 -19.452881365 61.525767121 -2.842549505 -0.588796449 -0.366924519 0.474772238 0.541550054
457.446924544 -19.767751630 61.640660654 -2.824600694 -0.575952004 -0.382079903 0.486558868 0.534373189
457.523919232 -20.048489522 61.707461679 -2.770911921 -0.564357944 -0.389565718 0.502402940 0.526621257
457.597084384 -20.383017997 61.798599039 -2.740967014 -0.552724733 -0.391750406 0.518018385 0.522191480
457.674729632 -20.737969644 61.868478370 -2.700264952 -0.542510354 -0.408547632 0.523541345 0.514466528
457.738456992 -21.020751797 61.927196751 -2.668980167 -0.535311989 -0.407261199 0.542333124 0.503442323
457.816812576 -21.335601670 61.961122819 -2.637574822 -0.515866869 -0.447829864 0.533517891 0.498686722
457.895402368 -21.693190220 61.999649585 -2.619117741 -0.526354176 -0.466834775 0.546245937 0.454567872
457.981276704 -22.079917138 62.015272419 -2.600208037 -0.520320763 -0.470907445 0.556482807 0.444791375
458.044481120 -22.352389985 62.012546518 -2.591606665 -0.514334804 -0.468862039 0.560673768 0.448634622
458.121315008 -22.680978159 62.013374865 -2.560884983 -0.498039795 -0.464912474 0.583612229 0.441825216
458.184052096 -22.959204933 61.995614027 -2.548543610 -0.488441563 -0.478527256 0.589555081 0.429955011
458.261709312 -23.315716092 61.945325209 -2.542659856 -0.485016237 -0.517044671 0.578491703 0.403449385
458.325302400 -23.572384197 61.902288474 -2.512577450 -0.461607843 -0.518432707 0.591826871 0.409739774
458.404136448 -23.894580467 61.831099641 -2.498718990 -0.447279800 -0.517955582 0.611035492 0.397867344
458.468109472 -24.165947022 61.755151050 -2.478326102 -0.432757072 -0.535562139 0.616749009 0.381464508
458.545532000 -24.498578022 61.633233146 -2.444608011 -0.406768453 -0.550379167 0.623702672 0.377646892
458.608250784 -24.780381346 61.544511149 -2.425214475 -0.417581927 -0.558103863 0.623076212 0.354854119
458.686550464 -25.104368838 61.434991005 -2.407855976 -0.418106057 -0.549754011 0.627241713 0.359896771
458.749720192 -25.380353488 61.343307853 -2.387862801 -0.418361916 -0.550473531 0.628793130 0.355768742
458.826851392 -25.711763036 61.226378522 -2.372644425 -0.417592952 -0.549360797 0.634433121 0.348300812
458.889806080 -25.977234598 61.128738950 -2.349189203 -0.409203996 -0.552533840 0.636651551 0.349189416
458.969223328 -26.304860630 60.991008837 -2.315770542 -0.380064128 -0.555570913 0.641347074 0.368193087
459.034387808 -26.587189138 60.899572156 -2.284664417 -0.388346512 -0.544704102 0.658164425 0.345404136
459.111947904 -26.921594968 60.754069706 -2.243497948 -0.382139071 -0.558761376 0.637979595 0.367066058
459.176230272 -27.204097425 60.659175444 -2.210935983 -0.403962729 -0.545981605 0.640974812 0.357588438
459.255140064 -27.524311797 60.524632321 -2.163877597 -0.391637465 -0.543814043 0.644304283 0.368454033
459.319456544 -27.768199099 60.436566199 -2.134018835 -0.379989533 -0.532701390 0.658940734 0.370990960
459.407039392 -28.124215719 60.282937345 -2.056739031 -0.369247326 -0.536609275 0.659626213 0.374966874
459.470067200 -28.423371071 60.177004940 -2.014942788 -0.371658266 -0.542897978 0.658251437 0.365837348
459.547350496 -28.751516509 60.039824141 -1.975064361 -0.373519928 -0.547979691 0.662936060 0.347443379
459.609947072 -28.943841732 59.922833422 -1.909547333 -0.372985895 -0.542441450 0.675568498 0.332033130
459.688693056 -29.272086840 59.753506033 -1.865244505 -0.361353631 -0.543182639 0.682281164 0.329952401
459.751934208 -29.534778778 59.630296073 -1.825383722 -0.359873232 -0.552255194 0.686077828 0.307900426
459.829430048 -29.850126399 59.484288113 -1.740456798 -0.351238990 -0.552756369 0.696554199 0.293093529
459.892296352 -30.084542818 59.325534138 -1.713122862 -0.320506788 -0.570010738 0.691569156 0.306749505
459.969295456 -30.397364212 59.146026250 -1.636810472 -0.314776909 -0.565522195 0.712624346 0.270678197
460.032892608 -30.615631663 58.967562230 -1.588757566 -0.277031183 -0.575444369 0.716898395 0.279596483
460.110094624 -30.898221911 58.755535969 -1.550403255 -0.286232113 -0.603061462 0.706921357 0.233773920
460.173260064 -31.079388255 58.556146702 -1.500330147 -0.266003559 -0.612620759 0.711292131 0.219092254
460.250633088 -31.298576072 58.321278335 -1.459215021 -0.238916336 -0.617716440 0.724718168 0.190076195
460.313955264 -31.466836511 58.123093354 -1.414667476 -0.217237377 -0.614516695 0.740749207 0.162689171
460.391031808 -31.638193632 57.854543824 -1.369613361 -0.171084680 -0.624638635 0.745256494 0.158585518
460.453903936 -31.797078100 57.608865538 -1.321556984 -0.166739041 -0.633322535 0.743459067 0.135533298
460.531617152 -31.965375689 57.313263304 -1.251767226 -0.148236160 -0.636202731 0.743925082 0.140881505
460.595607968 -32.102705864 57.070560766 -1.206895159 -0.137435252 -0.629426181 0.752333021 0.137583647
460.673608800 -32.276946137 56.762497927 -1.156274093 -0.146042481 -0.648611982 0.734696330 0.134890303
460.737403200 -32.404811843 56.514130802 -1.108165123 -0.137820323 -0.647985210 0.733473101 0.152111590
460.814961920 -32.585003403 56.221534416 -1.046902089 -0.153360769 -0.640399616 0.740903012 0.132028532
460.877998816 -32.709759553 55.951373565 -1.008299513 -0.131346327 -0.640915535 0.738466514 0.163225695
460.960273856 -32.909085723 55.609524496 -0.943866057 -0.144840865 -0.641998138 0.737382683 0.152073318
461.022870688 -33.056158599 55.368774688 -0.889422906 -0.153281484 -0.638725399 0.734912354 0.168637135
461.100980384 -33.271664423 55.081911919 -0.834455433 -0.181895273 -0.627701283 0.736473037 0.174678775
461.175005600 -33.463509658 54.814365603 -0.766915399 -0.188305306 -0.627486386 0.730783001 0.191724156
461.253268544 -33.706808751 54.521406956 -0.707885689 -0.206790583 -0.621696658 0.729556200 0.196159809
461.316661472 -33.921074798 54.264318803 -0.668895898 -0.215237791 -0.626760244 0.718284133 0.211924974
461.394463712 -34.180933746 53.997356657 -0.620702102 -0.219619842 -0.628998731 0.712719103 0.219452048
461.457408736 -34.378398742 53.769350346 -0.569963091 -0.223043343 -0.623956741 0.717113573 0.216050401
461.534389184 -34.632051278 53.472775388 -0.525573272 -0.218107829 -0.638811055 0.703634585 0.221918413
461.607884288 -34.886907307 53.181477024 -0.483855821 -0.223157568 -0.642976963 0.701722566 0.210634197
461.686171424 -35.146799667 52.876106659 -0.445893354 -0.222537931 -0.644448190 0.701504329 0.207497173
461.749867520 -35.358004274 52.634233308 -0.411040973 -0.224721321 -0.642150896 0.704526508 0.201952852
461.829528608 -35.619938448 52.325554465 -0.388154115 -0.232525942 -0.653690541 0.694942311 0.188879717
461.894213664 -35.843901266 52.053380587 -0.358988913 -0.230072033 -0.650415595 0.696089913 0.198708946
461.972074688 -36.123115303 51.757515585 -0.299579064 -0.238535137 -0.622165443 0.721885408 0.186795631
462.035355872 -36.342272826 51.491802778 -0.265746523 -0.231940625 -0.626235632 0.716784323 0.200630792
462.112472672 -36.628944353 51.189282801 -0.223947455 -0.260882366 -0.628680374 0.709894165 0.180974178
462.175962048 -36.853164372 50.954804480 -0.175807240 -0.270513681 -0.615663289 0.715266084 0.190198556
462.254050048 -37.157861358 50.670488989 -0.115551485 -0.285021870 -0.587796369 0.721449002 0.229715691
462.317214816 -37.441765970 50.447394935 -0.065644511 -0.304054668 -0.581992151 0.709277363 0.256440085
462.394503360 -37.761324713 50.244548421 0.002848810 -0.324824240 -0.564927988 0.703663580 0.283201602
462.458643456 -38.054385448 50.047964402 0.032192570 -0.341369059 -0.586316573 0.670190732 0.300906007
462.545196704 -38.479916114 49.825591575 0.079627548 -0.381710714 -0.570462200 0.650908301 0.324327293
462.607833760 -38.770767253 49.692799866 0.104248076 -0.402492847 -0.561130075 0.632607059 0.350629229
462.686014400 -39.167580577 49.559416659 0.110446014 -0.431946348 -0.538647223 0.629671029 0.356084143
462.756064544 -39.434002336 49.420307843 0.154107628 -0.407918303 -0.548096774 0.600434942 0.415536359
462.833200672 -39.821506435 49.363899699 0.235484917 -0.437918215 -0.497271547 0.644567770 0.381419763
462.896217856 -40.098296186 49.273233563 0.252402066 -0.426343555 -0.536828619 0.598780062 0.414136022
462.981711904 -40.483878030 49.214387770 0.296741833 -0.468449685 -0.506536049 0.606589765 0.394999975
463.047171264 -40.815008406 49.156550612 0.297971675 -0.478486439 -0.520327465 0.581742819 0.402349785
463.125219072 -41.181854975 49.091220744 0.338702367 -0.481325385 -0.497461948 0.586618168 0.420400534
463.187955392 -41.501438558 49.061659482 0.342994167 -0.488194949 -0.493844575 0.584062518 0.420302514
463.265256352 -41.865946369 49.050275992 0.359202130 -0.503673335 -0.485609373 0.561685981 0.441594347
463.328116928 -42.164971624 49.060597112 0.361176993 -0.527536031 -0.470625327 0.547349962 0.447912443
463.407496448 -42.539919625 49.075450595 0.361210128 0.540398008 0.471194674 -0.513829871 -0.471088565
463.470840192 -42.821240221 49.116269058 0.368717604 0.551386470 0.446067312 -0.511526671 -0.485115840
463.548009728 -43.176282296 49.183982596 0.366980573 0.563850574 0.433272458 -0.495122052 -0.499201023
463.610980928 -43.464857245 49.254908106 0.372637581 -0.574509173 -0.421043793 0.485251390 0.507141423
463.691735168 -43.812538344 49.357200610 0.354338099 -0.596364170 -0.408119284 0.475077999 0.502084975
463.782597216 -44.208384023 49.482194817 0.363983578 -0.595962509 -0.394310398 0.471263662 0.516970559
463.859450400 -44.540034401 49.581164818 0.345661408 -0.598980674 -0.396337407 0.469313024 0.513696503
463.922286784 -44.824373948 49.668783266 0.345369258 -0.602132986 -0.402836565 0.467100362 0.506927826
463.999534208 -45.162521582 49.774818939 0.336831649 -0.604552595 -0.406097141 0.466626166 0.501857843
464.062601280 -45.444662815 49.870912061 0.323031830 -0.603819531 -0.402379377 0.463691362 0.508412365
464.139460224 -45.777665927 49.998804617 0.309653665 -0.613315178 -0.398782223 0.447244141 0.514577409
464.202575936 -46.050543606 50.124276864 0.295441776 -0.620922816 -0.375226543 0.444952833 0.525049402
464.280086752 -46.392884504 50.281789604 0.268940796 -0.634901509 -0.365747035 0.431324908 0.526391493
464.343410272 -46.664917877 50.392569168 0.256949205 -0.638303467 -0.375159753 0.426331411 0.519678142
464.420239392 -46.987556925 50.538662061 0.230037494 -0.630384318 -0.375445446 0.436057163 0.521066675
464.482957376 -47.250717394 50.654199616 0.220701818 -0.624933678 -0.375732178 0.438027126 0.525752285
464.561937408 -47.570751563 50.797108690 0.206429809 -0.625522246 -0.375698215 0.442879605 0.520989853
464.625607904 -47.810593424 50.902075125 0.179219366 -0.637189797 -0.381186850 0.442312277 0.503036379
464.703800384 -48.052659072 51.006264106 0.163509642 -0.637682148 -0.385212108 0.434890001 0.505810040
464.777594048 -48.256134230 51.103647813 0.145234166 0.646352135 0.378273820 -0.437929585 -0.497348483
464.855787840 -48.453977334 51.181932840 0.123446711 -0.645459262 -0.377257542 0.435630154 0.501283809
464.929266016 -48.603810448 51.246466773 0.109631970 0.648239498 0.379272004 -0.434439396 -0.497192832
465.007473952 -48.736219832 51.304165424 0.094198120 -0.645876047 -0.376050089 0.435804026 0.501503054
465.075204608 -48.836056285 51.352574301 0.085392296 -0.646630472 -0.374953236 0.435804988 0.501351290
465.153001216 -48.937192658 51.396558155 0.073748297 -0.647699077 -0.374556718 0.435660718 0.500392755
465.217344992 -49.006931434 51.424745687 0.065451831 -0.647567346 -0.375650841 0.432957709 0.502086248
465.294661728 -49.077150433 51.456086679 0.060698937 -0.648273131 -0.373142477 0.431620113 0.504193136
465.357779808 -49.125051753 51.479437312 0.052559746 -0.649916314 -0.372085043 0.432785497 0.501854779
465.435309344 -49.177979907 51.502290948 0.047582047 -0.649169906 -0.373079649 0.432723772 0.502135586
465.499291616 -49.214155041 51.518382930 0.042453372 -0.649391072 -0.372317183 0.433618742 0.501643236
465.577428672 -49.251110016 51.534970980 0.038036719 -0.649279876 -0.372693410 0.433969439 0.501204340
465.640235136 -49.276588029 51.545962612 0.034928496 -0.649023895 -0.373746088 0.433052242 0.501545215
465.720227200 -49.304235835 51.556979944 0.031361224 -0.649193703 -0.374365230 0.432092482 0.501691437
465.783887072 -49.321955467 51.564724670 0.030108710 -0.649124669 -0.374866043 0.432078765 0.501418542
465.860944992 -49.337784692 51.572471287 0.028247347 -0.648787403 -0.374294133 0.433158983 0.501350281
465.925462752 -49.349532972 51.579702121 0.026343393 -0.648644015 -0.374034782 0.434389291 0.500664426
466.006388608 -49.364539748 51.586419759 0.023640559 -0.648713716 -0.373969330 0.434216095 0.500773240
466.069148768 -49.374573788 51.591107397 0.022978424 -0.648609392 -0.373630760 0.435087748 0.500404400
466.146861312 -49.385973901 51.597361815 0.021458244 -0.648745832 -0.373262606 0.435523000 0.500123573
466.209601856 -49.393998000 51.600026057 0.020744132 -0.648768514 -0.373143773 0.435566323 0.500145098
466.286656096 -49.403958661 51.604179033 0.019396209 -0.648725887 -0.373210742 0.435704121 0.500030383
466.350358720 -49.411903634 51.607959238 0.018192160 0.648754093 0.373227668 -0.435940829 -0.499774777
