1574.761641248 0.000000000 -0.000000000 1.000000000 -0.707106781 0.000000000 0.000000000 0.707106781
1575.515834208 0.015714077 0.049031628 1.015126171 -0.707185009 0.005881623 -0.004064177 0.706992399
1576.016055680 0.015714077 0.049031628 1.015126171 -0.707185009 0.005881623 -0.004064177 0.706992399
1576.515982752 0.050096095 0.069642573 1.039347765 -0.707633352 0.005465089 -0.004210610 0.706546136
1577.016055872 1.056092581 2.850714243 1.634051076 -0.652808911 0.017731062 -0.001207243 0.757314121
1577.265942560 1.043603927 2.845833838 1.625684512 -0.652428315 0.018108303 -0.001564404 0.757632455
1577.515939296 1.044505269 2.845459925 1.626227166 -0.652463602 0.018059701 -0.001535258 0.757603286
1578.016047424 1.045109146 2.845219951 1.626565822 -0.652486258 0.018027941 -0.001516976 0.757584566
1578.515809152 1.045695297 2.845076341 1.626929983 -0.652502674 0.018007708 -0.001504090 0.757570935
1579.015908672 1.045695297 2.845076341 1.626929983 -0.652502674 0.018007708 -0.001504090 0.757570935
1579.515997184 1.045695297 2.845076341 1.626929983 -0.652502674 0.018007708 -0.001504090 0.757570935
1580.015829568 1.045695297 2.845076341 1.626929983 -0.652502674 0.018007708 -0.001504090 0.757570935
1580.265911008 1.045695297 2.845076341 1.626929983 -0.652502674 0.018007708 -0.001504090 0.757570935
1580.515859008 1.045695297 2.845076341 1.626929983 -0.652502674 0.018007708 -0.001504090 0.757570935
1581.015822336 1.045695297 2.845076341 1.626929983 -0.652502674 0.018007708 -0.001504090 0.757570935
1581.516149024 1.045695297 2.845076341 1.626929983 -0.652502674 0.018007708 -0.001504090 0.757570935
1582.016133696 1.045695297 2.845076341 1.626929983 -0.652502674 0.018007708 -0.001504090 0.757570935
1582.515870304 1.045695297 2.845076341 1.626929983 -0.652502674 0.018007708 -0.001504090 0.757570935
1583.015848800 1.045695297 2.845076341 1.626929983 -0.652502674 0.018007708 -0.001504090 0.757570935
1583.516214880 1.045695297 2.845076341 1.626929983 -0.652502674 0.018007708 -0.001504090 0.757570935
1584.015882912 1.045695297 2.845076341 1.626929983 -0.652502674 0.018007708 -0.001504090 0.757570935
1584.515938848 1.045695297 2.845076341 1.626929983 -0.652502674 0.018007708 -0.001504090 0.757570935
1585.015998336 1.045695297 2.845076341 1.626929983 -0.652502674 0.018007708 -0.001504090 0.757570935
1585.515804352 1.045695297 2.845076341 1.626929983 -0.652502674 0.018007708 -0.001504090 0.757570935
1586.016202048 1.045695297 2.845076341 1.626929983 -0.652502674 0.018007708 -0.001504090 0.757570935
1586.515876640 1.045695297 2.845076341 1.626929983 -0.652502674 0.018007708 -0.001504090 0.757570935
1587.015878944 0.261886503 0.451225778 0.385949739 -0.648267782 0.017847131 -0.009584149 0.761142895
1587.515897184 0.306718410 0.831502045 0.462615803 -0.653832866 0.019597885 -0.004482529 0.756371875
1588.015891904 0.317132270 0.905588684 0.476651687 -0.652792111 0.021027753 -0.003093356 0.757238882
1588.516104128 0.316398659 0.907812265 0.478201343 -0.652905146 0.020970528 -0.003444023 0.757141497
1589.015987136 0.316881929 0.910012439 0.477352470 -0.652803742 0.021097160 -0.003248268 0.757226276
