3264.853528416 0.000000000 -0.000000000 1.000000000 -0.707106781 0.000000000 0.000000000 0.707106781
3265.602712320 0.004029003 0.110740613 1.027314463 -0.703952055 0.001075552 0.004210528 0.710234200
3266.102472448 0.043217162 2.469876321 1.359325178 -0.698217673 -0.009989146 0.006416024 0.715787072
3266.602691328 0.039270973 2.491955634 1.361536038 -0.698106893 -0.009906995 0.006157981 0.715898524
3267.102989248 0.127545924 4.992456425 1.017880453 -0.695373294 0.003910293 0.012601787 0.718527582
3267.604117536 0.127545924 4.992456425 1.017880453 -0.695373294 0.003910293 0.012601787 0.718527582
3268.104485312 0.127545924 4.992456425 1.017880453 -0.695373294 0.003910293 0.012601787 0.718527582
3268.604617056 0.127545924 4.992456425 1.017880453 -0.695373294 0.003910293 0.012601787 0.718527582
3269.104986272 0.127545924 4.992456425 1.017880453 -0.695373294 0.003910293 0.012601787 0.718527582
3269.604918624 0.127545924 4.992456425 1.017880453 -0.695373294 0.003910293 0.012601787 0.718527582
3270.105132448 0.127545924 4.992456425 1.017880453 -0.695373294 0.003910293 0.012601787 0.718527582
3270.604828384 0.127545924 4.992456425 1.017880453 -0.695373294 0.003910293 0.012601787 0.718527582
3271.105212672 0.127545924 4.992456425 1.017880453 -0.695373294 0.003910293 0.012601787 0.718527582
3273.855153504 0.127545924 4.992456425 1.017880453 -0.695373294 0.003910293 0.012601787 0.718527582
3274.355173536 0.127545924 4.992456425 1.017880453 -0.695373294 0.003910293 0.012601787 0.718527582
3274.855448416 0.127545924 4.992456425 1.017880453 -0.695373294 0.003910293 0.012601787 0.718527582
3275.355552800 0.127545924 4.992456425 1.017880453 -0.695373294 0.003910293 0.012601787 0.718527582
3275.855216128 0.127545924 4.992456425 1.017880453 -0.695373294 0.003910293 0.012601787 0.718527582
3276.355436576 0.127545924 4.992456425 1.017880453 -0.695373294 0.003910293 0.012601787 0.718527582
3276.855102240 0.127545924 4.992456425 1.017880453 -0.695373294 0.003910293 0.012601787 0.718527582
3277.605417824 0.141149969 5.379022159 1.051067432 -0.696545413 0.001493348 0.011687556 0.717415959
