1498.016242784 0.000000000 -0.000000000 1.000000000 -0.707106781 0.000000000 0.000000000 0.707106781
1498.516127488 -0.000000000 -0.000000000 1.000000000 -0.707106781 0.000000000 0.000000000 0.707106781
1499.016890208 0.000000000 -0.000000000 1.000000000 -0.707106781 0.000000000 0.000000000 0.707106781
1499.516571840 -0.000000000 -0.000000000 1.000000000 -0.707106781 0.000000000 0.000000000 0.707106781
1500.016247072 -0.116072756 0.058817214 1.008248005 -0.714613707 0.022250613 -0.048621052 0.697472690
1500.516056384 -0.077749689 -0.045692593 1.006624419 -0.716047749 0.032510810 -0.065136513 0.694244844
1501.016730208 -0.077749689 -0.045692593 1.006624419 -0.716047749 0.032510810 -0.065136513 0.694244844
1501.516308384 -0.077749689 -0.045692593 1.006624419 -0.716047749 0.032510810 -0.065136513 0.694244844
1502.016866944 -0.077749689 -0.045692593 1.006624419 -0.716047749 0.032510810 -0.065136513 0.694244844
1502.516290304 -0.077749689 -0.045692593 1.006624419 -0.716047749 0.032510810 -0.065136513 0.694244844
1503.015867264 -0.077749689 -0.045692593 1.006624419 -0.716047749 0.032510810 -0.065136513 0.694244844
1503.516397376 -0.077749689 -0.045692593 1.006624419 -0.716047749 0.032510810 -0.065136513 0.694244844
1504.016309184 -0.077749689 -0.045692593 1.006624419 -0.716047749 0.032510810 -0.065136513 0.694244844
1504.266930880 -0.077749689 -0.045692593 1.006624419 -0.716047749 0.032510810 -0.065136513 0.694244844
1504.516578720 -0.077749689 -0.045692593 1.006624419 -0.716047749 0.032510810 -0.065136513 0.694244844
1505.016256416 -0.077749689 -0.045692593 1.006624419 -0.716047749 0.032510810 -0.065136513 0.694244844
1505.266328384 -0.077749689 -0.045692593 1.006624419 -0.716047749 0.032510810 -0.065136513 0.694244844
1505.516943040 -0.077749689 -0.045692593 1.006624419 -0.716047749 0.032510810 -0.065136513 0.694244844
1506.016403136 -0.077749689 -0.045692593 1.006624419 -0.716047749 0.032510810 -0.065136513 0.694244844
1506.266368096 -0.077749689 -0.045692593 1.006624419 -0.716047749 0.032510810 -0.065136513 0.694244844
1506.516383648 -0.077749689 -0.045692593 1.006624419 -0.716047749 0.032510810 -0.065136513 0.694244844
1507.016530400 -0.077749689 -0.045692593 1.006624419 -0.716047749 0.032510810 -0.065136513 0.694244844
1507.516921408 -0.077749689 -0.045692593 1.006624419 -0.716047749 0.032510810 -0.065136513 0.694244844
1508.016503904 -0.077749689 -0.045692593 1.006624419 -0.716047749 0.032510810 -0.065136513 0.694244844
1508.516289664 -0.077749689 -0.045692593 1.006624419 -0.716047749 0.032510810 -0.065136513 0.694244844
1509.016246784 -0.077749689 -0.045692593 1.006624419 -0.716047749 0.032510810 -0.065136513 0.694244844
1509.516753600 -0.077749689 -0.045692593 1.006624419 -0.716047749 0.032510810 -0.065136513 0.694244844
