1062.660364096 0.000000000 -0.000000000 1.000000000 -0.707106781 0.000000000 0.000000000 0.707106781
1063.160858112 0.077182810 0.287056065 1.013564058 -0.712000195 -0.009630914 -0.007568760 0.702072420
1063.660839616 0.188390708 1.610768984 1.027771963 -0.717221085 0.001830017 0.008041533 0.696796886
1064.160932192 0.315162566 3.389132289 1.373041429 -0.708401153 0.002303112 -0.003059204 0.705799648
1064.660891776 0.315162566 3.389132289 1.373041429 -0.708401153 0.002303112 -0.003059204 0.705799648
1065.161412960 0.315162566 3.389132289 1.373041429 -0.708401153 0.002303112 -0.003059204 0.705799648
1065.660715040 0.315162566 3.389132289 1.373041429 -0.708401153 0.002303112 -0.003059204 0.705799648
1066.160623392 0.315162566 3.389132289 1.373041429 -0.708401153 0.002303112 -0.003059204 0.705799648
1066.660976512 0.315162566 3.389132289 1.373041429 -0.708401153 0.002303112 -0.003059204 0.705799648
1067.160955680 0.315162566 3.389132289 1.373041429 -0.708401153 0.002303112 -0.003059204 0.705799648
1067.661052448 0.315162566 3.389132289 1.373041429 -0.708401153 0.002303112 -0.003059204 0.705799648
1068.160938976 0.315162566 3.389132289 1.373041429 -0.708401153 0.002303112 -0.003059204 0.705799648
1068.410746784 0.315162566 3.389132289 1.373041429 -0.708401153 0.002303112 -0.003059204 0.705799648
1068.661082304 0.315162566 3.389132289 1.373041429 -0.708401153 0.002303112 -0.003059204 0.705799648
1068.911241280 0.315162566 3.389132289 1.373041429 -0.708401153 0.002303112 -0.003059204 0.705799648
1069.160801472 0.315162566 3.389132289 1.373041429 -0.708401153 0.002303112 -0.003059204 0.705799648
1072.910754752 0.315162566 3.389132289 1.373041429 -0.708401153 0.002303112 -0.003059204 0.705799648
1073.410798624 0.315162566 3.389132289 1.373041429 -0.708401153 0.002303112 -0.003059204 0.705799648
1073.910859648 0.315162566 3.389132289 1.373041429 -0.708401153 0.002303112 -0.003059204 0.705799648
1074.410962944 0.315162566 3.389132289 1.373041429 -0.708401153 0.002303112 -0.003059204 0.705799648
1074.910883552 0.315162566 3.389132289 1.373041429 -0.708401153 0.002303112 -0.003059204 0.705799648
1075.410900384 0.315162566 3.389132289 1.373041429 -0.708401153 0.002303112 -0.003059204 0.705799648
1075.910492352 0.315162566 3.389132289 1.373041429 -0.708401153 0.002303112 -0.003059204 0.705799648
1076.409510720 0.315162566 3.389132289 1.373041429 -0.708401153 0.002303112 -0.003059204 0.705799648
1076.909365504 0.315162566 3.389132289 1.373041429 -0.708401153 0.002303112 -0.003059204 0.705799648
1077.409433088 0.315162566 3.389132289 1.373041429 -0.708401153 0.002303112 -0.003059204 0.705799648
1077.909900224 0.315162566 3.389132289 1.373041429 -0.708401153 0.002303112 -0.003059204 0.705799648
1078.410495040 0.315162566 3.389132289 1.373041429 -0.708401153 0.002303112 -0.003059204 0.705799648
1078.910871488 0.315162566 3.389132289 1.373041429 -0.708401153 0.002303112 -0.003059204 0.705799648
1079.410838016 0.315162566 3.389132289 1.373041429 -0.708401153 0.002303112 -0.003059204 0.705799648
1079.910899360 0.023542047 5.248724205 1.469306047 -0.687891605 -0.008173375 0.002908978 0.725761582
1080.410870176 0.140176521 6.768493849 2.051360502 -0.691326432 -0.047633804 0.022616308 0.720615908
1080.910619744 0.155298945 8.070260972 2.270125120 -0.685354495 -0.027518752 0.018210178 0.727461562
1081.410549216 0.155298945 8.070260972 2.270125120 -0.685354495 -0.027518752 0.018210178 0.727461562
1081.910895776 0.152091842 9.817211065 2.339828246 -0.697621248 -0.079811933 0.061196087 0.709372743
1082.410660704 0.152091842 9.817211065 2.339828246 -0.697621248 -0.079811933 0.061196087 0.709372743
1082.910477952 0.152091842 9.817211065 2.339828246 -0.697621248 -0.079811933 0.061196087 0.709372743
1083.410507712 0.152091842 9.817211065 2.339828246 -0.697621248 -0.079811933 0.061196087 0.709372743
1083.910511424 0.152091842 9.817211065 2.339828246 -0.697621248 -0.079811933 0.061196087 0.709372743
1084.410609440 0.257413650 9.863035267 2.376234634 -0.700445070 -0.090854780 0.082940286 0.703024197
1084.911223936 0.257413650 9.863035267 2.376234634 -0.700445070 -0.090854780 0.082940286 0.703024197
1085.410752352 0.257413650 9.863035267 2.376234634 -0.700445070 -0.090854780 0.082940286 0.703024197
1085.910481216 0.257413650 9.863035267 2.376234634 -0.700445070 -0.090854780 0.082940286 0.703024197
1086.410781440 0.257413650 9.863035267 2.376234634 -0.700445070 -0.090854780 0.082940286 0.703024197
1086.911292288 0.257413650 9.863035267 2.376234634 -0.700445070 -0.090854780 0.082940286 0.703024197
1087.161303776 0.257413650 9.863035267 2.376234634 -0.700445070 -0.090854780 0.082940286 0.703024197
1089.660691808 0.257413650 9.863035267 2.376234634 -0.700445070 -0.090854780 0.082940286 0.703024197
1090.161457664 0.225661763 9.978874062 2.346689992 -0.684297882 -0.115450316 0.111456156 0.711326338
1090.660949184 0.257413650 9.863035267 2.376234634 -0.700445070 -0.090854780 0.082940286 0.703024197
1091.160833632 0.257413650 9.863035267 2.376234634 -0.700445070 -0.090854780 0.082940286 0.703024197
1091.660784320 0.257413650 9.863035267 2.376234634 -0.700445070 -0.090854780 0.082940286 0.703024197
1092.160914336 0.257413650 9.863035267 2.376234634 -0.700445070 -0.090854780 0.082940286 0.703024197
1092.660938144 0.257413650 9.863035267 2.376234634 -0.700445070 -0.090854780 0.082940286 0.703024197
1093.161263712 0.257413650 9.863035267 2.376234634 -0.700445070 -0.090854780 0.082940286 0.703024197
1093.660806656 0.257413650 9.863035267 2.376234634 -0.700445070 -0.090854780 0.082940286 0.703024197
1094.160736608 0.257413650 9.863035267 2.376234634 -0.700445070 -0.090854780 0.082940286 0.703024197
1094.661258944 0.257413650 9.863035267 2.376234634 -0.700445070 -0.090854780 0.082940286 0.703024197
1095.160826144 0.257413650 9.863035267 2.376234634 -0.700445070 -0.090854780 0.082940286 0.703024197
1095.661286624 0.257413650 9.863035267 2.376234634 -0.700445070 -0.090854780 0.082940286 0.703024197
1096.160595200 0.257413650 9.863035267 2.376234634 -0.700445070 -0.090854780 0.082940286 0.703024197
1096.660924032 0.257413650 9.863035267 2.376234634 -0.700445070 -0.090854780 0.082940286 0.703024197
