3055.105060576 0.000000000 -0.000000000 1.000000000 -0.707106781 0.000000000 0.000000000 0.707106781
3055.604866208 0.221062388 1.612441981 1.391204809 -0.710919974 0.021539872 -0.016852730 0.702740926
3056.105650656 0.488447370 3.282897314 1.691133031 -0.713790304 0.037281748 -0.006220639 0.699338814
3056.605466304 0.488447370 3.282897314 1.691133031 -0.713790304 0.037281748 -0.006220639 0.699338814
3057.105427552 0.488447370 3.282897314 1.691133031 -0.713790304 0.037281748 -0.006220639 0.699338814
3057.605289568 0.488447370 3.282897314 1.691133031 -0.713790304 0.037281748 -0.006220639 0.699338814
3058.105290560 0.488447370 3.282897314 1.691133031 -0.713790304 0.037281748 -0.006220639 0.699338814
3058.604820864 0.488447370 3.282897314 1.691133031 -0.713790304 0.037281748 -0.006220639 0.699338814
3059.105650752 0.488447370 3.282897314 1.691133031 -0.713790304 0.037281748 -0.006220639 0.699338814
3059.605168416 0.488447370 3.282897314 1.691133031 -0.713790304 0.037281748 -0.006220639 0.699338814
3060.105187776 0.488447370 3.282897314 1.691133031 -0.713790304 0.037281748 -0.006220639 0.699338814
3060.605301984 0.488447370 3.282897314 1.691133031 -0.713790304 0.037281748 -0.006220639 0.699338814
3060.855004224 0.488447370 3.282897314 1.691133031 -0.713790304 0.037281748 -0.006220639 0.699338814
3063.105778848 0.488447370 3.282897314 1.691133031 -0.713790304 0.037281748 -0.006220639 0.699338814
3063.605157344 0.488447370 3.282897314 1.691133031 -0.713790304 0.037281748 -0.006220639 0.699338814
3064.105594560 0.488447370 3.282897314 1.691133031 -0.713790304 0.037281748 -0.006220639 0.699338814
3064.605394688 0.488447370 3.282897314 1.691133031 -0.713790304 0.037281748 -0.006220639 0.699338814
3065.105390784 0.488447370 3.282897314 1.691133031 -0.713790304 0.037281748 -0.006220639 0.699338814
3065.605628320 0.488447370 3.282897314 1.691133031 -0.713790304 0.037281748 -0.006220639 0.699338814
3066.105269344 0.486648232 3.287946269 1.688078429 -0.713400242 0.036148372 -0.007659401 0.699781912
3066.605433632 0.538285027 3.690183491 1.681270682 -0.710562087 0.035617662 -0.014216755 0.702588633
