1792.898384896 0.000000000 -0.000000000 1.000000000 -0.707106781 0.000000000 0.000000000 0.707106781
1793.398042400 0.000000000 -0.000000000 1.000000000 -0.707106781 0.000000000 0.000000000 0.707106781
1793.897901856 0.274618158 1.887489383 1.772111664 -0.709915628 -0.002939183 0.000783753 0.704280163
1794.398354848 0.960685553 7.046895775 2.980060685 -0.732196762 0.015183263 0.022617713 0.680548169
1794.899552448 0.947310792 7.047211047 3.060127820 -0.733891664 0.016151075 0.023016600 0.678684319
1795.399120256 0.954138045 7.050995238 3.020773824 -0.733047354 0.015637538 0.022735008 0.679617660
1795.901197088 0.955387151 7.051887390 3.014415355 -0.732907846 0.015549984 0.022686653 0.679771728
1796.401823936 0.956130225 7.052523920 3.010487516 -0.732836872 0.015524233 0.022691447 0.679848670
1796.900627904 0.956130225 7.052523920 3.010487516 -0.732836872 0.015524233 0.022691447 0.679848670
1797.400377344 0.956130225 7.052523920 3.010487516 -0.732836872 0.015524233 0.022691447 0.679848670
1797.900587072 0.956130225 7.052523920 3.010487516 -0.732836872 0.015524233 0.022691447 0.679848670
1798.150611776 0.956130225 7.052523920 3.010487516 -0.732836872 0.015524233 0.022691447 0.679848670
1798.400313504 0.956130225 7.052523920 3.010487516 -0.732836872 0.015524233 0.022691447 0.679848670
1798.900440000 0.956130225 7.052523920 3.010487516 -0.732836872 0.015524233 0.022691447 0.679848670
1799.150468320 0.956130225 7.052523920 3.010487516 -0.732836872 0.015524233 0.022691447 0.679848670
1799.400940288 0.956130225 7.052523920 3.010487516 -0.732836872 0.015524233 0.022691447 0.679848670
1799.650682400 0.956130225 7.052523920 3.010487516 -0.732836872 0.015524233 0.022691447 0.679848670
1800.150849440 0.956130225 7.052523920 3.010487516 -0.732836872 0.015524233 0.022691447 0.679848670
1800.650484512 0.956130225 7.052523920 3.010487516 -0.732836872 0.015524233 0.022691447 0.679848670
1801.151664640 0.956130225 7.052523920 3.010487516 -0.732836872 0.015524233 0.022691447 0.679848670
1801.648273984 0.956130225 7.052523920 3.010487516 -0.732836872 0.015524233 0.022691447 0.679848670
1802.150668864 0.956130225 7.052523920 3.010487516 -0.732836872 0.015524233 0.022691447 0.679848670
1802.647903488 0.956130225 7.052523920 3.010487516 -0.732836872 0.015524233 0.022691447 0.679848670
1803.150658912 0.956130225 7.052523920 3.010487516 -0.732836872 0.015524233 0.022691447 0.679848670
1803.647284224 0.955920325 7.038475478 3.009374181 -0.732815091 0.015563907 0.022869503 0.679865276
1804.150808352 0.943849678 7.336260915 2.984047662 -0.733779306 -0.009360388 0.038088005 0.678254832
