3140.605088736 0.000000000 -0.000000000 1.000000000 -0.707106781 0.000000000 0.000000000 0.707106781
3141.105539584 -0.000000000 0.000000000 1.000000000 -0.707106781 0.000000000 0.000000000 0.707106781
3141.605114432 0.164208789 1.830817707 1.401264228 -0.695881345 0.036560556 -0.004643403 0.717210512
3142.105057088 0.164208789 1.830817707 1.401264228 -0.695881345 0.036560556 -0.004643403 0.717210512
3142.605128768 0.164208789 1.830817707 1.401264228 -0.695881345 0.036560556 -0.004643403 0.717210512
3143.105199168 0.164208789 1.830817707 1.401264228 -0.695881345 0.036560556 -0.004643403 0.717210512
3143.605660000 0.164208789 1.830817707 1.401264228 -0.695881345 0.036560556 -0.004643403 0.717210512
3144.105184576 0.164208789 1.830817707 1.401264228 -0.695881345 0.036560556 -0.004643403 0.717210512
3144.605607008 0.164208789 1.830817707 1.401264228 -0.695881345 0.036560556 -0.004643403 0.717210512
3145.105327296 0.164208789 1.830817707 1.401264228 -0.695881345 0.036560556 -0.004643403 0.717210512
3145.605273568 0.164208789 1.830817707 1.401264228 -0.695881345 0.036560556 -0.004643403 0.717210512
3146.104812736 0.164208789 1.830817707 1.401264228 -0.695881345 0.036560556 -0.004643403 0.717210512
3146.355002400 0.164208789 1.830817707 1.401264228 -0.695881345 0.036560556 -0.004643403 0.717210512
3148.605653856 0.164208789 1.830817707 1.401264228 -0.695881345 0.036560556 -0.004643403 0.717210512
3149.105099808 0.164208789 1.830817707 1.401264228 -0.695881345 0.036560556 -0.004643403 0.717210512
3149.605046304 0.164208789 1.830817707 1.401264228 -0.695881345 0.036560556 -0.004643403 0.717210512
3150.105114720 0.164208789 1.830817707 1.401264228 -0.695881345 0.036560556 -0.004643403 0.717210512
3150.855069664 0.162073699 1.839121081 1.399143512 -0.695724908 0.036370364 -0.005063449 0.717369089
3151.354989792 0.251347261 2.482508348 1.452804015 -0.688858959 0.059339986 -0.030419621 0.721821825
