1498.016242784 0.000000000 -0.000000000 1.000000000 -0.707106781 0.000000000 0.000000000 0.707106781
1498.516127488 0.014593743 2.350069555 1.696300360 -0.715549141 0.022457121 -0.027176700 0.697672224
1499.016890208 0.014195263 2.349193337 1.696094913 -0.715551120 0.022474155 -0.027165552 0.697670080
1499.516571840 0.014337840 2.349226641 1.696047987 -0.715549845 0.022467703 -0.027170042 0.697671421
1500.016247072 0.014348141 2.349236925 1.696052237 -0.715549839 0.022467343 -0.027170249 0.697671429
1500.266283328 0.014355835 2.349242477 1.696054552 -0.715549836 0.022467110 -0.027170362 0.697671436
1500.516056384 0.014355835 2.349242477 1.696054552 -0.715549836 0.022467110 -0.027170362 0.697671436
1501.016730208 0.014355835 2.349242477 1.696054552 -0.715549836 0.022467110 -0.027170362 0.697671436
1501.516308384 0.014355835 2.349242477 1.696054552 -0.715549836 0.022467110 -0.027170362 0.697671436
1502.016866944 0.014355835 2.349242477 1.696054552 -0.715549836 0.022467110 -0.027170362 0.697671436
1502.516290304 0.014355835 2.349242477 1.696054552 -0.715549836 0.022467110 -0.027170362 0.697671436
1503.015867264 0.014355835 2.349242477 1.696054552 -0.715549836 0.022467110 -0.027170362 0.697671436
1503.516397376 0.014355835 2.349242477 1.696054552 -0.715549836 0.022467110 -0.027170362 0.697671436
1504.016309184 0.014355835 2.349242477 1.696054552 -0.715549836 0.022467110 -0.027170362 0.697671436
1504.266930880 0.014355835 2.349242477 1.696054552 -0.715549836 0.022467110 -0.027170362 0.697671436
1504.516578720 0.014355835 2.349242477 1.696054552 -0.715549836 0.022467110 -0.027170362 0.697671436
1505.016256416 0.014355835 2.349242477 1.696054552 -0.715549836 0.022467110 -0.027170362 0.697671436
1505.516943040 0.014355835 2.349242477 1.696054552 -0.715549836 0.022467110 -0.027170362 0.697671436
1506.016403136 0.014355835 2.349242477 1.696054552 -0.715549836 0.022467110 -0.027170362 0.697671436
1506.516383648 0.014355835 2.349242477 1.696054552 -0.715549836 0.022467110 -0.027170362 0.697671436
1507.016530400 0.014355835 2.349242477 1.696054552 -0.715549836 0.022467110 -0.027170362 0.697671436
1507.516921408 0.014355835 2.349242477 1.696054552 -0.715549836 0.022467110 -0.027170362 0.697671436
1508.016503904 0.014355835 2.349242477 1.696054552 -0.715549836 0.022467110 -0.027170362 0.697671436
1508.516289664 0.014355835 2.349242477 1.696054552 -0.715549836 0.022467110 -0.027170362 0.697671436
1509.016246784 0.014355835 2.349242477 1.696054552 -0.715549836 0.022467110 -0.027170362 0.697671436
1509.516753600 0.014355835 2.349242477 1.696054552 -0.715549836 0.022467110 -0.027170362 0.697671436
