3225.856084640 0.000000000 -0.000000000 1.000000000 -0.707106781 0.000000000 0.000000000 0.707106781
3226.354938240 -0.016966449 2.299540462 1.590029891 -0.730984462 -0.021538223 -0.002516863 0.682049475
3226.855614528 0.015006941 4.153293982 1.744837587 -0.731227190 0.026603684 -0.004660830 0.681599088
3227.355845344 0.015006941 4.153293982 1.744837587 -0.731227190 0.026603684 -0.004660830 0.681599088
3227.855109792 0.015006941 4.153293982 1.744837587 -0.731227190 0.026603684 -0.004660830 0.681599088
3228.355425088 0.015006941 4.153293982 1.744837587 -0.731227190 0.026603684 -0.004660830 0.681599088
3228.856968064 0.015006941 4.153293982 1.744837587 -0.731227190 0.026603684 -0.004660830 0.681599088
3229.355133696 0.015006941 4.153293982 1.744837587 -0.731227190 0.026603684 -0.004660830 0.681599088
3229.855706720 0.015006941 4.153293982 1.744837587 -0.731227190 0.026603684 -0.004660830 0.681599088
3230.355078368 0.015006941 4.153293982 1.744837587 -0.731227190 0.026603684 -0.004660830 0.681599088
3230.855528832 0.015006941 4.153293982 1.744837587 -0.731227190 0.026603684 -0.004660830 0.681599088
3231.354898208 0.015006941 4.153293982 1.744837587 -0.731227190 0.026603684 -0.004660830 0.681599088
3233.855519584 0.015006941 4.153293982 1.744837587 -0.731227190 0.026603684 -0.004660830 0.681599088
3234.354987136 0.015006941 4.153293982 1.744837587 -0.731227190 0.026603684 -0.004660830 0.681599088
3234.855211328 0.015006941 4.153293982 1.744837587 -0.731227190 0.026603684 -0.004660830 0.681599088
3235.354876384 0.015006941 4.153293982 1.744837587 -0.731227190 0.026603684 -0.004660830 0.681599088
3235.855588256 0.014673271 4.169730693 1.743680360 -0.731430698 0.025427717 -0.006181048 0.681413501
3236.355000512 0.102239017 4.657932390 1.747733298 -0.721232317 0.029306062 -0.008847087 0.692016494
