3171.102352704 0.000000000 -0.000000000 1.000000000 -0.707106781 0.000000000 0.000000000 0.707106781
3171.853681280 0.024812961 0.295331404 1.026170492 -0.701051922 0.009543103 0.007666166 0.713005163
3172.352515744 0.173327071 1.450116002 1.124611937 -0.691940348 -0.004777238 0.011136743 0.721852967
3172.852196000 0.310082468 2.827983672 1.263741523 -0.706870848 0.045615480 0.033076062 0.705094892
3173.352951424 0.310082468 2.827983672 1.263741523 -0.706870848 0.045615480 0.033076062 0.705094892
3173.854231712 0.310082468 2.827983672 1.263741523 -0.706870848 0.045615480 0.033076062 0.705094892
3174.355742112 0.310082468 2.827983672 1.263741523 -0.706870848 0.045615480 0.033076062 0.705094892
3174.855585280 0.310082468 2.827983672 1.263741523 -0.706870848 0.045615480 0.033076062 0.705094892
3175.355200000 0.310082468 2.827983672 1.263741523 -0.706870848 0.045615480 0.033076062 0.705094892
3175.855133056 0.310082468 2.827983672 1.263741523 -0.706870848 0.045615480 0.033076062 0.705094892
3176.355421632 0.310082468 2.827983672 1.263741523 -0.706870848 0.045615480 0.033076062 0.705094892
3176.855310656 0.310082468 2.827983672 1.263741523 -0.706870848 0.045615480 0.033076062 0.705094892
3177.355697056 0.310082468 2.827983672 1.263741523 -0.706870848 0.045615480 0.033076062 0.705094892
3177.605048864 0.310082468 2.827983672 1.263741523 -0.706870848 0.045615480 0.033076062 0.705094892
3179.355601440 0.310082468 2.827983672 1.263741523 -0.706870848 0.045615480 0.033076062 0.705094892
3179.855618400 0.310082468 2.827983672 1.263741523 -0.706870848 0.045615480 0.033076062 0.705094892
3180.355992352 0.310082468 2.827983672 1.263741523 -0.706870848 0.045615480 0.033076062 0.705094892
3180.855836512 0.310082468 2.827983672 1.263741523 -0.706870848 0.045615480 0.033076062 0.705094892
3181.355184032 0.310082468 2.827983672 1.263741523 -0.706870848 0.045615480 0.033076062 0.705094892
3181.854773440 0.310082468 2.827983672 1.263741523 -0.706870848 0.045615480 0.033076062 0.705094892
3182.355507552 0.310082468 2.827983672 1.263741523 -0.706870848 0.045615480 0.033076062 0.705094892
3182.855115968 0.310082468 2.827983672 1.263741523 -0.706870848 0.045615480 0.033076062 0.705094892
