2232.897246400 0.000000000 -0.000000000 1.000000000 -0.707106781 0.000000000 0.000000000 0.707106781
2233.397426688 -0.000421504 0.000068729 1.000068099 -0.707394174 0.000131270 -0.000004297 0.706819259
2233.897218848 0.168991092 1.578313757 1.058072802 -0.717439809 0.017701456 0.007407152 0.696356169
2234.397416192 0.360862747 4.725337578 1.153559510 -0.690489022 -0.013938791 0.011295885 0.723120338
2234.897642720 0.481929916 6.441354825 1.103344463 -0.713923025 -0.031430347 0.000212845 0.699518407
2235.397680544 0.481929916 6.441354825 1.103344463 -0.713923025 -0.031430347 0.000212845 0.699518407
2235.897543232 0.481929916 6.441354825 1.103344463 -0.713923025 -0.031430347 0.000212845 0.699518407
2236.400856128 0.481929916 6.441354825 1.103344463 -0.713923025 -0.031430347 0.000212845 0.699518407
2236.900771424 0.481929916 6.441354825 1.103344463 -0.713923025 -0.031430347 0.000212845 0.699518407
2237.401196800 0.481929916 6.441354825 1.103344463 -0.713923025 -0.031430347 0.000212845 0.699518407
2237.901081728 0.481929916 6.441354825 1.103344463 -0.713923025 -0.031430347 0.000212845 0.699518407
2238.400358784 0.481929916 6.441354825 1.103344463 -0.713923025 -0.031430347 0.000212845 0.699518407
2238.900638080 0.481929916 6.441354825 1.103344463 -0.713923025 -0.031430347 0.000212845 0.699518407
2239.400684896 0.481929916 6.441354825 1.103344463 -0.713923025 -0.031430347 0.000212845 0.699518407
2239.900516800 0.481929916 6.441354825 1.103344463 -0.713923025 -0.031430347 0.000212845 0.699518407
2240.150674144 0.481929916 6.441354825 1.103344463 -0.713923025 -0.031430347 0.000212845 0.699518407
2240.400730272 0.481929916 6.441354825 1.103344463 -0.713923025 -0.031430347 0.000212845 0.699518407
2240.900399776 0.481929916 6.441354825 1.103344463 -0.713923025 -0.031430347 0.000212845 0.699518407
2241.401200448 0.481929916 6.441354825 1.103344463 -0.713923025 -0.031430347 0.000212845 0.699518407
2241.901409376 0.481929916 6.441354825 1.103344463 -0.713923025 -0.031430347 0.000212845 0.699518407
2242.400524160 0.481929916 6.441354825 1.103344463 -0.713923025 -0.031430347 0.000212845 0.699518407
2242.902156768 0.481929916 6.441354825 1.103344463 -0.713923025 -0.031430347 0.000212845 0.699518407
2243.400771712 0.481929916 6.441354825 1.103344463 -0.713923025 -0.031430347 0.000212845 0.699518407
2243.900727168 0.481929916 6.441354825 1.103344463 -0.713923025 -0.031430347 0.000212845 0.699518407
2244.400562624 0.481929916 6.441354825 1.103344463 -0.713923025 -0.031430347 0.000212845 0.699518407
2244.900618656 0.481929916 6.441354825 1.103344463 -0.713923025 -0.031430347 0.000212845 0.699518407
2245.400488928 0.481929916 6.441354825 1.103344463 -0.713923025 -0.031430347 0.000212845 0.699518407
2245.900760320 0.686313130 6.864756844 2.208266226 -0.721828282 -0.038336148 -0.022691256 0.690636936
2246.400713824 0.704169085 7.109113053 2.199559550 -0.720912794 -0.039986744 -0.026391712 0.691367689
