3427.855188256 0.000000000 -0.000000000 1.000000000 -0.707106781 0.000000000 0.000000000 0.707106781
3428.355598016 -0.000000000 -0.000000000 1.000000000 -0.707106781 0.000000000 0.000000000 0.707106781
3428.855367904 0.147856737 1.935973498 1.332630789 -0.714930986 0.008191152 0.002336715 0.699143139
3429.355001632 0.304267486 3.486910897 1.333646936 -0.725261833 0.004306667 0.020329209 0.688159465
3429.855261408 0.304267486 3.486910897 1.333646936 -0.725261833 0.004306667 0.020329209 0.688159465
3430.355335808 0.304267486 3.486910897 1.333646936 -0.725261833 0.004306667 0.020329209 0.688159465
3430.854966944 0.304267486 3.486910897 1.333646936 -0.725261833 0.004306667 0.020329209 0.688159465
3431.355340608 0.304267486 3.486910897 1.333646936 -0.725261833 0.004306667 0.020329209 0.688159465
3431.855198464 0.304267486 3.486910897 1.333646936 -0.725261833 0.004306667 0.020329209 0.688159465
3432.354996672 0.304267486 3.486910897 1.333646936 -0.725261833 0.004306667 0.020329209 0.688159465
3432.855346176 0.304267486 3.486910897 1.333646936 -0.725261833 0.004306667 0.020329209 0.688159465
3433.355325024 0.304267486 3.486910897 1.333646936 -0.725261833 0.004306667 0.020329209 0.688159465
3433.855128832 0.304267486 3.486910897 1.333646936 -0.725261833 0.004306667 0.020329209 0.688159465
3434.105504064 0.304267486 3.486910897 1.333646936 -0.725261833 0.004306667 0.020329209 0.688159465
3436.355251936 0.304267486 3.486910897 1.333646936 -0.725261833 0.004306667 0.020329209 0.688159465
3436.855426656 0.304267486 3.486910897 1.333646936 -0.725261833 0.004306667 0.020329209 0.688159465
3437.355194496 0.304267486 3.486910897 1.333646936 -0.725261833 0.004306667 0.020329209 0.688159465
3437.854954240 0.304267486 3.486910897 1.333646936 -0.725261833 0.004306667 0.020329209 0.688159465
3438.354971328 0.304267486 3.486910897 1.333646936 -0.725261833 0.004306667 0.020329209 0.688159465
3438.855235040 0.304267486 3.486910897 1.333646936 -0.725261833 0.004306667 0.020329209 0.688159465
3439.355012864 0.362537705 4.536130049 1.288510305 -0.742115888 -0.021622882 0.005162915 0.669902832
3439.855247040 0.386190136 4.862502504 1.262188869 -0.728074651 -0.023501812 0.006928493 0.685059825
