3 1468265826272 1468.2658262720001
4 1468515789536 1468.515789536
7 1469265881152 1469.265881152
8 1469516121888 1469.516121888
9 1469761448768 1469.761448768
11 1470265933024 1470.265933024
35 1476265821088 1476.2658210880002
36 1476515796224 1476.515796224
37 1476761898208 1476.761898208
38 1477016085792 1477.016085792
39 1477265854016 1477.265854016
40 1477516107616 1477.516107616
42 1478015801664 1478.015801664
43 1478265851200 1478.2658512
44 1478516159584 1478.516159584
45 1478761865056 1478.761865056
46 1479016356256 1479.016356256
47 1479265967392 1479.265967392
48 1479515783648 1479.515783648
50 1480015815808 1480.015815808
51 1480266232256 1480.2662322560002
52 1480516057824 1480.5160578240002
54 1481015949856 1481.0159498560001
55 1481266344448 1481.2663444480002
