1 1656266415552 1656.2664155520001
2 1656516311552 1656.5163115520002
5 1657266221920 1657.2662219200001
6 1657516171808 1657.516171808
9 1658266284224 1658.2662842240002
19 1660762175968 1660.762175968
26 1662516842016 1662.516842016
28 1663017633280 1663.0176332800002
29 1663266998048 1663.266998048
30 1663516341568 1663.5163415680001
31 1663761980576 1663.761980576
32 1664016388192 1664.016388192
33 1664266261600 1664.2662616
34 1664516741696 1664.516741696
35 1664761940864 1664.761940864
36 1665016246080 1665.0162460800002
37 1665266673792 1665.2666737920001
38 1665516498336 1665.516498336
39 1665762017088 1665.762017088
40 1666016273600 1666.0162736000002
41 1666266096736 1666.266096736
42 1666516574880 1666.51657488
44 1667016490016 1667.016490016
45 1667266320352 1667.266320352
46 1667516237760 1667.5162377600002
49 1668266107840 1668.2661078400001
