3 1499266752256 1499.266752256
23 1504266930880 1504.26693088
24 1504516578720 1504.51657872
25 1504762153504 1504.762153504
26 1505016256416 1505.016256416
27 1505266328384 1505.2663283840002
28 1505516943040 1505.5169430400001
29 1505762027584 1505.7620275840002
30 1506016403136 1506.016403136
31 1506266368096 1506.2663680960002
32 1506516383648 1506.516383648
34 1507016530400 1507.0165304000002
35 1507266182880 1507.26618288
39 1508266311168 1508.2663111680001
40 1508516289664 1508.5162896640002
42 1509016246784 1509.016246784
43 1509267098272 1509.267098272
