34 3433355325024 3433.355325024
35 3433605041728 3433.6050417280003
36 3433855128832 3433.855128832
38 3434355622208 3434.355622208
39 3434606105536 3434.606105536
40 3434855018592 3434.8550185920003
41 3435105564000 3435.1055640000004
42 3435355002784 3435.355002784
43 3435605587488 3435.6055874880003
44 3435855267680 3435.85526768
45 3436105628544 3436.1056285440004
46 3436355251936 3436.355251936
47 3436605241280 3436.6052412800004
48 3436855426656 3436.8554266560004
49 3437105518752 3437.105518752
50 3437355194496 3437.3551944960004
51 3437606474624 3437.6064746240004
