3892.538847136 0.000000000 -0.000000000 1.000000000 -0.707106781 0.000000000 0.000000000 0.707106781
3892.815472032 0.011255024 0.102110084 1.018555886 -0.709299488 0.008331972 0.013775546 0.704723385
3892.991595520 0.017763671 0.332818604 1.014705050 -0.709070274 0.015077629 -0.030684065 0.704308526
3893.138434880 0.062116905 0.612182407 0.998955047 -0.717763732 0.059150578 -0.066064724 0.690617033
3893.275772160 0.149782904 0.902760659 1.026873064 -0.703465525 0.084401749 -0.089135358 0.700048204
3893.400990688 0.246824234 1.198376654 1.014041429 -0.692690847 0.095592469 -0.097291034 0.708220252
3893.540096352 0.351297653 1.552645965 1.034073826 -0.710703937 0.091554667 -0.086532815 0.692119736
3893.619431072 0.408253193 1.762294873 1.039581988 -0.689923945 0.088080696 -0.084337583 0.713536203
3893.715143904 0.468374679 1.997541552 1.056155772 -0.700356448 0.069968601 -0.040453966 0.709202875
3893.793408192 0.488511631 2.236592198 1.051713619 -0.701086262 0.035246820 -0.035140343 0.711337382
3893.889584000 0.519281324 2.497562225 1.069960665 -0.709880021 0.033014583 -0.036743350 0.702588300
3893.997115968 0.553564913 2.851586357 1.062479640 -0.706752956 0.043134544 -0.037007100 0.705173840
3894.084813504 0.583411615 3.113655281 1.071912262 -0.707015346 0.047385875 -0.027109077 0.705087922
3894.174526656 0.623220163 3.410006195 1.076372509 -0.713427679 0.049428847 -0.021667185 0.698647457
3894.286480288 0.675568363 3.771126750 1.091231794 -0.709159125 0.065501167 -0.023186824 0.701616208
3894.364044160 0.728613122 4.027544188 1.096514043 -0.699157910 0.085405156 -0.016905738 0.709646653
3894.462391616 0.784706682 4.366767680 1.085234592 -0.721335453 0.080678058 -0.011231827 0.687779079
3894.538383360 0.826297941 4.658329314 1.080485373 -0.730165550 0.076971342 -0.006830247 0.678886610
3894.627940672 0.876799382 4.950447183 1.093853823 -0.694801909 0.080605595 -0.006739760 0.714638105
3894.702486976 0.914046092 5.198877854 1.119006891 -0.651967081 0.073360085 -0.028763340 0.754141826
3894.786550432 0.966593850 5.486017113 1.158100207 -0.649296744 0.075209011 -0.022566142 0.756470827
3894.869418688 1.020082760 5.797689224 1.200655145 -0.669548852 0.073865114 -0.019355754 0.738832616
3894.977367968 1.081102956 6.191613633 1.243795325 -0.682899582 0.068106479 -0.025874568 0.726870123
3895.086312064 1.153344899 6.574827012 1.287331876 -0.668526678 0.081339161 -0.018319202 0.738999613
3895.159852672 1.198753163 6.851717589 1.307831383 -0.673910815 0.084662131 -0.028742262 0.733382860
3895.232078464 1.250752547 7.116327249 1.327278972 -0.688993135 0.085122080 -0.016006725 0.719573815
3895.338773440 1.317962207 7.540059778 1.323176097 -0.725203139 0.071850742 -0.005344703 0.684754929
3895.409408256 1.357767109 7.806761249 1.330407044 -0.726444679 0.070870858 -0.007195081 0.683522992
3895.480170912 1.396454645 8.075039085 1.327698948 -0.708461266 0.072274449 -0.018745117 0.701788899
3895.594676576 1.458910242 8.511237642 1.332579120 -0.703056219 0.072816616 -0.019371660 0.707131128
3895.739183840 1.543535432 9.111198563 1.343876108 -0.706257509 0.066323977 -0.017933872 0.704613254
3895.805919840 1.577412412 9.386310745 1.348150561 -0.709322865 0.059089373 -0.024117561 0.701988506
3895.916977152 1.646709224 9.864800104 1.347441101 -0.717269293 0.060651550 -0.017617753 0.693927781
3895.992685152 1.684806673 10.193772830 1.343112971 -0.725586692 0.056028037 -0.020436256 0.685541517
3896.084220064 1.732478327 10.591123997 1.342753241 -0.714366640 0.050803769 -0.020553393 0.697622275
3896.178056064 1.782185485 11.009540695 1.348937529 -0.716735434 0.052437578 -0.022017302 0.695022199
3896.254822816 1.825486329 11.347285519 1.355566589 -0.710612707 0.053554068 -0.017951654 0.701312541
3896.331560160 1.864378717 11.700453642 1.360419188 -0.706676574 0.051734159 -0.020572349 0.705342878
3896.409399200 1.906222314 12.050691226 1.371778943 -0.706044156 0.050730948 -0.020875902 0.706039813
3896.485676256 1.944539950 12.394820866 1.381928515 -0.705329349 0.052916034 -0.020049957 0.706617579
3896.554628224 1.990062997 12.726664447 1.395801210 -0.702552228 0.054163651 -0.020983913 0.709257598
3896.633188032 2.042068540 13.076243461 1.407322022 -0.701615356 0.056809117 -0.017376260 0.710075124
3896.744450080 2.106066064 13.550586955 1.424871518 -0.700796043 0.060608805 -0.017948208 0.710555657
3896.818879424 2.159903460 13.962262224 1.440146905 -0.698605808 0.066869163 -0.016100758 0.712193236
3896.896646976 2.211573809 14.338168646 1.457112368 -0.697247471 0.066289657 -0.017677858 0.713539865
3896.986666240 2.272501598 14.774004973 1.482786714 -0.695548082 0.066283595 -0.016934483 0.715215055
3897.058482112 2.325535377 15.132184849 1.497995917 -0.697046906 0.067984254 -0.017665956 0.713576672
3897.137590464 2.376417438 15.511895917 1.519168003 -0.698087369 0.068186515 -0.014684558 0.712607177
3897.212217792 2.423863104 15.876187215 1.537233442 -0.699342922 0.063807927 -0.013471891 0.711805124
3897.287599296 2.469625271 16.224077661 1.554354599 -0.699434929 0.063447477 -0.012369081 0.711766959
3897.367253792 2.520922653 16.634389951 1.578426758 -0.698458955 0.065224804 -0.014299712 0.712528127
3897.445678400 2.576016293 17.016419758 1.597754283 -0.699334291 0.066613475 -0.017097901 0.711478641
3897.524721952 2.627603470 17.402208696 1.616456893 -0.696277364 0.068578928 -0.017221104 0.714281594
3897.607287136 2.681280283 17.794107173 1.636677152 -0.698111650 0.068380083 -0.016939961 0.712514790
3897.680881600 2.731561788 18.180140554 1.653477157 -0.698389205 0.066523063 -0.013415183 0.712493672
3897.753993920 2.798611862 18.448127811 1.663451203 -0.699586042 0.060037058 -0.006637935 0.711990772
3897.830094528 2.842026136 18.830289947 1.685736724 -0.696743766 0.059031612 -0.004055848 0.714875474
3897.901425056 2.886561431 19.194054540 1.703717625 -0.695051494 0.062383769 -0.003317573 0.716240657
3897.971955200 2.930096972 19.543471080 1.726797104 -0.696539874 0.063919168 -0.003964944 0.714654338
3898.068624736 2.990342029 20.035247101 1.757024461 -0.694355972 0.063341551 -0.005417233 0.716818168
3898.137615776 3.035156852 20.393721884 1.775660387 -0.694238406 0.061994320 -0.004333241 0.717057154
3898.217673536 3.081533768 20.795163667 1.801245100 -0.691882157 0.058414798 -0.007108695 0.719608406
3898.284787328 3.120329144 21.143269405 1.823312349 -0.692555796 0.055624019 -0.005879419 0.719192512
3898.359222080 3.161648724 21.524545527 1.846826058 -0.694193913 0.055489033 -0.003947174 0.717635143
3898.425766560 3.190889327 21.853782909 1.871478088 -0.693174073 0.046444241 -0.004614591 0.719257494
3898.497576480 3.221774377 22.210541512 1.893697286 -0.691945453 0.041786772 -0.000101979 0.720739444
3898.567075872 3.250366925 22.568497181 1.926024827 -0.687579171 0.038536694 -0.005108937 0.725068070
3898.638650208 3.280661425 22.942332074 1.951236718 -0.691112606 0.037317868 -0.004709079 0.721767669
3898.726675296 3.311929850 23.333966290 1.983425193 -0.689744331 0.036702604 -0.003699090 0.723112712
3898.812617472 3.346421110 23.797438549 2.020878046 -0.688044490 0.034148535 -0.003092831 0.724857980
3898.879586688 3.373879672 24.172485307 2.058112024 -0.683366279 0.031842403 -0.004616778 0.729366352
3898.946858688 3.399993549 24.522634323 2.093540303 -0.679532824 0.033936627 -0.001833510 0.732857479
3899.010786336 3.423697688 24.848799720 2.127797052 -0.679933056 0.035244468 -0.003229076 0.732419579
3899.094996320 3.457847902 25.273489946 2.176794710 -0.676700602 0.036044746 0.000045902 0.735375462
3899.163328928 3.483656640 25.615245518 2.204164696 -0.682986189 0.034522269 -0.010989512 0.729532254
3899.246688928 3.537668454 26.049520278 2.245797966 -0.685308188 0.051490805 -0.023552830 0.726048655
3899.315848064 3.586207960 26.395113980 2.277598792 -0.682594789 0.056009026 -0.034619567 0.727824724
3899.398772992 3.644806674 26.798528588 2.314668272 -0.683930894 0.055829319 -0.033799066 0.726621801
3899.465707680 3.686357321 27.120707191 2.350862157 -0.677738655 0.048334907 -0.034055223 0.732921752
3899.558832032 3.747374358 27.546158303 2.405786645 -0.669907268 0.039005520 -0.034807127 0.740601975
3899.648862656 3.793143710 27.971568303 2.462170332 -0.669465789 0.030450427 -0.034728372 0.741405603
3899.727363296 3.828326577 28.371697172 2.509227921 -0.681109712 0.019199525 -0.038764191 0.730902371
3899.814659712 3.869202965 28.806843009 2.528269814 -0.709741673 0.022001061 -0.019312540 0.703853491
3899.900144992 3.888650513 29.181931959 2.579502064 -0.657385272 0.006362557 -0.035121113 0.752708861
3899.991793280 3.947256581 29.623864352 2.630582657 -0.682149644 0.047813140 0.013650587 0.729519999
3900.079155072 3.965791815 30.040755826 2.661382993 -0.698484411 0.030709160 -0.035460447 0.714086152
3900.166453248 4.007716209 30.413093369 2.702714460 -0.669678298 0.045525908 -0.007583797 0.741215795
3900.250099488 4.029671529 30.793234335 2.748314993 -0.662633770 0.039424105 -0.020783307 0.747616400
3900.352777280 4.073432845 31.205721862 2.804493398 -0.673045391 0.055207019 -0.014608280 0.737393168
3900.430861024 4.106601350 31.596707293 2.850880206 -0.677236766 0.045523668 -0.019117658 0.734106582
3900.527665440 4.145804893 32.013868779 2.899155819 -0.679172084 0.042249128 -0.013574911 0.732636345
3900.609875136 4.174808079 32.374384031 2.935283919 -0.684109063 0.039713394 -0.016110241 0.728119562
3900.693546848 4.217108036 32.737454283 2.963445222 -0.692125963 0.049937108 -0.007109367 0.720012078
3900.805774080 4.261888764 33.210741777 3.008337706 -0.680214929 0.054935896 0.001997288 0.730948499
3900.897728576 4.308381236 33.593778253 3.050207588 -0.666043181 0.069070135 -0.000986447 0.742707766
3900.981338080 4.363435185 33.950203963 3.084324506 -0.677453684 0.086866695 0.009478793 0.730356649
3901.071312864 4.423722213 34.325773071 3.134865653 -0.673866927 0.090053195 0.021750100 0.733021637
3901.155004640 4.458604928 34.660544134 3.164126650 -0.664164952 0.067167498 0.006539814 0.744533864
3901.240583040 4.511070161 35.002819459 3.216993117 -0.655663311 0.073955930 0.011637775 0.751332620
3901.321020672 4.553969178 35.340808765 3.250348757 -0.673873343 0.071637466 0.011464497 0.735276381
3901.410639840 4.583341297 35.705633455 3.301338669 -0.684598110 0.051298579 0.019443768 0.726853372
3901.493392864 4.605276517 36.037412974 3.323537738 -0.681724536 0.033942181 0.015002557 0.730667167
3901.589390624 4.622336768 36.417663362 3.350959788 -0.694405299 0.027510476 0.025495418 0.718605899
3901.684758016 4.630049699 36.788841647 3.378340533 -0.688508841 0.019454538 0.038439277 0.723947180
3901.784395616 4.624691370 37.189588433 3.407551094 -0.686250759 0.010213571 0.031624467 0.726605444
3901.877470336 4.621089504 37.541872788 3.445586846 -0.689923507 0.006773785 0.036263606 0.722941644
3901.969162880 4.621832296 37.918872804 3.473579165 -0.692655607 0.006331296 0.044059938 0.719893635
3902.055643808 4.612542192 38.246650905 3.512715641 -0.676481791 0.003021433 0.037782173 0.735483354
3902.140023296 4.599567235 38.599782643 3.536357053 -0.682392978 0.001496129 0.030680757 0.730339836
3902.246181248 4.600725961 39.022901047 3.589693883 -0.686080518 0.012163471 0.042562805 0.726177651
3902.358875232 4.585441647 39.444030700 3.622857262 -0.679138593 0.000703036 0.045943528 0.732570453
3902.453475136 4.561121516 39.838693246 3.663558673 -0.683672810 -0.012748748 0.028996216 0.729100938
3902.544700064 4.550212386 40.192400996 3.702776778 -0.683287149 -0.012060641 0.036541929 0.729135036
3902.669608032 4.525861420 40.689743489 3.751564138 -0.681184901 -0.011646492 0.035839793 0.731140889
3902.754564832 4.511495272 41.034859517 3.786984462 -0.684737440 -0.012752737 0.032108731 0.727970491
3902.845010592 4.494794195 41.388642969 3.819963774 -0.684144877 -0.013009185 0.032658729 0.728498425
