1245.109806304 0.000000000 -0.000000000 1.000000000 -0.707106781 0.000000000 0.000000000 0.707106781
1245.860197568 0.000851612 0.657750451 1.011765989 -0.719403722 0.003763909 -0.041198485 0.693359072
1246.359728000 0.056360718 1.837391229 1.055073986 -0.687821199 -0.033643330 0.021085908 0.724793425
1246.859916672 -0.047962403 3.209912316 1.115058283 -0.702132168 -0.045931058 0.034278640 0.709736381
1247.360216576 -0.130251817 4.816410202 1.160326955 -0.710306769 0.002858905 0.041172515 0.702681254
1247.861341440 -0.181029788 6.550289137 1.371648287 -0.670279427 0.013587422 0.032577617 0.741268892
1248.361970304 -0.181191135 6.553162990 1.371762064 -0.670275979 0.013600680 0.032582010 0.741271574
1248.862756864 -0.196753444 7.454073281 1.483503882 -0.668907208 0.001514645 0.030046510 0.742736872
1249.362692832 -0.158923208 8.016543853 1.534350487 -0.659619611 -0.001992705 0.028728489 0.751047716
1249.862547648 -0.185241646 8.694984147 1.758891525 -0.665778512 0.019060974 0.048947617 0.744298182
1250.362353056 -0.286573906 9.827961638 1.935792099 -0.666031970 0.008470148 0.050118495 0.744189363
1250.862491680 -0.286573906 9.827961638 1.935792099 -0.666031970 0.008470148 0.050118495 0.744189363
1251.362289376 -0.286573906 9.827961638 1.935792099 -0.666031970 0.008470148 0.050118495 0.744189363
1251.862924992 -0.286573906 9.827961638 1.935792099 -0.666031970 0.008470148 0.050118495 0.744189363
1252.112313728 -0.286573906 9.827961638 1.935792099 -0.666031970 0.008470148 0.050118495 0.744189363
1252.862910528 -0.286573906 9.827961638 1.935792099 -0.666031970 0.008470148 0.050118495 0.744189363
1253.362843616 -0.503638065 10.479093630 1.889634978 -0.646082680 0.015225557 0.012821123 0.763007845
1253.862523328 -0.424597167 11.130150968 2.088581198 -0.657120461 0.002599537 0.023653653 0.753409880
1254.362471040 -0.481721288 12.758442186 2.271077621 -0.669406709 -0.019121659 0.021370302 0.742342462
1254.862303776 -0.502784492 13.240580656 2.285316457 -0.671749203 -0.015685285 0.032006994 0.739920626
1255.363014688 -0.631158260 14.867804015 2.503974329 -0.658438377 0.010410130 0.046761284 0.751108458
1255.862523328 -0.730363700 16.647816919 2.753003338 -0.660505822 -0.011574437 0.076081862 0.746866549
1256.362575712 -0.922349573 18.383467161 2.909922565 -0.668424117 -0.052112283 0.082990429 0.737296479
1256.862457696 -1.175312011 20.109599111 3.138437028 -0.673176308 -0.049257206 0.081559602 0.733318087
1257.363026144 -1.503594758 21.778083305 3.302635950 -0.692444848 -0.052306314 0.089024945 0.714043936
1257.863277312 -1.655101241 22.562193913 3.370794803 -0.686552392 -0.054124327 0.082976231 0.720299463
1258.864073120 -1.726277136 22.949473348 3.408425316 -0.685695625 -0.053345758 0.081063310 0.721390657
