3080.148544576 0.000000000 -0.000000000 1.000000000 -0.707106781 0.000000000 0.000000000 0.707106781
3080.339538528 0.002466175 0.015623397 1.000121362 -0.706452743 0.003462573 0.002896284 0.707745819
3080.589271200 -0.004899777 0.278165332 1.009604655 -0.700453926 -0.009587966 0.013690965 0.713501876
3080.713482944 -0.003407939 0.516734982 1.020006524 -0.703091938 -0.005279055 0.020485417 0.710784219
3080.839044384 -0.009483725 0.803557331 1.028068231 -0.693784063 -0.010008849 0.003262127 0.720106142
3080.963459488 -0.005248705 1.130754294 1.048820722 -0.699986409 -0.006063429 0.005380826 0.714110151
3081.089598304 -0.008792888 1.478589541 1.063629932 -0.703923503 -0.013782142 0.002597734 0.710137315
3081.213744000 -0.001987535 1.845587151 1.080262991 -0.701500734 -0.008509736 -0.002480289 0.712613607
3081.345379648 0.013485063 2.248835087 1.098886735 -0.704930812 0.000843834 -0.004881797 0.709258773
3081.476927360 0.032226425 2.655239256 1.116318808 -0.706910241 0.000450018 -0.005162981 0.707284280
3081.602005856 0.042036124 3.061807572 1.116045073 -0.711563614 -0.011819177 0.000222695 0.702522228
3081.726132160 0.044480679 3.465961673 1.126759729 -0.714107325 -0.013400314 -0.000688519 0.699907627
3081.851090784 0.053499517 3.890139772 1.136528651 -0.708134162 -0.007724876 -0.005363525 0.706015275
3081.976237056 0.064741250 4.323178351 1.149302834 -0.714153007 -0.004286012 -0.001158190 0.699975551
3082.101660128 0.073853602 4.762699540 1.157316482 -0.715045593 -0.010078379 0.005321155 0.698984916
3082.226514400 0.064172181 5.213778157 1.157899354 -0.720458693 -0.025438048 0.002545420 0.693026478
3082.351674560 0.060304101 5.659572010 1.158201462 -0.714448539 -0.027706998 0.007753605 0.699096195
3082.477013632 0.054590575 6.119735460 1.161424386 -0.710005155 -0.024100242 0.004175245 0.703771572
3082.604189856 0.050318411 6.601246887 1.170412271 -0.710859596 -0.020580683 -0.011419329 0.702940018
3082.726765632 0.055097260 7.063250893 1.184150228 -0.707116190 -0.012824284 -0.012067126 0.706878077
3082.852037472 0.086953810 7.557483015 1.195020918 -0.708465407 0.007529985 -0.019345175 0.705440168
3082.976519840 0.121543928 8.017913477 1.222680669 -0.698596844 0.008627455 -0.020723699 0.715163299
3083.101694560 0.159509891 8.496093858 1.237531449 -0.707737131 0.008641348 -0.025845449 0.705950064
3083.227054336 0.196381608 8.960681638 1.254227042 -0.703295444 0.007110916 -0.018591301 0.710618967
3083.352579296 0.213820705 9.450389291 1.270598212 -0.712794562 -0.006343682 -0.027670293 0.700798134
3083.477001152 0.238226813 9.934318773 1.265938111 -0.726458193 -0.006027807 -0.022197730 0.686825611
3083.601885088 0.249715065 10.422003168 1.257738050 -0.721393749 -0.019100569 -0.039190654 0.691151445
3083.729442912 0.260138254 10.921424517 1.243459835 -0.718125069 -0.041304011 -0.042753812 0.693370374
3083.860439136 0.274060342 11.449806807 1.246146675 -0.724010405 -0.031920056 -0.041849617 0.687778055
3083.978619360 0.305984416 11.913134598 1.263523250 -0.705203988 -0.001437515 -0.041732292 0.707773753
3084.101796544 0.364216024 12.414521785 1.279628324 -0.705820527 0.027474864 -0.042072941 0.706606243
3084.226640064 0.415188271 12.914956268 1.293285679 -0.709497633 0.030525731 -0.050143744 0.702258423
3084.351716544 0.476185289 13.431030226 1.294989949 -0.719399138 0.034556919 -0.050006554 0.691932109
3084.476545632 0.540305396 13.940477812 1.288326539 -0.717655135 0.032835964 -0.049784716 0.693840319
3084.601543168 0.626464116 14.465575137 1.277751918 -0.727583695 0.056582555 -0.050309796 0.681827915
3084.726598848 0.717486862 14.956163438 1.295372117 -0.686717701 0.062419170 -0.050302579 0.722490344
3084.851387008 0.816594272 15.486861072 1.291159727 -0.726292151 0.067025721 -0.048642451 0.682379056
3084.976654016 0.908687706 15.985233821 1.298822354 -0.725190949 0.080560775 -0.014613533 0.683662558
3085.101608800 0.984102395 16.456197397 1.322732424 -0.679276362 0.060778826 -0.013701944 0.731233078
3085.227885696 1.040012623 16.995741314 1.321971962 -0.729712864 0.037814591 -0.017539423 0.682481913
3085.352123200 1.096222742 17.505915429 1.309355074 -0.722650464 0.032250673 -0.008069520 0.690413705
3085.476886976 1.137357093 18.023879107 1.317209409 -0.715216993 0.025360280 -0.022118688 0.698091880
3085.601977216 1.181437434 18.559183459 1.328049457 -0.711603576 0.019525876 -0.024327717 0.701888348
3085.726864960 1.220815003 19.099915161 1.340642520 -0.709945821 0.014536950 -0.026133471 0.703621098
3085.851803680 1.265879182 19.655214770 1.348897014 -0.720089554 0.011926281 -0.024827022 0.693334275
3085.976893568 1.313694886 20.213739559 1.353124731 -0.715477079 0.020384107 -0.030539224 0.697670691
3086.102092672 1.376858138 20.777634760 1.358325585 -0.715335381 0.028844132 -0.041102122 0.696974837
3086.229051456 1.440716437 21.342823258 1.373428792 -0.708210177 0.028477855 -0.046397127 0.703899612
3086.351658016 1.497408886 21.754984422 1.395611902 -0.706229086 0.030079806 -0.048794272 0.705659126
3086.476368864 1.537341233 21.966625277 1.407027559 -0.708943253 0.024599179 -0.054990562 0.702687969
3086.601888256 1.586987155 22.407743321 1.416076345 -0.703648038 0.022257339 -0.051633866 0.708320544
3086.727941792 1.652227021 22.971930707 1.450204899 -0.703464202 0.013688952 -0.053968465 0.708546494
3086.851565824 1.711085129 23.541918511 1.473186032 -0.702569570 0.010451215 -0.053007043 0.709561149
3086.976729216 1.778276287 24.083749957 1.506973827 -0.704034797 0.009028949 -0.050707319 0.708295313
3087.101822432 1.838768192 24.655884693 1.533287885 -0.701849030 0.005228741 -0.048471035 0.710655443
3087.226720672 1.891584976 25.233983323 1.559698424 -0.705266706 0.004620165 -0.047438498 0.707338049
3087.354213248 1.942494480 25.803328759 1.588346261 -0.697178056 0.003269784 -0.048318724 0.715260350
3087.476549024 2.010041322 26.350105278 1.626374929 -0.700435259 0.007463332 -0.055954985 0.711479997
3087.602882528 2.086639567 26.913527776 1.665155004 -0.699911422 0.029442095 -0.072609165 0.709919062
3087.726857184 2.008216046 27.187080927 1.688951494 -0.698603925 0.029863295 -0.083973689 0.709936025
3087.851960256 2.060222024 27.688937985 1.720298307 -0.703338458 0.028621881 -0.085983616 0.705055047
3087.977367328 2.156342270 28.261560476 1.747987275 -0.701342028 0.023403706 -0.083946154 0.707477682
3088.101962464 2.246870628 28.828203724 1.779753563 -0.700225668 0.025126260 -0.081359273 0.708825334
3088.227096480 2.339530456 29.385313114 1.805652607 -0.702315181 0.024498391 -0.080643670 0.706859119
3088.352513056 2.450872627 29.906754984 1.840748906 -0.697929237 0.023125646 -0.079699335 0.711342393
3088.477070560 2.565091107 30.473978763 1.873591547 -0.697141034 0.026256975 -0.077535213 0.712245211
3088.602021568 2.660720173 31.035958431 1.913855846 -0.693081940 0.032146537 -0.076828438 0.716031714
3088.727037984 2.758998164 31.599481314 1.950814160 -0.693289306 0.035477596 -0.075032585 0.715864086
3088.852029056 2.856958454 32.163252495 1.996523106 -0.691354609 0.034739647 -0.074571841 0.717816830
3088.977193696 2.952795549 32.715759797 2.045207709 -0.684994058 0.033643885 -0.076624139 0.723726448
3089.101896128 3.050743665 33.271691850 2.097461971 -0.686928180 0.033196287 -0.077437980 0.721824799
3089.227271200 3.145109847 33.799761856 2.157846259 -0.672207549 0.030682867 -0.071539526 0.736259241
3089.351946080 3.240461577 34.338342909 2.208243827 -0.697198088 0.032245615 -0.073370237 0.712384626
3089.476678976 3.322912120 34.865230981 2.248598729 -0.687999399 0.022244578 -0.079493347 0.721001258
3089.601655232 3.405965203 35.337160954 2.295982508 -0.690957555 0.015414573 -0.078143901 0.718493965
3089.724828768 3.489582859 35.843761539 2.353510756 -0.670566590 0.018570625 -0.080271620 0.737259824
3089.850233312 3.575910067 36.327276949 2.394406858 -0.700605547 0.022747095 -0.084828309 0.708123291
3089.975357984 3.690286944 36.869224272 2.403110030 -0.727943484 0.041147130 -0.107997136 0.675826765
3090.099214112 3.851816296 37.359784255 2.416196099 -0.706778391 0.077782411 -0.133762373 0.690305606
3090.224567744 4.068842222 37.875775730 2.414978692 -0.718387852 0.105884098 -0.166606750 0.667045458
3090.349541536 4.318917692 38.354312504 2.412085192 -0.710699052 0.135006838 -0.184063864 0.665432570
3090.473022336 4.513423856 38.717481666 2.487201003 -0.629564809 0.156779185 -0.216934208 0.729388777
3090.598780768 4.754316854 39.029416934 2.556216485 -0.661998014 0.190330947 -0.192597934 0.698883964
3090.722903584 5.053162801 39.466189984 2.602613503 -0.658818510 0.189773693 -0.203211113 0.699034591
3090.851366432 5.353438259 39.900785428 2.644651284 -0.665427660 0.195406364 -0.202575225 0.691365071
3090.978982144 5.620392738 40.313328771 2.683036966 -0.669175479 0.183864002 -0.208233198 0.689229383
3091.101146432 5.893090884 40.730914679 2.740633883 -0.651673420 0.176231612 -0.208670730 0.707616208
3091.225704992 6.177940909 41.159787830 2.786681238 -0.671917728 0.185446982 -0.196306581 0.689637376
3091.351689408 6.461704684 41.604705135 2.814436793 -0.669466940 0.185856721 -0.198313234 0.691334331
3091.475439744 6.745298521 42.021099693 2.845051251 -0.665995039 0.202331587 -0.194872340 0.691040743
3091.603600832 7.046051448 42.445325783 2.892183088 -0.655679851 0.212767139 -0.206307807 0.694443061
3091.729026816 7.342658046 42.849918513 2.931949776 -0.660136144 0.215856659 -0.218614101 0.685444418
3091.853949440 7.645280142 43.233049739 2.979648238 -0.647179598 0.215457842 -0.225642703 0.695573042
3091.979081184 7.958460665 43.618648554 3.017132566 -0.648810685 0.220323371 -0.247861115 0.684884790
3092.104291456 8.291059344 43.988603313 3.065794695 -0.638137084 0.240779411 -0.252377271 0.686376027
3092.229889632 8.636910205 44.353299215 3.099996598 -0.652861241 0.265996753 -0.234419004 0.669377066
3092.354199872 8.949192649 44.707597794 3.135571021 -0.642434406 0.240395960 -0.269666750 0.675845885
3092.479661536 9.273854558 45.047286917 3.180472855 -0.636957323 0.232377590 -0.276699983 0.680972205
3092.603987424 9.611251019 45.391831637 3.217700953 -0.649742994 0.236862236 -0.285987835 0.663280696
3092.729505280 9.949403093 45.720081711 3.253912788 -0.643897009 0.247353102 -0.285334384 0.665430217
3092.856965664 10.295819210 46.055297624 3.282892434 -0.645430460 0.256448803 -0.279539616 0.662956360
3092.979969888 10.638766340 46.366361901 3.330036885 -0.628990454 0.271700445 -0.294916751 0.666013503
3093.104555168 10.993884364 46.676987963 3.358568737 -0.629818858 0.282471048 -0.289353233 0.663184001
3093.229424544 11.322432323 46.955599901 3.401820419 -0.617733977 0.289470038 -0.291984985 0.670340659
3093.354126880 11.554810288 47.186858532 3.445569982 -0.622615576 0.270701379 -0.319544976 0.661030723
3093.543227104 11.828780918 47.412196170 3.465872650 -0.630489796 0.271492284 -0.265153927 0.677102615
3093.666298752 11.915756081 47.535523888 3.472662250 -0.651409141 0.252260508 -0.312733668 0.643605796
3093.855259584 12.029780403 47.591602871 3.475267893 -0.640171837 0.281922675 -0.293474026 0.651592374
