3372.302181664 0.000000000 -0.000000000 1.000000000 -0.707106781 0.000000000 0.000000000 0.707106781
3372.369454816 -0.002389501 -0.000837217 1.001588853 -0.707390034 0.000013058 -0.001311995 0.706822197
3372.401212256 0.078607373 0.080596574 1.001415678 -0.707078380 -0.000862275 -0.000416502 0.707134533
3372.476241248 0.079069132 0.082762117 1.002301440 -0.705401836 0.000043044 0.000284482 0.708807567
3372.525547264 0.079102744 0.082747339 1.002302319 -0.705401865 0.000041560 0.000285201 0.708807538
3372.558581568 0.329173467 0.241455277 0.992606377 -0.704546795 -0.002953837 0.003128028 0.709644491
3372.622729920 0.330530383 0.281660051 0.993073605 -0.701599199 -0.004014783 -0.001544874 0.712558811
3372.654163168 0.330239301 0.281307893 0.992997670 -0.701599800 -0.004006298 -0.001550293 0.712558255
3372.685506944 0.906631861 0.725104121 1.195338137 -0.702871096 -0.011868756 0.003681730 0.711208690
3372.757071104 0.911911053 0.815954322 1.201337310 -0.704791259 -0.008808895 0.000167339 0.709360033
3372.823332992 0.918672078 0.909866986 1.205107835 -0.699366801 -0.006569817 0.000803807 0.714732306
3372.887368640 0.925293580 1.025593861 1.212597364 -0.699060706 -0.003942153 0.002418436 0.715047369
3372.957605024 0.929830899 1.162597058 1.220771462 -0.696465258 -0.006428960 -0.000179712 0.717561691
3373.025862848 0.933257634 1.305431738 1.226752704 -0.693093678 -0.008748799 0.000005276 0.720794431
3373.089858464 0.933828767 1.473149837 1.235219587 -0.696978468 -0.012970357 0.000157062 0.716974728
3373.155434560 0.933702330 1.637546527 1.243694251 -0.697867185 -0.017139988 0.004947070 0.716004985
3373.223951552 0.932352079 1.807109316 1.249543863 -0.701503368 -0.021557071 0.004588814 0.712325249
3373.286787424 0.927893738 1.984998584 1.259188993 -0.705352918 -0.027644561 0.002662191 0.708312045
3373.353442176 0.927130593 2.160844768 1.266377963 -0.700460739 -0.026657181 0.003899037 0.713182266
3373.417207296 0.927803149 2.339950878 1.274439170 -0.705197954 -0.022136037 0.005051814 0.708646824
3373.483605472 0.924504519 2.525703094 1.284228510 -0.698925996 -0.023427626 0.002200231 0.714806797
3373.547153728 0.924024636 2.711913449 1.289914941 -0.705785707 -0.020247993 0.003094776 0.708129209
3373.611557184 0.925610103 2.898990925 1.299490195 -0.700115902 -0.016798200 0.001518554 0.713829978
3373.674420992 0.925951516 3.090786159 1.301763800 -0.708523962 -0.015345776 -0.000992619 0.705519183
3373.739467072 0.920577035 3.282129118 1.310176587 -0.707846812 -0.024349573 -0.009206377 0.705886132
3373.802577120 0.921024975 3.474960851 1.316058951 -0.706494077 -0.025007447 -0.002939005 0.707270888
3373.868476736 0.918704400 3.679162713 1.316281871 -0.711686751 -0.030199416 0.001348826 0.701846240
3373.932814336 0.913592089 3.877375570 1.321035841 -0.712346663 -0.034188010 -0.002535667 0.700990001
3373.996616000 0.909632911 4.084268319 1.327344921 -0.711807611 -0.033863005 -0.008375445 0.701507714
3374.060674560 0.913092807 4.283029608 1.335930616 -0.708122482 -0.023663039 -0.003273058 0.705685410
3374.142409920 0.912132492 4.551915774 1.335962031 -0.710099343 -0.024089617 -0.005275284 0.703669513
3374.206892992 0.912483895 4.765354836 1.344333776 -0.714453769 -0.023020858 -0.003887417 0.699293029
3374.270282720 0.918334347 4.972730016 1.347625085 -0.709560837 -0.017709777 0.002907806 0.704415592
3374.338146080 0.918632794 5.201265609 1.346484471 -0.713368680 -0.017491390 -0.002250163 0.700566995
3374.414509824 0.920800873 5.461969600 1.354701610 -0.712572886 -0.012171327 -0.002590377 0.701487727
3374.479858880 0.918347588 5.682932338 1.356698894 -0.710992748 -0.020235625 -0.012395083 0.702798829
3374.547823456 0.925477633 5.916822503 1.354755044 -0.713623270 -0.016787753 -0.008945464 0.700271361
3374.612862528 0.933237482 6.144990736 1.364059133 -0.714891213 -0.012580231 -0.008339022 0.699072781
3374.644728288 0.932923373 6.145088081 1.362726736 -0.714869245 -0.012674755 -0.008315451 0.699093818
3374.676168192 1.005567321 6.257769247 1.396573610 -0.715240126 -0.012973520 -0.005748809 0.698734714
3374.738881248 1.014528379 6.473172382 1.396962540 -0.718933940 -0.009186990 -0.000359801 0.695017597
3374.802310624 1.007279343 6.696069930 1.403312135 -0.708552243 -0.024532238 -0.013079589 0.705110497
3374.865512576 1.018767557 6.933142337 1.402589324 -0.715901419 -0.009996226 -0.001841507 0.698127382
3374.929670240 1.018959569 7.172073948 1.397564196 -0.720866702 -0.015705476 -0.021864720 0.692550699
3374.996958432 1.034452836 7.412929112 1.411766845 -0.713217228 -0.000397963 -0.021295175 0.700619400
3375.060179008 1.044983978 7.642358805 1.410350112 -0.714631441 0.002555033 -0.022352699 0.699139280
3375.123296064 1.061705602 7.883069986 1.411952060 -0.704983860 0.003903615 -0.028495366 0.708639917
3375.154623456 1.061724477 7.883172704 1.411747115 -0.705004404 0.003900173 -0.028526272 0.708618254
3375.185935808 1.170216530 8.011947681 1.501696303 -0.709699004 0.005331538 -0.020072508 0.704198830
3375.250349600 1.175125081 8.251169398 1.512671507 -0.704504111 0.012853437 -0.026047349 0.709105269
3375.313400352 1.189718940 8.457960748 1.529153213 -0.686086989 0.014625548 -0.033666653 0.726592935
3375.376382752 1.214791249 8.696105038 1.534475826 -0.698380740 0.019031700 -0.029498880 0.714864989
3375.407760640 1.216677073 8.697105481 1.535689968 -0.698320476 0.019313652 -0.029207505 0.714928260
3375.439087360 1.240306517 8.688172543 1.551447701 -0.698753380 0.018815121 -0.029205592 0.714518537
3375.501970656 1.268088049 8.914443461 1.567268440 -0.699255371 0.025278503 -0.023098660 0.714051381
3375.533529792 1.263820423 8.913836621 1.563391194 -0.699153778 0.025314470 -0.023057287 0.714150918
3375.570104864 1.345432205 9.182766539 1.636363401 -0.699566146 0.024874153 -0.022719723 0.713773282
3375.635798784 1.368341799 9.430008680 1.652985892 -0.697202382 0.020568894 -0.024762111 0.716151239
3375.668216896 1.367414672 9.434412732 1.652279136 -0.697197946 0.020671415 -0.025012044 0.716143920
3375.701470528 1.360591556 9.482635606 1.688546009 -0.705807037 0.019751703 -0.026592721 0.707629227
3375.775587456 1.381776273 9.743428037 1.672489585 -0.706222517 0.016502928 -0.029573292 0.707179490
3375.806912960 1.384246333 9.742249796 1.673834155 -0.706409343 0.016744322 -0.029714554 0.706981268
3375.838740160 1.411668985 9.806197907 1.708232466 -0.710102309 0.015715923 -0.029952643 0.703285547
3375.902616384 1.425638426 10.048564209 1.703720859 -0.714425342 0.012945403 -0.042069794 0.698325841
3375.934950464 1.423561690 10.049683966 1.707741417 -0.714669319 0.013465616 -0.041934572 0.698074447
3375.966799456 1.449292022 10.030732976 1.722672503 -0.715300047 0.013670432 -0.039425858 0.697570473
3376.045146944 1.483879436 10.325347775 1.731680312 -0.707720932 0.017896005 -0.032493706 0.705517523
3376.076539008 1.483151169 10.327242049 1.731946350 -0.708068556 0.017800081 -0.032977695 0.705148601
3376.107948032 1.512910690 10.292622295 1.721683195 -0.707790094 0.017422744 -0.031781332 0.705492436
3376.170918944 1.539013608 10.534076019 1.732141595 -0.717024734 0.024314227 -0.014757822 0.696467197
3376.205233824 1.538291253 10.536219490 1.727052319 -0.717143543 0.023995995 -0.014413814 0.696363105
3376.237522528 1.546385274 10.567459154 1.746476815 -0.718317133 0.023362114 -0.015954612 0.695140388
3376.301526080 1.572578346 10.793969785 1.756926293 -0.714333522 0.032303118 -0.014546927 0.698908088
3376.333351456 1.577400344 10.805280282 1.747751212 -0.713077886 0.031557618 -0.014246381 0.700229310
3376.378639104 1.616690614 10.916824987 1.776411073 -0.715189079 0.029629297 -0.020277009 0.698008258
3376.443855936 1.647849574 11.148629853 1.811198001 -0.704502174 0.043888225 0.003000780 0.708337141
3376.477387552 1.651436097 11.146849950 1.799645063 -0.700985105 0.041073667 0.003467670 0.711983716
3376.508825024 1.634485910 11.148787796 1.844708666 -0.703954565 0.039989551 0.000903847 0.709117754
3376.571679328 1.663662539 11.393849833 1.854482317 -0.711597810 0.045134692 0.020318615 0.700841330
3376.654985760 1.682267655 11.718333238 1.856785595 -0.710846516 0.022692186 0.010137628 0.702907906
3376.718398144 1.699886628 11.961097994 1.855883463 -0.716903863 0.022261472 0.010158306 0.696742482
3376.781923488 1.718509061 12.204644050 1.864821159 -0.714342724 0.026332194 0.018790301 0.699047933
3376.844855680 1.730813878 12.461533608 1.856389178 -0.723049966 0.018659104 0.010489129 0.690464019
3376.907640768 1.751457433 12.713366222 1.845852843 -0.725507413 0.031816407 0.017300001 0.687260809
3376.970494272 1.768453167 12.967844599 1.845815699 -0.730177872 0.043110112 0.015344029 0.681723077
3377.036770464 1.787340991 13.228586957 1.835860857 -0.721731319 0.053412454 0.014508275 0.689956899
3377.100055872 1.787050920 13.467027699 1.846574554 -0.695805634 0.033747874 -0.004033495 0.717425488
3377.163369792 1.804859410 13.700181386 1.869192540 -0.675732635 0.033686607 0.010876459 0.736296354
3377.227751040 1.818734404 13.975189722 1.861072761 -0.707159787 0.032542424 0.013226359 0.706180635
3377.295031936 1.833892717 14.241645417 1.859505084 -0.734714170 0.038989530 0.000637738 0.677255120
3377.363016384 1.868808657 14.506155292 1.871282973 -0.708010408 0.066161515 0.013635623 0.702963716
3377.430113344 1.881783641 14.779598228 1.846719635 -0.726946144 0.049952833 -0.003559078 0.684865937
3377.496011872 1.911073788 15.013164139 1.875217993 -0.692961210 0.054031464 0.014611820 0.718798899
3377.559261248 1.924078651 15.257313397 1.882193810 -0.688306140 0.041422890 -0.000280712 0.724236648
3377.624546976 1.954682702 15.522941253 1.871307284 -0.722202730 0.052280858 0.012712561 0.689585614
3377.696076640 1.978276770 15.803019109 1.884635013 -0.718803300 0.047460921 0.005943831 0.693566110
3377.759317344 1.996025614 16.049829205 1.877161439 -0.717230962 0.043256806 0.007097183 0.695455409
3377.825290464 2.010167379 16.301930371 1.880290388 -0.718143577 0.035737461 0.011889651 0.694875006
3377.888821984 2.016969706 16.568099325 1.881438814 -0.714181592 0.026407434 0.008635446 0.699408843
3377.954486208 2.024560636 16.831329857 1.890698276 -0.709415049 0.021563340 0.013481798 0.704331989
3378.019678464 2.028923375 17.094762437 1.897197932 -0.706875591 0.014633125 0.015794881 0.707010107
3378.089055520 2.026434300 17.378635759 1.908172760 -0.706898408 0.004748320 0.018915263 0.707046184
3378.161969792 2.023555486 17.674035600 1.918913288 -0.704069550 -0.000919448 0.021980831 0.709790157
3378.225004832 2.017795042 17.937073695 1.925889843 -0.706742847 -0.005177037 0.019423416 0.707184896
3378.288229088 2.017191509 18.203622662 1.933984711 -0.710811032 -0.003942115 0.017797560 0.703146772
3378.351970112 2.017187955 18.472938847 1.933162077 -0.715095686 -0.000605651 0.019913015 0.698742631
3378.415277280 2.015062264 18.747166644 1.939672221 -0.718857936 -0.002096055 0.016544568 0.694956943
3378.481055744 2.016634051 19.025098557 1.938340943 -0.713033702 0.002350779 0.021739082 0.700788717
3378.548115552 2.014197352 19.311568306 1.944677852 -0.712649095 0.000837151 0.018225687 0.701283389
3378.611754720 2.011856955 19.582460520 1.948892903 -0.712564369 -0.002294196 0.016508375 0.701408747
3378.675677600 2.011672584 19.853715864 1.955981587 -0.707369186 -0.000883007 0.020606470 0.706543295
3378.740128800 2.004858655 20.129462855 1.965443343 -0.706238236 -0.007666929 0.013883124 0.707796603
3378.805269408 2.006419931 20.408676202 1.974045790 -0.705104287 -0.003150023 0.017954627 0.708869278
3378.868529792 2.006085544 20.683373613 1.986451938 -0.704909005 -0.004404510 0.014254761 0.709140816
3378.932274688 2.006699502 20.957989495 1.997644488 -0.702997800 -0.003816255 0.015136055 0.711020695
3378.999284512 2.007370699 21.255021741 2.009585804 -0.705917045 -0.003935119 0.013479374 0.708155313
3379.062728096 2.009414870 21.528011491 2.021712255 -0.703847164 -0.001611804 0.009853111 0.710281274
3379.125860384 2.013605483 21.806270439 2.032353663 -0.699906824 0.002968398 0.002170977 0.714224694
3379.188360064 2.019279370 22.082783595 2.045212761 -0.700900100 0.003147843 -0.000891809 0.713251951
3379.253895712 2.027449784 22.368116876 2.062309503 -0.699140417 0.004467552 -0.001369366 0.714969121
3379.336553472 2.038197398 22.725696705 2.080927361 -0.699576027 0.003974564 -0.004719103 0.714531536
3379.399918208 2.050009232 22.999848186 2.098062718 -0.697597532 0.007154348 -0.009589356 0.716389938
3379.463957216 2.062515542 23.283207047 2.111645942 -0.698081530 0.008620844 -0.011613874 0.715872179
3379.528070496 2.078553432 23.563957179 2.128303727 -0.698619159 0.009973357 -0.012195883 0.715320252
3379.592802080 2.090161820 23.842588760 2.144177092 -0.696291289 0.007209624 -0.011421875 0.717632220
3379.655860096 2.103373132 24.119460596 2.159891174 -0.696694128 0.008166543 -0.010122965 0.717250393
3379.723612640 2.113197335 24.399413583 2.173567426 -0.700097574 0.004920734 -0.011546616 0.713936866
3379.786530496 2.124655195 24.690490295 2.192702572 -0.700286942 0.009255224 -0.008980076 0.713744981
3379.862613632 2.138392748 25.009260606 2.209099898 -0.696407362 0.006483584 -0.010554137 0.717539797
3379.934777760 2.151185136 25.322738054 2.233775540 -0.692033875 0.009548470 -0.008949545 0.721746388
3379.997578592 2.161997372 25.597872051 2.249649359 -0.692331083 0.007854099 -0.008418155 0.721488128
3380.064273920 2.172884969 25.886760175 2.271724278 -0.694967363 0.009488884 -0.007503801 0.718939509
3380.128863680 2.182798899 26.161510995 2.287003779 -0.694839617 0.008010846 -0.007379626 0.719082244
3380.193193568 2.195973780 26.438824799 2.307724404 -0.696267793 0.008187050 -0.007592228 0.717695263
3380.256242080 2.205544118 26.708059841 2.324329044 -0.695431155 0.005316076 -0.007552311 0.718533374
3380.321048416 2.214217640 26.983847768 2.346097810 -0.694437278 0.005766621 -0.006615074 0.719499725
3380.385293888 2.223538822 27.259672447 2.358760845 -0.697343931 0.003633641 -0.008788664 0.716673564
3380.449969920 2.237643082 27.541562898 2.378879243 -0.697073836 0.009906466 -0.013278801 0.716807926
3380.525964608 2.259106124 27.866655073 2.398417678 -0.693397756 0.014778216 -0.019689769 0.720134341
3380.621529152 2.277846456 28.132566004 2.460290986 -0.696875395 0.019361655 -0.017272418 0.716722732
3380.690312576 2.299028746 28.392609042 2.482122740 -0.702300199 0.019708724 -0.016158058 0.711424566
3380.755296512 2.296750978 28.577493070 2.503532898 -0.696886119 0.021394241 -0.015520781 0.716694585
3380.819291488 2.305243513 28.843945857 2.527817819 -0.695995304 0.020144013 -0.017704796 0.717545326
3380.886426848 2.321132561 29.046802005 2.597144510 -0.699086706 0.012876898 -0.042531931 0.713654677
3380.960202752 2.350706268 29.357095764 2.621929236 -0.699720743 0.010458091 -0.041899909 0.713110025
3381.023761792 2.337464759 29.617791710 2.646692432 -0.695131518 0.014336134 -0.049320142 0.717045446
3381.125491296 2.429202477 29.948666998 2.688403035 -0.694832590 0.015080063 -0.043225940 0.717712882
3381.193833632 2.457531296 30.239819028 2.707281317 -0.695214064 0.015121799 -0.045378253 0.717209559
3381.257165024 2.488062965 30.512829573 2.724903936 -0.698300246 0.018509051 -0.043334257 0.714252283
3381.321191648 2.518019871 30.775611167 2.744659402 -0.692348392 0.021921534 -0.042460499 0.719979345
3381.383950048 2.547042246 31.045712239 2.761483539 -0.691938535 0.020988605 -0.044597891 0.720271872
3381.449293696 2.582908574 31.321285389 2.780763282 -0.695514255 0.026603640 -0.040398076 0.716882252
3381.512750080 2.609998730 31.583593308 2.798976163 -0.691647097 0.023150934 -0.045675496 0.720417987
3381.576453408 2.640672515 31.848492501 2.820089074 -0.691356032 0.025799120 -0.044945389 0.720653283
3381.639215552 2.671386805 32.105683254 2.839631360 -0.689755507 0.024400276 -0.045725807 0.722184961
3381.749101536 2.700658955 32.592458943 2.793745818 -0.670241335 0.034463891 -0.065066042 0.738481688
3381.812485920 2.844580790 32.778192701 2.775110787 -0.661127560 0.022258020 -0.058685173 0.747643619
3381.876958400 2.853079853 32.908138871 2.801532888 -0.665723579 0.025398424 -0.062930593 0.743106168
3381.941779808 2.853159546 32.908514083 2.801679205 -0.665720801 0.025392779 -0.062935110 0.743108467
3382.006036704 2.872076148 33.033936590 2.829698850 -0.659002598 0.028132982 -0.058081762 0.749366812
3382.037464832 2.702321578 32.728802064 2.715659569 -0.658111906 0.030245637 -0.061368367 0.749805204
3382.109104960 2.742586212 33.011947856 2.765155707 -0.662557017 0.029914746 -0.062851989 0.745770028
3382.172588064 2.777581930 33.254827510 2.801106082 -0.661270293 0.025376218 -0.062299371 0.747125448
3382.235441568 2.809674234 33.497628718 2.841737996 -0.660082791 0.021505864 -0.062900090 0.748245806
3382.298387712 2.841274408 33.739741465 2.877780942 -0.659852651 0.020082835 -0.066184741 0.748205011
3382.365628576 2.872465379 33.990449753 2.920762132 -0.663708111 0.015023385 -0.065573794 0.744960347
3382.432528256 2.909049331 34.258335083 2.960845543 -0.663523142 0.013562334 -0.062541611 0.745413745
3382.504533856 2.945156292 34.530320163 3.011478197 -0.655870511 0.015995210 -0.061362099 0.752205237
3382.567566848 2.997904043 34.695211529 3.061929618 -0.640142093 0.018085791 -0.065633088 0.765234149
3382.642301408 3.038150346 34.979989119 3.103847066 -0.653939292 0.015255061 -0.065498652 0.753551997
3382.705081696 3.083626645 35.197075945 3.145338882 -0.678947275 0.010804966 -0.060359559 0.731621879
3382.768905856 3.146396295 35.424883030 3.233211295 -0.698849514 -0.009276718 -0.078105094 0.710931005
3382.832207616 3.142445059 35.459540889 3.214367819 -0.697920001 0.020554524 -0.061759072 0.713211750
3382.863902624 3.134571793 35.454038285 3.209082708 -0.697875775 0.020696249 -0.061790265 0.713248225
3382.895431360 2.734840373 37.256016304 3.683468665 -0.697502246 0.020826852 -0.062360083 0.713560144
3382.963713280 2.720142843 37.412878747 3.685268248 -0.691388482 0.039158669 -0.058951143 0.719008573
3382.995203040 2.764074209 37.255696995 3.632001589 -0.691603537 0.039526458 -0.058152032 0.718846679
3383.026547936 2.029039022 37.456140656 3.455577433 -0.692918470 0.051217499 -0.066580978 0.716105952
3383.090283712 1.993513080 37.573338891 3.514373486 -0.706405478 0.057343072 -0.071136872 0.701885046
3383.122897760 1.976698732 37.584355629 3.514953645 -0.700284825 0.054306950 -0.070946724 0.708250295
3383.154359008 0.966160338 38.942979638 3.811748256 -0.697836922 0.064157415 -0.076333529 0.709281784
3383.226849056 1.045883625 39.079846815 3.820326412 -0.677905482 0.078029235 -0.071055735 0.727534658
3383.258510272 1.091076557 39.092104813 3.834741254 -0.678083647 0.077538933 -0.070792754 0.727446677
3383.290081120 0.304516228 40.237415478 3.961840868 -0.675076321 0.086276315 -0.076095806 0.728723395
3383.354680224 0.436778576 40.354204289 4.165898464 -0.645755929 0.107159103 -0.083712019 0.751337810
3383.387574688 0.414097070 40.361408583 4.145171384 -0.645411824 0.107793139 -0.083676582 0.751546703
3383.419555136 0.370409887 40.579301240 4.304111095 -0.651522682 0.108867503 -0.088137702 0.745585546
3383.483941632 0.194533166 40.757792097 4.360505593 -0.660495749 0.123194536 -0.096923739 0.734284863
3383.516088736 0.269486165 40.784222764 4.360284420 -0.660613063 0.121717662 -0.095844054 0.734567294
3383.548232576 0.014715315 41.356987379 4.765880174 -0.662819913 0.126338923 -0.099422398 0.731316228
3383.614086880 0.094102695 41.565941030 4.787792857 -0.661112217 0.145692354 -0.107875841 0.728057125
3383.645870592 0.091669487 41.565958366 4.788135688 -0.660996932 0.145514757 -0.108259260 0.728140401
3383.677373728 0.180562364 42.081184952 5.013898682 -0.662101944 0.146792223 -0.107838543 0.726941475
3383.740981376 0.279032407 42.305077361 5.039913923 -0.659309875 0.166659101 -0.111308515 0.724669337
3383.772614656 0.279319241 42.304742465 5.040142619 -0.659329187 0.166653331 -0.111303673 0.724653837
3383.803856352 0.094275595 41.971547606 5.092843349 -0.661089728 0.167242040 -0.111446188 0.722890184
3383.870647456 0.192247771 42.189168343 5.118437393 -0.653286443 0.187440730 -0.114322291 0.724577953
3383.902539424 0.192386853 42.189522386 5.121877559 -0.653336105 0.187550891 -0.114212916 0.724521916
3383.937043232 -0.376094931 41.797108273 5.018984156 -0.653077085 0.190532468 -0.116388275 0.723630755
3383.999786560 -0.270695788 41.997909070 5.049956988 -0.646291704 0.195268229 -0.125974694 0.726847803
3384.031308992 -0.271691497 41.998040762 5.049306904 -0.646268851 0.195305561 -0.126013510 0.726851364
3384.062847520 -0.529822708 41.722685625 4.994718019 -0.646459060 0.195860341 -0.126395445 0.726466518
3384.130320224 -0.414024858 41.948776549 5.011710195 -0.651440528 0.205668341 -0.138726082 0.716994314
3384.161966304 -0.413607811 41.948943463 5.011742047 -0.651437344 0.205670068 -0.138730847 0.716995789
3384.270388384 0.045682768 42.710634738 5.015608529 -0.659532884 0.208102529 -0.157438057 0.704927635
3384.301871776 -0.414024618 41.948776801 5.011710243 -0.651440526 0.205668341 -0.138726079 0.716994317
3384.334020512 -1.110215871 41.603944886 4.937476924 -0.651639943 0.208916390 -0.140940469 0.715440501
3384.398223072 -0.985792614 41.807756483 4.962359250 -0.648585720 0.207945678 -0.149342242 0.716792894
3384.461550848 -0.855432331 41.999088545 4.983391916 -0.636830554 0.222436146 -0.135329428 0.725709965
3384.524897504 -0.734151252 42.200945140 5.012745721 -0.643052160 0.218480349 -0.142400554 0.720050234
3384.556276352 -0.733773169 42.200384032 5.012894792 -0.643056826 0.218487015 -0.142402692 0.720043621
3384.650629120 -0.863562119 42.017910076 4.969546179 -0.643209012 0.218349941 -0.142059470 0.720017067
3384.713737056 -0.744333325 42.221728260 4.985850534 -0.653675600 0.215819053 -0.151519372 0.709346338
3384.776934208 -0.618119451 42.419343189 5.007291658 -0.651396756 0.216096041 -0.148151423 0.712064550
3384.808379584 -0.618328216 42.419983282 5.007155034 -0.651352735 0.216215329 -0.148083491 0.712082738
3384.904408736 -0.618083261 42.419817169 5.007086247 -0.651363991 0.216185423 -0.148098259 0.712078450
3384.936239264 -0.617869437 42.419594906 5.006974473 -0.651385535 0.216140779 -0.148128015 0.712066106
3385.035432320 -0.618083286 42.419817156 5.007086254 -0.651363992 0.216185427 -0.148098268 0.712078447
3385.066987872 -0.618083286 42.419817156 5.007086254 -0.651363992 0.216185427 -0.148098268 0.712078447
3385.098508352 -0.636206017 41.884191538 5.030142872 -0.653961527 0.213212980 -0.145121502 0.711206226
3385.161225728 -0.509848790 42.087936167 5.041484887 -0.660247690 0.217141469 -0.130879175 0.706960545
3385.224070176 -0.391098076 42.276717785 5.072749045 -0.648797990 0.217357795 -0.123765551 0.718678541
3385.287190912 -0.282764039 42.486889959 5.087967826 -0.661326592 0.203541825 -0.143339364 0.707581579
3385.318919584 -0.282883261 42.486823247 5.088025951 -0.661335217 0.203553431 -0.143345876 0.707568859
3385.417519456 -0.282761422 42.486887033 5.087967004 -0.661326604 0.203541786 -0.143339343 0.707581583
3385.463464480 -0.282347878 42.486920447 5.088017979 -0.661324202 0.203541362 -0.143241030 0.707603859
3385.561270464 -0.282761438 42.486887026 5.087966995 -0.661326599 0.203541790 -0.143339350 0.707581586
3385.592789088 -0.282761438 42.486887026 5.087966995 -0.661326599 0.203541790 -0.143339350 0.707581586
3385.624256096 -0.105725413 42.833096457 5.227503797 -0.661485933 0.204541474 -0.143813839 0.707047894
3385.688042368 0.012649705 43.029884010 5.247757272 -0.665065110 0.202322743 -0.140910001 0.704910121
3385.720866688 0.012207840 43.030974632 5.247835567 -0.665060716 0.202339416 -0.140919970 0.704907489
3385.752818240 0.823967289 42.748597602 5.404100463 -0.668669589 0.194801647 -0.135395214 0.704699535
3385.817230080 0.957857333 42.926260340 5.413839260 -0.658577440 0.192221454 -0.130195739 0.715804259
3385.848815104 0.965822223 42.925158736 5.412812955 -0.658530558 0.192339388 -0.129812803 0.715885256
3385.881201184 0.990368775 43.170195718 5.728227986 -0.660805638 0.194781122 -0.130168069 0.713058551
3385.945307680 1.080258882 43.381062790 5.718750408 -0.686632868 0.194237417 -0.140496540 0.686343830
3385.979318016 1.089803045 43.386952488 5.710889009 -0.686622708 0.194188675 -0.140304473 0.686407073
3386.012711360 1.006102562 43.459220088 5.851770523 -0.687759815 0.195686331 -0.140991993 0.684700339
3386.075750784 1.065749784 43.677172395 5.875384290 -0.668762932 0.174339451 -0.164338251 0.703814489
3386.107712032 1.070224167 43.660656304 5.886817167 -0.668924056 0.174216571 -0.164032850 0.703763041
3386.139279008 1.020612598 44.074956339 6.485260702 -0.674059658 0.185781007 -0.154152345 0.698116072
3386.202358400 1.114290665 44.298507766 6.572997802 -0.681029864 0.170602402 -0.184317712 0.687837282
3386.233723872 1.171765797 44.281968929 6.549744438 -0.679627908 0.165907759 -0.191918224 0.688293482
3386.265021952 0.784272595 44.697969366 6.516771145 -0.677174666 0.171490202 -0.194847735 0.688520110
3386.327708288 0.995023344 44.901504335 6.572721965 -0.699607715 0.152382477 -0.221943772 0.661868255
3386.359257856 1.000947412 44.882139547 6.594030463 -0.699909132 0.152421823 -0.221707402 0.661619697
3386.390962784 1.427365578 43.468246141 7.297895878 -0.711507935 0.143295645 -0.211043425 0.654739253
3386.454066752 1.538399394 43.602748953 7.295173025 -0.698023828 0.138037029 -0.236523795 0.661638125
3386.518998464 1.668248379 43.737533447 7.307132109 -0.708154558 0.139093359 -0.242217586 0.648460331
3386.582784704 1.765531901 43.855523841 7.310297538 -0.713406374 0.142218013 -0.236990204 0.643941787
3386.614700576 1.772603856 43.849042164 7.318562954 -0.713518467 0.142138521 -0.236728274 0.643931489
3386.648153536 1.897921171 44.423370735 6.929175788 -0.704993019 0.144841741 -0.233993516 0.653645736
3386.711514272 1.990182429 44.425801442 6.978152202 -0.712946552 0.131845389 -0.226501674 0.650400645
3386.743258656 2.014029040 44.623629260 6.892425641 -0.717232816 0.128707768 -0.240639650 0.641173890
3386.775119680 2.349067381 44.405206802 7.108930716 -0.719094002 0.119142659 -0.225363485 0.646467434
3386.838736896 2.390050503 44.470614563 7.102593183 -0.727689591 0.123413193 -0.230708229 0.634043181
3386.870359232 2.389781843 44.516040161 7.090869837 -0.727492429 0.129265650 -0.240808691 0.629330066
3386.901597536 2.895098909 44.756382140 7.382326211 -0.727781994 0.120991071 -0.237935478 0.631728769
3386.968595904 2.856518149 44.752559282 7.422925755 -0.726713123 0.123327214 -0.239559173 0.631893850
3387.001189312 2.857543259 44.784007982 7.392748299 -0.725706563 0.117015256 -0.244425411 0.632387248
3387.032458592 3.588804112 44.060383315 7.358243231 -0.724860029 0.103501638 -0.234819326 0.639316223
3387.095362624 3.473113599 44.079984902 7.312583786 -0.725187375 0.113965435 -0.232904042 0.637864295
3387.126811008 3.533845810 44.035614727 7.368116533 -0.725426603 0.111662018 -0.228933227 0.639435231
3387.158314784 3.041860610 44.470262356 7.748168231 -0.730544022 0.126079949 -0.234432661 0.628848634
3387.222161568 3.057440882 44.497008220 7.745427563 -0.732191735 0.128072003 -0.234285784 0.626580399
3387.253917600 3.032823447 44.500545922 7.760318686 -0.735054383 0.130336393 -0.231633758 0.623741358
3387.285341920 3.151918992 44.329964438 7.750927144 -0.732007528 0.125666332 -0.232516907 0.627940156
3387.351076480 3.167328171 44.349188611 7.752626013 -0.729483320 0.126367394 -0.229590434 0.631801868
3387.382480064 3.193491731 44.286679662 7.741476982 -0.729694165 0.127082373 -0.228421086 0.631838827
3387.413742912 3.181981146 44.135612743 8.046968375 -0.733256919 0.126235408 -0.228147962 0.627970876
3387.485692160 3.167514249 44.157544322 8.036150991 -0.732391695 0.127946256 -0.226216181 0.629331709
3387.517530208 3.152476587 44.137545422 8.040016496 -0.732683957 0.128180174 -0.225794686 0.629095241
3387.549301152 3.057288729 45.097354507 8.321420229 -0.733464934 0.134972288 -0.229953910 0.625246248
3387.613006880 3.059979129 45.105454698 8.302557160 -0.733365075 0.135011133 -0.230383196 0.625196964
