2423.636947168 0.000000000 -0.000000000 1.000000000 -0.707106781 0.000000000 0.000000000 0.707106781
2424.011109376 0.009937550 0.091202174 1.000800355 -0.702107884 0.006088758 -0.005299852 0.712024829
2424.261358880 0.018234010 0.466148368 1.021483943 -0.699236507 -0.005054130 0.016978452 0.714670900
2424.510982400 0.019998763 1.039867164 1.054103532 -0.698892663 -0.007786688 0.005721402 0.715161296
2424.761183616 0.017931754 1.685646871 1.090188394 -0.703705041 -0.004991782 -0.001456018 0.710473207
2425.011510912 0.034907565 2.383665296 1.132200817 -0.704843930 0.005024893 -0.007443412 0.709305562
2425.261019040 0.050461904 3.150461814 1.149851894 -0.712792454 -0.013846213 -0.006837934 0.701204993
2425.511267296 0.091618699 3.966975544 1.162873953 -0.712364051 0.007785758 -0.008463541 0.701715904
2425.761116640 0.109833534 4.782849519 1.171857345 -0.709445461 -0.011172145 -0.004352819 0.704658338
2426.011870432 0.123086842 5.654394522 1.177328950 -0.703534598 -0.008039605 -0.015276668 0.710451306
2426.261640640 0.162882036 6.511742588 1.179340656 -0.713192362 0.009583005 -0.014679280 0.700749128
2426.511584800 0.225958463 7.424722043 1.212186469 -0.705995649 0.013614450 -0.024004460 0.707678300
2426.761593184 0.293863318 8.332499929 1.266902541 -0.700222117 0.008770919 -0.006411914 0.713842381
2427.011257024 0.308729783 9.241597132 1.281980808 -0.707918227 -0.025880075 -0.019758133 0.705543494
2427.261512128 0.312658189 10.180480705 1.277886358 -0.726772874 -0.018381437 -0.035725263 0.685701843
2427.511197760 0.323354292 11.153287655 1.285853368 -0.720351092 -0.013571404 -0.064599220 0.690461485
2427.762009536 0.395781015 12.099985129 1.328015812 -0.705353375 0.028859049 -0.047562274 0.706669373
2428.011503072 0.530495296 13.092592624 1.338176093 -0.718134223 0.030121021 -0.050262246 0.693433247
2428.261683232 0.680893795 14.078946621 1.332938198 -0.719558326 0.055077872 -0.046364836 0.690689906
2428.511298560 0.841939824 15.060488803 1.361213585 -0.691062887 0.050180549 -0.031072007 0.720380823
2428.761447136 1.023537387 15.980280944 1.386092462 -0.674481752 0.044754198 -0.024053628 0.736541140
2429.012257376 1.195695014 16.953757603 1.377478550 -0.718312233 0.050737751 -0.021684205 0.693529388
2429.261734464 1.291991529 17.817250558 1.397780894 -0.707479133 0.042201392 -0.032381554 0.704729561
2429.511182912 1.391911028 18.728267449 1.419584458 -0.708405916 0.030370840 -0.045434738 0.703686261
2429.762337888 1.493987346 19.743311243 1.442885357 -0.712763050 0.036323537 -0.045365865 0.698993114
2430.011244160 1.476024094 20.274289247 1.384915941 -0.703073650 0.051559394 -0.039519377 0.708143552
2430.261343072 1.519139889 20.604781906 1.386465931 -0.703711074 0.050044127 -0.042705866 0.707433756
2430.511514400 1.613220804 21.558874337 1.404677238 -0.694711572 0.043136769 -0.045339617 0.716560793
2430.762090048 1.777310138 22.452635646 1.419526977 -0.695139906 0.043540767 -0.033728457 0.716761539
2431.011517760 1.975716481 23.605516504 1.514951761 -0.697819488 0.035637558 -0.030643651 0.714729944
2431.261925728 1.512811051 24.164822708 1.486952261 -0.694702742 0.038207239 -0.039328867 0.717203979
2431.511463552 1.644530353 25.219495222 1.569070370 -0.694252206 0.038036728 -0.031640083 0.718029238
2431.761579840 1.771302758 26.250939693 1.646162191 -0.698596470 0.035437026 -0.031446580 0.713945587
2432.012286560 1.890708172 26.687016084 1.731913835 -0.710210723 0.038198949 -0.029373800 0.702338059
2432.261255072 2.062928418 27.727091783 1.781065931 -0.699648799 0.053895441 -0.037626709 0.711457005
2432.511732288 2.251162091 28.754426005 1.834970269 -0.699788999 0.062254632 -0.040223347 0.710494054
2432.761395040 2.430685425 29.807946075 1.892130075 -0.695215536 0.065871593 -0.041752827 0.714557900
2433.012539168 2.364820525 30.182082611 1.978441200 -0.685267419 0.066335089 -0.047805884 0.723686961
2433.261787392 2.589028314 30.952836927 2.132398101 -0.704137704 0.055181821 -0.047676279 0.706308737
2433.511793824 2.564019945 31.109737820 2.170194668 -0.699662326 0.048940257 -0.052374504 0.710868759
2433.761885632 2.564599097 31.288915932 2.192336327 -0.706520526 0.049478607 -0.054942546 0.703819530
2434.011242880 2.772752113 32.178212008 2.169404686 -0.721765834 0.084826320 -0.096105618 0.680163426
2434.260258080 3.045201028 32.813842530 2.164527290 -0.741584576 0.122920963 -0.137366119 0.645037443
2434.510208416 3.485934368 33.573643147 2.222700841 -0.663142619 0.178443443 -0.184676986 0.703060606
2434.759970048 3.983171653 34.249138024 2.241472317 -0.670629597 0.248213074 -0.229351377 0.660336399
2435.009597760 4.478640330 34.754907241 2.313113110 -0.669560486 0.252965759 -0.234971386 0.657636319
2435.259618656 4.996477258 35.243077465 2.362053928 -0.664933309 0.263656315 -0.241708702 0.655687384
2435.508099744 5.596870286 35.781192245 2.348966314 -0.670087597 0.256574973 -0.246469586 0.651463459
2435.758057760 6.186465611 36.368189145 2.368276660 -0.663602654 0.253516496 -0.243614496 0.660312715
2436.007665376 6.773124370 36.937119583 2.400418926 -0.655886550 0.271917097 -0.229939982 0.665583601
2436.258016224 7.288536340 37.450816476 2.370008704 -0.666019284 0.249943776 -0.254793659 0.655001232
2436.507926432 7.820476700 37.994537514 2.380846206 -0.673107545 0.251493493 -0.224080360 0.658380777
2436.758133472 8.292314614 38.528453162 2.391676912 -0.662241900 0.262610779 -0.231040711 0.662639748
2437.007635936 8.797571365 39.044131784 2.403788458 -0.669316699 0.261762584 -0.226372649 0.657457930
2437.258674496 9.331694723 39.593765597 2.401942259 -0.658881718 0.253598320 -0.238475389 0.666852505
2437.510929088 9.839025927 40.100611998 2.388401982 -0.652904205 0.268971333 -0.264894912 0.656659126
2437.758123808 10.269399144 40.522415402 2.407249178 -0.677576975 0.273415254 -0.297282426 0.614619151
2438.007789504 10.571333860 40.831350791 2.402830486 -0.641488031 0.334631887 -0.302628497 0.620427755
2438.258831552 10.698002782 40.969638246 2.388756720 -0.657176505 0.302164551 -0.301203170 0.621363240
