3651.886510912 0.000000000 -0.000000000 1.000000000 -0.707106781 0.000000000 0.000000000 0.707106781
3652.395125664 0.016571501 0.344159545 1.029512724 -0.695605164 0.010313720 0.021298910 0.718034428
3652.511875904 0.010187471 0.587149417 1.038477962 -0.685746960 -0.000371213 0.012483336 0.727732873
3652.699070720 0.019390000 1.058932784 1.069836108 -0.695472719 0.001314761 0.008073359 0.718505942
3652.824281280 0.025749690 1.406260628 1.087780996 -0.697202167 0.001880972 0.006829360 0.716839564
3652.949063072 0.040025117 1.775249160 1.111430191 -0.697302952 0.006653218 0.001638414 0.716743778
3653.074418720 0.058137272 2.162736916 1.128824725 -0.699038442 0.008460495 -0.001214012 0.715033008
3653.199142656 0.076754698 2.566213614 1.145316877 -0.706755636 0.002328902 0.000327321 0.707453843
3653.325304960 0.075184674 2.964672330 1.147354017 -0.710946990 -0.010310866 0.007954935 0.703125012
3653.449098112 0.076553320 3.389771787 1.160242821 -0.707233100 -0.005057563 -0.007754455 0.706919820
3653.574383840 0.086520973 3.819376169 1.169851416 -0.708497249 0.011729100 -0.011344310 0.705524899
3653.701889376 0.126341870 4.266938846 1.184258656 -0.714034019 0.026724208 -0.019281303 0.699335019
3653.824318272 0.164675064 4.720702918 1.196236218 -0.711064751 0.031039610 -0.020894796 0.702130237
3653.949264448 0.204426963 5.205281132 1.195703208 -0.714251992 0.018643352 -0.018171320 0.699404261
3654.073914784 0.232979927 5.661115891 1.218166574 -0.700323194 0.018321314 -0.027965895 0.713042538
3654.199379008 0.282408597 6.147202374 1.224663367 -0.707631472 0.029865796 -0.028203166 0.705386643
3654.324796096 0.337147199 6.662877872 1.228091706 -0.714369374 0.043377624 -0.026067411 0.697936436
3654.449175776 0.410966857 7.153594121 1.243483267 -0.702832166 0.054799228 -0.021286081 0.708922346
3654.574164704 0.475067251 7.641816967 1.256738650 -0.705615506 0.046633219 -0.017796912 0.706834755
3654.699122176 0.531002891 8.123740758 1.275081688 -0.695595631 0.033133788 -0.024210073 0.717260582
3654.824218784 0.601107668 8.638183653 1.300535975 -0.697301577 0.042518072 -0.025661878 0.715055377
3654.950455168 0.657059831 9.125719698 1.318799676 -0.706508560 0.031110556 -0.012380044 0.706911962
3655.074134944 0.705866829 9.627074646 1.337495876 -0.713414837 0.031900881 -0.012059460 0.699911547
3655.199066688 0.752682353 10.142737338 1.334742013 -0.727740199 0.032037185 -0.014571400 0.684949265
3655.324454688 0.794492102 10.646909388 1.330986449 -0.708148884 0.026839431 -0.013205815 0.705429238
3655.449033568 0.827743877 11.164957104 1.336947322 -0.722068466 0.011690416 -0.009526704 0.691657218
3655.574212672 0.860706158 11.683046724 1.344894087 -0.709565509 0.012962041 -0.012817435 0.704403640
3655.700717984 0.906298925 12.209149388 1.365630429 -0.693817026 0.024261834 -0.017312677 0.719534273
3655.827214688 0.954115870 12.734144060 1.385793346 -0.704814811 0.028668318 -0.031286862 0.708120994
3655.949216480 1.023164116 13.274224205 1.389950984 -0.718801591 0.045047495 -0.042014310 0.692480898
3656.074286432 1.095684541 13.806168390 1.395548637 -0.716789766 0.049641168 -0.036995923 0.694535447
3656.199209760 1.189452721 14.343405561 1.389844010 -0.722293495 0.069188859 -0.041732726 0.686850339
3656.324180928 1.288213677 14.854254645 1.407657342 -0.681765042 0.075190008 -0.041604028 0.726506707
3656.449429632 1.387612374 15.404168717 1.404085271 -0.729387602 0.070653132 -0.048667615 0.678699731
3656.574442240 1.507760127 15.925822460 1.401630938 -0.721258855 0.093427450 -0.022227732 0.685975877
3656.699054176 1.612982794 16.404569476 1.434680459 -0.674578787 0.088974382 -0.035389367 0.731966264
3656.824306560 1.716043423 16.955065086 1.433800406 -0.723236909 0.068884660 -0.032911800 0.686367315
3656.949645920 1.797320675 17.481998711 1.429671311 -0.716780794 0.053027644 -0.022709411 0.694908372
3657.074297440 1.869854307 18.018439277 1.442559137 -0.707740223 0.047530226 -0.033250988 0.704087371
3657.199505440 1.941006071 18.568704954 1.460680199 -0.706527103 0.042740670 -0.037238459 0.705411926
3657.324283968 2.017124657 19.130607774 1.482831391 -0.706270369 0.036773427 -0.037020952 0.706016523
3657.449319488 2.084494648 19.694558618 1.490249406 -0.711941429 0.038766515 -0.038897557 0.700088237
3657.574505056 2.161800848 20.269821605 1.500827404 -0.710014606 0.042073424 -0.038977599 0.701847443
3657.699623168 2.237152795 20.840351515 1.517640277 -0.708618946 0.038575692 -0.042685462 0.703241820
3657.824192960 2.310929775 21.390961897 1.544654160 -0.700283444 0.043826672 -0.050210264 0.710746966
3657.949696352 2.275149736 21.600360344 1.549054677 -0.700942378 0.043020112 -0.057770758 0.709571415
3658.074326496 2.289144025 21.910584270 1.557515700 -0.703008334 0.043073753 -0.058041013 0.707499241
3658.199355936 2.368964442 22.347258062 1.591745771 -0.701331783 0.037393722 -0.060475287 0.709280043
3658.324463968 2.458966691 22.928486176 1.621587416 -0.697493899 0.032549578 -0.060791286 0.713265172
3658.449172352 2.550699861 23.498658342 1.658090902 -0.700171893 0.030083979 -0.060270566 0.710789515
3658.574574848 2.642467530 24.047104860 1.685217755 -0.699055533 0.028080887 -0.058338215 0.712130239
3658.699710112 2.734872205 24.611912245 1.717604716 -0.701752200 0.028813514 -0.060960763 0.709223108
3658.824730208 2.825918678 25.195740299 1.754548828 -0.697473612 0.031499136 -0.059716550 0.713422945
3658.949553280 2.914310382 25.778701495 1.791805476 -0.695049616 0.031358744 -0.057218150 0.715994933
3659.074348320 2.858169691 25.990955319 1.814148113 -0.698147790 0.045011036 -0.073886994 0.710706959
3659.199285856 2.886725798 26.482715893 1.859596326 -0.697488486 0.055303743 -0.088496028 0.708956812
3659.324216256 2.926193747 27.051096485 1.890731361 -0.703575437 0.057173812 -0.088486920 0.702767973
3659.449361280 3.052218442 27.626177737 1.917605137 -0.699249201 0.055495284 -0.088864797 0.707159017
3659.574462560 3.134709861 28.164745185 1.951061577 -0.704251399 0.055352890 -0.091535556 0.701845615
3659.699422784 3.237034499 28.734692560 1.977585585 -0.703571605 0.058192300 -0.093175503 0.702081889
3659.824248768 3.391553775 29.351835582 1.976197732 -0.697395855 0.059476983 -0.078463010 0.709890883
3659.949151584 3.648459328 29.650284677 2.008251720 -0.698339483 0.058251969 -0.060889111 0.710789133
3660.074677472 3.721336317 30.178530537 2.070652424 -0.700257613 0.064778274 -0.059024005 0.708490803
3660.199332640 3.841483021 30.744620024 2.103679340 -0.694839378 0.068339237 -0.058631830 0.713505638
3660.324637504 3.954217235 31.314509809 2.141300041 -0.695339301 0.069796606 -0.058158934 0.712916004
3660.448914848 4.070818731 31.877010976 2.175709891 -0.688421199 0.069034079 -0.058874454 0.719614027
3660.574389472 4.167843103 32.446532468 2.200899697 -0.683653260 0.072176746 -0.060360427 0.723716350
3660.699259008 4.253815348 32.961439166 2.265625863 -0.678642843 0.067947735 -0.066898852 0.728252388
3660.824785568 4.238738675 33.251147090 2.265043650 -0.684181387 0.066176187 -0.066073000 0.723291712
3660.949162496 4.357219023 33.796969904 2.311552444 -0.685132773 0.063138259 -0.060950910 0.723112461
3661.074706688 4.460767260 34.321327547 2.356657830 -0.688087919 0.053929702 -0.063330590 0.720843839
3661.199455776 4.627081511 34.554136826 2.398021627 -0.674146679 0.052631878 -0.061033746 0.734187321
3661.324920992 4.724047086 34.925692558 2.436024181 -0.685336960 0.051948619 -0.058732657 0.723992450
3661.449235808 4.813020235 35.427475055 2.447212920 -0.727724214 0.040583242 -0.063865458 0.681682970
3661.575052896 4.950629823 35.950445135 2.449730260 -0.708507201 0.078350837 -0.089646941 0.695587606
3661.699461632 5.120115696 36.481918951 2.444794525 -0.722872385 0.099695819 -0.096684085 0.676881412
3661.824976000 5.273070158 36.955984742 2.431976531 -0.727261086 0.103159148 -0.112292836 0.669208354
3661.949303456 5.460077300 37.387686150 2.474943709 -0.646596683 0.117460067 -0.159787846 0.736602815
3662.074063136 5.689306544 37.735216971 2.529943468 -0.679016862 0.145375013 -0.161031150 0.701335280
3662.199400160 5.805398413 37.883631122 2.536682006 -0.661188394 0.180838107 -0.197839025 0.700704793
3662.324654752 6.091220546 38.308231232 2.561973985 -0.659973481 0.230347147 -0.212667202 0.682750216
3662.447983328 6.246272669 38.567035549 2.565282113 -0.641016459 0.272972885 -0.219972804 0.682785228
3662.572337056 6.551275466 38.944932705 2.602910630 -0.637960849 0.272364172 -0.227766232 0.683334659
3662.696848768 6.844019475 39.285512472 2.628636391 -0.651314695 0.272046112 -0.230322606 0.669874300
3662.821325856 7.158407610 39.629587366 2.655219990 -0.654858137 0.266176408 -0.218922137 0.672595003
3662.946251328 7.478327759 39.993106272 2.663454547 -0.666208660 0.258202609 -0.210869625 0.667106765
3663.071884064 7.790993437 40.356250585 2.680789428 -0.651082606 0.255332419 -0.222048427 0.679405102
3663.197294912 8.104866092 40.715147764 2.708098585 -0.649591286 0.260774350 -0.220008226 0.679429378
3663.322593216 8.423244169 41.074079163 2.732791783 -0.645330335 0.261710891 -0.224289046 0.681726185
3663.448049792 8.751240046 41.417096791 2.752389596 -0.645463184 0.283691788 -0.216863780 0.675178752
3663.572602336 9.055451376 41.749860801 2.753717136 -0.659717699 0.272293290 -0.249482506 0.654513102
3663.698007840 9.361777481 42.074441581 2.779142508 -0.646224755 0.256364787 -0.254914079 0.672078473
3663.823674432 9.689460795 42.403663252 2.797674930 -0.654202843 0.276703867 -0.234895148 0.663534384
3663.949353568 10.006050483 42.723884722 2.808502463 -0.645975911 0.285821323 -0.250833449 0.661894157
3664.075046016 10.328282884 43.047581020 2.833788531 -0.643009604 0.282381178 -0.252644888 0.665559975
3664.199527264 10.650892652 43.371578772 2.845765104 -0.647088833 0.275739766 -0.249310969 0.665648304
3664.324551488 10.970981200 43.699153106 2.863923902 -0.655819010 0.260931821 -0.257567984 0.659905103
3664.448831520 11.289980466 44.017948292 2.878912670 -0.653568462 0.276548482 -0.254872498 0.656817488
3664.574533280 11.614855347 44.331317859 2.900122758 -0.651603771 0.283581169 -0.290844194 0.640627740
3664.699116512 11.958150333 44.604509476 2.915251289 -0.628482323 0.309737489 -0.304932803 0.645049333
3664.825140480 12.315756447 44.866786846 2.930981643 -0.629839084 0.331145973 -0.298448645 0.636060908
3664.949837696 12.649011777 45.104673840 2.951735559 -0.619485442 0.328822204 -0.306930759 0.643356242
3665.074584800 12.989587485 45.353667291 2.975083973 -0.617477827 0.321475443 -0.311469557 0.646808617
3665.199518304 13.326709354 45.585299912 2.977087226 -0.636069107 0.338482923 -0.295797214 0.627175740
3665.324799040 13.584287172 45.754358152 2.987004037 -0.645930243 0.353349425 -0.291908853 0.610497770
3665.449952704 13.744720090 45.889994073 2.986098560 -0.625964991 0.323720162 -0.342009042 0.621613145
3665.574144672 13.878654122 45.971568647 2.999811109 -0.624310954 0.327724699 -0.327201283 0.629103866
3665.698925664 13.971680644 46.026084909 2.992808294 -0.620562180 0.331114025 -0.304719061 0.642193410
3666.011619168 14.054504621 46.097343317 3.000868726 -0.624153944 0.321241181 -0.317505291 0.637515762
