2204.634025824 0.000000000 -0.000000000 1.000000000 -0.707106781 0.000000000 0.000000000 0.707106781
2205.008025504 -0.031311126 0.181152653 1.003962142 -0.701916550 -0.039276698 0.013635551 0.711044703
2205.258071200 -0.071774418 0.639212858 1.016820964 -0.705482603 -0.038711296 0.005277798 0.707649544
2205.508240256 -0.071926244 1.233665495 1.052075727 -0.698471145 -0.009642973 0.032536665 0.714833154
2205.758389664 -0.081183052 1.861424747 1.071214692 -0.697475895 0.007833125 0.033233635 0.715794345
2206.009915232 -0.134005831 2.514078632 1.110320437 -0.699636281 -0.015058549 0.005072549 0.714322465
2206.258103648 -0.149918534 3.219931415 1.138751256 -0.696411165 -0.001404912 0.005643123 0.717619447
2206.508504640 -0.116611804 3.982183212 1.179239360 -0.706336917 0.040195294 0.008040214 0.706687946
2206.758308384 -0.060562770 4.802570913 1.173596192 -0.733677804 0.034898843 0.006186940 0.678572526
2207.008844736 0.017801452 5.583872172 1.268966394 -0.651056787 0.044353053 0.009301388 0.757674964
2207.261330752 0.062212273 6.454498326 1.384836036 -0.678404362 0.037787981 0.013436332 0.733593249
2207.511313344 0.118637012 7.337464346 1.470895313 -0.697183568 0.027556998 0.013722481 0.716231371
2207.761709376 0.152170130 8.264913240 1.471556118 -0.705542851 0.028315577 0.010174886 0.708028237
2208.011805216 0.174496372 9.218799042 1.504629061 -0.703828041 0.011603559 0.024831762 0.709841412
2208.261544864 0.143535260 10.228591101 1.527705079 -0.722226248 -0.011636389 0.025589181 0.691085404
2208.511140384 0.125728901 11.145940356 1.544367875 -0.706811680 -0.011774910 0.033696187 0.706500649
2208.761308864 0.092674982 12.016270304 1.624675413 -0.702351966 -0.009001653 0.041319519 0.710572574
2209.011609920 0.035692637 13.202888247 1.711176370 -0.702315835 -0.005129306 0.037797748 0.710842801
2209.261254240 0.069434203 13.382027214 1.768628583 -0.694529317 0.014037006 0.060470722 0.716781195
2209.511320992 0.041471998 14.568462752 1.834949016 -0.694417196 0.019130480 0.074442775 0.715455838
2209.761308480 -0.041443470 15.764704405 1.910548847 -0.694477512 0.013098501 0.070230277 0.715958883
2210.011609184 0.017056650 16.582904596 1.936659981 -0.696815827 0.010610552 0.079483270 0.712753484
2210.261164576 0.035448311 17.358578203 1.981144787 -0.694600180 0.010457764 0.084258986 0.714368006
2210.511599328 -0.045274064 18.560977477 2.063915068 -0.693836974 0.008535817 0.083496083 0.715224298
2210.762877344 -0.147240448 19.785813682 2.167017090 -0.692086799 0.002232180 0.081883053 0.717151341
2211.011303968 -0.251859370 20.970641284 2.249860764 -0.688013640 -0.004599913 0.086315976 0.720531488
2211.261194752 -0.381153252 22.177701631 2.356519470 -0.680788237 -0.008284028 0.084944616 0.727491006
2211.511292672 -0.526459859 22.991279094 2.433454308 -0.674136260 -0.003935120 0.089356353 0.733171372
2211.636218720 -0.520962854 23.002115032 2.441864115 -0.674315220 -0.003171618 0.090771430 0.732836593
2211.761460928 -0.143723947 21.971189830 2.127089581 -0.673799656 -0.008121274 0.096271321 0.732570749
2212.011528672 -0.081251272 22.556302077 2.195887367 -0.660557723 -0.027582418 0.091876991 0.744621597
2212.261315232 0.158098027 24.079991735 2.639640616 -0.703052200 -0.035194167 0.096068175 0.703739924
2212.512275296 -0.343895951 24.922799670 2.881863707 -0.681058730 -0.008805837 0.071875732 0.728639378
2212.761157600 -0.664437960 25.861983318 3.064087261 -0.655886987 0.005522302 0.072748302 0.751325129
2213.011333568 -0.937074622 26.703981499 3.332022194 -0.685662556 0.013873539 0.077041840 0.723698099
2213.261575968 -1.046534084 27.653625378 3.485665068 -0.694797719 0.031209859 0.094338835 0.712307700
2213.511011264 -1.199921413 28.652259034 3.568543309 -0.683531968 0.066597556 0.121938707 0.716575025
2213.760790080 -1.288311621 29.669923775 3.735959365 -0.664837389 0.034526688 0.138792145 0.733168394
2214.010814336 -1.174033697 30.624785130 3.591195371 -0.683374816 -0.020401475 0.134088132 0.717358358
2214.260891424 -1.369337615 31.651090647 3.685886543 -0.686188022 -0.021888262 0.150546422 0.711338651
2214.510835904 -1.569236837 32.553203719 3.772670725 -0.677712258 -0.033237019 0.150572388 0.718977991
2214.760782784 -1.760758256 33.417699075 3.880351213 -0.672389258 -0.024906407 0.133111161 0.727704456
2215.011134784 -1.904608167 34.277530006 3.960331218 -0.675289648 -0.004556802 0.134698058 0.725134167
2215.260747392 -2.079926887 35.160873485 4.027242122 -0.675852907 -0.024017141 0.133381731 0.724469005
2215.510862624 -2.246648158 36.039231321 4.137792974 -0.673187710 -0.017947142 0.138023959 0.726254497
2215.760810944 -2.371129879 36.885846277 4.227821426 -0.681336188 -0.031362583 0.139600270 0.717850368
2216.011072704 -2.570252481 37.775456989 4.307297322 -0.685761940 -0.031540354 0.128759703 0.715651247
2216.260903744 -2.796765723 38.720718931 4.380142638 -0.693090406 -0.041771751 0.134748337 0.706911378
2216.511613056 -2.989822709 39.682626657 4.478421922 -0.691826633 -0.022274691 0.136579187 0.708678964
2216.761446976 -3.143138276 40.462304763 4.519875008 -0.695861141 -0.029676671 0.128785617 0.705911349
2217.011175232 -3.349487139 41.413622479 4.547861655 -0.713641826 -0.028604355 0.121520309 0.689296706
2217.262030144 -3.494821744 42.068909704 4.574644180 -0.706720226 -0.030982890 0.130107025 0.694736457
2217.511494176 -3.584135182 42.461091832 4.595196680 -0.702771354 -0.030247800 0.127989440 0.699153916
2217.761550432 -3.635054271 42.678438393 4.607448867 -0.701739584 -0.034607239 0.129280118 0.699750346
2218.011760736 -3.654623216 42.782581455 4.615172158 -0.699624467 -0.035357960 0.134499263 0.700846180
2218.261488544 -3.667030096 42.843476487 4.620543151 -0.698203469 -0.033310134 0.133939936 0.702468821
2218.760989408 -3.681960685 42.910472705 4.624027852 -0.698701029 -0.033076133 0.134569167 0.701864645
2219.261507904 -3.694941484 42.970446481 4.625930195 -0.698673776 -0.031807245 0.135585734 0.701754773
