3831.824076224 0.000000000 -0.000000000 1.000000000 -0.707106781 0.000000000 0.000000000 0.707106781
3832.574446336 0.003853217 0.376887489 1.016231273 -0.696907918 -0.018568267 0.015807649 0.716745904
3832.761686656 -0.000489505 0.758947980 1.034931444 -0.686806218 -0.020107450 0.011161180 0.726476660
3832.886509184 0.000290656 1.069262985 1.055088642 -0.695987033 -0.013377803 0.002574806 0.717925104
3833.011737888 -0.001935485 1.397966661 1.071126206 -0.699958916 -0.018467605 0.000257523 0.713944254
3833.200246816 0.006250108 1.907164428 1.096433797 -0.698185455 -0.010387986 -0.004765025 0.715825715
3833.324482272 0.021253109 2.274815441 1.118223303 -0.701328189 -0.000674846 -0.007442179 0.712799362
3833.449234016 0.033075885 2.647042534 1.135421618 -0.700821831 0.003811467 -0.009455153 0.713263509
3833.574449344 0.047261884 3.036900134 1.142207122 -0.705163707 -0.006312390 -0.004115306 0.709004488
3833.700278400 0.050625656 3.441259669 1.153206193 -0.709621956 -0.016482985 -0.009950353 0.704319516
3833.824855744 0.063602304 3.849933765 1.170513888 -0.705198960 -0.011850966 -0.014027887 0.708771613
3833.949360160 0.079295126 4.267634680 1.186535635 -0.708511544 -0.005188009 -0.006333864 0.705651727
3834.074167136 0.089407284 4.699052459 1.199662605 -0.708914966 -0.009815011 -0.008730453 0.705171622
3834.199787392 0.104105049 5.144498327 1.204456691 -0.712201506 -0.009676436 -0.006756814 0.701875863
3834.324114464 0.110241381 5.586211411 1.201288198 -0.713110485 -0.019902057 -0.010218459 0.700694604
3834.449117440 0.117733325 6.034477924 1.217489347 -0.713035420 -0.016375333 -0.007797966 0.700893380
3834.574319424 0.146754848 6.497329818 1.226990359 -0.718404050 0.010780255 0.004512021 0.695527892
3834.699551840 0.165830505 6.942971764 1.238891695 -0.709936085 0.019979916 0.003238038 0.703975193
3834.824269568 0.189047920 7.401754640 1.261018042 -0.693688063 0.023516116 0.004792227 0.719875613
3834.949027072 0.206627666 7.886082037 1.272380880 -0.702844133 0.014830587 -0.000101282 0.711189263
3835.074369952 0.227963003 8.368293317 1.297547893 -0.707252651 -0.001232895 0.009130080 0.706900848
3835.199941664 0.240083500 8.838031290 1.326907391 -0.699566619 0.000050485 -0.012588259 0.714456492
3835.324176704 0.257399725 9.307907497 1.345997569 -0.707638250 0.001280095 0.002136275 0.706570523
3835.449487680 0.268095863 9.783514459 1.356850833 -0.712134615 -0.001734945 -0.004008924 0.702029350
3835.574796256 0.284807898 10.271301057 1.353571806 -0.727265058 -0.003823164 -0.002970473 0.686339635
3835.699665536 0.298748144 10.734597796 1.354153662 -0.708132987 -0.010477000 0.007485614 0.705961664
3835.825472896 0.292936676 11.232610398 1.355593606 -0.717732570 -0.023928235 -0.000762416 0.695907189
3835.949083200 0.284514275 11.722814670 1.364860841 -0.718802369 -0.031370467 0.000891476 0.694505762
3836.074210432 0.283401144 12.206503207 1.378383342 -0.703727630 -0.020489969 -0.008698069 0.710121065
3836.199761984 0.278489726 12.715694013 1.396619845 -0.705403947 -0.027012654 -0.011448917 0.708198073
3836.325082944 0.295045170 13.220159651 1.413655103 -0.710924091 -0.008904340 -0.020329701 0.702918454
3836.449095520 0.314356730 13.730864183 1.414239778 -0.723385564 -0.003633548 -0.031623371 0.689710146
3836.574495968 0.339538831 14.244069125 1.411310433 -0.726358515 0.001290187 -0.029587270 0.686677680
3836.699384320 0.386213381 14.750231309 1.416635225 -0.713842617 0.022801854 -0.022430608 0.699575343
3836.824234560 0.418424778 15.258693354 1.422635936 -0.708772165 0.003596125 -0.039025062 0.704348018
3836.949164864 0.454215003 15.761070471 1.436426248 -0.705335465 -0.005990299 -0.061171600 0.706203960
3837.074215616 0.539360337 16.263929312 1.456278969 -0.729867497 0.035612456 -0.006097114 0.682633148
3837.199669664 0.599691486 16.719966065 1.483020444 -0.685862710 0.029824831 0.002513985 0.727115192
3837.324632160 0.647461398 17.227078252 1.488058352 -0.720726810 0.032455188 -0.012699423 0.692342581
3837.449708128 0.685511437 17.725046498 1.482768717 -0.720254497 0.026795530 -0.015299208 0.693023371
3837.574118048 0.728910823 18.222175466 1.489476596 -0.712227136 0.022920267 -0.021007233 0.701260197
3837.699198016 0.767726431 18.734481637 1.502274675 -0.707733440 0.017503461 -0.026413666 0.705768606
3837.824612736 0.808212461 19.256002527 1.519833438 -0.708523336 0.012817630 -0.030506450 0.704911162
3837.949039296 0.858591756 19.788237826 1.530038410 -0.714081873 0.012209571 -0.034559372 0.699102034
3838.074307424 0.914521936 20.320734761 1.542334790 -0.712819992 0.020413521 -0.042618037 0.699753278
3838.199709088 0.977148784 20.856073507 1.549970888 -0.710110031 0.026528743 -0.047105305 0.702012151
3838.325623072 1.006933774 21.350408546 1.549750281 -0.704822622 0.027256422 -0.053840693 0.706812096
3838.449564000 1.080767008 21.874257107 1.587546705 -0.699085607 0.026951681 -0.054906972 0.712417114
3838.574164736 1.018374165 22.130869852 1.562336349 -0.702574245 0.030104654 -0.063073553 0.708170083
3838.700101664 1.018816212 22.451986437 1.577161473 -0.699044450 0.026418565 -0.069190512 0.711232444
3838.824530624 1.058919441 22.905760343 1.591060557 -0.697295909 0.025190907 -0.071591739 0.712754135
3838.949316640 1.136401056 23.429989196 1.614562494 -0.696362988 0.023581717 -0.072613905 0.713617344
3839.074431744 1.222394754 23.953457945 1.650775903 -0.695455352 0.021011738 -0.070737470 0.714770292
3839.200665696 1.301324373 24.478588565 1.690717062 -0.695141312 0.013193505 -0.069158149 0.715417108
3839.324219776 1.384108133 24.990438890 1.726962179 -0.697190437 0.012193482 -0.068813087 0.713471494
3839.449038368 1.459774930 25.531179083 1.765983195 -0.694232267 0.013631031 -0.066377602 0.716554093
3839.574330080 1.533296491 26.079267857 1.803364413 -0.690663355 0.019168038 -0.071501407 0.719377693
3839.699886272 1.505482274 26.436298582 1.832912597 -0.690248077 0.026705939 -0.081721095 0.718446969
3839.824514240 1.453911652 26.806685805 1.860237384 -0.690956242 0.031069569 -0.095489589 0.715888184
3839.949279872 1.551856749 27.331620241 1.898269713 -0.690684150 0.030044140 -0.093945195 0.716398670
3840.074840992 1.652026341 27.862806313 1.940073105 -0.693119727 0.030315536 -0.094612803 0.713942875
3840.199770720 1.739971041 28.390297074 1.982240098 -0.690311097 0.028091956 -0.095009863 0.716696977
3840.324515872 1.839113506 28.916592231 2.022710770 -0.688192668 0.029118237 -0.095292517 0.718653126
3840.449358592 1.930044264 29.443920009 2.059944062 -0.690986497 0.028546266 -0.095410235 0.715974622
3840.574373280 2.059524460 29.886333785 2.109802670 -0.687334241 0.027110458 -0.090179937 0.720211249
3840.699378848 2.298181431 30.233515532 2.154007008 -0.688824594 0.024584539 -0.078351943 0.720261933
3840.824490208 2.382213424 30.756428815 2.198384513 -0.691632954 0.029951403 -0.078231333 0.717374817
3840.949204832 2.477427001 31.278328374 2.244701295 -0.686613263 0.033918563 -0.076496717 0.722191118
3841.074321088 2.572116476 31.792093043 2.290817784 -0.684068452 0.036743760 -0.075137478 0.724606520
3841.199357920 2.679778015 32.290937645 2.350351907 -0.683324324 0.035180925 -0.074568874 0.725444453
3841.324023360 2.769640021 32.783826961 2.406691374 -0.677258958 0.035996469 -0.073604671 0.731168182
3841.449297632 2.839933406 33.281264159 2.447383780 -0.668240298 0.036187630 -0.079637989 0.738784914
3841.574358016 2.937865712 33.739400098 2.519505472 -0.668784531 0.032839829 -0.077002749 0.738728214
3841.699794432 3.025091544 34.252167415 2.578235385 -0.689246455 0.030719989 -0.081774978 0.719241587
3841.824068768 3.101885416 34.729147772 2.632931762 -0.678524908 0.022470829 -0.085328411 0.729258577
3841.949264896 3.176028772 35.208263534 2.684668706 -0.682644221 0.017164801 -0.082012380 0.725931269
3842.074033824 3.271484453 35.581502236 2.740711784 -0.671875188 0.018943203 -0.077606683 0.736343731
3842.199020416 3.332249916 36.070399798 2.788528338 -0.673853677 0.015904409 -0.081375200 0.734197758
3842.324424896 3.388393104 36.554296538 2.816723097 -0.714105993 -0.004007162 -0.089009939 0.694344154
3842.449144352 3.471705747 37.012551172 2.829838832 -0.710113359 0.012773388 -0.091354482 0.698018779
3842.574122112 3.606084021 37.479039299 2.847385326 -0.704744818 0.056985423 -0.117438260 0.697349022
3842.700154560 3.769820481 37.952664098 2.853105678 -0.718617875 0.085795322 -0.149958886 0.673602142
3842.824190528 3.948817343 38.320467063 2.874017848 -0.689982766 0.116727132 -0.171056349 0.693569235
3842.948992320 4.064096146 38.414407933 2.857521771 -0.622150715 0.138361784 -0.200108932 0.744137703
3843.074198848 4.334380185 38.767615260 2.932259915 -0.651890732 0.170960503 -0.198306805 0.711677870
3843.199388384 4.590362950 39.118973156 2.982343939 -0.648857419 0.207987581 -0.221300325 0.697675700
3843.322995872 4.851291502 39.432748191 3.035707046 -0.642181148 0.213418713 -0.252494113 0.691594208
3843.447109536 5.143540475 39.773378087 3.092743978 -0.646518076 0.218295296 -0.246340248 0.688242706
3843.571860128 5.435160331 40.103547683 3.149221956 -0.631981319 0.226983895 -0.242301580 0.700262714
3843.697621216 5.726371357 40.444614103 3.202945774 -0.630866497 0.223311904 -0.248111824 0.700414006
3843.822225568 6.027241153 40.803959329 3.248962106 -0.651940844 0.224574491 -0.238369129 0.683900280
3843.946679712 6.305065657 41.141640070 3.292284629 -0.654106215 0.226197944 -0.248721381 0.677581895
3844.071820608 6.593593025 41.481233404 3.329301042 -0.646333622 0.219425462 -0.248232564 0.687376105
3844.197073504 6.879955400 41.805973806 3.379231612 -0.642097821 0.220995572 -0.246571446 0.691428859
3844.322211904 7.175610466 42.148339971 3.427801735 -0.640556138 0.221982925 -0.254738814 0.689579257
3844.447504512 7.480243543 42.482008293 3.476723442 -0.642721910 0.233275242 -0.245601988 0.687146906
3844.572366560 7.774234097 42.805373650 3.530191317 -0.631615662 0.228748709 -0.247265118 0.698280492
3844.698335712 8.067747117 43.139482990 3.577439837 -0.644754160 0.233444672 -0.250318995 0.683473525
3844.823853248 8.340247521 43.464214525 3.626553153 -0.643529512 0.217987337 -0.234340936 0.695295343
3844.948826016 8.603982182 43.812843742 3.663346273 -0.655084580 0.201559684 -0.210694432 0.697026358
3845.073974912 8.855972784 44.155889764 3.705897917 -0.656502924 0.196575936 -0.222245196 0.693519204
3845.199118272 9.096594015 44.482154867 3.756859160 -0.649670509 0.186271456 -0.237071392 0.697874150
3845.325855584 9.366024958 44.820047034 3.798631740 -0.648791391 0.212467289 -0.240007415 0.690162172
3845.449274592 9.617136328 45.125444412 3.852419599 -0.631282625 0.217649596 -0.244744608 0.703001406
3845.574836064 9.870795814 45.457367314 3.869863601 -0.656884805 0.207522717 -0.246817070 0.681555581
3845.699284192 10.106056282 45.743896528 3.923123716 -0.633648976 0.211951142 -0.244151669 0.702819785
3845.825420512 10.383765043 46.061527561 3.954098344 -0.638312276 0.235343285 -0.235365264 0.694099539
3845.949027904 10.631070317 46.361187226 4.003470347 -0.637953414 0.225105640 -0.228470817 0.700102834
3846.074077312 10.853142209 46.640124465 4.043565327 -0.646324471 0.210000700 -0.244887208 0.691516189
3846.199658656 11.016616285 46.834640181 4.072150344 -0.650797267 0.213772284 -0.245535925 0.685912849
3846.324375616 11.111344801 46.952948519 4.106664660 -0.631451511 0.203656262 -0.255543714 0.703200204
3846.511573120 11.227583567 47.078655046 4.105248522 -0.651319101 0.212911489 -0.242327081 0.686825824
3846.699146784 11.273176474 47.134982296 4.112805211 -0.645639684 0.211727623 -0.265072956 0.684147016
