1051.112329248 0.000000000 -0.000000000 1.000000000 -0.707106781 0.000000000 0.000000000 0.707106781
1051.862841056 0.070449488 0.818265012 1.040266281 -0.697270704 0.004446069 0.002861640 0.716788399
1052.362652096 0.074273169 2.133084454 1.082094953 -0.699204655 0.002969540 -0.003309052 0.714907744
1052.862482496 0.137541960 3.629063218 1.101876565 -0.705899921 -0.002150053 -0.003026290 0.708301857
1053.362370624 0.220631499 5.194874433 1.103654772 -0.713086958 -0.014631783 -0.001584829 0.700921101
1053.862703328 0.320925127 6.963839571 1.177091176 -0.707913504 0.017196372 -0.018633992 0.705843842
1054.362981760 0.475867019 8.767317147 1.278219153 -0.696182656 0.033450577 -0.015631611 0.716914515
1054.862648864 0.567231859 10.595572218 1.266008776 -0.719046939 0.005285949 -0.008305289 0.694891776
1055.362236544 0.670799594 12.460992355 1.302482522 -0.705162494 0.008188535 -0.025369950 0.708544403
1055.862710592 0.832941441 14.395301294 1.327494034 -0.712526500 0.040334759 -0.018161097 0.700249433
1056.362668224 1.052692552 16.279627409 1.379888038 -0.685724014 0.062678117 -0.017985123 0.724934870
1056.862893216 1.383353658 17.366107333 1.253886769 -0.705058242 0.014317850 -0.054561469 0.706902342
1057.362502688 1.372778396 17.203200006 1.251451334 -0.705317145 0.014379648 -0.054746329 0.706628467
1057.862693408 1.377607590 17.591617601 1.262574553 -0.699886777 0.018220543 -0.056841371 0.711755274
1058.362445152 1.377607590 17.591617601 1.262574553 -0.699886777 0.018220543 -0.056841371 0.711755274
1058.862496992 1.377607590 17.591617601 1.262574553 -0.699886777 0.018220543 -0.056841371 0.711755274
1059.362754688 1.377607590 17.591617601 1.262574553 -0.699886777 0.018220543 -0.056841371 0.711755274
1059.863083136 1.377607590 17.591617601 1.262574553 -0.699886777 0.018220543 -0.056841371 0.711755274
1060.362536736 1.377607590 17.591617601 1.262574553 -0.699886777 0.018220543 -0.056841371 0.711755274
1060.862730048 1.457118393 17.756309983 1.249018117 -0.688854907 0.010226394 -0.060086237 0.722332321
1062.112640096 1.457118393 17.756309983 1.249018117 -0.688854907 0.010226394 -0.060086237 0.722332321
1062.613024064 1.541661353 17.837523489 1.340393343 -0.689975173 0.009613791 -0.058080812 0.721434997
1063.112601952 2.019733117 18.598131058 1.427407269 -0.700850745 0.011805435 -0.071228411 0.709644544
1063.612446496 1.818159661 18.257386197 1.301026346 -0.695405363 -0.012732199 -0.059734942 0.716017464
1064.112606816 1.704597490 19.703757916 1.401809917 -0.681250122 -0.025382003 -0.091168109 0.725907984
1064.612300320 1.863672281 20.892754746 1.528624433 -0.686813257 -0.014604836 -0.080436543 0.722221719
1065.112645120 2.155479375 21.999147435 1.566259090 -0.685196814 -0.003848849 -0.067392299 0.725223269
1065.612754496 2.259208459 23.079650679 1.713199680 -0.675309605 -0.007772901 -0.104253148 0.730087530
1066.112396256 2.309502769 23.416511290 1.742898881 -0.683965838 -0.003328081 -0.108483353 0.721395189
