1698.810758848 0.000000000 -0.000000000 1.000000000 -0.707106781 0.000000000 0.000000000 0.707106781
1699.310832288 -0.015889772 0.478899871 1.023104817 -0.704950839 -0.019631099 -0.017925845 0.708757786
1699.560976480 0.009897577 1.049884621 1.036025415 -0.706285099 0.012722948 -0.012485375 0.707703046
1699.810897888 0.031557553 1.695047387 1.063329323 -0.699004326 -0.008464317 0.030029172 0.714436531
1700.060776864 -0.012190955 2.375661588 1.076941900 -0.696994667 -0.053080308 0.021618707 0.714782167
1700.310936736 -0.027024086 3.117765921 1.107399403 -0.707182237 -0.017668855 0.021888007 0.706471521
1700.561825504 -0.059473444 3.925563554 1.133569859 -0.706383489 -0.001979015 0.036794582 0.706869584
1700.812490624 -0.090331005 4.807829942 1.137948887 -0.727680474 0.000679208 0.043015819 0.684565779
1701.063108192 -0.107463433 5.676772193 1.243598384 -0.663236860 -0.001999705 0.038613248 0.747410119
1701.313752928 -0.134117315 6.598682019 1.354621874 -0.671134348 0.010384381 0.042957354 0.740017241
1701.563678912 -0.157503137 7.582671208 1.400792110 -0.729453498 -0.006990440 0.050451532 0.682131490
1701.814253088 -0.187342025 8.562952470 1.417602576 -0.705232672 0.002774673 0.035894064 0.708061294
1702.063414048 -0.231723578 9.595855968 1.442077087 -0.703311960 -0.003735121 0.035046912 0.710007078
1702.314588928 -0.297779969 10.687587948 1.447582010 -0.710042973 -0.020999982 0.033275663 0.703058111
1702.563840000 -0.349893565 11.756435266 1.484227964 -0.706971967 -0.022898239 0.041060037 0.705677250
1702.813825920 -0.414456740 12.784848159 1.517785188 -0.706074488 -0.019091622 0.044889218 0.706455438
1703.063412448 -0.505875908 13.795252123 1.717729227 -0.708589369 -0.010618124 0.042839437 0.704239408
1703.313855648 -0.576841727 15.024026528 1.767760447 -0.708393314 -0.008070799 0.047400962 0.704178190
1703.565201888 -0.682964471 16.233400250 1.819320606 -0.705691173 -0.015306533 0.056125948 0.706127153
1703.813929056 -0.892136569 17.382102578 1.871509571 -0.706973852 -0.013254307 0.045430179 0.705654586
1704.063801376 -0.897825706 17.647628371 1.908418114 -0.701528580 -0.013691894 0.066130166 0.709434270
1704.313675648 -0.994035166 18.920346198 1.970548850 -0.699583162 -0.016016564 0.068688726 0.711061691
1704.563823808 -1.388395604 20.123745219 2.301298644 -0.720590008 0.009399962 0.056091858 0.691024880
1704.813334400 -1.418707202 21.350129633 2.234660103 -0.713430016 0.002466674 0.066282027 0.697580261
1705.063480832 -1.479471721 20.727790540 2.292183663 -0.716386548 0.006024746 0.043793438 0.696301768
1705.313447136 -1.479471721 20.727790540 2.292183663 -0.716386548 0.006024746 0.043793438 0.696301768
1705.563381344 -1.479471721 20.727790540 2.292183663 -0.716386548 0.006024746 0.043793438 0.696301768
1705.813483072 -1.479471721 20.727790540 2.292183663 -0.716386548 0.006024746 0.043793438 0.696301768
1706.063905728 -1.479471721 20.727790540 2.292183663 -0.716386548 0.006024746 0.043793438 0.696301768
1706.313430592 -1.263261704 21.111293381 2.263159561 -0.746103167 0.037892011 0.068011142 0.661262992
1706.563572256 -1.507849111 21.984651296 2.319599895 -0.748726836 0.051883907 0.044607612 0.659337809
1706.813348576 -1.245310044 23.129779197 2.112266915 -0.763806114 0.049647341 0.050074816 0.641582321
1707.063427232 -0.586144953 24.432220145 2.010993242 -0.744406434 0.043474127 0.057426584 0.663830738
1707.313362048 -0.444455324 25.311932201 1.874496688 -0.733219035 0.049356727 0.076670847 0.673851128
1707.564066368 -0.439884834 26.191258033 1.832279111 -0.761289699 0.039567202 0.080118501 0.642225394
1707.813324320 -0.544554221 27.114061692 1.700054848 -0.760304090 0.024437884 0.078959824 0.644287069
1708.063849376 -0.632131331 28.101019262 1.623279696 -0.750802165 0.029339790 0.101958969 0.651950653
1708.313350304 -0.710783723 29.111812199 1.512070767 -0.752828802 0.028565935 0.111777776 0.648026628
1708.563376128 -0.807381865 30.068759893 1.434097182 -0.744111072 0.023432785 0.117059505 0.657302586
1708.813645920 -0.922649945 31.050818477 1.353646771 -0.747260769 0.025206068 0.109213682 0.655010205
1709.063459552 -1.018189760 32.043824218 1.251284303 -0.751300652 0.029660584 0.107109892 0.650534435
1709.313802880 -1.140800224 33.050940102 1.149412892 -0.757829015 0.015452263 0.120081705 0.641121513
1709.563368736 -1.326665311 34.060914646 1.023995371 -0.752540057 -0.008162787 0.109288292 0.649363458
1709.813322400 -1.493880922 35.079801899 0.922454748 -0.750520014 -0.010304581 0.117986747 0.650148177
1710.063827392 -1.700553449 36.153305397 0.774382493 -0.765579567 -0.012549695 0.118636857 0.632183302
1710.314044160 -1.946789359 37.232882253 0.617506423 -0.774633271 -0.003212594 0.125966756 0.619730063
1710.563971744 -2.105677986 38.071931988 0.487424445 -0.770491225 -0.003272456 0.124400220 0.625185691
1710.814434560 -2.205732681 38.606598634 0.409838885 -0.771339367 -0.003996396 0.111050315 0.626647778
1711.188694528 -2.288137142 39.009015772 0.358943830 -0.767203784 0.000349899 0.118804598 0.630304449
1711.938523648 -2.319855762 39.204080577 0.331084107 -0.764162089 0.001456450 0.116908103 0.634339559
