1666.563904320 0.000000000 -0.000000000 1.000000000 -0.707106781 0.000000000 0.000000000 0.707106781
1667.189520544 0.075545288 0.484686323 1.023928984 -0.700342649 0.033158075 -0.021546071 0.712710658
1667.438887552 0.109683322 1.066415948 1.052728831 -0.699404329 0.007455455 -0.011190306 0.714599732
1667.689270752 0.137196494 1.737488401 1.083591011 -0.702500992 -0.000222832 -0.007037384 0.711647934
1667.938885504 0.176437666 2.448478100 1.109881527 -0.706323277 0.000104779 -0.019425176 0.707622837
1668.188691872 0.183523091 3.248992371 1.124629380 -0.712687512 -0.009042923 -0.014667099 0.701269999
1668.439265952 0.222959839 4.065154147 1.150851571 -0.712002904 0.002947690 -0.018566409 0.701924828
1668.688858976 0.280617769 4.928402214 1.157787050 -0.711707875 0.011911991 -0.023740082 0.701973229
1668.938885696 0.335278162 5.817296104 1.157531627 -0.713670961 0.008061222 -0.026794140 0.699922032
1669.189439712 0.412232085 6.738399519 1.188443876 -0.708785654 0.019429175 -0.036723690 0.704199385
1669.438630272 0.530493505 7.687793034 1.227900571 -0.704268128 0.025696503 -0.057359690 0.707146349
1669.688884192 0.674602250 8.611868242 1.250277112 -0.702397461 0.031555454 -0.058835375 0.708646921
1669.938433888 0.784501509 9.594809739 1.271243534 -0.720524761 0.012814940 -0.064582694 0.690296257
1670.188627872 0.918365649 10.543175084 1.257547950 -0.714511908 0.007915130 -0.080018305 0.694987162
1670.438455072 1.070542645 11.536185839 1.288076149 -0.705288675 0.040983365 -0.068155371 0.704445239
1670.689519392 1.259142229 12.525151622 1.326460724 -0.706944261 0.058218690 -0.055493100 0.702681230
1670.938872096 1.461259497 13.539412242 1.321537744 -0.722301395 0.059596077 -0.057366353 0.686613504
1671.188640352 1.683381162 14.530270949 1.339107467 -0.672717717 0.084352385 -0.051508181 0.733268338
1671.438922688 1.922470196 15.592031048 1.337375459 -0.719110170 0.099831221 -0.036138336 0.686737440
1671.688462976 2.153754255 16.620714325 1.370849748 -0.719900875 0.066365589 -0.038409179 0.689828293
1671.938769088 2.311489217 17.659667961 1.377442698 -0.708532220 0.037345836 -0.038091724 0.703659294
1672.188639264 2.447964465 18.703229045 1.408719988 -0.708046592 0.026945085 -0.037058659 0.704677687
1672.438863072 2.575929015 19.817396465 1.421839582 -0.713380001 0.032518973 -0.036874468 0.699050616
1672.689169696 2.705699276 20.858653287 1.477167794 -0.705008915 0.033066839 -0.049428775 0.706700651
1672.938823808 2.663001190 21.335272508 1.475581452 -0.704320964 0.032138346 -0.058699812 0.706720198
1673.188996704 2.814358254 22.212737326 1.538767360 -0.700040024 0.017830103 -0.056995465 0.711602114
1673.438205792 2.998386245 23.370001682 1.606005862 -0.701641884 0.031611588 -0.072639815 0.708112161
1673.688856800 3.122665386 24.151039807 1.546108324 -0.691396913 -0.017086535 -0.156101165 0.705202655
1673.938742720 3.274124583 25.022532911 1.509534002 -0.678760581 -0.025356558 -0.179912119 0.711528459
1674.189212000 3.560285097 26.023836523 1.887963506 -0.694891176 -0.010705644 -0.130878179 0.707023723
1674.439187424 3.760168529 27.134447382 1.939386104 -0.688386481 -0.015653106 -0.130490074 0.713338190
1674.688546752 3.894025576 27.929293378 1.928244063 -0.707585540 0.050531403 -0.182229685 0.680853598
1674.939268960 4.277618439 28.997519749 1.973663879 -0.702883489 0.053213013 -0.182819688 0.685346728
1675.188759232 4.409860262 29.965099769 2.063087451 -0.686582245 0.069350599 -0.089655331 0.718162403
1675.439170656 4.502041903 30.236857896 2.051018398 -0.677289709 0.066372490 -0.079288163 0.728413845
1675.688740160 4.444821287 30.491857319 2.169181302 -0.678681301 0.082764795 -0.070817192 0.726310268
1675.938822496 4.519236303 30.488688566 2.111754336 -0.683646222 0.073332284 -0.092597014 0.720191649
1676.188719264 4.519236303 30.488688566 2.111754336 -0.683646222 0.073332284 -0.092597014 0.720191649
1676.438453504 4.456359981 29.910295545 2.677044338 -0.756588171 0.090642088 -0.096173405 0.640397554
1676.688904544 4.624556883 30.800850399 2.731656176 -0.745927355 0.145435039 -0.130247746 0.636770410
1676.938860000 4.907134225 31.629297396 2.785793323 -0.671659476 0.180423524 -0.198308140 0.690648088
1677.189473184 5.353947031 32.233296104 2.826277192 -0.691070037 0.245631280 -0.216993339 0.644205999
1677.438885440 5.617682353 32.528553030 2.823997753 -0.678419106 0.280235926 -0.259763118 0.627485829
1677.689189792 6.178209511 32.997405874 2.797163168 -0.672524826 0.279373612 -0.258928976 0.634520707
1677.938871808 6.832761009 33.590473941 2.758808068 -0.674425393 0.299361720 -0.273001169 0.617254657
1678.188495872 7.516444895 34.149569027 2.718035972 -0.658743499 0.306811812 -0.284367077 0.625347007
1678.440028384 8.200622325 34.716010471 2.681041323 -0.644109592 0.320780459 -0.300493661 0.626040166
1678.689678592 8.868114619 35.220940656 2.643885891 -0.652401875 0.318383200 -0.292160912 0.622612185
1678.938690080 9.426454977 35.642872478 2.604792142 -0.658550338 0.312185388 -0.302583534 0.614243388
1679.188688256 10.069841185 36.071525310 2.589554332 -0.660952156 0.324481788 -0.291527799 0.610627021
1679.564280416 10.761717108 36.349525052 2.567566302 -0.659382508 0.342162611 -0.308096322 0.594319874
1679.813675648 11.426693394 36.778321999 2.534173121 -0.647635576 0.330969907 -0.321944123 0.606118028
1680.063662624 12.020651785 37.157370636 2.529737542 -0.656033982 0.325883430 -0.323474546 0.598985494
1680.313728576 12.454483557 37.444872197 2.501580377 -0.653019886 0.338894625 -0.308814449 0.602784453
1680.564167680 12.672542308 37.603133704 2.481498241 -0.662804816 0.334817726 -0.321241582 0.587699509
1680.814507584 12.760022116 37.667503110 2.468370279 -0.658967616 0.327545974 -0.324625129 0.594216999
