676.407388544 0.000000000 -0.000000000 1.000000000 -0.707106781 0.000000000 0.000000000 0.707106781
677.407413440 0.082559336 0.732682591 1.027269496 -0.688465017 0.015607759 -0.019897402 0.724828539
677.908349536 0.134138710 2.061894900 1.110333722 -0.703375269 0.003591417 -0.009937963 0.710740156
678.407289312 0.174722095 3.602640638 1.151315789 -0.709378674 -0.007052033 -0.015067914 0.704631197
678.907295872 0.295257225 5.328280644 1.166389978 -0.709111409 0.035115278 -0.047161797 0.702640514
679.406859808 0.534297968 7.115561100 1.220596351 -0.704964510 0.045784833 -0.051692743 0.705872969
679.908754080 0.876244105 8.958583350 1.356495928 -0.710554610 0.051761965 -0.043873114 0.700362759
680.407922208 1.132689403 10.917093647 1.332583934 -0.715373822 0.033305893 -0.047887105 0.696302978
680.908290976 1.420967052 12.916772233 1.379017198 -0.717348435 0.042458114 -0.032513228 0.694659213
681.408521280 1.834766316 14.911364714 1.318878395 -0.672242439 0.055611123 -0.041248299 0.737086212
681.909531872 2.260684857 17.060134965 1.370666906 -0.708131875 0.070366335 -0.042738294 0.701264048
682.409527136 2.260589128 17.075772242 1.371813498 -0.708132054 0.070327995 -0.042699763 0.701270060
682.909307296 2.486147533 18.283810428 1.380298264 -0.716329214 0.064797994 -0.051891445 0.692806578
683.409580224 2.934243593 20.425476035 1.389432655 -0.708109206 0.063287422 -0.068836664 0.699883968
683.910654976 3.173465402 21.493704849 1.404194396 -0.709387175 0.060895445 -0.046842450 0.700619273
684.410289984 3.173465402 21.493704849 1.404194396 -0.709387175 0.060895445 -0.046842450 0.700619273
684.909719520 3.057274550 21.882450824 1.487873198 -0.727511422 0.083903447 -0.097091886 0.673988507
685.409469600 3.069353324 21.296625701 1.410414811 -0.715317794 0.066774590 -0.051799241 0.693670272
685.909659584 3.112011871 21.959373971 1.448131471 -0.704873667 0.072261953 -0.057555190 0.703291351
686.159378880 3.069353324 21.296625701 1.410414811 -0.715317794 0.066774590 -0.051799241 0.693670272
686.409620128 2.349617603 20.126159806 1.507668034 -0.718421239 0.069430828 -0.054787025 0.689962800
686.909912128 2.556821835 21.715227809 1.497273834 -0.734405712 0.128792925 -0.107283268 0.657686045
687.409931328 3.276530762 23.315584948 1.462202417 -0.685427984 0.204891780 -0.185136239 0.673745063
687.909807872 4.198942625 24.330581320 1.429974353 -0.672041912 0.276663588 -0.248245672 0.640461563
688.408526144 5.350093418 25.279306505 1.365494533 -0.671059043 0.300759308 -0.273053172 0.620214128
688.908667936 6.516804737 26.214705122 1.283237393 -0.667004282 0.304014998 -0.267903349 0.625226331
689.407557600 7.416344054 26.963169932 1.218495524 -0.681193109 0.298256280 -0.267792068 0.612622679
689.907944448 8.475458395 27.871647277 1.128047398 -0.663955522 0.306922447 -0.258960021 0.630794249
690.407584608 9.223066671 28.528062584 1.156716891 -0.676486215 0.306596349 -0.253517644 0.619753083
690.907847392 9.685692547 28.937345294 1.113432887 -0.678476114 0.287686544 -0.274460136 0.617720203
691.407495520 9.728938932 28.968442334 1.108603884 -0.676012974 0.300241113 -0.271601475 0.615706400
