3401.451370016 0.000000000 -0.000000000 1.000000000 -0.707106781 0.000000000 0.000000000 0.707106781
3401.518021856 -0.000112853 0.000657335 1.000365660 -0.706678695 0.000056410 0.000075983 0.707534602
3401.584659776 -0.000449256 0.009181829 1.001662443 -0.705803170 0.000077174 0.003088747 0.708401256
3401.647877344 -0.004940460 0.037084903 1.005621957 -0.706617592 -0.005404736 0.011092714 0.707488035
3401.713136896 -0.012108891 0.083433183 1.017546753 -0.706929095 -0.012822242 0.034153518 0.706342964
3401.777132992 -0.032384993 0.142972426 1.014567807 -0.713223233 -0.036346473 0.054289997 0.697885485
3401.844826080 -0.061778390 0.210670889 1.011927525 -0.712782371 -0.060431769 0.057383392 0.696416857
3401.908639264 -0.094068012 0.293471139 1.013226602 -0.719857250 -0.073707959 0.052986702 0.688160654
3401.974860864 -0.113828078 0.389656027 1.021580032 -0.715074973 -0.065099718 0.065738098 0.692898487
3402.037569312 -0.143617950 0.483861314 1.012081234 -0.710347080 -0.074501543 0.054619959 0.697763001
3402.101399616 -0.176425741 0.600211370 0.999670865 -0.711924633 -0.080505404 0.041667550 0.696380651
3402.173597536 -0.202624131 0.750458126 1.005995219 -0.707791762 -0.070006225 0.043451441 0.701599546
3402.236610432 -0.222693155 0.891912781 1.013451823 -0.710717784 -0.065527148 0.042706671 0.699115558
3402.301596448 -0.230310751 1.035044602 1.021925726 -0.708609661 -0.040571879 0.059824160 0.701888411
3402.364861728 -0.251214368 1.187876192 1.013388846 -0.703221994 -0.044775649 0.044776645 0.708144773
3402.429569440 -0.265157284 1.356903840 1.003430566 -0.720845349 -0.039891189 0.038954009 0.690849666
3402.498193280 -0.268431262 1.510765957 1.017146285 -0.712434749 -0.030709341 0.043892365 0.699690736
3402.563280288 -0.270681463 1.684098109 1.032533295 -0.714402139 -0.013288823 0.053811895 0.697536573
3402.628545856 -0.288282176 1.836570120 1.029636461 -0.695101144 -0.017626888 0.026706460 0.718199455
3402.693961312 -0.295378188 2.006790572 1.034358762 -0.697776174 -0.012384346 0.024572768 0.715787131
3402.756872096 -0.305695944 2.174825527 1.038655857 -0.695642496 -0.018970138 0.009807457 0.718070655
3402.819645856 -0.297749561 2.348247533 1.045148279 -0.700369997 -0.001288867 0.017580713 0.713562278
3402.882783488 -0.301816537 2.531463732 1.048447940 -0.716658926 -0.005566512 -0.002328842 0.697397716
3402.949482656 -0.287523750 2.710608179 1.054779590 -0.708428545 0.011865438 -0.004221824 0.705670167
3403.016206016 -0.272634212 2.893040128 1.060760782 -0.708925331 0.022060029 -0.006783577 0.704905818
3403.080888064 -0.261618350 3.087132214 1.070671705 -0.703107359 0.028125496 -0.019625212 0.710256185
3403.145176512 -0.244322669 3.278192241 1.077291379 -0.706434166 0.033138708 -0.021200654 0.706684602
3403.209239424 -0.216467784 3.465846310 1.079417554 -0.701988859 0.039706122 -0.023526789 0.710690901
3403.274086528 -0.182863937 3.652633670 1.085910672 -0.707710427 0.051909090 -0.016402607 0.704402124
3403.338109568 -0.156341684 3.848761888 1.097131530 -0.703310672 0.053261502 -0.031813292 0.708170336
3403.403092960 -0.119418927 4.044071712 1.102933144 -0.706592816 0.068921034 -0.029567799 0.703635011
3403.467053632 -0.084862087 4.236375040 1.107651915 -0.701733772 0.076489014 -0.041342260 0.707113825
3403.530465440 -0.048232212 4.443637683 1.099701904 -0.723421261 0.077431843 -0.046288582 0.684487659
3403.597198080 -0.010407806 4.657734784 1.088417332 -0.728836907 0.080034194 -0.040293224 0.678798753
3403.661460352 0.025028895 4.864240456 1.086461831 -0.735259603 0.077866551 -0.040471452 0.672080485
3403.726274080 0.069667657 5.056031145 1.099821644 -0.708481200 0.087268260 -0.038874759 0.699233433
3403.815790336 0.126039102 5.298738376 1.114116308 -0.663931713 0.088547449 -0.054045867 0.740562674
3403.885979520 0.193232627 5.538588331 1.146152135 -0.652022578 0.092628943 -0.037957004 0.751562174
3403.953308416 0.242207463 5.758389537 1.176158742 -0.658983810 0.084089656 -0.036526877 0.746548763
3404.016089536 0.281117756 5.967103843 1.202398401 -0.673079107 0.078830498 -0.040464400 0.734243080
3404.081590624 0.321624994 6.180813305 1.221290086 -0.680820050 0.075659727 -0.037948046 0.727543546
3404.144898112 0.353148007 6.387502038 1.241764531 -0.684074369 0.065223350 -0.039851409 0.725396469
3404.208296352 0.395976718 6.593760475 1.257940381 -0.684503646 0.073582310 -0.020558227 0.724995008
3404.274686720 0.431042574 6.806504738 1.280159260 -0.676352765 0.075408865 -0.020984643 0.732407049
3404.343012704 0.456203259 7.028388536 1.298506617 -0.678850914 0.069581356 -0.029648962 0.730370325
3404.406293600 0.497696477 7.246308793 1.315519804 -0.685033266 0.071740279 -0.009110348 0.724913621
3404.468804544 0.522279474 7.460576542 1.329473491 -0.701147956 0.059967868 -0.000974057 0.710488881
3404.543949024 0.541171242 7.716012396 1.321432023 -0.722993933 0.042369584 0.003752749 0.689543696
3404.610223488 0.552676054 7.956279293 1.321939600 -0.730819328 0.037379984 0.011377540 0.681451684
3404.672821536 0.556344333 8.170736595 1.323290799 -0.722084514 0.027350234 0.013838697 0.691125466
3404.737333984 0.551291727 8.390791338 1.318170619 -0.714043707 0.018016337 0.016017984 0.699685945
3404.801254816 0.551371867 8.618959515 1.328723048 -0.707250202 0.011200248 0.032742229 0.706115892
3404.864488640 0.542212480 8.847575905 1.334689098 -0.709280549 -0.001222659 0.035137786 0.704048964
3404.927639424 0.533241008 9.086469891 1.335621066 -0.713313629 -0.005263641 0.035120682 0.699944640
3404.991187072 0.528560445 9.318823600 1.342913202 -0.709043545 -0.002471354 0.036711809 0.704204080
3405.055805120 0.515633254 9.568575141 1.351805796 -0.712078930 -0.007812350 0.028841095 0.701463296
3405.120489984 0.510344739 9.805750057 1.347881212 -0.706392014 -0.004268303 0.034080834 0.706986988
3405.183399232 0.502714190 10.062526023 1.352063366 -0.717946040 -0.006425111 0.035012564 0.695187976
3405.250133856 0.488126825 10.331352512 1.348825126 -0.727897694 -0.014626320 0.026163546 0.685030282
3405.312757216 0.483647667 10.572234614 1.352239090 -0.714112360 -0.011543782 0.032650631 0.699173952
3405.375532608 0.470770070 10.826302103 1.350298110 -0.716201330 -0.014575465 0.024486227 0.697311720
3405.438638752 0.462665682 11.083633790 1.351596674 -0.715104128 -0.009952685 0.018772964 0.698694930
3405.506562848 0.461248445 11.364857142 1.355503886 -0.715306469 -0.003063290 0.017043690 0.698596296
3405.573094496 0.464756318 11.635379647 1.358060344 -0.711168815 0.002102545 0.015624336 0.702844489
3405.645459712 0.463545762 11.941462556 1.362471553 -0.710718465 0.002542407 0.013390155 0.703344512
3405.714491136 0.461138235 12.220255439 1.373805266 -0.709616084 0.000556222 0.014671769 0.704435549
3405.784848576 0.533845072 12.328020747 1.373735558 -0.710223739 0.000413708 0.020666090 0.703672496
3405.849013536 0.531195385 12.602777603 1.383860035 -0.708571378 0.000704523 0.021594838 0.705308279
3405.912896704 0.526902438 12.881968656 1.393068386 -0.707406913 0.001301278 0.021283976 0.706484790
3405.975932640 0.523709893 13.158932137 1.401519588 -0.703578097 0.003409542 0.022794292 0.710244083
3406.040293888 0.521973298 13.441153714 1.408682600 -0.709447787 0.005853276 0.024843936 0.704295645
3406.103187072 0.517670407 13.720773895 1.419009394 -0.707657556 0.006878190 0.024474213 0.706098072
3406.169784064 0.517910572 14.016459369 1.431049467 -0.704758317 0.010242000 0.026312051 0.708885387
3406.233667584 0.519853634 14.311969743 1.443675882 -0.702786875 0.009535901 0.024531211 0.710913423
3406.296539456 0.520862023 14.592009503 1.456225799 -0.700541500 0.011081040 0.026750152 0.713024015
3406.360101248 0.518859851 14.876033664 1.473332134 -0.699899146 0.008999844 0.026685093 0.713686271
3406.426868832 0.522059917 15.193200022 1.485647877 -0.702129367 0.010156101 0.028441790 0.711408652
3406.492451168 0.521674810 15.495457242 1.500524782 -0.702959936 0.009757345 0.026145795 0.710681729
3406.555576896 0.523562094 15.786123493 1.515343145 -0.698695480 0.012704702 0.028908913 0.714721968
3406.620797376 0.520568295 16.081020090 1.531527825 -0.699908351 0.009048082 0.026042893 0.713700358
3406.684383200 0.521718156 16.379195289 1.546137201 -0.702660922 0.010228480 0.029127840 0.710854821
3406.753106048 0.521117343 16.693732115 1.564128062 -0.699776682 0.008310939 0.028193795 0.713756705
3406.816176736 0.517501500 16.984905751 1.575921083 -0.700451008 0.009219918 0.028971445 0.713052617
3406.884856032 0.516552708 17.305316279 1.594644077 -0.702405023 0.007935459 0.028918414 0.711145511
3406.952498720 0.513436878 17.606301149 1.607255236 -0.700823755 0.006851563 0.030424968 0.712652399
3407.022954560 0.508152196 17.938176224 1.625949530 -0.701457894 0.003902291 0.030564776 0.712044514
3407.094971040 0.502766545 18.282260154 1.640895812 -0.702994542 0.003509185 0.031607537 0.710483865
3407.166710336 0.535360513 18.512229943 1.651657327 -0.702245901 0.004315330 0.035793462 0.711021027
3407.230415104 0.526088677 18.820761922 1.666565423 -0.702384608 0.003906553 0.038295149 0.710755994
3407.297188096 0.522001149 19.107576778 1.682667404 -0.696964386 0.002600919 0.038989797 0.716040275
3407.361765056 0.514379115 19.422495170 1.698792046 -0.698374427 0.004115987 0.040455082 0.714576522
3407.434444608 0.504802954 19.769119406 1.719134238 -0.698787078 0.005403518 0.041806498 0.714086577
3407.499264768 0.495941690 20.075418450 1.737842406 -0.699803481 0.004541292 0.040930498 0.713147361
3407.562251104 0.486976009 20.372127749 1.752465358 -0.697983423 0.004159984 0.041779386 0.714882031
3407.626351840 0.476989411 20.674307712 1.770750753 -0.699600022 0.003495192 0.041687160 0.713309031
3407.691237856 0.466700078 20.973152914 1.786471524 -0.695422830 0.000828273 0.040713463 0.717446037
3407.757706144 0.456451968 21.296588490 1.807148494 -0.696382048 -0.001320269 0.041094748 0.716492513
3407.821551168 0.443978238 21.599916366 1.823516000 -0.700421135 -0.002660626 0.041961883 0.712490249
3407.891702464 0.429941528 21.917815983 1.846541859 -0.695996344 -0.005640673 0.038918345 0.716967666
3407.961239168 0.415203440 22.246433793 1.864763340 -0.695606063 -0.007594854 0.041510764 0.717182947
3408.026794240 0.397098958 22.566469223 1.891782269 -0.692621319 -0.011733722 0.040030811 0.720094134
3408.091476800 0.379314293 22.875362720 1.911034962 -0.691316584 -0.014425685 0.039029418 0.721352885
3408.155012576 0.359691040 23.175726227 1.935690446 -0.692023775 -0.014707958 0.040739851 0.720574101
3408.218430592 0.338615923 23.477231491 1.956090153 -0.693171057 -0.018473868 0.038138520 0.719526272
3408.285207616 0.319298248 23.790270429 1.980145584 -0.690921984 -0.019045611 0.040455362 0.721545175
3408.349612416 0.297937454 24.091014570 2.006666288 -0.690527624 -0.020162981 0.040489694 0.721890324
3408.420911168 0.275398796 24.417315977 2.037219684 -0.685230917 -0.021627341 0.040458615 0.726879597
3408.485429568 0.254075933 24.718767306 2.067524359 -0.682595159 -0.021141069 0.041689181 0.729300292
3408.554800288 0.233630249 25.033127252 2.099380519 -0.679821481 -0.019300024 0.042838810 0.731870959
3408.621413984 0.213530376 25.341882198 2.135886655 -0.679005190 -0.019100090 0.042427782 0.732657506
3408.692757792 0.190666716 25.675280754 2.164422345 -0.682689648 -0.019038994 0.042481972 0.729224001
3408.765291040 0.168895671 26.008688610 2.198851268 -0.689548549 -0.018721189 0.042269324 0.722762492
3408.828803744 0.145584573 26.290705226 2.218849619 -0.687082846 -0.024302727 0.041389192 0.724992052
3408.891969952 0.126625703 26.571703020 2.244412103 -0.687940146 -0.025876652 0.042967823 0.724032127
3408.924255072 0.109360288 26.597164074 2.199174373 -0.688886223 -0.026214291 0.042354293 0.723156067
3408.956106272 0.106459485 26.849988794 2.268902474 -0.687772803 -0.027755310 0.039848576 0.724299872
3409.021390912 0.079160719 27.144805335 2.295093632 -0.686904669 -0.029542171 0.037338343 0.725186241
3409.052934752 0.333318429 27.245705901 2.337033038 -0.687966937 -0.030914282 0.042446997 0.723839798
3409.085243680 0.083762818 27.401001936 2.331472266 -0.679487334 -0.032996803 0.039673735 0.731870323
3409.152750336 0.054856625 27.694896147 2.364189097 -0.676151277 -0.039414182 0.036299638 0.734811750
3409.184451168 0.377537662 27.691487149 2.473245752 -0.685402109 -0.038926858 0.039506869 0.726049485
3409.216580512 0.041607089 27.955522859 2.388088979 -0.675291109 -0.045541851 0.034928425 0.735314806
3409.281167968 0.023350953 28.212333937 2.422760067 -0.674185155 -0.051600362 0.035763276 0.735889100
3409.313478240 0.321517809 28.339179496 2.702268987 -0.685343178 -0.044619488 0.040478498 0.725723997
3409.347258272 -0.107024214 28.482163979 2.896860515 -0.685991130 -0.044493799 0.043804160 0.724925974
3409.410705408 -0.141757465 28.771314395 2.889781273 -0.713656860 -0.048076767 0.039394981 0.697732432
3409.474785632 -0.161327008 29.035281693 2.921481909 -0.702225973 -0.036015559 0.035818172 0.710139860
3409.538488032 -0.172156282 29.267335205 2.953990911 -0.657716693 -0.029666884 0.030452871 0.752064658
3409.605314080 -0.193420106 29.567931327 2.964416273 -0.684500733 -0.035045862 0.030960949 0.727510793
3409.668092576 -0.161345730 29.857516481 3.011917936 -0.672786900 -0.016640089 0.047677928 0.738110906
3409.730940608 -0.184286097 30.081573373 3.038137422 -0.671661726 -0.017763754 0.035177159 0.739809126
3409.793715008 -0.204858778 30.358802671 3.038057841 -0.718304083 -0.021197617 0.026112672 0.694915846
3409.863500384 -0.227984680 30.617888601 3.055206078 -0.714222866 -0.017082073 0.021488116 0.699379840
3409.927667904 -0.234980378 30.835846793 3.078804775 -0.655953299 -0.013604208 0.006909755 0.754647235
3409.990814080 -0.221889724 31.046704874 3.113631537 -0.659052360 0.000111876 0.012944892 0.751985640
3410.058660544 -0.213792317 31.307899251 3.148675200 -0.672890386 0.008035482 0.012065476 0.739600151
3410.123476448 -0.199887294 31.559346217 3.176808393 -0.685981860 0.021519814 0.012403561 0.727194566
3410.186640000 -0.191634460 31.783592506 3.201856013 -0.692158423 0.023455536 0.014168734 0.721225209
3410.251450848 -0.191611647 32.007426141 3.217674885 -0.680525850 0.013986138 0.007135748 0.732555825
3410.315446432 -0.191134605 32.246627291 3.234280780 -0.694229889 0.006871188 0.007751105 0.719678795
3410.395143200 -0.184868027 32.531690823 3.254325961 -0.696724817 0.007863457 0.011838985 0.717197695
3410.472673344 -0.185634809 32.805023607 3.268340367 -0.694856075 0.001676628 -0.003740068 0.719137147
3410.512778144 0.251457535 32.876149789 3.147467277 -0.696112998 0.001213685 -0.005458611 0.717910457
3410.544402720 -0.124774427 33.093162689 3.286813167 -0.696877714 0.008033027 0.004432643 0.717131281
3410.607866176 -0.125485718 33.311466348 3.304430558 -0.699504182 0.002601636 -0.003761927 0.714613867
3410.670937056 -0.109689218 33.517880516 3.328594143 -0.679394889 0.016944576 0.016422199 0.733393331
3410.733637440 -0.108098660 33.730029126 3.349432537 -0.683574007 0.016644996 0.017188253 0.729488920
3410.765066432 0.358506326 33.670533298 3.250887118 -0.683130232 0.008478107 0.008845821 0.730193782
3410.796786432 -0.077285739 33.949539590 3.381521842 -0.680508601 0.011903500 0.010041626 0.732574581
3410.860899968 -0.053468545 34.161055872 3.415108057 -0.686743317 0.015889729 0.019106651 0.726475099
3410.892245664 0.514875983 33.931861055 3.365339018 -0.690418102 0.010792200 0.019340692 0.723071442
3410.923881024 -0.053508168 34.375142221 3.428977298 -0.693757466 0.008214527 0.017445750 0.719950516
3410.987376896 -0.049710728 34.573062887 3.446225365 -0.689802812 0.015864383 0.025698395 0.723367123
3411.023041632 0.485130160 34.233041010 3.419304283 -0.686558499 0.019083427 0.027419217 0.726306710
3411.055123360 -0.036828431 34.782590253 3.472014065 -0.687677891 0.017928838 0.027383748 0.725277744
3411.120779232 -0.044607703 34.986661467 3.491385493 -0.673067979 0.010596721 0.021502014 0.739192037
3411.152475040 0.555489249 34.703344537 3.552027605 -0.672513775 0.010762935 0.022388139 0.739667596
3411.184047008 -0.010246422 35.256880088 3.526847444 -0.672638163 0.016876893 0.034235541 0.738986468
3411.247865152 -0.025595135 35.427081872 3.555183716 -0.675647325 0.016383315 0.033162402 0.736296499
3411.279888800 1.005961003 35.301075981 3.840654045 -0.677256200 0.003999911 0.025181192 0.735305343
3411.311387104 0.005461923 35.691912295 3.592041305 -0.690118250 0.018077253 0.034730414 0.722636709
3411.374040128 0.005868572 35.890446431 3.613988120 -0.699668436 0.013251789 0.040652248 0.713187118
3411.405571264 0.995010080 35.611807606 4.072953611 -0.689355243 -0.000780592 0.030147332 0.723795467
3411.438361600 0.004711310 36.007517490 3.636092642 -0.693107614 0.004951941 0.043172615 0.719523064
3411.510688544 -0.223341762 35.751349257 3.805841510 -0.710576212 0.009083436 0.031378954 0.702861508
3411.542641696 1.142821696 35.624671669 4.076533769 -0.702336238 -0.008057129 0.038993637 0.710730882
3411.574322880 -0.268853945 35.967608024 3.849158785 -0.709961535 -0.000588338 0.028873455 0.703648063
3411.638012896 -0.292590015 36.161964913 3.859704454 -0.707257197 -0.008683334 0.033256659 0.706120281
3411.670448832 0.884872828 36.113071892 4.241287078 -0.700489601 -0.013693873 0.040382155 0.712387590
3411.702181312 1.014232018 36.037065649 3.545699117 -0.700169006 -0.023962907 0.047725012 0.711977153
3411.764725696 0.993529188 36.226446387 3.553525221 -0.700607395 -0.029630417 0.048452303 0.711283130
3411.796445824 0.969546314 36.499887872 4.343596410 -0.701831599 -0.021018648 0.041808060 0.710804270
3411.831800960 0.950845935 36.432053034 3.560699679 -0.705661360 -0.034260752 0.046923825 0.706163154
3411.894676096 0.926365338 36.636041314 3.577021666 -0.705946053 -0.040757206 0.053666420 0.705052435
3411.927117376 1.140198743 36.680248180 4.395941512 -0.702758797 -0.030624785 0.050572593 0.708967283
3411.958877408 0.901910728 36.814744040 3.579642441 -0.700536337 -0.044646655 0.060175384 0.709672065
3412.025126176 0.877755888 37.016807570 3.586832840 -0.697181007 -0.049881050 0.063058457 0.712372202
3412.057240768 0.955375072 37.105595044 4.494279199 -0.700166124 -0.033405121 0.051166282 0.711360323
3412.088875584 0.846794383 37.210388994 3.600513216 -0.698953032 -0.053462451 0.057172196 0.710871131
3412.152146880 0.827643621 37.409622331 3.603746445 -0.702513892 -0.059602825 0.048816582 0.707487581
3412.184094880 0.951632342 37.306188642 4.542893702 -0.704746699 -0.039530014 0.043685295 0.707008531
3412.218188992 0.806360886 37.575547157 3.617020263 -0.693737278 -0.057248819 0.056414325 0.715729409
3412.284843040 0.838469464 37.794436518 3.639626052 -0.692143646 -0.053683626 0.076830796 0.715648147
3412.316821056 0.862853221 37.514030622 4.616458647 -0.703893539 -0.033568900 0.062442940 0.706758724
3412.348557184 0.789755297 37.965543017 3.645798092 -0.690095713 -0.069764302 0.059245354 0.717907262
3412.412912256 0.794982091 38.125554082 3.657403795 -0.688657332 -0.059603834 0.056054666 0.720455645
3412.445048288 0.748894657 37.405793388 4.661743320 -0.703398340 -0.021760385 0.056976117 0.708174402
3412.477380608 0.750614502 38.305366722 3.675422440 -0.696332065 -0.044495953 0.062656735 0.713593651
3412.553305024 0.693288425 38.529837879 3.676142970 -0.686478483 -0.043300171 0.054657776 0.723798947
3412.585121344 0.635439439 37.775696482 4.819921080 -0.695708209 -0.020509947 0.047561529 0.716454695
3412.617002624 0.667710960 38.685020563 3.769610527 -0.695906639 -0.035832368 0.058202350 0.714872350
3412.685406368 0.641617398 38.871247662 3.789396317 -0.688759273 -0.038729357 0.051964545 0.722087520
3412.718530496 0.657262679 37.973578995 4.890864730 -0.689624334 -0.024422875 0.040849468 0.722601634
3412.752981568 1.071915242 37.630569494 5.282186030 -0.684018812 -0.040203192 0.040931821 0.727204617
3412.815911872 1.056668786 37.813280181 5.304283448 -0.684733073 -0.039734677 0.031804693 0.727014605
3412.849255648 0.668269459 38.476097802 5.004250770 -0.690962140 -0.024333986 0.031993590 0.721772533
3412.880952448 1.064232185 38.020946801 5.319171858 -0.685653552 -0.034369968 0.033005501 0.726366676
3412.943830016 1.047373142 38.203317399 5.333414852 -0.686983500 -0.038389484 0.031761325 0.724962852
3412.975206976 0.597736586 38.779589314 5.125906795 -0.693498632 -0.027571351 0.030656951 0.719277151
3413.006644352 1.028105266 38.384248523 5.353225435 -0.685602602 -0.042106049 0.028514227 0.726197695
3413.069742336 1.017996944 38.565231423 5.369491105 -0.686166769 -0.036383406 0.035797558 0.725651396
3413.101235264 0.414088658 39.355054809 5.250634336 -0.694337325 -0.019140111 0.035831242 0.718502232
3413.143538912 0.997011048 38.776719216 5.404291757 -0.688840456 -0.039179164 0.030086875 0.723227903
3413.212895520 0.981976263 38.967628196 5.421643239 -0.685603273 -0.037585920 0.031015848 0.726342528
3413.244901536 0.495298407 39.459107937 5.297723103 -0.692057767 -0.019026013 0.037708334 0.720605398
3413.278655008 0.967888552 39.165165517 5.440347283 -0.691403923 -0.035258221 0.033595763 0.720825081
3413.342592640 0.952011002 39.356288892 5.457841030 -0.687175955 -0.034682495 0.031177501 0.724992617
3413.374234240 0.437569555 39.765078853 5.307140825 -0.687333469 -0.018061115 0.034638356 0.725290758
3413.407778304 0.949390720 39.498697885 5.473343321 -0.684861749 -0.030089876 0.032955079 0.727305264
3413.473343616 0.935115811 39.694923436 5.488751595 -0.688616635 -0.031542486 0.031844285 0.723739002
3413.505113696 0.296518875 39.660887356 5.207961794 -0.690515599 -0.017528173 0.032818232 0.722359975
3413.536913408 0.921159517 39.879204707 5.507421283 -0.687509746 -0.035118757 0.032243508 0.724608431
3413.600130368 0.897833090 40.075020511 5.517443722 -0.692840829 -0.039259454 0.033616813 0.719235838
3413.640726944 0.401567873 39.926219515 5.334258754 -0.697506984 -0.023918999 0.035522702 0.715297160
3413.672662240 0.894628449 40.248001064 5.541106704 -0.691652146 -0.049944936 0.032813636 0.719754178
3413.736547648 0.877366543 40.440855116 5.555452291 -0.694304818 -0.050741720 0.038230101 0.716871367
3413.768190240 0.535434370 40.270709927 5.399583529 -0.700501779 -0.026637936 0.043482675 0.711826478
3413.800251744 0.856538151 40.632605498 5.570742163 -0.693008254 -0.049293539 0.036001072 0.718340887
3413.865493792 0.836148106 40.819753851 5.585414234 -0.693972764 -0.051473240 0.024874339 0.717728065
3413.899333632 0.714555972 40.913336579 5.543216129 -0.702403444 -0.033272477 0.035709642 0.710103630
3413.931669568 0.823585266 41.027888880 5.596008122 -0.695191777 -0.036095744 0.034868284 0.717070215
3413.996960064 0.803166784 41.224454712 5.608568139 -0.695557087 -0.042318827 0.027139123 0.716709791
3414.030266400 0.783975372 41.247243945 5.736796596 -0.703750066 -0.042648194 0.028620436 0.708588630
3414.062760000 0.792072962 41.418202934 5.615302051 -0.694361211 -0.037152987 0.031508256 0.717975900
3414.125934400 0.783318456 41.588662402 5.633880898 -0.694472011 -0.040468714 0.030259683 0.717743172
3414.157577568 0.748950631 41.581581171 5.767511316 -0.707455095 -0.045719857 0.027589291 0.704738117
3414.200692704 0.803034546 41.775256243 5.630458782 -0.695709546 -0.046685234 0.031931771 0.716092925
3414.264839008 0.782219530 41.967983206 5.650206781 -0.697291291 -0.051315269 0.033889084 0.714145033
3414.296128736 0.950517560 41.769456256 5.921276791 -0.709077429 -0.052514066 0.032870546 0.702403730
3414.327503744 0.760880851 42.141966959 5.676145526 -0.698333134 -0.051418424 0.032225673 0.713195966
3414.391148640 0.731539442 42.348876076 5.698501073 -0.692938636 -0.050707142 0.027433755 0.718687847
3414.422554496 1.043591671 42.116954066 6.092225451 -0.705571021 -0.054327974 0.029264359 0.705947309
3414.454321696 0.715528463 42.537695594 5.731300274 -0.692863917 -0.046634607 0.027585050 0.719029813
3414.519994720 0.694994223 42.716521877 5.741999674 -0.696441771 -0.047217310 0.025227327 0.715613699
3414.551376960 0.950523924 42.243983859 6.094799497 -0.709346105 -0.053449831 0.026853520 0.702317669
3414.583016640 0.682828201 42.862249633 5.754829261 -0.698133402 -0.042859468 0.028904545 0.714098975
3414.654125792 0.670479342 42.998067648 5.758905317 -0.697065760 -0.041064304 0.028335920 0.715269268
3414.686452992 0.962758496 42.510373852 6.195811548 -0.709291687 -0.052593079 0.026569868 0.702448085
3414.718318048 0.646346090 43.120763700 5.757018133 -0.705854208 -0.043529335 0.024192283 0.706604393
3414.782115200 0.636552979 43.220582584 5.767734008 -0.705876269 -0.040229821 0.026005262 0.706713507
3414.813488256 1.022880000 43.089631069 6.240231239 -0.708549410 -0.050985278 0.030167920 0.703170059
3414.844928416 0.631472661 43.297932979 5.774946456 -0.706539601 -0.040913123 0.028003383 0.705934642
3414.908611584 0.622349567 43.372121503 5.777093492 -0.708353425 -0.043175731 0.022597927 0.704173711
3414.940137696 1.282140716 43.682401960 6.281472600 -0.707590382 -0.058008213 0.028330368 0.703667740
3414.971887008 0.620929146 43.439797492 5.777899856 -0.709600634 -0.040854216 0.023429017 0.703028417
3415.035371712 0.615196008 43.488847094 5.779037804 -0.709867273 -0.040286232 0.024967925 0.702738982
3415.067233952 1.262225685 43.783004570 6.277132195 -0.709837414 -0.057216670 0.029382862 0.701422659
3415.100650048 0.612709176 43.528997824 5.780773726 -0.709888669 -0.041338477 0.023207500 0.702716600
3415.163722496 0.609584638 43.563009570 5.783601323 -0.709338441 -0.041510836 0.025314511 0.703189165
3415.195200576 1.053318321 43.850843215 6.340770436 -0.709520412 -0.054630081 0.028550435 0.701983769
3415.228788512 0.606561845 43.596742261 5.784257469 -0.709796669 -0.042638855 0.024882790 0.702674507
3415.296961824 0.603277488 43.625833325 5.785330353 -0.709594813 -0.042968002 0.026279674 0.702807464
3415.330102656 1.123739363 43.798923581 6.305201968 -0.708977616 -0.055502386 0.030888796 0.702364655
3415.361735872 0.599640661 43.654932077 5.784741120 -0.708640739 -0.043490282 0.023212260 0.703845217
3415.425560480 0.595034646 43.683618197 5.785137330 -0.707724187 -0.044127454 0.022802550 0.704740582
3415.458336064 0.968973304 43.683652971 6.270930066 -0.708132970 -0.053697636 0.028595204 0.703453321
3415.491337184 0.593861443 43.715262449 5.785605504 -0.707192557 -0.044437218 0.023616906 0.705227809
3415.556913952 0.591706653 43.742362808 5.785813910 -0.707916227 -0.044035437 0.023897839 0.704517132
3415.589399200 0.776366882 43.680892279 6.226094295 -0.708483891 -0.050461707 0.027045123 0.703400849
3415.622552416 0.588445949 43.767352108 5.788302456 -0.708680366 -0.044736883 0.023798564 0.703707595
3415.687528096 0.586657394 43.793171853 5.788498360 -0.708553803 -0.043831075 0.023961217 0.703886500
3415.720187680 0.767169195 43.764759056 6.236976466 -0.708306699 -0.049437631 0.027650287 0.703628455
3415.751730176 0.584573246 43.814942013 5.789897290 -0.709003601 -0.043648489 0.025236432 0.703400188
3415.814819968 0.581954048 43.834563521 5.791251656 -0.709389781 -0.044761931 0.025227922 0.702941008
3415.846879264 0.714868868 43.733545824 6.242244981 -0.708754703 -0.049928145 0.026927020 0.703170596
3415.878405344 0.580345899 43.854009512 5.791263140 -0.709695337 -0.045080440 0.025557916 0.702600225
3415.953065088 0.578746144 43.873499347 5.791130938 -0.709869580 -0.045503171 0.026258732 0.702371070
3415.997254400 0.564868166 44.011511832 6.339442206 -0.709637162 -0.048832703 0.026395314 0.702377216
3416.029502688 0.577961172 43.893517397 5.792464516 -0.710069082 -0.045320803 0.027190828 0.702145699
3416.102952896 0.576060119 43.911403471 5.792600090 -0.710781525 -0.045552034 0.027669053 0.701390804
3416.134601472 0.594130484 44.262475620 6.240348171 -0.707874239 -0.050529329 0.028450024 0.703954150
3416.166027616 0.575069004 43.922442599 5.793435219 -0.711121422 -0.045639656 0.026710731 0.701077658
3416.229491040 0.573333621 43.933883933 5.793389273 -0.711437384 -0.045900357 0.025899680 0.700770442
3416.261250080 0.590262518 44.284919240 6.242462645 -0.708240270 -0.051186080 0.026788685 0.703603633
3416.293138272 0.571878165 43.944593540 5.794095863 -0.711528086 -0.045879711 0.025847914 0.700681611
3416.358133952 0.570483577 43.953989620 5.794148517 -0.711270408 -0.045862702 0.026597753 0.700916242
3416.390455040 0.727084121 44.069839335 6.265396025 -0.709324995 -0.051291071 0.028971640 0.702415775
3416.423516896 0.570703018 43.961525194 5.795036521 -0.710904964 -0.045832199 0.028185911 0.701226851
3416.489872448 0.570461809 43.969666205 5.795472147 -0.710614033 -0.045446358 0.028795886 0.701522003
3416.521983488 0.863128947 43.835058344 6.246184469 -0.709366094 -0.052195283 0.030586152 0.702239193
3416.554471040 0.569937666 43.976577014 5.796425692 -0.710222964 -0.045063691 0.029189138 0.701926349
3416.618623008 0.569362751 43.983368478 5.796570046 -0.709921779 -0.045028575 0.028676568 0.702254334
3416.651889216 0.757053787 43.967868383 6.159539228 -0.707705350 -0.050648734 0.029636123 0.704066434
3416.683442592 0.567837425 44.001597892 5.798573901 -0.709810391 -0.044858210 0.028688001 0.702377355
3416.748106496 0.566305295 44.009167010 5.797721660 -0.709822260 -0.045325248 0.028552867 0.702340882
3416.781596224 0.487724898 44.407441489 6.284495794 -0.708382660 -0.048287958 0.027468544 0.703638941
3416.812922336 0.571070093 44.024927178 5.796183826 -0.709755472 -0.045485423 0.028985492 0.702380301
3416.876271616 0.568444258 44.031815039 5.796172777 -0.709542514 -0.045322639 0.029200911 0.702597030
3416.917338496 0.488590672 44.560862110 6.348968836 -0.708692509 -0.048858361 0.027669574 0.703279590
3416.951086848 0.566275169 44.021226116 5.796698731 -0.709408694 -0.045379353 0.029712747 0.702707032
3417.013709696 0.565404149 44.029817347 5.797586670 -0.709391637 -0.045029007 0.029580286 0.702752375
3417.045458176 0.637739819 44.102343139 6.408765151 -0.710434397 -0.050135482 0.027758043 0.701426327
3417.078296320 0.565423500 44.036024366 5.798157686 -0.709677992 -0.044810348 0.029914550 0.702463024
