3867.697142208 0.000000000 -0.000000000 1.000000000 -0.707106781 0.000000000 0.000000000 0.707106781
3868.134183008 -0.009472400 0.272749181 1.024779526 -0.686401851 -0.013736571 -0.015751388 0.726922073
3868.322730208 -0.018704788 0.623639640 1.031748611 -0.695643591 -0.016956616 0.016552595 0.717996155
3868.446936064 -0.043562292 0.907565857 1.027603310 -0.711782382 -0.037515269 0.025240638 0.700943189
3868.574573824 -0.054437993 1.210431946 1.043831580 -0.707323943 -0.016114256 0.042234393 0.705442716
3868.697180608 -0.086490791 1.529746603 1.040777184 -0.700393899 -0.015078483 0.023111735 0.713222878
3868.822626144 -0.106375759 1.850795218 1.061939774 -0.707396894 -0.013535970 0.056078718 0.704458366
3868.947196896 -0.142016733 2.178571321 1.084202339 -0.709251234 -0.019997462 0.032737910 0.703911228
3869.072207648 -0.165958449 2.507888782 1.092267398 -0.704887933 -0.001848733 0.035912237 0.708406589
3869.197833696 -0.194820952 2.856319073 1.114888502 -0.705372348 -0.011263858 0.032544932 0.707999861
3869.324362912 -0.204052242 3.222469201 1.126709990 -0.706278824 0.003834125 0.041227479 0.706721881
3869.448996384 -0.213864713 3.599089436 1.133815820 -0.708945832 0.014741141 0.048942926 0.703408200
3869.574199840 -0.228410508 3.980814955 1.145157846 -0.704869635 0.015216263 0.039305938 0.708083544
3869.700383392 -0.238237575 4.387736711 1.148860735 -0.724422830 0.014484732 0.045870103 0.687675570
3869.824048960 -0.266295337 4.790830496 1.145864381 -0.726336668 -0.001932152 0.067602811 0.684003780
3869.949230464 -0.298176258 5.169856396 1.176141101 -0.668285091 -0.002188208 0.064995180 0.741057269
3870.074200256 -0.317414715 5.566337687 1.230785960 -0.649902838 0.004005797 0.073613740 0.756433257
3870.199421824 -0.362959332 5.994329039 1.290944791 -0.676336122 -0.013563278 0.079068259 0.732211512
3870.386666272 -0.437146317 6.609840678 1.363237381 -0.675964235 -0.015280166 0.100844180 0.729841983
3870.574295648 -0.509783072 7.244300535 1.426222249 -0.689506063 -0.012488905 0.098615432 0.717426242
3870.699515520 -0.574636259 7.690857799 1.426712315 -0.722718038 -0.028473619 0.098015399 0.683564827
3870.827079360 -0.643370904 8.131424971 1.438606815 -0.710155372 -0.029520433 0.085268823 0.698238584
3870.949316032 -0.698630734 8.570655731 1.453061047 -0.702047329 -0.025399457 0.091271593 0.705800193
3871.075713056 -0.766376573 9.039651846 1.466043168 -0.709552197 -0.029104946 0.088936293 0.698411710
3871.199530400 -0.835710728 9.511138369 1.488119708 -0.702560606 -0.032028191 0.082497597 0.706099806
3871.324614816 -0.910740998 10.001406625 1.500447435 -0.713787592 -0.034013669 0.082934570 0.694602189
3871.449145312 -0.980760343 10.498804248 1.506860258 -0.710049239 -0.036472185 0.089054702 0.697545065
3871.574839968 -1.071230168 11.000565240 1.517890036 -0.711399815 -0.040030604 0.082532052 0.696775656
3871.699372096 -1.141694639 11.488067301 1.536392845 -0.704294017 -0.041203321 0.084288309 0.703681537
3871.824987776 -1.211404561 11.982474157 1.555467455 -0.702740444 -0.040798314 0.087813761 0.704826297
3871.948964064 -1.253106081 12.443974468 1.575411105 -0.702362170 -0.039932801 0.090643156 0.704894724
3872.074289056 -1.281383823 12.780679643 1.535997276 -0.699643887 -0.034382537 0.097772005 0.706934868
3872.200131264 -1.367990291 13.318294270 1.560771961 -0.698885572 -0.030329097 0.100932820 0.707426087
3872.324744736 -1.451294285 13.859048789 1.593549382 -0.696869384 -0.033873660 0.108106738 0.708193879
3872.449047072 -1.549204931 14.409669992 1.630118882 -0.692262118 -0.037190892 0.113151240 0.711749109
3872.574118176 -1.750594756 14.726636296 1.679262295 -0.695751048 -0.036251757 0.096431766 0.710856669
3872.699367360 -1.838723223 15.293050179 1.712973126 -0.696451699 -0.036222973 0.097062382 0.710085785
3872.824564832 -1.930905178 15.824716069 1.759118641 -0.691774874 -0.034660805 0.096867587 0.714746684
3872.949338272 -2.027701093 16.387761324 1.793089954 -0.698130104 -0.034561944 0.096602846 0.708581484
3873.074158816 -2.131524018 16.946926336 1.828774264 -0.693870241 -0.039940700 0.093877549 0.712836471
3873.199411264 -2.193879972 17.418302736 1.860379204 -0.697206760 -0.039238959 0.096395816 0.709274901
3873.324591872 -2.172907156 17.833801402 1.883348171 -0.695496875 -0.050004804 0.114235276 0.707625550
3873.449353632 -2.240409529 18.336705925 1.911043797 -0.689747305 -0.050918136 0.117226787 0.712680770
3873.574156448 -2.352965302 18.908805866 1.941104983 -0.690060916 -0.050571074 0.117780899 0.712310437
3873.699425952 -2.474684977 19.477479712 1.982539910 -0.687833795 -0.051438488 0.119402427 0.714130109
3873.824232672 -2.601888924 20.051309932 2.026002938 -0.688064214 -0.052930372 0.120126200 0.713677594
3873.949063296 -2.735967998 20.626544571 2.078938101 -0.683854957 -0.057365136 0.117882505 0.717743237
3874.074152576 -2.870261604 21.202810331 2.129366480 -0.684306142 -0.061802460 0.118165041 0.716897889
3874.199544096 -2.995069702 21.761115464 2.183978859 -0.679533888 -0.067118588 0.120095562 0.720628785
3874.324426656 -3.134794778 22.335545512 2.243918336 -0.678770661 -0.071199359 0.120268960 0.720927471
3874.449134912 -3.264634058 22.897319849 2.312178846 -0.674298378 -0.073792811 0.121409695 0.724662683
3874.573909856 -3.419964687 23.475539269 2.371012666 -0.668986561 -0.070537313 0.118714260 0.730334439
3874.699598400 -3.524379525 24.031705346 2.451814072 -0.667790227 -0.055896620 0.110499711 0.733976563
3874.824991808 -3.660619188 24.583174210 2.537293451 -0.675989289 -0.055835176 0.109773860 0.726547048
3874.949135712 -3.768241281 24.993818040 2.635567558 -0.678124618 -0.062942489 0.112804245 0.723505665
3875.074255616 -3.853398727 25.488617756 2.702505143 -0.677513504 -0.067806002 0.109853492 0.724092541
3875.199319232 -3.979603541 25.993761610 2.778776602 -0.664857272 -0.075679264 0.109288643 0.735046562
3875.324694752 -4.062748266 26.450391471 2.858878601 -0.660416485 -0.088576919 0.110457268 0.737430259
3875.449067584 -4.196630229 27.119204949 2.931034654 -0.688304562 -0.107959615 0.103769869 0.709798116
3875.574239296 -4.322446198 27.585645928 3.005066937 -0.656803154 -0.089642654 0.128036099 0.737685955
3875.703133632 -4.452097336 28.081840708 3.074258163 -0.662986081 -0.067967242 0.138075079 0.732642603
3875.824638176 -4.608070940 28.629608579 3.112226011 -0.703633091 -0.078812801 0.107861742 0.697893158
3875.949050656 -4.760660106 29.140332056 3.159133759 -0.655788079 -0.095356102 0.102064444 0.741911085
3876.074059712 -4.793687951 29.677532779 3.244320451 -0.654935927 -0.078243927 0.110296544 0.743486040
3876.199570752 -5.075170008 30.019045224 3.337218688 -0.673774535 -0.075781673 0.113201676 0.726271571
3876.324206176 -5.350732051 30.336717059 3.402495772 -0.680637323 -0.075557281 0.102386590 0.721485217
3876.449108544 -5.461575769 30.804643029 3.442153620 -0.684994154 -0.073219317 0.094586694 0.718662158
3876.574211104 -5.573618091 31.283781928 3.503465127 -0.676469746 -0.070605177 0.096786448 0.726660839
3876.699083072 -5.659951738 31.736908613 3.521222094 -0.664241424 -0.060205514 0.100484836 0.738282753
3876.824255168 -5.755727015 32.253150582 3.583179314 -0.681553225 -0.063541638 0.101090986 0.721961407
3876.948976512 -5.850124613 32.721898499 3.666328674 -0.672630460 -0.054553083 0.106467358 0.730244429
3877.074028672 -5.936380731 33.188914044 3.732748735 -0.659465539 -0.052426622 0.110711376 0.741687025
3877.199346464 -6.034409755 33.670196504 3.780736328 -0.683079068 -0.057566480 0.107522970 0.720088813
3877.325126560 -6.144819889 34.113532526 3.817517287 -0.690436684 -0.057223164 0.106321541 0.713244997
3877.448995296 -6.249678673 34.571179904 3.868724448 -0.683703475 -0.067031931 0.118953570 0.716872602
3877.574310496 -6.372317389 35.000837370 3.892359745 -0.687686194 -0.076382053 0.114886912 0.712779404
3877.699987968 -6.506641243 35.439204527 3.945260581 -0.682250678 -0.086304497 0.132431125 0.713825989
3877.824175616 -6.626408311 35.890396866 3.999893379 -0.676869308 -0.087457235 0.131472446 0.718967431
3877.949250592 -6.767018078 36.335010736 4.045492790 -0.668020939 -0.090362469 0.136701508 0.725875572
3878.074389152 -6.888663086 36.746691908 4.092590255 -0.671799893 -0.081801236 0.140502537 0.722670394
3878.199238912 -7.025293991 37.165117638 4.144178844 -0.670882732 -0.075977315 0.135897397 0.725034968
3878.324124512 -7.143241755 37.584631336 4.201297419 -0.668069300 -0.070111438 0.143847581 0.726688152
3878.449018048 -7.275840886 38.015217540 4.240081566 -0.676775130 -0.083485467 0.138430504 0.718221829
3878.574017632 -7.401861938 38.441911827 4.281898052 -0.680641574 -0.078510110 0.135088983 0.715761257
3878.699187808 -7.531180106 38.876174749 4.330249295 -0.678850085 -0.079893209 0.131088938 0.718049669
3878.824428704 -7.655505865 39.312493491 4.382173074 -0.677754227 -0.073893192 0.137199182 0.718585686
3878.949033792 -7.778760323 39.758689957 4.422472520 -0.676865208 -0.067650718 0.133117109 0.720802820
3879.074084448 -7.906171664 40.190631819 4.468222759 -0.677513424 -0.084635413 0.151220855 0.714803931
3879.199067552 -8.053745330 40.620834083 4.504730641 -0.682870391 -0.103079397 0.148465218 0.707828190
3879.324336480 -8.208078288 41.057695754 4.542274509 -0.685771877 -0.101251053 0.149729001 0.705015165
3879.449170496 -8.369054323 41.488171499 4.585404691 -0.676570534 -0.104127900 0.152893495 0.712764528
3879.574304736 -8.544378136 41.918314495 4.615840266 -0.680809796 -0.116100949 0.157165492 0.705916142
3879.699098720 -8.723304376 42.337308422 4.653338401 -0.672132928 -0.120750650 0.152241479 0.714478229
3879.824184416 -8.898026303 42.777013341 4.689849726 -0.675122011 -0.112848767 0.141505946 0.715158370
3879.948972448 -9.067108659 43.214882547 4.722454124 -0.689845400 -0.112884414 0.152888594 0.698566755
3880.074197408 -9.238749411 43.666547874 4.754779077 -0.696917913 -0.113099375 0.153015065 0.691448005
3880.199004224 -9.411387760 44.099811315 4.782213682 -0.695969481 -0.113287666 0.151599622 0.692683146
3880.324214848 -9.571963957 44.538692596 4.799183746 -0.710333207 -0.108717509 0.152113125 0.678578540
3880.449035232 -9.714790838 44.915580862 4.810589579 -0.704341285 -0.101368653 0.147800860 0.686864365
3880.577507136 -9.836934856 45.232489710 4.821467018 -0.704242660 -0.096632349 0.139271055 0.689425876
3880.761516160 -9.970097941 45.577426696 4.832551049 -0.705077069 -0.095190181 0.138469658 0.688934910
3880.886626720 -10.032724042 45.739701208 4.839662283 -0.704487910 -0.099160177 0.140300869 0.688607080
3881.136760672 -10.106574884 45.946183044 4.851463257 -0.700370752 -0.103213467 0.146317803 0.690955057
3881.574215584 -10.161558633 46.095325736 4.857707468 -0.697300551 -0.103182660 0.150219795 0.693223841
