407.215664192 0.000000000 -0.000000000 1.000000000 -0.707106781 0.000000000 0.000000000 0.707106781
407.524571392 -0.003151671 0.215373969 1.011245461 -0.691329051 -0.006396861 -0.005843368 0.722488117
407.642212800 0.006855033 0.430764460 1.016184868 -0.706286619 0.005339645 -0.017300380 0.707694423
407.760005216 0.033766737 0.691141675 1.006050818 -0.714237693 0.022413320 -0.003473456 0.699535629
407.859244000 0.041755750 0.933731149 1.025771374 -0.713755270 0.017227480 -0.008288857 0.700134218
407.933564160 0.035457380 1.118276271 1.040531821 -0.700316638 -0.000203026 -0.009623779 0.713767433
408.008612896 0.038286786 1.323613394 1.024012525 -0.702749459 -0.000541328 0.018268654 0.711202616
408.080946112 0.022291399 1.526945231 1.024707201 -0.712006357 -0.016793964 0.032771210 0.701206787
408.153735200 -0.011767942 1.720530644 1.046337254 -0.709454843 -0.043823125 0.017466191 0.703170173
408.229350976 -0.024793514 1.907004444 1.061209857 -0.684071223 -0.034991150 0.043443564 0.727279065
408.314707072 -0.046583378 2.152985394 1.071863936 -0.694949715 -0.035469311 0.078943721 0.713831009
408.395458880 -0.095615779 2.383711865 1.081924679 -0.701239718 -0.053930829 0.069857745 0.707442025
408.471182688 -0.141848642 2.607575299 1.088165517 -0.704389671 -0.058699078 0.065521273 0.704341233
408.548372960 -0.183387204 2.843382458 1.095096887 -0.714517021 -0.051616544 0.087133891 0.692249120
408.629313312 -0.243365905 3.081501942 1.097787729 -0.706232231 -0.066287611 0.079903220 0.700326683
408.710264896 -0.292396927 3.335542222 1.106569026 -0.705954978 -0.060225411 0.081855204 0.700928096
408.793246144 -0.340620187 3.603341247 1.108640135 -0.713120169 -0.053035255 0.085141929 0.693828321
408.919484736 -0.422506264 4.010295710 1.123095660 -0.706669205 -0.062290664 0.074610227 0.700836516
409.001485408 -0.450423096 4.292684776 1.118024524 -0.714462786 -0.031657244 0.100787659 0.691652076
409.083211712 -0.507384893 4.581296577 1.112455207 -0.732981227 -0.045160188 0.084137290 0.673513173
409.147757888 -0.534856603 4.802879865 1.112348310 -0.725669449 -0.032445654 0.099747479 0.680001154
409.218286752 -0.565328389 5.038529615 1.129334294 -0.701030208 -0.023792772 0.100655226 0.705591296
409.280050304 -0.593998605 5.236164416 1.150372048 -0.660056764 -0.018782620 0.091805300 0.745348286
409.377007968 -0.635793852 5.571827698 1.197491174 -0.644990435 -0.025481628 0.099189770 0.757297442
409.472712928 -0.693593881 5.921731229 1.248358164 -0.668055361 -0.045149597 0.105158598 0.735258606
409.568464992 -0.766044783 6.263225927 1.288871015 -0.681211619 -0.056595226 0.103200659 0.722563031
409.665875552 -0.829127827 6.603464374 1.322152104 -0.684028140 -0.044889405 0.117820161 0.718476760
409.796733440 -0.917542881 7.082915300 1.368383284 -0.679357616 -0.033735441 0.114393280 0.724050638
409.892810496 -0.986924656 7.449378443 1.395522951 -0.705598093 -0.045541865 0.115579188 0.697637959
409.988052096 -1.070092072 7.816072132 1.390938112 -0.724543830 -0.058587539 0.126093853 0.675058575
410.085655328 -1.169389050 8.172514407 1.397472691 -0.704977302 -0.075652630 0.122118176 0.694529218
410.186496064 -1.264251826 8.542727701 1.410270451 -0.697355635 -0.072048453 0.135733293 0.700057577
410.250019680 -1.342093658 8.811734707 1.421553791 -0.700369548 -0.078491242 0.131701693 0.697119993
410.351118688 -1.451898111 9.216080304 1.438736234 -0.698811130 -0.076392634 0.136129181 0.698065911
410.414854912 -1.529381436 9.470232544 1.445644782 -0.697733168 -0.083941183 0.128306909 0.699756845
410.478902464 -1.605138366 9.737897799 1.449164236 -0.707938117 -0.083098527 0.133372368 0.688571034
410.548495200 -1.691449837 10.028421131 1.458673708 -0.714101162 -0.088170469 0.132291163 0.681751089
410.613184224 -1.772337735 10.290917796 1.459699615 -0.704313862 -0.093440737 0.132743184 0.691078909
410.714904960 -1.907309131 10.710214098 1.467737815 -0.702355591 -0.094885921 0.133043647 0.692815036
410.792647936 -2.009138581 11.036405139 1.473327533 -0.702794147 -0.095016961 0.134102543 0.692147868
410.895166912 -2.106472097 11.451931795 1.476443552 -0.696185495 -0.096017807 0.140143602 0.697471224
410.961498560 -2.200805897 11.743732211 1.489306559 -0.696787480 -0.093374437 0.143101342 0.696627898
411.025389568 -2.294734395 12.028901469 1.500568031 -0.695430855 -0.095629293 0.142553233 0.697789037
411.119828256 -2.257418948 12.314237164 1.520117190 -0.694495004 -0.094425336 0.161255592 0.694807297
411.183685056 -2.359735965 12.597785165 1.533277585 -0.695210127 -0.093211071 0.161674243 0.694158494
411.247864576 -2.460586932 12.886552098 1.551263175 -0.691688960 -0.090151722 0.163230061 0.697706956
411.315885696 -2.567489846 13.196051534 1.569860655 -0.691518251 -0.087986451 0.164825412 0.697777526
411.382910336 -2.666178839 13.495398990 1.585034835 -0.692813244 -0.084502259 0.160794870 0.697864017
411.450767680 -2.763341614 13.820194907 1.606875861 -0.693999184 -0.074996969 0.156941455 0.698648672
411.514203776 -2.856423952 14.113032362 1.628321035 -0.687463185 -0.073942185 0.156129635 0.705372568
411.608840672 -2.991551062 14.561295379 1.663619530 -0.688354618 -0.075756084 0.158490330 0.703782460
411.700690592 -3.151552356 14.816121331 1.693950229 -0.695316664 -0.072498447 0.151231132 0.698861830
411.761394880 -3.237402961 15.104139959 1.710011345 -0.689981140 -0.071561293 0.150648767 0.704350734
411.818997728 -3.318441047 15.385164834 1.727359447 -0.690781205 -0.072248654 0.149255466 0.703792771
411.908571552 -3.501542364 15.620526169 1.754530819 -0.688599913 -0.071649344 0.137685330 0.708335571
411.965879392 -3.579083764 15.902941583 1.770784689 -0.691977937 -0.071610943 0.136528742 0.705264710
412.024001440 -3.655736232 16.189683121 1.789854939 -0.694725178 -0.070183938 0.136234857 0.702759707
412.081424800 -3.733078102 16.463915383 1.809820088 -0.691146011 -0.069937876 0.134743635 0.706590432
412.170431552 -3.851576896 16.897881057 1.834538889 -0.692540924 -0.070066526 0.135184386 0.705126182
412.228410880 -3.931763160 17.178369571 1.850704299 -0.693719954 -0.071704515 0.133179949 0.704183349
412.285873792 -4.008808809 17.460789386 1.872590794 -0.695767331 -0.069450343 0.133577031 0.702311645
412.346386656 -4.018181952 17.695450465 1.896482882 -0.695251423 -0.072323498 0.137300582 0.701814306
412.444904448 -4.136222283 18.159182243 1.920667290 -0.688370960 -0.070002138 0.138203161 0.708621908
412.509257440 -4.218158285 18.458287666 1.941177698 -0.689174303 -0.068869890 0.139043539 0.707787124
412.572832256 -4.310825712 18.799895388 1.963112235 -0.689579386 -0.068315684 0.138352233 0.707581725
412.630661024 -4.389191248 19.087925430 1.984121322 -0.690962001 -0.067104625 0.137289790 0.706555020
412.688246400 -4.467443300 19.375093125 2.004209587 -0.690060134 -0.068624591 0.137227152 0.707302189
412.747904608 -4.548119162 19.672709764 2.024058524 -0.692497051 -0.068941193 0.137437331 0.704844612
412.811212672 -4.635747917 19.983681778 2.048047813 -0.687765349 -0.070890366 0.137154714 0.709325006
412.874022624 -4.723375387 20.295567250 2.072687774 -0.686818268 -0.072510406 0.135858668 0.710327622
412.937121792 -4.813896559 20.608628101 2.098717733 -0.686052335 -0.075986628 0.135313980 0.710808239
413.003587552 -4.915034665 20.937517161 2.130293788 -0.683980312 -0.079224138 0.134880823 0.712531846
413.068941856 -5.013409078 21.260010655 2.157450309 -0.683539099 -0.083855983 0.139071978 0.711618900
413.140776032 -5.126746801 21.610776143 2.194806552 -0.677236253 -0.092952237 0.138298046 0.716648163
413.213855744 -5.241060242 21.974453133 2.228337003 -0.680726204 -0.093561698 0.140060749 0.712910254
413.274896032 -5.338555188 22.274494667 2.256667472 -0.678219215 -0.096907673 0.137259148 0.715393266
413.337810976 -5.436655515 22.587140297 2.286062332 -0.676203465 -0.096097303 0.140584853 0.716763616
413.401069184 -5.532901034 22.897005267 2.320721966 -0.673525788 -0.097648180 0.141188973 0.718953072
413.466404704 -5.636591372 23.216512104 2.358708235 -0.667087532 -0.097003733 0.142856365 0.724690664
413.529077472 -5.732911127 23.523384686 2.397950005 -0.669097525 -0.095608216 0.144770357 0.722640377
413.594379488 -5.836369575 23.839419181 2.438675241 -0.664553789 -0.095596903 0.144467501 0.726882821
413.657364160 -5.932369073 24.140960816 2.483261237 -0.664826822 -0.092141345 0.148955606 0.726173187
413.721719584 -6.039620790 24.452401444 2.518858755 -0.669273127 -0.099934795 0.142915862 0.722261431
413.784765632 -6.135746646 24.751981656 2.561386713 -0.674385929 -0.099706859 0.143164083 0.717472095
413.848508960 -6.238196900 25.058704423 2.590977938 -0.672175966 -0.099363053 0.138182280 0.720563746
413.912640800 -6.336928197 25.365371346 2.628452278 -0.672540257 -0.096517228 0.134640093 0.721280856
413.976581504 -6.439202960 25.674123480 2.664411720 -0.671288822 -0.100488514 0.131452007 0.722491346
414.048435072 -6.547980972 26.006860124 2.714298386 -0.660882229 -0.104456529 0.135115264 0.730799137
414.111401664 -6.652899374 26.304652855 2.758719913 -0.656145750 -0.110508855 0.133387931 0.734484995
414.184082144 -6.778661155 26.644494370 2.814106768 -0.654604401 -0.121331800 0.130060748 0.734748851
414.246180864 -6.884254102 26.934401928 2.862745660 -0.654914414 -0.124751874 0.133595852 0.733264092
414.309743904 -7.003894228 27.248012387 2.887170016 -0.676964679 -0.133563580 0.128331332 0.712327638
414.373077632 -7.099196301 27.530461449 2.908535115 -0.688632559 -0.130335027 0.133733190 0.700652134
414.436797664 -7.230567575 27.793440606 2.961462124 -0.632805367 -0.121703917 0.139161188 0.751917341
414.502801088 -7.336200268 28.088525372 2.988093858 -0.647372137 -0.121104919 0.141310307 0.739103722
414.566848000 -7.429918203 28.350388184 3.050338827 -0.662929261 -0.121820503 0.132668838 0.726693567
414.629990688 -7.543274144 28.639170843 3.067088389 -0.686887960 -0.135658267 0.109236069 0.705584330
414.693025824 -7.620690233 28.905205804 3.098166549 -0.677724976 -0.108910873 0.132625951 0.715008836
414.756085120 -7.728797983 29.210767093 3.137464862 -0.639767281 -0.117871442 0.117825369 0.750280835
414.819247648 -7.818788621 29.481814546 3.191400941 -0.641828311 -0.104718607 0.123053774 0.749632044
414.883612032 -7.906886356 29.785815318 3.229031037 -0.654786460 -0.096212048 0.120093147 0.739983493
414.948532960 -7.970137426 30.070497573 3.308978798 -0.665935239 -0.084442353 0.115973845 0.732085933
415.013135840 -8.044658416 30.353522683 3.351110532 -0.663870877 -0.084159463 0.112680040 0.734503814
415.083959040 -8.133984596 30.640631884 3.372327798 -0.676472299 -0.092608609 0.102696654 0.723368696
415.154504992 -8.236005298 30.973325997 3.417642817 -0.675440010 -0.086747651 0.108342506 0.724235832
415.217584864 -8.317925899 31.250023996 3.435587930 -0.684678284 -0.090720976 0.103872891 0.715678541
415.284180928 -8.394135217 31.532555346 3.470960820 -0.675406059 -0.083416044 0.109448667 0.724492518
415.347801504 -8.459200867 31.801104283 3.509520363 -0.665707249 -0.071887897 0.116496896 0.733549223
415.415115584 -8.525573557 32.078103166 3.547417263 -0.665297770 -0.060585265 0.121737822 0.734090053
415.515552832 -8.628390979 32.506326734 3.620841670 -0.662545968 -0.065210150 0.133902322 0.734064469
415.578193952 -8.700174923 32.773245787 3.648326748 -0.675079984 -0.073291070 0.140343668 0.720554709
415.642940320 -8.774786025 33.025188919 3.689672556 -0.670188179 -0.068757892 0.141960781 0.725236026
415.706513472 -8.835554726 33.268006781 3.728600203 -0.647648813 -0.064251184 0.149644461 0.744331469
415.768967840 -8.914595362 33.523776369 3.763218018 -0.665505425 -0.071594796 0.144935614 0.728677146
415.832057920 -8.987781855 33.778719737 3.799706765 -0.671432390 -0.067757596 0.159107741 0.720605426
415.895295744 -9.079689045 34.030607696 3.828468867 -0.681322959 -0.088921941 0.153946491 0.710065062
415.958219872 -9.163164120 34.279798732 3.852061446 -0.676448798 -0.093833698 0.165939397 0.711390454
416.021866688 -9.256510891 34.529173781 3.872167044 -0.677520467 -0.107765740 0.157391796 0.710338218
416.086006752 -9.348941882 34.780136160 3.899598442 -0.675692646 -0.113839014 0.155634161 0.711518190
416.148874624 -9.428092575 35.018689995 3.938595307 -0.672096759 -0.100372828 0.169096456 0.713875081
416.211866464 -9.533006331 35.266461456 3.948038682 -0.683172113 -0.117808540 0.140667502 0.706830720
416.288157024 -9.637299916 35.557857686 3.988143078 -0.674255175 -0.102954910 0.169128183 0.711460402
416.351846784 -9.739137347 35.801907666 4.013765641 -0.672133732 -0.116307549 0.164536099 0.712486261
416.416835904 -9.836516537 36.045127123 4.037936273 -0.671795332 -0.118144598 0.167022404 0.711924436
416.480555008 -9.927996705 36.276927620 4.076041342 -0.666430420 -0.112134468 0.172771579 0.716551699
416.544798144 -10.032919651 36.517465935 4.104515086 -0.666139483 -0.117187534 0.167423154 0.717282900
416.607571936 -10.131389623 36.753909227 4.128287391 -0.667510833 -0.117388696 0.172369792 0.714799158
416.670635328 -10.236691008 36.982484034 4.161660251 -0.664233221 -0.115831376 0.171599581 0.718283304
416.733203424 -10.335554747 37.219735257 4.189501473 -0.661969947 -0.116571045 0.169943532 0.720642891
416.796488960 -10.430037174 37.461516336 4.223005301 -0.666167888 -0.110801090 0.179442123 0.715362836
416.912411232 -10.613224191 37.881386347 4.278468024 -0.666664985 -0.121893993 0.167568041 0.715975282
416.977207104 -10.716552039 38.132789001 4.312446471 -0.667770033 -0.121852094 0.168066289 0.714834927
417.042489312 -10.817635439 38.373856106 4.343263552 -0.661277934 -0.125947425 0.155643699 0.722927229
417.136771136 -10.957132118 38.745232268 4.387661156 -0.663609024 -0.118827822 0.158598088 0.721352659
417.202266656 -11.056095097 38.996159622 4.417707254 -0.666955189 -0.115506248 0.163574061 0.717685592
417.305566656 -11.213485621 39.400087931 4.472089217 -0.664550268 -0.114358169 0.166246171 0.719484094
417.399978176 -11.358167218 39.767993659 4.511409509 -0.667785434 -0.110184266 0.161574176 0.718203194
417.464269056 -11.458993421 40.013737370 4.545536036 -0.672417984 -0.115611092 0.159410806 0.713495848
417.527277216 -11.555821267 40.260414153 4.574769892 -0.666874484 -0.118122565 0.167651944 0.716392565
417.622327552 -11.712801640 40.627494632 4.611682168 -0.671753352 -0.130625509 0.164045088 0.710474222
417.718323648 -11.864789741 41.000427230 4.648851136 -0.678531366 -0.128115518 0.165096483 0.704219249
417.816287040 -12.019569311 41.366012495 4.686775908 -0.673887149 -0.127547062 0.166900387 0.708344632
417.880570496 -12.135260665 41.618022675 4.711596903 -0.670289213 -0.135488236 0.162096033 0.711393129
417.945607072 -12.249808813 41.873165781 4.732972805 -0.672243548 -0.137458275 0.170275177 0.707248329
418.008433600 -12.367135388 42.119017184 4.756057630 -0.679904040 -0.147014936 0.163291432 0.699609186
418.071871136 -12.476230077 42.354123280 4.785303046 -0.661740838 -0.141848290 0.166278373 0.717167783
418.166910880 -12.642577757 42.725471290 4.816759238 -0.665195236 -0.140497325 0.160531134 0.715545634
418.264140192 -12.803731975 43.096983315 4.855966023 -0.680304694 -0.133812228 0.172773138 0.699592206
418.328294496 -12.927999523 43.355508203 4.870774446 -0.687591915 -0.142030814 0.158678110 0.694165588
418.423794624 -13.100610531 43.736174689 4.895739711 -0.691211404 -0.136910160 0.155443847 0.692329122
418.517950624 -13.267015571 44.102953621 4.915521602 -0.690950978 -0.137884630 0.153730003 0.692778219
418.580848000 -13.369494529 44.341689450 4.928877318 -0.692708968 -0.135606264 0.159780509 0.690098121
418.644104544 -13.467668546 44.563884817 4.938906073 -0.697704322 -0.136963872 0.163353688 0.683933586
418.738398752 -13.602378518 44.852747208 4.949847371 -0.697705828 -0.141992838 0.156333035 0.684546998
418.834325120 -13.714844465 45.103522712 4.964214698 -0.694861127 -0.139658578 0.163646530 0.686209377
418.938456544 -13.816262153 45.332180560 4.971921200 -0.693746980 -0.141635624 0.163064031 0.687069574
419.065643136 -13.911250195 45.547670004 4.989196104 -0.688914584 -0.134625280 0.163287550 0.693260345
419.254172672 -14.019295568 45.779610821 5.001037974 -0.689897233 -0.131704350 0.161026750 0.693373030
419.477345888 -14.089242948 45.941543696 5.011738487 -0.690142935 -0.132240098 0.163718431 0.692395523
