1213.862968032 0.000000000 -0.000000000 1.000000000 -0.707106781 0.000000000 0.000000000 0.707106781
1214.612810880 0.068559111 0.824875165 1.034454478 -0.694889939 -0.002018672 -0.006803483 0.719081088
1215.112587520 0.131822133 2.236067943 1.101534290 -0.706311031 0.006212395 -0.011555287 0.707780056
1215.612699552 0.173572466 3.845353123 1.157262878 -0.709644199 -0.002529158 -0.010354246 0.704479598
1216.112811840 0.223829087 5.707140449 1.183730017 -0.706975005 -0.011069452 -0.010153233 0.707079007
1216.612638848 0.343088666 7.649300048 1.237766757 -0.704516332 0.014738917 0.003977305 0.709523561
1217.112439040 0.423487932 9.637100977 1.296997405 -0.725403322 -0.009765272 0.001119159 0.688253883
1217.612655232 0.466254982 11.667565098 1.328000983 -0.703199915 0.003313171 -0.026898059 0.710475472
1218.112720768 0.689459763 13.812960491 1.451352911 -0.721353995 0.030187247 -0.043537220 0.690537222
1218.612413888 0.812646485 14.895027040 1.455575447 -0.688505493 0.036790811 -0.021690586 0.723972473
1219.112603040 1.055287666 16.984778626 1.618172251 -0.688632396 0.033487069 -0.023696707 0.723949242
1219.612681120 0.985979049 17.428350627 1.658443235 -0.694481614 0.023424772 -0.030097953 0.718498908
1220.112635360 0.884261055 18.269439556 1.696261372 -0.682812885 0.029536968 -0.046311947 0.728525452
1220.614941952 0.884261055 18.269439556 1.696261372 -0.682812885 0.029536968 -0.046311947 0.728525452
1221.112557824 0.792289215 18.447639618 1.786202373 -0.683037943 0.062020833 -0.061165329 0.725169902
1221.612634720 0.792289215 18.447639618 1.786202373 -0.683037943 0.062020833 -0.061165329 0.725169902
1222.112706976 0.792289215 18.447639618 1.786202373 -0.683037943 0.062020833 -0.061165329 0.725169902
1222.612704544 0.792289215 18.447639618 1.786202373 -0.683037943 0.062020833 -0.061165329 0.725169902
1222.862339488 0.792289215 18.447639618 1.786202373 -0.683037943 0.062020833 -0.061165329 0.725169902
1224.112600608 0.792289215 18.447639618 1.786202373 -0.683037943 0.062020833 -0.061165329 0.725169902
1224.612470176 1.829178900 19.547653491 1.985464367 -0.674014532 0.118904578 -0.092912535 0.723141323
1225.112275104 1.537151959 19.281093732 1.935251422 -0.663377890 0.139542279 -0.065645766 0.732221524
1225.612232480 1.945396721 20.403873312 2.115976483 -0.662327749 0.107667133 -0.059600256 0.739038261
1226.112229792 2.494690349 21.547007065 2.293960351 -0.660761371 0.082357450 -0.050249624 0.744369959
1226.612200352 2.786467294 22.238547386 2.336940011 -0.640945494 0.126989661 -0.062476007 0.754426436
1227.112773344 3.246579490 23.549687043 2.656263839 -0.654655541 0.146332645 -0.068493430 0.738458888
1227.612224000 3.368269904 23.921541421 2.716769106 -0.656557388 0.133240495 -0.078116096 0.738293466
