3400.636663232 0.000000000 -0.000000000 1.000000000 -0.707106781 0.000000000 0.000000000 0.707106781
3401.136607488 0.009467229 0.359592681 1.023722943 -0.695269108 0.003747000 0.019235737 0.718482299
3401.326159104 0.009170955 0.756105621 1.043055014 -0.691456186 0.000006391 0.009703720 0.722353224
3401.511815520 0.020314675 1.248476694 1.074616640 -0.698204508 -0.002427333 0.005729095 0.715871323
3401.637169504 0.033722119 1.614851238 1.093661305 -0.701661098 0.003256052 0.007387898 0.712465101
3401.761666240 0.045660044 2.000083354 1.113079928 -0.702080310 0.009638165 0.006622284 0.712001748
3401.886647616 0.057124999 2.399297645 1.132806611 -0.704342450 0.011208239 -0.001141622 0.709770938
3402.011849504 0.062384056 2.795549462 1.144789454 -0.704549806 -0.008980219 0.004054496 0.709586138
3402.136586496 0.057776694 3.211083634 1.158895041 -0.709461304 -0.012101663 -0.001220686 0.704639424
3402.261535520 0.078809108 3.639097384 1.166970461 -0.706800488 0.008215785 -0.003416503 0.707356981
3402.386933984 0.093575676 4.084135406 1.178231636 -0.708083624 0.010435152 -0.004462898 0.706037373
3402.512211200 0.116014784 4.551802262 1.185428575 -0.706972847 0.014888623 -0.000376469 0.707083857
3402.637009824 0.135639176 5.012862652 1.197276068 -0.712570297 0.007472438 -0.003959925 0.701549752
3402.761792064 0.159294442 5.468963038 1.207561366 -0.713874941 -0.008300218 -0.003899430 0.700213160
3402.886294400 0.161090829 5.926055794 1.223460972 -0.707903667 -0.014763538 0.006801490 0.706121927
3403.012011712 0.155556212 6.413169957 1.235154265 -0.708265038 -0.009593557 0.005267032 0.705861784
3403.136253984 0.152559870 6.906708819 1.254637669 -0.702892199 -0.008694989 -0.007862824 0.711199782
3403.261489088 0.155586912 7.406081970 1.264420493 -0.708442278 -0.003845963 -0.014321164 0.705612962
3403.386564832 0.181743095 7.906355005 1.289080577 -0.705463356 0.010007065 -0.022784267 0.708309388
3403.511739328 0.212099925 8.404968470 1.309492659 -0.698310864 0.004422097 -0.032725871 0.715032446
3403.636569632 0.253403134 8.901026531 1.324506901 -0.707105077 0.005130099 -0.021740375 0.706755579
3403.761500128 0.278800701 9.413516605 1.341102630 -0.707989462 -0.005576215 -0.035456029 0.705310355
3403.886708416 0.305917653 9.945206585 1.324416841 -0.734612543 -0.009520435 -0.043743674 0.677008319
3404.011571744 0.345362226 10.450474536 1.317785160 -0.717263481 -0.001998690 -0.049541822 0.695035763
3404.136872544 0.386415536 10.974985451 1.322595225 -0.713699386 -0.003507223 -0.044453092 0.699031336
3404.261914528 0.440314329 11.503113039 1.344091734 -0.706142543 0.020428693 -0.050093228 0.706000032
3404.386708288 0.515724316 12.030633973 1.363913300 -0.703611130 0.040948073 -0.045150650 0.707966138
3404.511892352 0.595341016 12.564929444 1.387248723 -0.703839484 0.041826218 -0.053197543 0.707128397
3404.636797664 0.676111204 13.092273796 1.400153501 -0.715016072 0.040535540 -0.052242734 0.695973839
3404.762750112 0.756018136 13.629809677 1.394845001 -0.727817254 0.036624326 -0.044404808 0.683351239
3404.886647008 0.834840593 14.151917795 1.401439612 -0.711450608 0.041721792 -0.053986938 0.699415996
3405.012132160 0.931244780 14.689296949 1.408847129 -0.709286198 0.063853934 -0.058267307 0.699600376
3405.136608992 1.023209554 15.217130304 1.430212388 -0.696227386 0.059869164 -0.038283418 0.714295100
3405.261724832 1.111763890 15.762803923 1.444773027 -0.714428014 0.059724948 -0.058743380 0.694676010
3405.388609536 1.230303802 16.273999036 1.468408685 -0.673285677 0.092662111 -0.045475352 0.732142147
3405.511602528 1.347082675 16.811710916 1.470201366 -0.721752165 0.101275321 -0.040722525 0.683490160
3405.636922368 1.466055671 17.333055439 1.466173122 -0.717637313 0.092164382 -0.044768115 0.688838319
3405.761570560 1.586795669 17.868595044 1.470945150 -0.711493287 0.088307260 -0.057353811 0.694758714
3405.886598144 1.708895865 18.407643369 1.483173181 -0.703969036 0.080947884 -0.061071014 0.702954741
3406.012390176 1.829389192 18.957764959 1.503718554 -0.703621851 0.070601892 -0.061732879 0.704358371
3406.136640384 1.940889092 19.525948059 1.519754653 -0.710939475 0.059597845 -0.057461534 0.698363324
3406.261495232 2.052210951 20.096408626 1.529961492 -0.711605299 0.061472753 -0.058893291 0.697402739
3406.386582688 2.167882873 20.671453738 1.540355450 -0.708454273 0.063490696 -0.058829088 0.700428878
3406.512783328 2.269107666 21.241040415 1.557213312 -0.701743279 0.057335549 -0.061340627 0.707464722
3406.636596832 2.308275961 21.580788692 1.552728742 -0.698589472 0.059116928 -0.058070733 0.710707906
3406.761891936 2.309632835 21.744103928 1.561017461 -0.701632399 0.055029521 -0.064132796 0.707510221
3406.886404192 2.370625148 22.186533777 1.586661586 -0.698221381 0.034325560 -0.056015148 0.712861110
3407.012784192 2.471604113 22.721666544 1.615135179 -0.697522292 0.030073683 -0.051238604 0.714095814
3407.141872832 2.557323382 23.307170292 1.657684695 -0.696234694 0.027052972 -0.049892858 0.715566971
3407.261846976 2.780225156 23.668942317 1.679330191 -0.698677053 0.021926100 -0.028098255 0.714548885
3407.386713280 2.842987060 24.240066121 1.716378804 -0.695584095 0.017027497 -0.028631442 0.717671981
3407.511966432 2.915279144 24.820075573 1.755617590 -0.697749214 0.020124046 -0.031396347 0.715370762
3407.637851840 2.970582054 25.405697321 1.803939020 -0.691669891 0.021262078 -0.029392442 0.721302135
3407.763192192 3.006548064 25.967059706 1.854619547 -0.694265216 0.019024885 -0.029491983 0.718863051
3407.886930592 2.879140835 26.412373753 1.891786752 -0.694888697 0.024689013 -0.046088776 0.717214037
3408.011940864 2.776816752 26.851452234 1.938900957 -0.700322889 0.032142013 -0.062374859 0.710369002
3408.136535648 2.709485978 27.251052815 1.952138046 -0.699079408 0.050831304 -0.087920974 0.707795212
3408.261809600 2.747261560 27.782776964 1.971274109 -0.695915457 0.052584082 -0.094766457 0.709898521
3408.386544352 2.879453145 28.360598853 1.997436710 -0.698990720 0.054104924 -0.091257381 0.707217591
3408.512633280 3.020189854 28.840006933 2.040852553 -0.698528329 0.052240579 -0.088075180 0.708217380
3408.639164064 3.160781333 29.360942359 2.106450442 -0.698795900 0.046387671 -0.089301355 0.708207415
3408.761727456 3.324446100 29.834549786 2.151870559 -0.696199535 0.053928776 -0.092883966 0.709767894
3408.886511360 3.488790945 30.412133519 2.187218452 -0.694419742 0.066461611 -0.093005611 0.710432285
3409.012572832 3.624628363 30.971648129 2.222144526 -0.693834717 0.064420530 -0.087775840 0.711855872
3409.136683936 3.765161033 31.521869489 2.265323848 -0.692114768 0.063643467 -0.084753495 0.713963236
3409.261658656 3.894346176 32.051949985 2.313748174 -0.686334301 0.063167793 -0.083123820 0.719753769
3409.386662272 3.872057608 32.693973067 2.418401015 -0.679195791 0.065954475 -0.087157783 0.725773109
3409.515226432 3.993200562 33.233629749 2.469664055 -0.685463241 0.061461737 -0.087726323 0.720185179
3409.637407776 4.110172712 33.771509118 2.515253204 -0.688752554 0.057892044 -0.083730376 0.717814499
3409.762375040 4.211333825 34.076470380 2.549042088 -0.688941326 0.049332202 -0.087807668 0.717785481
3409.886822016 4.317844552 34.495700134 2.590427796 -0.688484339 0.042752500 -0.088309046 0.718584060
3410.012325248 4.420500723 34.993551740 2.658409368 -0.668059114 0.037888185 -0.094153469 0.737154414
3410.137292096 4.506540713 35.419955510 2.674790652 -0.719179149 0.034492998 -0.099414661 0.686810243
3410.262121600 4.641074436 35.916769223 2.682686374 -0.714460750 0.072111186 -0.114861705 0.686405567
3410.387090176 4.825178134 36.381002502 2.691786929 -0.709156799 0.108373895 -0.129392420 0.684550462
3410.512611424 5.039605827 36.810138586 2.667473954 -0.723488809 0.123516845 -0.156931280 0.660817755
3410.636887552 5.257762293 37.243574798 2.671995855 -0.689902266 0.146913074 -0.182422867 0.684962269
3410.761562240 5.484839854 37.604901458 2.746869988 -0.629820124 0.171581685 -0.228786613 0.722179356
3410.886520160 5.806894401 38.042627680 2.810115958 -0.663576218 0.204672409 -0.234335248 0.680340208
3411.011568672 6.063586286 38.331691073 2.845523951 -0.656922052 0.218649238 -0.237235879 0.681443369
3411.135915712 6.284167549 38.495787967 2.823912637 -0.659563012 0.216515095 -0.232557586 0.681186329
3411.259519136 6.570518411 38.845842209 2.867099024 -0.660467547 0.218961816 -0.249541896 0.673473967
3411.384426816 6.903668205 39.215022943 2.919181139 -0.643715945 0.229904130 -0.266715784 0.679438418
3411.509798144 7.233524335 39.579997461 2.951102054 -0.654404870 0.230057154 -0.264378627 0.670023816
3411.634071968 7.577405465 39.934413056 2.977419749 -0.661302808 0.248681683 -0.246441749 0.663402202
3411.758867488 7.914561292 40.292013730 3.002800398 -0.646435650 0.262080004 -0.245274041 0.673257504
3411.885951744 8.263387561 40.650662839 3.036038180 -0.641513880 0.271249994 -0.251431978 0.672060521
3412.011729216 8.592552524 41.005419299 3.060149977 -0.646480325 0.248951643 -0.262687609 0.671626004
3412.134663168 8.931536508 41.363561071 3.096500238 -0.653343105 0.244825070 -0.260420329 0.667371504
3412.259349984 9.257374146 41.722690238 3.122086947 -0.648700294 0.234726252 -0.271503344 0.671101668
3412.385351232 9.589601275 42.066716591 3.167351913 -0.645517864 0.242396033 -0.263482158 0.674631754
3412.514011456 9.942834047 42.420764351 3.190208154 -0.656253190 0.261893158 -0.258468775 0.658739415
3412.636620960 10.258653792 42.749023895 3.222472293 -0.652162645 0.241135830 -0.262610066 0.669009229
3412.761564896 10.583742187 43.090632119 3.248022558 -0.654936380 0.236419732 -0.246954918 0.673926789
3412.886683072 10.900082003 43.444532575 3.276986085 -0.658690926 0.226322633 -0.253587066 0.671265916
3413.011806208 11.220840355 43.794545203 3.303825580 -0.664042568 0.242582902 -0.259684752 0.657848640
3413.136637056 11.532503072 44.143721155 3.334446174 -0.658028729 0.246885044 -0.265950336 0.659785106
3413.261516448 11.851314450 44.458658623 3.364944476 -0.639720788 0.267751186 -0.278495965 0.664459641
3413.386591104 12.188152981 44.764260800 3.405087004 -0.638029803 0.279595786 -0.282300374 0.659583707
3413.511872384 12.541599952 45.056002011 3.431539876 -0.631147438 0.294807582 -0.285330724 0.658276370
3413.636784896 12.890084716 45.335598118 3.463626381 -0.631402813 0.297011765 -0.278216883 0.660083226
3413.761434464 13.215941979 45.612457192 3.500011513 -0.622043401 0.288097535 -0.296295086 0.665034615
3413.886606016 13.527861046 45.862811638 3.513526084 -0.632625403 0.303619157 -0.296684270 0.647749142
3414.011812000 13.759919069 46.047364673 3.531076641 -0.637508396 0.323049598 -0.296863026 0.633320098
3414.136661536 13.929492324 46.183427298 3.533577344 -0.633294640 0.322765007 -0.309119636 0.631827271
3414.261706112 14.041126105 46.273017177 3.546039067 -0.630455711 0.314215186 -0.311045333 0.638000952
3414.511862112 14.173471598 46.376182841 3.555131984 -0.631122969 0.313471568 -0.305915280 0.640183736
