3225.966906272 0.000000000 -0.000000000 1.000000000 -0.707106781 0.000000000 0.000000000 0.707106781
3226.030137696 -0.000117927 -0.000100237 1.000107468 -0.707118335 0.000023058 -0.000050044 0.707095225
3226.093551040 -0.000069730 0.000185939 1.000033991 -0.707133180 -0.000018082 -0.000055731 0.707080379
3226.157585504 -0.000469388 -0.000263484 0.999682197 -0.707132674 0.000116494 -0.000165807 0.707080859
3226.221373216 0.002203218 0.003169957 1.003868622 -0.696658569 0.005192732 0.009473738 0.717321491
3226.284092608 0.000250119 0.032830024 1.011138902 -0.696323416 -0.002229757 0.021727342 0.717395742
3226.347756032 -0.013671741 0.087030602 1.001322802 -0.714323309 -0.019411293 0.020899354 0.699234316
3226.410787008 -0.027030581 0.150168101 1.010696710 -0.712125584 -0.027024749 0.035644287 0.700625649
3226.486727968 -0.057326626 0.243078929 1.004381349 -0.711612664 -0.057030365 0.031860473 0.699528315
3226.550073088 -0.071474216 0.336118673 1.009627220 -0.704751544 -0.058420438 0.047597967 0.705440818
3226.612864800 -0.097169160 0.447473645 1.013758574 -0.721413038 -0.080624325 0.046906681 0.686194368
3226.675552608 -0.119508048 0.550608834 1.005356081 -0.713941694 -0.096989730 0.046386443 0.691902123
3226.738671360 -0.128217248 0.669084137 1.001759913 -0.712383727 -0.080903595 0.062172353 0.694333229
3226.801915936 -0.141720733 0.798358851 1.007002857 -0.707561657 -0.068788348 0.066706755 0.700124898
3226.865373184 -0.162616891 0.940883241 1.009801186 -0.713778138 -0.065646846 0.066252342 0.694133913
3226.929996480 -0.169241674 1.072569905 1.024356264 -0.698491305 -0.049307365 0.086439164 0.708665613
3226.992852800 -0.206465843 1.219495737 1.002976501 -0.709661914 -0.075029950 0.054492951 0.698413196
3227.055624160 -0.212391610 1.351465131 1.018730125 -0.698178828 -0.048306688 0.056206701 0.712076959
3227.118446432 -0.218891997 1.482109678 1.038578859 -0.698459649 -0.038576706 0.067773426 0.711387883
3227.181735776 -0.214585116 1.632716847 1.035834299 -0.720338541 -0.015429438 0.105435089 0.685388766
3227.244768128 -0.244544741 1.751159056 1.029630718 -0.692939198 -0.044511133 0.080192887 0.715138538
3227.307727200 -0.271992588 1.892829881 1.029389485 -0.703624363 -0.053481156 0.050000267 0.706790276
3227.370843360 -0.285271252 2.041441368 1.048047589 -0.713722877 -0.036768989 0.037749487 0.698443035
3227.445675104 -0.289294252 2.202823461 1.040963454 -0.701021623 -0.001374644 0.043627235 0.711802964
3227.508833344 -0.311411105 2.350646219 1.034209599 -0.711878451 -0.015160321 0.019357904 0.701872145
3227.571684064 -0.310406741 2.498856169 1.046416675 -0.707636262 -0.004364319 0.016967689 0.706359661
3227.634541760 -0.310097091 2.652026015 1.052658035 -0.707211973 -0.002555475 -0.001953022 0.706994258
3227.697254688 -0.293479962 2.804237293 1.060030109 -0.708279686 0.021999468 0.007375290 0.705550505
3227.760295200 -0.283237885 2.963111173 1.058868235 -0.701414395 0.021945142 -0.016017936 0.712235693
3227.823659008 -0.262322822 3.123901794 1.065770176 -0.705893774 0.035606601 -0.017303470 0.707210535
3227.886425152 -0.239620458 3.288751826 1.070574172 -0.706568018 0.043738618 -0.032713123 0.705534139
3227.963850752 -0.200741253 3.494120584 1.073117565 -0.704666855 0.056923091 -0.047238145 0.705671980
3228.026868384 -0.162561239 3.658009540 1.079298030 -0.706271493 0.077952702 -0.051988348 0.701713023
3228.098902912 -0.123135887 3.847519644 1.081470817 -0.705546533 0.083766146 -0.073154695 0.699882643
3228.161893056 -0.078515351 4.005116310 1.089797656 -0.699738206 0.102330406 -0.071398342 0.703418231
3228.225036064 -0.041052749 4.168545083 1.088474046 -0.701219960 0.101572724 -0.092538273 0.699578600
3228.287839136 0.013629953 4.333744242 1.093634689 -0.707701671 0.115778522 -0.087639780 0.691428194
3228.351867744 0.065871168 4.508475985 1.081966172 -0.724101298 0.113484500 -0.085441344 0.674906183
3228.414682112 0.118551596 4.677319456 1.076381797 -0.727158786 0.117071196 -0.078640194 0.671825985
3228.477478720 0.166574983 4.849869164 1.076759504 -0.728997451 0.115937088 -0.079492921 0.669926999
3228.540700832 0.221459712 5.009005352 1.087085985 -0.703444826 0.125482124 -0.077500734 0.695279260
3228.603626400 0.277190923 5.167671673 1.091485578 -0.675371593 0.131342498 -0.083574644 0.720858959
3228.667015200 0.334023952 5.338719277 1.107459288 -0.657270738 0.132663294 -0.085430587 0.736951316
3228.730838464 0.403722377 5.509516570 1.132141561 -0.649704700 0.134561169 -0.068009664 0.745085082
3228.794114432 0.460738908 5.687047847 1.151946565 -0.656296968 0.125717959 -0.064518200 0.741152270
3228.856848800 0.511426794 5.867861683 1.174416090 -0.666345828 0.120953284 -0.065193303 0.732873368
3228.920771072 0.559519192 6.053564631 1.190640122 -0.677224359 0.114619316 -0.061888476 0.724154263
3228.983653888 0.603500976 6.235465645 1.207425620 -0.682874513 0.105390003 -0.058928845 0.720487847
3229.047084832 0.649547195 6.416353790 1.222035650 -0.683831918 0.102872829 -0.048115620 0.720746818
3229.112318528 0.694929317 6.598605314 1.239646481 -0.676493402 0.107281877 -0.039266042 0.727533816
3229.178711360 0.733287855 6.783751269 1.257086731 -0.673732258 0.105064098 -0.040259071 0.730359902
3229.242532704 0.768044755 6.981138319 1.273752765 -0.676341045 0.097259882 -0.040125691 0.729035826
3229.306110752 0.807881465 7.172595600 1.288465443 -0.685205824 0.091962739 -0.023031774 0.722153288
3229.369871968 0.839451657 7.368003103 1.296450852 -0.701897778 0.078050138 -0.015196105 0.707825377
3229.433581312 0.857269655 7.571584206 1.293394158 -0.718965395 0.062271726 -0.014460065 0.692099631
3229.496685280 0.877515804 7.771354944 1.291023132 -0.727747521 0.056776988 -0.002372512 0.683486862
3229.562075680 0.892045174 7.976499467 1.290597753 -0.729322581 0.047880360 0.004045160 0.682480535
3229.625102656 0.895070014 8.172526185 1.287631540 -0.717733691 0.037437742 0.002681568 0.695305381
3229.696858368 0.907112920 8.402305201 1.289828028 -0.711569305 0.034503443 0.017316507 0.701554542
3229.760409760 0.909654065 8.608907876 1.293406043 -0.711671968 0.022648429 0.020406648 0.701850146
3229.825024352 0.913941767 8.826402136 1.298140678 -0.711580886 0.022479637 0.019642690 0.701969710
3229.888468096 0.920165022 9.043450132 1.297309084 -0.715509800 0.021181823 0.018283760 0.698042091
3229.952355360 0.924781279 9.261622417 1.304966934 -0.710187772 0.019441698 0.016438704 0.703551788
3230.015774208 0.927836015 9.485832473 1.308925515 -0.713256933 0.016683186 0.012410540 0.700594175
3230.079529120 0.937095272 9.709759108 1.305700623 -0.707442037 0.019552707 0.016903284 0.706298616
3230.144958272 0.941198583 9.945326814 1.308904642 -0.720022470 0.018109547 0.014773577 0.693557083
3230.210697728 0.944387290 10.194132893 1.304551727 -0.725383594 0.015253307 0.008190219 0.688127095
3230.273348160 0.949207760 10.428536870 1.304544328 -0.721743262 0.014296732 0.013045534 0.691890223
3230.336213312 0.952924597 10.665605075 1.303820280 -0.722053003 0.010551954 0.014326576 0.691608897
3230.399954016 0.954832538 10.898888583 1.301090552 -0.712372982 0.008666869 0.014179387 0.701604280
3230.463977120 0.955383952 11.147573432 1.303630447 -0.717953693 0.005827391 0.010988328 0.695979736
3230.527084320 0.961295410 11.391280387 1.306848552 -0.714850343 0.009383655 0.014835047 0.699057119
3230.590098688 0.963182589 11.635014390 1.310831748 -0.711714820 0.004299734 0.012486045 0.702344378
3230.653361248 0.965572451 11.883881097 1.312716005 -0.710788436 0.006770289 0.015391418 0.703204854
3230.715844608 0.963682209 12.139523183 1.319538448 -0.710748631 0.003687724 0.014754656 0.703281653
3230.780515648 0.967100894 12.397840332 1.325313674 -0.712050219 0.004740955 0.016234247 0.701924824
3230.843308512 0.970119175 12.649463775 1.332102972 -0.709935411 0.007752029 0.010165552 0.704150751
3230.905598016 0.980794760 12.906750350 1.340832009 -0.705847417 0.015930826 0.004798379 0.708168489
3230.969176032 0.997206777 13.167593541 1.346956192 -0.707436160 0.025569940 0.002078518 0.706311502
3231.031740128 1.012880809 13.424259609 1.355759260 -0.707722445 0.027375870 -0.000816773 0.705959514
3231.096486784 1.029419997 13.689656960 1.363739952 -0.705146597 0.033455321 0.000879487 0.708271307
3231.160937312 1.046911889 13.957104880 1.371840744 -0.708033593 0.033707154 0.000727675 0.705373469
3231.226567904 1.069951781 14.229560085 1.386647963 -0.706720153 0.036990101 0.003563190 0.706516569
3231.300082432 1.091071866 14.539637962 1.400258121 -0.702759704 0.037166162 0.002625403 0.710450971
3231.364079840 1.111165893 14.813536986 1.412898413 -0.700756840 0.038159235 0.003077816 0.712372270
3231.440924576 1.133751305 15.130184708 1.428023010 -0.700203464 0.037850914 0.004148200 0.712927212
3231.524419296 1.157897835 15.483518806 1.443599303 -0.701106324 0.039779124 0.002294958 0.711942608
3231.587344832 1.181415304 15.758221003 1.450928974 -0.702436627 0.040634169 0.002232513 0.710581920
3231.651146784 1.207674456 16.036976615 1.465248906 -0.705029938 0.042250046 0.003578693 0.707908831
3231.725035616 1.229827902 16.339488827 1.476517149 -0.701496299 0.041027269 0.002112868 0.711488047
3231.791953536 1.253700387 16.634608743 1.495032615 -0.699375937 0.042236094 0.002445391 0.713500828
3231.855027520 1.272114780 16.905223228 1.503320775 -0.702487551 0.041054779 0.000079746 0.710510900
3231.925442368 1.296440287 17.185132947 1.515954066 -0.704324236 0.043955140 0.001832394 0.708513909
3231.992854112 1.319932876 17.486579398 1.529646899 -0.703173859 0.042685251 0.000386475 0.709735404
3232.058651904 1.342775845 17.775124633 1.542414394 -0.702870855 0.043499018 0.001644560 0.709984290
3232.121929056 1.362708186 18.046007989 1.552262249 -0.703382450 0.041613747 0.000235423 0.709592397
3232.184784384 1.383317754 18.318643564 1.565999204 -0.703930273 0.041642596 0.000715270 0.709046933
3232.247869024 1.432492170 18.484080164 1.574746274 -0.703979952 0.044196737 0.005435206 0.708822499
3232.316218080 1.495540778 18.702702316 1.580198030 -0.704150814 0.042383698 0.009424207 0.708721693
3232.380299424 1.513647688 18.976172073 1.589924637 -0.702271586 0.040842385 0.009986741 0.710666436
3232.443161952 1.529796041 19.249876470 1.602014711 -0.699461096 0.039816712 0.011688817 0.713464908
3232.506192640 1.546400888 19.522054697 1.618368799 -0.696764685 0.038859144 0.010580299 0.716168275
3232.572956704 1.563854575 19.816108740 1.630704036 -0.699053240 0.039567954 0.014581265 0.713825140
3232.636856992 1.577879286 20.096989708 1.645934065 -0.701555975 0.038592974 0.015412086 0.711401619
3232.700031552 1.588369617 20.371796198 1.657533386 -0.699603503 0.032918730 0.016505890 0.713581706
3232.762712096 1.597897248 20.644007937 1.674267155 -0.699378155 0.030599183 0.020339413 0.713806833
3232.829304512 1.604225627 20.934594315 1.686923434 -0.698963467 0.023734534 0.023674982 0.714371220
3232.892765568 1.607052237 21.210773544 1.703770012 -0.700914430 0.020450640 0.027253370 0.712431040
3232.964039328 1.606352253 21.522624866 1.718155922 -0.700415707 0.014843733 0.029069758 0.712988394
3233.027368032 1.600929047 21.796424131 1.736528196 -0.697595843 0.010968100 0.030545245 0.715756054
3233.090724288 1.593501196 22.075673533 1.753399071 -0.700067979 -0.000333332 0.030701111 0.713415837
3233.155115104 1.591604185 22.355561206 1.766807446 -0.698161414 0.002981375 0.040837343 0.714768538
3233.220278176 1.582397258 22.635166155 1.791700763 -0.693868082 0.000205748 0.035436073 0.719229677
3233.283595552 1.571812677 22.912134055 1.809183213 -0.693450023 -0.002302989 0.031845005 0.719796956
3233.348728096 1.564934943 23.196730200 1.830683149 -0.694382421 -0.001203492 0.034914437 0.718757669
3233.411796448 1.553358423 23.470533009 1.848413919 -0.695294350 -0.005100534 0.033334695 0.717933527
3233.474555936 1.544370882 23.741900334 1.865365230 -0.694665017 -0.005439693 0.035472738 0.718437617
3233.538624480 1.531312534 24.019113241 1.886042132 -0.692654434 -0.006749755 0.035802251 0.720348856
3233.601633792 1.522371440 24.287284379 1.908711725 -0.686921737 -0.006407996 0.033475762 0.725931704
3233.665852256 1.514331757 24.561821854 1.934729719 -0.683901343 -0.004991467 0.031924344 0.728858611
3233.729464608 1.509523864 24.835543732 1.960641377 -0.684796345 0.000098012 0.030252935 0.728106253
3233.792403616 1.504562311 25.107922724 1.986661529 -0.684083664 0.002933867 0.025534992 0.728950545
3233.855396864 1.506558774 25.373519650 2.017760122 -0.681614632 0.007971538 0.024306635 0.731264067
3233.919376128 1.507401051 25.641828271 2.039059738 -0.683475979 0.009329157 0.024625770 0.729497857
3233.982118496 1.507809902 25.913458576 2.065536630 -0.687313621 0.010328735 0.020889750 0.725986861
3234.045082112 1.509138228 26.177874233 2.085396199 -0.692362855 0.008036339 0.020940011 0.721200811
3234.108648160 1.509771923 26.441319716 2.105400231 -0.691560037 0.007708778 0.022474762 0.721928096
3234.171878848 1.509804265 26.698789187 2.128518317 -0.690589308 0.004408788 0.017915421 0.723011762
3234.235233664 1.510041190 26.959791382 2.146670987 -0.689413219 0.004795614 0.016333437 0.724168237
3234.266699008 1.460318061 27.016979972 2.101617676 -0.690340913 0.004387418 0.017236558 0.723265564
3234.298530944 1.517027768 27.215564713 2.184917726 -0.689685409 0.004713441 0.013323685 0.723971201
3234.364058176 1.515733231 27.486815347 2.210536042 -0.682016123 0.000937944 0.013290579 0.731215761
3234.396506848 1.457586676 27.699243450 2.317403215 -0.683515940 0.000697767 0.016787829 0.729742175
3234.430044544 1.547826180 27.770474546 2.246823027 -0.677997220 -0.003728945 0.011128966 0.734970755
3234.492989856 1.535764699 28.029747784 2.285996037 -0.677522142 -0.010647086 0.008210730 0.735379474
3234.532431040 1.488725669 28.167357865 2.508000193 -0.684154335 -0.007056984 0.013406803 0.729179883
3234.563881824 1.554988455 28.285150335 2.347754353 -0.676937910 -0.014458601 0.010267406 0.735826471
3234.627064896 1.542017707 28.533973197 2.378614663 -0.680547410 -0.020878201 0.007011893 0.732372963
3234.659244608 1.598003884 28.589423531 2.679249767 -0.687914224 -0.016042918 0.012597776 0.725505301
3234.691154112 1.664874532 28.655810211 2.667287527 -0.689581880 -0.018700727 0.010778912 0.723885992
3234.753971072 1.656650100 28.916366216 2.686009457 -0.702993062 -0.017737862 0.013781352 0.710841893
3234.817096960 1.655916456 29.149186915 2.729675357 -0.678752362 -0.009900038 0.020445186 0.734015814
3234.880831776 1.661183113 29.357304921 2.746820372 -0.644672888 -0.023308886 -0.006373399 0.764076529
3234.945226848 1.667479335 29.608028579 2.778862492 -0.666300029 -0.004172674 0.016802344 0.745482757
3235.008915296 1.662644262 29.838534957 2.829383440 -0.662608703 -0.005380027 0.017138956 0.748750304
3235.071689760 1.641056439 30.087206114 2.843269181 -0.683353852 -0.024315667 -0.013520901 0.729557021
3235.134416192 1.654161329 30.323997581 2.858010211 -0.708442373 -0.003136341 0.017860523 0.705535661
3235.197963360 1.649377533 30.530142524 2.898711421 -0.674035401 -0.010510543 0.024003935 0.738234121
3235.261593792 1.628423414 30.756551187 2.921769146 -0.652821479 -0.029001307 0.005185598 0.756938670
3235.324760704 1.626977719 30.983188871 2.967838902 -0.652558768 -0.013338584 0.022881276 0.757275104
3235.390219136 1.624859798 31.212975099 3.012211150 -0.655550315 -0.010531240 0.024195186 0.754690314
3235.457411456 1.607646022 31.481985073 3.043951448 -0.664309790 -0.004609515 0.017385639 0.747240921
3235.523149920 1.608663242 31.707440916 3.079503122 -0.674799222 0.003936592 0.025421634 0.737552882
3235.586593408 1.599568122 31.919026716 3.108862395 -0.668198487 -0.005170406 0.019432279 0.743711258
3235.649671680 1.597144038 32.137730467 3.130609317 -0.675292884 -0.003328284 0.031295561 0.736877894
3235.712235424 1.575309036 32.344765168 3.155650073 -0.673767622 -0.023306866 0.016036700 0.738401520
3235.774971168 1.569242991 32.566446197 3.177265283 -0.687456253 -0.015560895 0.027183459 0.725550010
3235.837660000 1.559822864 32.777628891 3.196371014 -0.681232177 -0.014759776 0.018676637 0.731680295
3235.900279328 1.549530272 32.984710626 3.223938144 -0.682823723 -0.015942600 0.015229982 0.730250399
3235.931727456 1.506660505 33.084586221 3.205394940 -0.680883566 -0.014560394 0.016706795 0.732056315
3235.963112320 1.591524427 33.280235469 3.261971480 -0.682563075 -0.011826181 0.020378549 0.730446784
3236.026283616 1.613428949 33.491681312 3.298230390 -0.671485377 -0.010305504 0.025411333 0.740510263
3236.058343104 1.665651472 33.718712470 3.394448074 -0.669880500 -0.014949168 0.022390812 0.741980654
3236.089967936 1.763776079 33.508142419 3.128287074 -0.656924076 -0.014448678 0.026913443 0.753337680
3236.164934784 1.742835472 33.638618853 3.109670091 -0.665853554 -0.017616123 0.020221616 0.745600297
3236.228382592 1.802435533 33.850362004 3.157890333 -0.672507476 -0.003403214 0.035572523 0.739227102
3236.291140160 1.785625643 34.058283735 3.181078650 -0.681800635 -0.014013389 0.015443796 0.731240732
3236.323859008 1.904797738 33.990480553 3.389609258 -0.692397267 -0.020717294 0.007441806 0.721180587
3236.355355936 1.858791927 34.256654813 3.187319525 -0.680329888 -0.007900872 0.009691018 0.732799362
3236.418621888 1.871891443 34.457577669 3.217403537 -0.677204342 0.006399088 0.024015398 0.735375136
3236.451613344 2.047684834 34.278227858 3.464354907 -0.689257537 -0.008076179 0.020834406 0.724171769
3236.485887808 1.774482453 34.950563057 3.532425858 -0.671547986 -0.001973352 0.014573153 0.740815113
3236.551689344 1.773899205 35.142090783 3.574644991 -0.671550361 0.000604593 0.014550830 0.740815780
3236.591232128 1.827213851 34.259416893 3.603151629 -0.690635343 -0.003237752 0.018635479 0.722955779
3236.622754496 2.088553199 34.575634901 3.905723553 -0.686932500 -0.000146012 0.026117566 0.726251741
3236.685612416 2.084903622 34.772716139 3.905402410 -0.707190468 0.001290036 0.022308977 0.706669857
3236.717048576 1.969989515 34.403729472 3.673977614 -0.711951184 -0.004343258 0.016412841 0.702023694
3236.748672256 2.110719349 34.750349984 4.109934777 -0.712080145 0.006382128 0.024677398 0.701635348
3236.811692352 2.106150300 34.936692165 4.107006226 -0.721374900 0.001865940 0.018571228 0.692293205
3236.845154176 2.060171172 34.684141861 3.779091399 -0.722307589 -0.009672929 0.011376737 0.691410697
3236.876617056 2.226275461 34.891231883 3.998059227 -0.724540839 -0.008712126 0.016016843 0.688990662
3236.939898272 2.223269633 35.083448729 3.991590772 -0.728809240 -0.010065280 0.016668396 0.684439878
3236.973126176 2.012782413 34.859472618 3.881450399 -0.728100810 -0.010260237 0.011721186 0.685293040
3237.004517024 2.291705568 35.437594884 3.986204508 -0.723280069 -0.019959777 0.007046826 0.690230318
3237.069713440 2.330464987 35.611209123 4.011684493 -0.717304576 0.005046748 0.025347146 0.696280258
3237.102062240 2.165155744 35.615760248 4.009404834 -0.722203181 0.013857778 0.030933405 0.690849949
3237.133452672 2.304250019 35.768802427 4.002777768 -0.726754596 -0.006567491 0.008524586 0.686812898
3237.196404224 2.470973995 36.040457317 4.051771314 -0.721936593 -0.004142271 0.013857092 0.691808051
3237.227958400 2.466852607 36.095988724 4.097375345 -0.717087623 0.014079958 0.035273459 0.695947468
3237.260618016 2.190803505 36.563575098 3.918875037 -0.727000260 0.005811414 0.017723132 0.686383814
3237.323790368 2.180174405 36.729907215 3.918760096 -0.716981073 -0.005864878 0.011034262 0.696980624
3237.355233536 2.482611887 36.244054922 4.122311565 -0.707607791 0.003028704 0.030384005 0.705945361
3237.387222848 2.509841338 35.900045908 4.192446635 -0.732829483 -0.000966948 0.026841220 0.679882021
3237.450172928 2.516674873 36.076728326 4.161280776 -0.715822825 0.001861707 0.035006317 0.697401444
3237.481641856 2.480966375 36.304265993 4.153326265 -0.701974825 0.007387695 0.034814239 0.711311982
3237.513129728 2.589063941 36.388788700 4.255368397 -0.711502388 0.008954424 0.041936489 0.701374010
3237.576886080 2.870345811 36.510765822 4.378630535 -0.700126267 0.003275448 0.029532762 0.713400517
3237.608534464 2.580321290 36.478083673 4.210617389 -0.697186726 0.010262244 0.032137985 0.716095319
3237.640052128 2.857330757 36.705736633 4.347519669 -0.697706529 0.007838993 0.039026907 0.715276904
3237.703142688 2.869136204 36.883756947 4.385315696 -0.684772516 0.009279843 0.047674456 0.727136597
3237.742686048 2.820850351 37.140654619 4.416734407 -0.685264026 0.007797260 0.043587789 0.726947400
3237.774350816 2.862112651 37.127257661 4.404257952 -0.692855245 0.007617415 0.049882466 0.719308921
3237.837626496 2.858212375 37.304474941 4.421504814 -0.685245380 0.012920487 0.055538104 0.726076682
3237.869341984 2.871875599 37.556623741 4.493209039 -0.677528943 0.012546574 0.050709337 0.733638657
3237.902157344 2.621480947 37.934250747 4.516610807 -0.691528124 0.022868646 0.054652055 0.719915989
3237.965767680 2.631412640 38.094828488 4.534675455 -0.683282691 0.014698631 0.048579044 0.728387803
3237.998000096 2.706184015 37.791641901 4.474915364 -0.667757244 0.006772320 0.042208560 0.743150614
3238.029886368 2.865262736 37.768101419 4.512407677 -0.673846077 0.013554948 0.057240504 0.736526477
3238.092641120 2.854857425 37.957444381 4.538234268 -0.669367759 0.011783807 0.062327304 0.740218382
3238.124013056 2.776412234 38.012469412 4.521279050 -0.663851621 0.003737212 0.048858076 0.746257293
3238.155451872 3.122116339 38.215626694 4.523271075 -0.706743584 0.115213686 0.193126263 0.670776833
3238.218768736 3.000061064 38.318863639 4.648501076 -0.665676715 -0.016435502 0.045080901 0.744695977
3238.250731744 3.031963842 38.424828310 4.647779857 -0.666010843 -0.011950459 0.050336407 0.744145812
3238.282171808 3.014737836 38.434299783 4.709427090 -0.669915613 -0.017322120 0.057892918 0.739973936
3238.344959680 2.996570680 38.609150744 4.739785910 -0.666918484 -0.026452367 0.061938586 0.742080602
3238.376275904 3.027558780 38.658085842 4.722748942 -0.663381909 -0.021156124 0.054276882 0.746009974
3238.408375328 2.909378425 38.700462527 4.723844655 -0.663654366 -0.032291945 0.049373159 0.745709329
3238.471987808 2.893645216 38.884956438 4.753146933 -0.662402609 -0.029075739 0.063141248 0.745915926
3238.503511456 2.880235207 38.867596961 4.832614920 -0.662802426 -0.016077402 0.066193364 0.745689546
3238.535634560 2.850060630 39.128480081 4.992603882 -0.670211188 -0.022522111 0.068271959 0.738680349
3238.646374912 2.857388342 39.065870763 4.864654448 -0.660572671 -0.023922475 0.068148345 0.747279910
3238.677754240 2.875533423 38.909547303 5.250130982 -0.662658655 -0.022740431 0.064437006 0.745797728
3238.741286272 2.856850389 39.097938723 5.274948376 -0.664760426 -0.023638081 0.073629756 0.743043388
3238.772788352 2.773153784 39.343151532 4.991694586 -0.663750398 -0.023913168 0.076790871 0.743617329
3238.805510816 2.833407093 39.274041606 5.308064635 -0.665582841 -0.026089414 0.080399775 0.741521881
3238.869108672 2.809104272 39.454655214 5.337764553 -0.656954147 -0.029278393 0.073934194 0.749725122
3238.900498624 2.757382279 39.673134884 5.095319827 -0.655611968 -0.026995190 0.070723471 0.751293816
3238.931913824 2.824736800 39.628002505 5.373261244 -0.663921654 -0.023339938 0.075644276 0.743600181
3238.994637824 2.802723881 39.809840734 5.403926426 -0.664796150 -0.027448150 0.071682256 0.743070879
3239.026246400 2.730070954 40.151698286 5.205151879 -0.656510281 -0.031094193 0.067651012 0.750633561
3239.057784480 2.802752105 39.934952990 5.432766101 -0.666215311 -0.029331143 0.075028441 0.741395695
3239.121590528 2.783435419 40.121887678 5.458906451 -0.665072554 -0.029070605 0.084596631 0.741401921
3239.153474432 2.764307509 40.209976001 5.226010863 -0.655829254 -0.031961256 0.076817218 0.750310324
3239.194945216 2.748293829 40.320054345 5.489864490 -0.668635955 -0.043504374 0.072780182 0.738739721
3239.257895520 2.408123465 40.080777338 4.653673891 -0.647766234 -0.021433264 0.076204188 0.757715278
3239.289720704 2.715434947 40.429186723 5.274918044 -0.658783870 -0.026207481 0.079635272 0.747646444
3239.321552512 2.378197118 40.120498998 4.658949328 -0.650471866 -0.014861401 0.083104606 0.754823896
3239.394084768 2.348872983 40.333395635 4.696926026 -0.644014813 -0.019309471 0.072838545 0.761292724
3239.425777024 2.717279944 40.428004852 5.212767185 -0.651788698 -0.031131230 0.069845344 0.754535598
3239.457300000 2.212439309 40.588632176 4.759582500 -0.647534203 -0.019848622 0.069412369 0.758608866
3239.521676544 2.262301621 40.740829458 4.797087823 -0.644131681 -0.017988339 0.073705373 0.761142769
3239.555283072 2.374018296 40.982000742 5.359541084 -0.647962325 -0.023141227 0.072729959 0.757838810
3239.587543776 2.239654915 40.899314042 4.848770058 -0.647250997 -0.023309647 0.076281432 0.758092310
3239.663486784 2.213825114 41.111642085 4.898842336 -0.647704073 -0.027001305 0.078193016 0.757387758
3239.696419840 2.466860011 40.880649247 5.453323101 -0.651970342 -0.028196284 0.076153836 0.753883437
3239.728218208 2.186041293 41.319271635 4.942904820 -0.651603087 -0.032161106 0.074827867 0.754174960
3239.792191712 2.193836281 41.548687906 5.031707068 -0.645401898 -0.028534175 0.077256324 0.759390316
3239.825087424 2.507174362 41.374661608 5.657362417 -0.645835744 -0.026164997 0.078564097 0.758972508
3239.857779936 2.384487181 41.302873626 6.466287164 -0.662271293 -0.025828546 0.105817068 0.741304505
3239.921449600 2.343098085 41.482352494 6.519693088 -0.656186135 -0.024251602 0.105768872 0.746756025
3239.954434112 2.588388327 41.850594423 6.009785508 -0.642300650 -0.027932165 0.079611925 0.761794993
3239.986050784 2.311390600 41.782539853 6.597730044 -0.667108018 -0.026900847 0.102786870 0.737345303
3240.049757056 2.027305947 42.204530007 6.471707591 -0.643529823 0.024212362 0.163183758 0.747431729
3240.081138400 2.684313000 42.632290987 6.362516928 -0.640573876 -0.027052845 0.086808808 0.762494251
3240.112493472 1.625712737 44.043181429 6.746504906 -0.654732455 0.018956703 0.142594094 0.742046481
3240.176042272 1.595188252 44.153619834 6.773955625 -0.655698655 0.018105552 0.136343769 0.742389277
3240.207949760 2.643283078 42.425650767 6.453603632 -0.646049253 -0.025588735 0.079230052 0.758741180
3240.239704128 1.824305886 41.482744021 5.991669920 -0.645310875 -0.021104955 0.060342503 0.761240591
3240.302492544 1.812127847 41.602474549 5.975690818 -0.649004110 -0.024353334 0.061530098 0.757901463
3240.334197888 2.757607408 42.076098439 6.347601603 -0.649681036 -0.031187030 0.081265331 0.755207168
3240.366388576 1.787007359 41.600851346 5.989900215 -0.645258246 -0.024202135 0.062713193 0.761001385
3240.431169760 1.778421141 41.685975565 6.005163787 -0.645559071 -0.026663502 0.059427467 0.760927670
3240.464556352 2.564087605 42.477297016 6.509631266 -0.650451907 -0.031807149 0.075845888 0.755081468
3240.497614688 1.712682410 41.694496049 6.033786556 -0.648797346 -0.021904173 0.064969056 0.757866237
3240.561057664 1.706767982 41.761249679 6.049774278 -0.647591553 -0.027887553 0.057607139 0.759294990
3240.592280896 2.530717164 42.213177674 6.290301221 -0.647635470 -0.036176685 0.068907421 0.757965245
3240.623864512 1.698315996 41.834304877 6.045205622 -0.646251688 -0.025678368 0.059261080 0.760386416
3240.686716992 1.694419263 41.888593790 6.055881021 -0.644087230 -0.025338539 0.059945200 0.762178569
3240.718429216 2.144786185 42.498157738 6.468203187 -0.646562560 -0.030544898 0.066798787 0.759316658
3240.750510656 1.660486446 41.957187776 6.061253907 -0.645906159 -0.022543446 0.061021153 0.760640155
3240.813298496 1.661874535 42.014796210 6.075329044 -0.646300364 -0.021199042 0.061895726 0.760273214
3240.845099904 1.828855296 42.642092126 6.649121418 -0.648895829 -0.024587119 0.065093663 0.757688915
3240.876656960 1.651119926 42.038734825 6.072470883 -0.645757256 -0.021228338 0.060205578 0.760869379
3240.939579520 1.630547668 42.104104636 6.129979927 -0.648194357 -0.019737316 0.058712021 0.758951522
3240.982413536 1.648727487 42.471251195 6.537534274 -0.650259535 -0.020543324 0.062243701 0.756879271
3241.014898240 1.625759009 42.160903715 6.142584169 -0.645957164 -0.018483654 0.056267212 0.761072728
3241.080444896 1.617490332 42.224623785 6.159723394 -0.647459641 -0.019006205 0.056512954 0.759763821
3241.122231456 1.507672423 42.833899115 6.601496495 -0.650947345 -0.019298258 0.061518066 0.756379970
3241.154102240 1.611030844 42.290798697 6.181554872 -0.648607486 -0.017752536 0.056380491 0.758824365
3241.217432512 1.571754999 42.351969532 6.184426951 -0.649091179 -0.017169646 0.054848324 0.758536423
3241.249985280 1.286569314 42.893905542 6.607278529 -0.651494663 -0.015875891 0.058345659 0.756239674
3241.281890816 1.574827864 42.373345972 6.195031703 -0.649366940 -0.017817959 0.055108526 0.758266542
3241.346351616 1.555753028 42.426807930 6.216761738 -0.654509566 -0.017179204 0.055271141 0.753834997
3241.378061888 1.070791057 42.634372807 6.469668052 -0.656263500 -0.011942906 0.056853013 0.752292045
3241.409635680 1.406707405 42.373635409 6.207556802 -0.652635766 -0.015454656 0.059719022 0.755156506
3241.473626688 1.563988726 42.510279375 6.234971022 -0.653119177 -0.018420783 0.063249776 0.754384173
3241.505245280 0.979759739 42.455259844 6.336006159 -0.655961107 -0.011274082 0.057921316 0.752484579
3241.537804832 1.445667491 42.517302891 6.238295490 -0.653266469 -0.017054907 0.059612782 0.754584897
3241.606300864 1.440815569 42.572978470 6.249434874 -0.653867507 -0.017899124 0.060385441 0.753983092
3241.642100544 0.784926658 42.198614177 6.235370871 -0.656668406 -0.009048705 0.056780915 0.751984477
3241.677048512 1.442956955 42.615439196 6.258088971 -0.654427173 -0.017965576 0.061898893 0.753372976
3241.745207040 1.434453770 42.653933036 6.266946498 -0.654115865 -0.018258662 0.061085826 0.753702579
3241.799227808 0.960195410 42.161773902 6.198439037 -0.656225605 -0.012127957 0.057330912 0.752285873
3241.830787680 1.430222695 42.706263590 6.276593318 -0.653805780 -0.016991720 0.062217832 0.753908632
3241.895087264 1.425752623 42.747153820 6.282016936 -0.654199722 -0.017162467 0.060661698 0.753689812
3241.926880832 1.090057092 42.393366307 6.240221941 -0.656301996 -0.014339881 0.056942618 0.752209808
3241.958484992 1.421042218 42.784405300 6.288133316 -0.655819507 -0.017098119 0.059577704 0.752368876
3242.022950976 1.421089624 42.816656839 6.292104666 -0.655227603 -0.016938582 0.059437425 0.752899107
3242.054561952 0.910950952 42.695246187 6.291165041 -0.652968117 -0.013418789 0.054383950 0.755311168
3242.086111936 1.417162071 42.837070440 6.298775628 -0.654375842 -0.015567408 0.059854676 0.753636073
3242.151975136 1.413592862 42.867693472 6.303367491 -0.653994884 -0.015630378 0.058141075 0.754099462
3242.184800832 1.162492470 42.539275072 6.304510749 -0.655979022 -0.015548203 0.055499363 0.752575309
3242.226382016 1.411710840 42.889419735 6.307617559 -0.656564310 -0.017207834 0.055636229 0.752018488
3242.301505920 1.412152637 42.892689486 6.307132733 -0.655634394 -0.019048820 0.058008079 0.752605971
3242.335504736 1.094457150 42.118630029 6.214729282 -0.655942828 -0.016193862 0.056795108 0.752496565
3242.367089664 1.412909053 42.879461546 6.304087138 -0.656583916 -0.017631179 0.058206499 0.751796985
3242.433554848 1.411528137 42.852115109 6.299784218 -0.656099625 -0.017008598 0.057033136 0.752323874
3242.466173824 0.905417306 42.676364701 6.265743759 -0.651102829 -0.012868477 0.052166492 0.757085309
3242.499810144 1.413359871 42.814614998 6.290135781 -0.657022232 -0.016108517 0.058140072 0.751453282
3242.564298272 1.416530091 42.762662416 6.285331925 -0.654653683 -0.017376280 0.059542995 0.753379886
