600.160144448 0.000000000 -0.000000000 1.000000000 -0.707106781 0.000000000 0.000000000 0.707106781
600.655638624 0.019902620 0.383377065 1.022147578 -0.696554895 0.009774239 0.001721223 0.717434861
601.159436352 0.070439104 1.754935614 1.073751511 -0.701998100 -0.004319980 0.003161064 0.712158699
601.655813568 0.133277613 3.152938431 1.159957452 -0.710787027 -0.013843201 -0.005686237 0.703248060
602.159220480 0.314688332 4.841972185 1.273087526 -0.710204866 0.016439634 -0.031109989 0.703115179
602.655846912 0.479966648 6.644173550 1.294107502 -0.710763616 0.039156782 -0.029008280 0.701740941
603.159355616 0.752256448 8.521491295 1.391902992 -0.702315083 0.051411861 -0.028129941 0.709449823
603.655488384 0.992271810 10.427993230 1.393471087 -0.711985590 0.034030309 -0.009955498 0.701298329
604.159284000 1.168197874 11.273765071 1.469373784 -0.722502485 0.016517929 -0.012708614 0.691054128
604.656140288 1.263884350 12.243628222 1.466102333 -0.722781798 0.006223766 -0.013576390 0.690914915
605.159628384 1.333946017 13.262036922 1.319140790 -0.762916983 0.020242469 -0.010883335 0.646087822
605.655908832 1.386736868 14.330272034 1.195495989 -0.750448509 0.009514988 -0.021644522 0.660505878
606.159498560 1.336212205 15.314042354 1.115079956 -0.757420516 0.019022855 -0.018610580 0.652384809
606.658890272 1.301782168 15.782014151 1.013385869 -0.757096078 0.025199299 -0.012620079 0.652695379
607.159920416 1.391113625 16.910572708 0.892092965 -0.757578974 0.017908201 -0.016612739 0.652286296
607.658572992 1.287243212 16.635843971 1.036567771 -0.768683215 0.043053220 -0.039500250 0.636955465
608.159628000 1.380457602 17.669877635 1.075728996 -0.772640614 0.055346531 -0.049731923 0.630468063
608.659539264 1.380457602 17.669877635 1.075728996 -0.772640614 0.055346531 -0.049731923 0.630468063
609.159155520 1.380457602 17.669877635 1.075728996 -0.772640614 0.055346531 -0.049731923 0.630468063
609.410518240 1.380457602 17.669877635 1.075728996 -0.772640614 0.055346531 -0.049731923 0.630468063
609.658811168 1.380457602 17.669877635 1.075728996 -0.772640614 0.055346531 -0.049731923 0.630468063
610.159857984 1.732436261 18.675825724 0.913152373 -0.781575336 0.124343800 -0.127222272 0.597907273
610.658104032 1.904378507 18.905864099 0.913730602 -0.745328963 0.183581279 -0.192065487 0.611468314
611.159992736 2.448859655 19.873244981 0.852538373 -0.751395750 0.202716741 -0.203491224 0.594055277
611.657666048 3.241596135 20.121038112 0.861578432 -0.751858193 0.191894267 -0.174717575 0.606101985
612.159468064 4.081965996 21.284068928 0.618595793 -0.735502645 0.202181481 -0.211297587 0.611156149
612.657632704 4.670206378 21.894722231 0.482696753 -0.745991539 0.218606634 -0.216614731 0.590580919
613.159512512 5.036527700 22.411812868 0.383031274 -0.764216251 0.219118994 -0.250406436 0.552500684
613.655981536 5.293216397 22.830245824 0.298386456 -0.742057834 0.249607839 -0.238107556 0.574761594
