1377.612380160 0.000000000 -0.000000000 1.000000000 -0.707106781 0.000000000 0.000000000 0.707106781
1378.362741408 0.008953921 1.032750713 1.052507994 -0.697716539 -0.002577986 0.005214093 0.716350332
1378.862919424 0.611386571 2.664636705 0.241601323 -0.686866352 -0.008186073 0.003267056 0.726730300
1379.362799168 0.647147333 4.221418195 0.375089233 -0.696448691 0.012270918 -0.008993333 0.717445305
1379.862838304 0.712128065 5.866569047 0.506834326 -0.687588356 0.000700962 -0.016189909 0.725919863
1380.362704224 0.840250717 7.607185578 0.614661071 -0.686805651 0.022490559 -0.014784969 0.726342603
1380.862972864 0.949519196 9.398775853 0.791586199 -0.684757980 0.016613306 0.007392647 0.728543654
1381.362870880 1.005483409 11.221157007 0.873725550 -0.704249072 -0.006960841 0.007909128 0.709874804
1381.862823584 1.074478422 13.079531932 1.032318915 -0.690939237 0.022634677 -0.025314760 0.722114814
1382.363149184 0.763356823 13.662266165 1.416407689 -0.640559574 0.138784360 0.041497949 0.754122174
1382.862965984 1.206274493 15.537883148 1.676991752 -0.652327529 0.181364301 0.078978138 0.731668121
1383.363007680 1.607467534 17.486668204 1.947064655 -0.640705411 0.150281390 0.055156579 0.750912666
1383.862952800 1.703354042 18.870718545 1.352521288 -0.713979422 0.028050669 -0.028997370 0.699003360
1384.363097600 1.650329541 19.491444690 1.351012223 -0.703180661 0.031302352 -0.032597029 0.709573502
1384.863540160 1.650329541 19.491444690 1.351012223 -0.703180661 0.031302352 -0.032597029 0.709573502
1385.363021472 1.671498150 20.941605795 1.373402519 -0.697667504 0.056963378 -0.069695156 0.710744548
1385.862948992 1.799746390 20.370739310 1.345594065 -0.699726620 0.046520176 -0.041732513 0.711671924
1386.362536768 1.799746390 20.370739310 1.345594065 -0.699726620 0.046520176 -0.041732513 0.711671924
1386.862904320 1.799746390 20.370739310 1.345594065 -0.699726620 0.046520176 -0.041732513 0.711671924
1387.113057184 1.799746390 20.370739310 1.345594065 -0.699726620 0.046520176 -0.041732513 0.711671924
1388.863400352 1.799746390 20.370739310 1.345594065 -0.699726620 0.046520176 -0.041732513 0.711671924
1389.363253568 2.534497139 18.803497287 -0.336457825 -0.677980261 0.056830457 -0.099105947 0.726148109
1389.862842304 2.879852328 20.600914610 -0.110286709 -0.677991190 0.088515382 -0.120349303 0.719728434
1390.363498624 3.256775664 22.109242644 0.100952711 -0.667884554 0.076188939 -0.123146833 0.730041318
1390.863021472 3.649825456 23.587830664 0.271742341 -0.672171125 0.069383506 -0.130179049 0.725551737
1391.364704608 4.100784905 24.844608295 0.403824508 -0.663860178 0.071873812 -0.130155328 0.732927970
1391.863067232 4.374730592 25.974490388 0.502081756 -0.654195606 0.098910055 -0.121961716 0.739844748
1392.362455840 4.616731692 26.869417188 0.623384886 -0.679154090 0.093455327 -0.133795222 0.715621871
1392.862868832 4.720740320 27.217248646 0.677271196 -0.671514629 0.092297524 -0.143477497 0.721084931
