3201.250069952 0.000000000 -0.000000000 1.000000000 -0.707106781 0.000000000 0.000000000 0.707106781
3201.625294752 -0.002485447 0.249927148 1.003149980 -0.700477370 -0.011611660 -0.011769968 0.713483070
3201.814074176 -0.005343982 0.616909551 1.023485993 -0.705713509 -0.018336916 -0.000523604 0.708259788
3201.938672960 -0.004972523 0.907932935 1.022500292 -0.704012000 -0.026358266 -0.005534492 0.709677191
3202.064426752 0.015559470 1.214105090 1.041683887 -0.698169474 0.012918808 0.015320705 0.715651986
3202.187174336 0.000880681 1.545730595 1.039455013 -0.693690470 -0.004373277 -0.017390480 0.720049982
3202.314473504 0.018916337 1.881876549 1.069256963 -0.702046551 0.021787980 0.034545387 0.710958888
3202.438800640 -0.004570417 2.229899427 1.086913343 -0.692668539 -0.002085745 -0.003995360 0.721241972
3202.563643296 -0.011801125 2.589121983 1.097643255 -0.707815622 -0.002870732 0.007986751 0.706346244
3202.687522112 -0.020467401 2.958312310 1.122218929 -0.709748952 0.004987451 0.023452606 0.704046537
3202.815519520 -0.025840812 3.345128272 1.125850675 -0.704943523 0.013091481 0.027801075 0.708597448
3202.937997184 -0.015351459 3.750753518 1.139894667 -0.709251865 0.026068772 0.033699362 0.703666515
3203.064444576 -0.003899832 4.158541016 1.163956576 -0.702830918 0.041265155 0.029157458 0.709560237
3203.189794944 -0.003415342 4.615545308 1.144182684 -0.731119066 0.031505543 0.025239458 0.681054537
3203.318088736 0.008130354 5.048608483 1.163878874 -0.695953167 0.035536621 0.022589556 0.716851484
3203.440573088 0.034630834 5.461804777 1.209073292 -0.649877040 0.042217630 0.027829821 0.758355461
3203.568916352 0.040378740 5.922299329 1.290645815 -0.673892412 0.033699674 0.025540012 0.737618504
3203.694026688 0.056175659 6.387171130 1.344092393 -0.686094021 0.029380641 0.026789230 0.726425571
3203.881240672 0.084505250 7.076452881 1.416218233 -0.680308280 0.041812175 0.033098078 0.730983518
3204.006360032 0.086905936 7.565235140 1.433125021 -0.718064527 0.016117732 0.035056346 0.694906185
3204.131525440 0.086528480 8.056490585 1.433897670 -0.721920906 0.014244070 0.032430544 0.691068427
3204.255861984 0.082423468 8.550676898 1.436825063 -0.705506419 0.015915696 0.045556278 0.707058702
3204.381358304 0.061303864 9.065017333 1.449988046 -0.713395876 0.002137981 0.045730018 0.699264270
3204.506359040 0.038684466 9.588223679 1.468701470 -0.707582154 -0.003188323 0.041836397 0.705384325
3204.631897344 0.004647369 10.128221101 1.475607784 -0.720059064 -0.012702720 0.052895388 0.691777177
3204.756138016 -0.035214707 10.667068482 1.479274173 -0.714048721 -0.016145267 0.057823959 0.697517128
3204.881212480 -0.090772433 11.220899616 1.486509869 -0.713741075 -0.015478779 0.049841678 0.698462520
3205.006344000 -0.129088541 11.767959016 1.496447299 -0.705705632 -0.016191573 0.050623295 0.706508794
3205.131205856 -0.053830876 12.041145764 1.512099274 -0.706305469 -0.016580343 0.060686274 0.705106270
3205.257009536 -0.065265331 12.563943288 1.535824825 -0.704230119 -0.014428461 0.063423914 0.706985973
3205.381159840 -0.092950697 13.119682356 1.556836972 -0.706986437 -0.008946625 0.067618956 0.703930261
3205.506127296 -0.139376563 13.714933977 1.583663662 -0.701229988 -0.003164456 0.069863119 0.709496748
3205.631246912 -0.185864516 14.314150841 1.616989568 -0.698520572 -0.003257298 0.071115882 0.712039979
3205.756352032 -0.325875952 14.677399347 1.701575209 -0.703055481 -0.000927064 0.063204206 0.708320097
3205.881119872 -0.411842091 15.040308083 1.686300341 -0.706601219 -0.004323749 0.065395773 0.704570376
3206.006399104 -0.481064123 15.652058063 1.715149507 -0.699838337 -0.021023022 0.079475936 0.709554727
3206.131807136 -0.576075459 16.179565233 1.732864754 -0.704099255 -0.023533183 0.080115719 0.705175084
3206.256656896 -0.510298538 16.626970696 1.752768328 -0.701329408 -0.026910248 0.090061788 0.706612889
3206.381495552 -0.512578897 17.066186075 1.768565614 -0.703493809 -0.024347405 0.096207788 0.703738394
3206.506435552 -0.595488714 17.671200492 1.797090150 -0.700344620 -0.022052062 0.093269645 0.707341426
3206.631152800 -0.675450523 18.309051579 1.827762572 -0.699843690 -0.014139018 0.088058659 0.708706265
3206.757229472 -0.748113254 18.947415230 1.862618018 -0.698599770 -0.011996675 0.087898823 0.709991717
3206.881813888 -0.824526934 19.576012617 1.896306923 -0.699349633 -0.013974460 0.086180584 0.709427736
3207.006565088 -0.900774312 20.214116838 1.929038782 -0.701743769 -0.014324848 0.086452104 0.707019459
3207.131392800 -0.977026250 20.862633769 1.967269993 -0.697037752 -0.017950296 0.085645789 0.711674756
3207.256383840 -1.055936855 21.500982250 2.012290050 -0.691232606 -0.023432639 0.083238413 0.717439728
3207.381796512 -1.142096897 22.146592784 2.056927128 -0.693797388 -0.025800369 0.080927846 0.715143488
3207.506315232 -1.229616307 22.782027020 2.105769213 -0.688943921 -0.026879234 0.081823986 0.719679523
3207.631741088 -1.314581545 23.418157827 2.168342359 -0.684261013 -0.027196895 0.083636903 0.723914404
3207.756487552 -1.397961658 24.047498695 2.234564695 -0.679140073 -0.023530514 0.086177579 0.728552332
3207.881232320 -1.477333831 24.665590188 2.289165846 -0.691967795 -0.026869162 0.081822679 0.716773094
3208.006334848 -1.545518962 25.259975027 2.338377207 -0.688508139 -0.034149067 0.082116397 0.719755015
3208.131924576 -1.635416115 25.874509995 2.389757681 -0.683069775 -0.040366506 0.081320665 0.724688331
3208.256177760 -1.743050852 26.428138929 2.458767935 -0.674943666 -0.052543372 0.079095939 0.731733609
3208.382440832 -1.863833736 27.010977160 2.525490671 -0.680528968 -0.064698578 0.081439603 0.725301323
3208.505711040 -1.968213641 27.505700220 2.567988851 -0.690313244 -0.064795724 0.077330130 0.716442036
3208.631281152 -2.043393045 28.037419939 2.613076891 -0.678356435 -0.063356589 0.082626409 0.727317926
3208.756161312 -2.082299751 28.625122921 2.613763741 -0.700260178 -0.055511267 0.081813030 0.707008352
3208.881021952 -2.186634948 29.100660636 2.667856043 -0.641490005 -0.053402700 0.095959499 0.759230202
3209.005422624 -2.451812394 29.597123550 2.654074830 -0.670862193 -0.052323446 0.098238457 0.733181684
3209.130939296 -2.549494380 30.131206769 2.732199468 -0.676382477 -0.048966516 0.097420714 0.728435467
3209.255786592 -2.646482559 30.681693822 2.783630391 -0.681224794 -0.042623309 0.111399655 0.722292289
3209.380976768 -2.686021544 31.196270300 2.828619725 -0.693169942 -0.045149608 0.115090485 0.710092335
3209.505861344 -2.955100136 31.598429586 2.822339004 -0.662879510 -0.036923255 0.106051449 0.740257063
3209.631462496 -3.045376092 32.116806234 2.876004572 -0.681780995 -0.037845651 0.108228445 0.722515734
3209.756645568 -3.144264907 32.615301573 2.920616031 -0.673941583 -0.054523194 0.105371525 0.729196000
3209.890112352 -3.246956434 33.120818006 2.982491088 -0.674863109 -0.054293158 0.083724881 0.731164948
3210.014260032 -3.344180776 33.578067242 3.049025332 -0.681715656 -0.054411816 0.078556999 0.725349513
3210.139108160 -3.432649749 34.049512384 3.099676404 -0.685744753 -0.048636744 0.094635368 0.720022742
3210.263696192 -3.499699673 34.541654164 3.151023397 -0.680860852 -0.028156243 0.098043517 0.725274565
3210.388865376 -3.562550208 35.026025624 3.187542332 -0.692660915 -0.022378272 0.078570082 0.716621805
3210.514308384 -3.591569453 35.497346260 3.226530080 -0.691008725 0.012497389 0.075063796 0.718829732
3210.639996864 -3.620833711 35.965768087 3.251852734 -0.691359640 0.013669082 0.077737345 0.718186543
3210.777487680 -3.653272476 36.477061846 3.305035410 -0.674605939 -0.000435485 0.071472113 0.734709721
3210.904840480 -3.695670846 36.938376622 3.368038812 -0.673531937 -0.003694642 0.075299534 0.735303380
3211.027630624 -3.752346691 37.395751740 3.412091005 -0.680362748 -0.007270765 0.088422585 0.727485473
3211.152085440 -3.824502721 37.840118988 3.460717873 -0.690126628 -0.014747923 0.093330911 0.717493608
3211.276665696 -3.899235539 38.273459095 3.506022259 -0.686189150 -0.019598540 0.081871187 0.722535436
3211.402003616 -3.950564371 38.730017078 3.547596832 -0.681470754 -0.017689917 0.089471104 0.726140207
3211.530207456 -4.009780015 39.208907903 3.600898949 -0.681748072 -0.015862671 0.096926292 0.724964300
3211.651425280 -4.073769591 39.642907488 3.646806329 -0.683677354 -0.016002346 0.092003658 0.723784862
3211.776247328 -4.147078161 40.111818882 3.680949692 -0.689444795 -0.021413102 0.091105009 0.718266824
3211.901092736 -4.219866844 40.595483436 3.716187821 -0.690986939 -0.035476043 0.093420639 0.715926732
3212.027601760 -4.302762841 41.067388578 3.748142286 -0.694566796 -0.040316029 0.088544486 0.712819373
3212.152630944 -4.383680498 41.544941782 3.779649279 -0.693328765 -0.036920180 0.090736671 0.713932056
3212.277248320 -4.474639163 42.018210568 3.817541386 -0.691524485 -0.050705163 0.098223672 0.713845210
3212.402937792 -4.582620674 42.495486744 3.851838998 -0.689153814 -0.064231211 0.111594121 0.713083532
3212.527089952 -4.693351903 42.970905707 3.891262895 -0.685191466 -0.055310056 0.110658916 0.717779951
3212.653074720 -4.804220226 43.468885980 3.926462100 -0.696795383 -0.057316807 0.112713948 0.706035795
3212.776892224 -4.920138344 43.957685327 3.949252523 -0.705260296 -0.064364949 0.114454907 0.696681522
3212.903030048 -5.037205562 44.454256173 3.971250861 -0.702460609 -0.060868714 0.111094953 0.700358483
3213.033491168 -5.151586351 44.908842508 3.981492610 -0.711693285 -0.059978730 0.099735784 0.692782789
3213.158911904 -5.239029827 45.276768110 3.989683598 -0.713687476 -0.058466598 0.102781440 0.690411340
3213.283857696 -5.321229719 45.601236669 3.996876561 -0.709036754 -0.066247487 0.104028556 0.694302680
3213.408537408 -5.382093503 45.869185073 4.006466286 -0.707998219 -0.062721157 0.111425057 0.694542320
3213.596139584 -5.465960863 46.193600871 4.013309728 -0.707571582 -0.068058116 0.103879080 0.695643361
3213.717307776 -5.498870805 46.351093335 4.021740464 -0.707100136 -0.059382567 0.110365369 0.695918525
3213.846544224 -5.530078491 46.470658948 4.024863465 -0.708176784 -0.061203683 0.107283818 0.695147419
3213.967433856 -5.548462556 46.549212120 4.030411134 -0.704269720 -0.060309484 0.106578459 0.699291041
3214.159445440 -5.568928140 46.635605482 4.032147751 -0.704168554 -0.061383344 0.105024149 0.699534603
3214.283327200 -5.577828366 46.671523343 4.032780776 -0.704269230 -0.062011910 0.104673210 0.699430407
3214.410900000 -5.582828631 46.695142603 4.034178865 -0.704361530 -0.062085175 0.104330952 0.699382098
3214.533489888 -5.586146754 46.709879091 4.034702153 -0.704192394 -0.062044538 0.104690136 0.699502339
3214.909577472 -5.589793688 46.729186477 4.035331068 -0.703618164 -0.061808772 0.106381765 0.699845751
