2325.637258912 0.000000000 -0.000000000 1.000000000 -0.707106781 0.000000000 0.000000000 0.707106781
2326.010393312 0.002205942 0.231812305 1.012666189 -0.698864191 -0.004913392 0.015971465 0.715059168
2326.259768064 0.005682702 0.692695265 1.034869214 -0.694002064 -0.004915278 0.007980959 0.719911994
2326.510310784 0.007438545 1.315132157 1.059632931 -0.705744388 -0.011321304 0.010719725 0.708294977
2326.760115136 0.029549193 2.002480091 1.094596189 -0.704409679 0.008119765 0.009204748 0.709687499
2327.009912864 0.054144372 2.725774308 1.124156859 -0.706569921 -0.006732873 0.002745297 0.707605878
2327.259884896 0.076564195 3.510836720 1.138199099 -0.711086883 0.005105755 -0.003334021 0.703077706
2327.509995968 0.109623925 4.310931927 1.151463075 -0.712300275 0.003639515 0.002426184 0.701861230
2327.759827232 0.117240160 5.153811603 1.159664132 -0.715161998 -0.009214184 0.005061335 0.698879673
2328.010347808 0.130558687 6.026414388 1.165351645 -0.713067553 0.002235194 -0.006949750 0.701057322
2328.260629632 0.173858848 6.931611308 1.160012539 -0.709777873 0.021068894 -0.016434559 0.703918587
2328.510668224 0.281233594 7.823477367 1.196614466 -0.703640120 0.040769151 -0.027135361 0.708866793
2328.760916672 0.421372840 8.724759409 1.235266280 -0.708521934 0.048253132 -0.020823505 0.703729129
2329.011689120 0.540039675 9.656263091 1.235900502 -0.728006166 0.046229182 -0.004159328 0.683997503
2329.261302976 0.646292006 10.576106814 1.199834633 -0.709855125 0.026838840 -0.015662468 0.703661897
2329.511620000 0.732539814 11.555134177 1.212075360 -0.712463900 0.040605779 -0.006742953 0.700500460
2329.760988000 0.825749936 12.531782814 1.240604112 -0.708176741 0.034313807 -0.009535540 0.705136398
2330.011764544 0.920625399 13.537674166 1.232291565 -0.721330574 0.047419537 -0.009565935 0.690899474
2330.261610304 1.036655630 14.518060326 1.246078837 -0.681676643 0.049516646 -0.012952867 0.729861137
2330.511523584 1.181764304 15.526717773 1.238984631 -0.727925358 0.074251783 -0.004717424 0.681607726
2330.761956928 1.326230438 16.510685181 1.263429103 -0.724669201 0.058300029 -0.017368468 0.686406579
2331.011166560 1.443791760 17.528029485 1.263151191 -0.711726630 0.031939509 -0.017259017 0.701517782
2331.261214304 1.531459836 18.574195126 1.296137884 -0.706557510 0.022272529 -0.019463168 0.707037202
2331.511779072 1.569659402 19.587233791 1.299760316 -0.715451979 0.026954240 -0.017855796 0.697913394
2331.761283520 1.635455074 20.596159350 1.314431823 -0.706591219 0.032054478 -0.025472720 0.706436480
2332.011326528 1.655875200 21.179729498 1.310547695 -0.707594915 0.048576274 -0.032450313 0.704199374
2332.261392000 1.461624550 21.636954485 1.352436335 -0.700872652 0.044187190 -0.047482199 0.710331232
2332.511344096 1.521904871 22.666198863 1.345334116 -0.689914591 0.034843106 -0.055248540 0.720937871
2332.761558304 1.705062030 23.630099255 1.433962616 -0.692367646 0.027549448 -0.048890344 0.719359302
2333.011706400 1.793553117 24.503571882 1.523885627 -0.698560778 0.039729828 -0.048321528 0.712810922
2333.261352768 1.672078967 24.704341128 1.404078672 -0.706158378 0.044455612 -0.047663061 0.705047712
2333.510991616 1.806330304 25.758077843 1.482244093 -0.707344868 0.042785091 -0.047144832 0.703995766
2333.761419840 1.970711746 26.760654172 1.539963088 -0.714376170 0.040984098 -0.045569250 0.697072762
2334.011581344 2.126074416 27.827792363 1.569540870 -0.709402174 0.041198167 -0.046008148 0.702092955
2334.261046464 2.294896564 28.868570935 1.613951608 -0.704469404 0.052428846 -0.051042745 0.705952345
2334.511386464 2.478565174 29.913406548 1.653881171 -0.702257550 0.060283074 -0.053273504 0.707362862
2334.761346656 2.674797706 30.721746870 1.706057999 -0.699831734 0.062547798 -0.052346162 0.709635960
2335.011466016 2.883509545 31.356911224 1.780320505 -0.698685032 0.046082087 -0.061065558 0.711327397
2335.261501344 3.063740336 32.212833350 1.780674669 -0.705764486 0.044241399 -0.055729935 0.704864075
2335.511259040 3.421390890 32.609249856 1.892852709 -0.687621430 0.031967700 -0.061497244 0.722753709
2335.761200672 3.525963409 33.217169272 1.891809517 -0.732169166 0.050149456 -0.067491208 0.675912924
2336.009951968 3.516504450 33.508910418 1.857536299 -0.741680797 0.106544592 -0.121999567 0.650902412
2336.260008064 3.831135295 34.236972191 1.859957714 -0.660211197 0.147280956 -0.187690668 0.712180952
2336.509341760 4.257098139 34.638205510 1.932368011 -0.680201246 0.209957542 -0.210867079 0.669909823
2336.760168960 4.745546207 35.287734101 1.958225639 -0.669925534 0.221655169 -0.231855606 0.669560859
2337.008900544 5.233991247 35.918975372 2.022908037 -0.676532899 0.205771570 -0.238097219 0.665786010
2337.259377536 5.727277687 36.485269425 2.041778217 -0.685604671 0.234769354 -0.213691374 0.655107306
2337.507996704 6.216174851 37.083798014 2.053650469 -0.679063881 0.235682133 -0.215627853 0.660931772
2337.758166240 6.748982439 37.689499089 2.076154910 -0.678016698 0.247977906 -0.215923652 0.657401925
2338.008010720 7.200568612 38.258691504 2.069166298 -0.675786464 0.220343914 -0.254959697 0.655558363
2338.258326496 7.749392978 38.864206024 2.092712223 -0.678020952 0.256426061 -0.241785637 0.645037184
2338.507535520 8.286084674 39.436274184 2.097895216 -0.671907194 0.250908320 -0.252398132 0.649523611
2338.758366688 8.816381695 40.018157094 2.109520658 -0.678024120 0.225165961 -0.249082450 0.653866589
2339.008612576 9.332253176 40.597227925 2.111089366 -0.684292220 0.236508967 -0.256056552 0.640501919
2339.258109728 9.835284784 41.143167484 2.112274117 -0.674906667 0.246115924 -0.246000129 0.650701067
2339.507994688 10.367060533 41.721405082 2.119602849 -0.661129304 0.247383124 -0.258547000 0.659441492
2339.757892672 10.799675745 42.238636073 2.128103492 -0.676042713 0.230518505 -0.272577411 0.644615408
2340.007848928 11.062223475 42.527322114 2.134968802 -0.685228505 0.252990604 -0.239252148 0.639699976
2340.258358976 11.191843053 42.674279244 2.125773548 -0.682795563 0.243170321 -0.245902359 0.643576292
