2248.136429312 0.000000000 -0.000000000 1.000000000 -0.707106781 0.000000000 0.000000000 0.707106781
2248.511341728 0.021811008 0.241742962 1.015677674 -0.697901443 0.008085409 0.002895712 0.716142317
2248.762016800 0.026334630 0.712908909 1.037667408 -0.692054037 -0.005533081 0.003978938 0.721813523
2249.011233952 0.031691375 1.333100096 1.073095108 -0.700725769 -0.012408790 0.003652529 0.713313449
2249.260976928 0.065343471 1.997298792 1.111522280 -0.699797433 0.007075574 0.007775987 0.714263973
2249.511136096 0.091575746 2.726614423 1.128925071 -0.706326865 -0.001088392 0.001189827 0.707884002
2249.760974688 0.107433804 3.484810588 1.152258873 -0.709638672 0.001420194 -0.003064102 0.704557698
2250.011834432 0.143705080 4.278455526 1.161838457 -0.712929195 0.003900215 -0.005523405 0.701203425
2250.260867584 0.156761422 5.103382869 1.180956002 -0.711973872 -0.003970870 -0.005888686 0.702170038
2250.510742080 0.185534944 5.975818152 1.188199173 -0.706500370 -0.000853990 0.001012011 0.707711434
2250.760727136 0.227127904 6.839148874 1.216764178 -0.705030058 0.019940114 0.005108568 0.708878630
2251.010605344 0.271790471 7.737835826 1.257320169 -0.708317146 0.017757524 0.017032241 0.705465374
2251.260618464 0.284768925 8.627283818 1.275464979 -0.698847085 0.006688942 -0.000396421 0.715239717
2251.511200256 0.304143910 9.533699746 1.306288796 -0.716614623 -0.003616996 0.016564174 0.697263241
2251.761148640 0.310873124 10.434070281 1.306208300 -0.707418180 -0.006590785 0.000522371 0.706764322
2252.011403488 0.308595211 11.386355956 1.297860505 -0.717173418 -0.020444391 -0.017789065 0.696367622
2252.261608832 0.362924124 12.316112750 1.339320842 -0.708477881 0.011286913 -0.011451327 0.705549832
2252.511336160 0.430574114 13.274702773 1.352128841 -0.718659328 0.012584481 -0.020540845 0.694944944
2252.761556960 0.517331177 14.242446677 1.344154814 -0.722258750 0.024959093 -0.011355301 0.691079155
2253.011815232 0.585995710 15.195594333 1.377662303 -0.694301811 0.027133095 -0.013290163 0.719049485
2253.261368224 0.683202364 16.122148610 1.404284710 -0.678963984 0.037368891 -0.006485389 0.733191253
2253.511653664 0.792843323 17.078235888 1.407587269 -0.720506062 0.040908513 -0.003862607 0.692230156
2253.761325312 0.866843819 18.025840594 1.420447069 -0.705708718 0.027845974 -0.015079341 0.707794053
2254.011499712 0.944995520 19.019790257 1.437994852 -0.708381383 0.017208399 -0.025730250 0.705150794
2254.261997056 1.046791243 20.010710857 1.448518480 -0.710590241 0.031827818 -0.044631113 0.701467435
2254.511236768 1.106687110 20.216624472 1.472483265 -0.707777037 0.033864999 -0.050366346 0.703823884
2254.761472640 1.081834725 20.115392460 1.572152843 -0.711616551 0.006300734 -0.093750793 0.696256399
2255.011853824 1.105545986 20.270535245 1.590090171 -0.706708973 0.002785803 -0.100287755 0.700354934
2255.261546048 1.324899392 21.273276777 1.606850937 -0.705050512 -0.006617087 -0.101036426 0.701891466
2255.511236768 1.490692713 22.264804414 1.647909327 -0.706145379 -0.012163040 -0.098995813 0.701006842
2255.761675136 1.469030565 22.543540137 1.691667958 -0.701267721 -0.010217012 -0.100058359 0.705767327
2256.011844512 1.536034211 22.781540613 1.757837532 -0.709033867 -0.011051021 -0.100859520 0.697836806
2256.261286048 1.480697645 23.407056150 1.778397806 -0.711890251 -0.017235340 -0.103601161 0.694393270
2256.511837472 1.362995926 23.471761095 1.795804525 -0.715263612 -0.014376776 -0.118168671 0.688641734
2256.761658944 1.546497677 24.353282105 1.835355222 -0.719795640 -0.015957603 -0.116785511 0.684105793
2257.011367520 1.780063483 25.335352481 1.898953801 -0.715561139 -0.013102725 -0.113158611 0.689199321
2257.262169504 1.969528895 26.332481383 1.911733803 -0.712939225 0.004571347 -0.116628044 0.691443897
2257.511740096 2.138566300 26.808822154 1.940225980 -0.706494273 0.000353349 -0.117755071 0.697853466
2257.762398336 2.233191319 27.613100709 2.030032006 -0.698964343 -0.001273182 -0.118557917 0.705259702
2258.011539712 2.310186578 28.488062670 2.015993400 -0.708253263 -0.003529260 -0.121686429 0.695382825
2258.261403904 2.471305113 29.147125442 2.057311588 -0.708301705 -0.012823756 -0.125360847 0.694571022
2258.511840960 2.404673710 30.043687972 1.943176389 -0.729444107 -0.007274708 -0.128621674 0.671799701
2258.761350560 2.547596091 30.819860900 1.901202821 -0.725918280 0.035558037 -0.162985998 0.667243465
2259.009980672 2.789374242 31.437861199 1.883567387 -0.736782450 0.084732918 -0.226143845 0.631530613
2259.259816320 3.088824056 31.708210389 1.977249954 -0.644203052 0.140379177 -0.282113272 0.696927698
2259.509476224 3.632868331 32.312242953 2.064758641 -0.649728092 0.214885811 -0.310222412 0.659878435
2259.759776480 4.174510423 32.921132925 2.136098345 -0.651988101 0.203462559 -0.304911751 0.663734380
2260.009221888 4.767663667 33.531681585 2.227216576 -0.639132554 0.207949546 -0.311851096 0.671576845
2260.259342880 5.293342706 34.094575373 2.308216947 -0.672332860 0.193890539 -0.295642104 0.650361999
2260.508500096 5.841490960 34.733020458 2.373475095 -0.660808630 0.190381157 -0.296997925 0.662479586
2260.757644608 6.366204055 35.317615641 2.448501698 -0.664873471 0.198000445 -0.276203238 0.665169800
2261.007958016 6.895236030 35.895159958 2.540114024 -0.654732541 0.185992123 -0.277752268 0.677927657
2261.258051392 7.270277131 36.370668040 2.576838507 -0.671775306 0.169636167 -0.287003727 0.661491020
2261.508098656 7.782374609 36.993547578 2.642606819 -0.656915284 0.177105158 -0.292081281 0.672149239
2261.758113728 8.268104341 37.588409050 2.709547275 -0.682089526 0.165678336 -0.291899324 0.649691736
2262.007750656 8.795435562 38.197557753 2.786703522 -0.675787485 0.192786119 -0.277770482 0.654972019
2262.258281344 9.306927459 38.748285328 2.836520748 -0.655073133 0.198144421 -0.305592778 0.661990206
2262.507939232 9.764778529 39.245551284 2.920239892 -0.643941942 0.197245403 -0.323222054 0.664801121
2262.758102720 10.223562311 39.739520812 2.981002158 -0.669498650 0.210425455 -0.290765993 0.650344388
2263.008217664 10.478631763 39.994450565 3.015253854 -0.658034194 0.222078768 -0.293123215 0.657077470
2263.257958240 10.579515183 40.104412050 3.024607937 -0.664928140 0.205212045 -0.318377432 0.643734724
