4007.313985472 0.000000000 -0.000000000 1.000000000 -0.707106781 0.000000000 0.000000000 0.707106781
4007.444893280 0.000416785 0.001198398 1.001180088 -0.705202984 0.001174386 0.001158170 0.709003548
4007.636166272 -0.019414660 0.100112033 1.005542598 -0.710857807 -0.023516223 0.028796173 0.702352437
4007.811380832 -0.097734829 0.314682887 1.010090955 -0.700241145 -0.063575182 0.026602950 0.710572176
4008.034134624 -0.130816806 0.762671663 1.008873766 -0.711484176 -0.043923180 0.008305975 0.701278855
4008.112778976 -0.128180769 0.949150309 1.004546006 -0.722885032 -0.031818014 -0.012446215 0.690123131
4008.199651168 -0.117091731 1.156349573 1.014242895 -0.708697028 -0.013597011 -0.011445233 0.705289054
4008.282545504 -0.109912221 1.358130789 1.011642463 -0.710967811 -0.009105987 -0.009541080 0.703100861
4008.412767904 -0.100349092 1.689827697 1.027205026 -0.717773596 0.006914821 0.017444146 0.696023672
4008.509691392 -0.102067956 1.915435129 1.036279863 -0.690579648 -0.014392121 0.000468523 0.723112990
4008.593576576 -0.090848935 2.148364902 1.044941808 -0.698653182 0.013303533 -0.008533749 0.715285903
4008.689303232 -0.095184366 2.388895242 1.050656898 -0.702790323 0.014408759 -0.015115964 0.711090470
4008.797277696 -0.089572193 2.703183302 1.062823618 -0.709468267 0.006341238 -0.007312530 0.704670911
4008.881076096 -0.089592151 2.925299671 1.068669575 -0.711009393 0.003910324 -0.012324231 0.703063628
4008.961935968 -0.086607538 3.167754780 1.071760266 -0.710225254 0.007243600 -0.004987421 0.703919559
4009.058989184 -0.081357945 3.440699746 1.083175749 -0.713017388 0.012611246 0.005160218 0.701013932
4009.132838656 -0.069402833 3.673480773 1.087798029 -0.706329569 0.020140956 0.004670899 0.707581137
4009.246377536 -0.042708220 4.013037856 1.105021403 -0.701858548 0.043553971 0.015878893 0.710806226
4009.320662560 -0.032986951 4.253383755 1.108779704 -0.704964641 0.033455292 0.009414429 0.708390406
4009.411890528 -0.021989978 4.547255541 1.094213306 -0.729502521 0.034899072 0.018467700 0.682837514
4009.491247680 -0.012356773 4.810242317 1.093212852 -0.733564791 0.029106080 0.014876317 0.678832991
4009.578135712 0.001059640 5.074718795 1.104383501 -0.703494329 0.040506212 0.007633947 0.709504545
4009.684798272 0.022470209 5.409323419 1.142042018 -0.657755711 0.036606472 0.006028242 0.752317122
4009.768864128 0.043184446 5.668242136 1.178704190 -0.656350685 0.035982852 0.012177914 0.753498978
4009.869115424 0.059071963 6.020622643 1.222242430 -0.677679879 0.029759125 0.010088419 0.734685375
4009.951063424 0.065168676 6.289237679 1.247973914 -0.684980759 0.022834066 0.003242879 0.728196024
4010.059719168 0.092429284 6.647794907 1.284461434 -0.680046840 0.034177974 0.019435496 0.732113668
4010.140796000 0.102235927 6.905213601 1.315179420 -0.677482417 0.033005474 0.013623379 0.734671775
4010.268958208 0.118723041 7.357800601 1.349558254 -0.696441824 0.023566496 0.032500166 0.716489459
4010.413211168 0.106977525 7.872643284 1.343125599 -0.729494495 0.001691041 0.040325096 0.682794851
4010.486113184 0.093597104 8.110995912 1.349952399 -0.722896787 -0.002109074 0.033130448 0.690158070
4010.558149344 0.079168702 8.371224817 1.343427627 -0.711844900 0.000207501 0.032341854 0.701591619
4010.693438624 0.064582259 8.867513693 1.361626939 -0.708915539 -0.006118661 0.034738490 0.704410788
4010.806626016 0.051780952 9.285393564 1.370060902 -0.709960897 -0.005728557 0.036169460 0.703288333
4010.892315648 0.032325311 9.604689872 1.376489224 -0.709689764 -0.013241114 0.029403579 0.703775917
4010.986994400 0.019192172 10.000903402 1.377650780 -0.718519854 -0.013513079 0.032335007 0.694622965
4011.061175200 0.003889645 10.293592665 1.374271479 -0.725170429 -0.016247745 0.024956291 0.687925173
4011.130260960 -0.001736597 10.567920303 1.377665219 -0.715693819 -0.008980183 0.028711309 0.697765988
4011.198248864 -0.013548359 10.850117043 1.375018984 -0.714638144 -0.016044877 0.023495513 0.698915478
4011.276155712 -0.026704950 11.173247998 1.376554225 -0.716053467 -0.015865022 0.023183100 0.697479947
4011.376081888 -0.038953072 11.585655550 1.386057994 -0.712963472 -0.012477113 0.026467365 0.700590385
4011.454219104 -0.052557317 11.905862579 1.392860998 -0.709561098 -0.014407738 0.025371048 0.704039612
4011.561642080 -0.072569174 12.363537405 1.408157061 -0.708354494 -0.015794306 0.025998704 0.705201048
4011.662359040 -0.088222349 12.791306304 1.423922168 -0.709338558 -0.012263586 0.027664047 0.704218087
4011.807596864 -0.099778370 13.403208123 1.450063129 -0.705556752 -0.007799488 0.029630436 0.707990731
4011.920262848 -0.104357247 13.884697579 1.468419047 -0.707412845 -0.002920468 0.029448201 0.706180813
4012.005940544 -0.116800033 14.246702084 1.484280808 -0.704776039 0.000052143 0.031620496 0.708724824
4012.078731328 -0.123138271 14.593986127 1.498032060 -0.701115660 -0.000044438 0.031923008 0.712332612
4012.156254368 -0.131551520 14.938068895 1.516700368 -0.700549725 -0.001740263 0.031970877 0.712884926
4012.231036320 -0.136907361 15.288569924 1.529846832 -0.701345185 -0.002663473 0.032416937 0.712079335
4012.303137536 -0.167146620 15.539030520 1.543993073 -0.703786418 -0.000634553 0.030047218 0.709775626
4012.383666816 -0.171316048 15.896087685 1.561031785 -0.701582380 0.000748971 0.031592169 0.711887307
4012.453506592 -0.178151078 16.231155209 1.575006934 -0.700477852 -0.000686556 0.030269832 0.713031587
4012.533005888 -0.187128794 16.589131761 1.597258969 -0.697739443 -0.001285149 0.032824076 0.715598070
4012.629548800 -0.200990983 17.020561119 1.614064046 -0.700696290 -0.000524108 0.030339457 0.712814107
4012.717976480 -0.209566723 17.422311547 1.632752155 -0.701932946 0.001139420 0.030880751 0.711572357
4012.791301600 -0.216714208 17.766286603 1.650188723 -0.701484117 -0.000787254 0.030989823 0.712010565
4012.869491712 -0.225254582 18.120540450 1.665610375 -0.703537764 0.000000404 0.031815239 0.709945353
4012.938095488 -0.232555966 18.431213990 1.682065856 -0.704272093 -0.000356438 0.031225376 0.709243025
4013.034773280 -0.208684479 18.798613671 1.699127703 -0.703343505 -0.002534959 0.038252909 0.709815612
4013.132146016 -0.229735260 19.243768925 1.718753843 -0.698551671 -0.007568665 0.043327891 0.714206534
4013.211126432 -0.246957967 19.605309923 1.739666882 -0.697707530 -0.008429316 0.041685323 0.715119209
4013.323861792 -0.271590963 20.141257758 1.771685517 -0.700176744 -0.006833182 0.041874451 0.712707770
4013.414050912 -0.293120013 20.561325946 1.793346512 -0.699063043 -0.009528897 0.043098795 0.713696404
4013.489038496 -0.310860377 20.907517575 1.813464008 -0.700536904 -0.009745117 0.043885062 0.712198835
4013.588862464 -0.339205915 21.384392788 1.843691819 -0.695586959 -0.014268952 0.043814412 0.716962674
4013.656045056 -0.359550753 21.701174579 1.860484126 -0.700384687 -0.017910985 0.046257641 0.712039829
4013.746287520 -0.390680969 22.121078142 1.889881994 -0.696114350 -0.021142400 0.046361102 0.716120422
4013.812814240 -0.416453746 22.434927933 1.909257718 -0.696161387 -0.025394132 0.046781529 0.715909177
4013.893505216 -0.448446658 22.806810880 1.939705062 -0.690822742 -0.029099258 0.046226246 0.720957909
4013.966374016 -0.477822092 23.150676637 1.962529662 -0.691408839 -0.028857711 0.047011100 0.720354778
4014.044847136 -0.514418637 23.510896304 1.989051854 -0.692846165 -0.034326035 0.043815845 0.718933994
4014.111619680 -0.540679416 23.824685704 2.012138630 -0.692099202 -0.033367074 0.046747380 0.719513736
4014.180283456 -0.571892097 24.144361940 2.039073233 -0.689567998 -0.035547967 0.046565657 0.721847600
4014.255405824 -0.605940665 24.485130110 2.071518670 -0.684972007 -0.035058822 0.047393396 0.726180484
4014.345451392 -0.646172286 24.897356844 2.112339929 -0.683153999 -0.034320247 0.047442289 0.727923048
4014.414931168 -0.677479862 25.222535986 2.145786376 -0.681528064 -0.033799872 0.046203647 0.729549374
4014.530081984 -0.725156680 25.745210782 2.195724940 -0.684358212 -0.033648878 0.047769856 0.726800957
4014.595851392 -0.749925904 26.045454438 2.228102647 -0.689450385 -0.030546775 0.040305319 0.722565251
4014.689513568 -0.774974306 26.466146254 2.257266550 -0.688117443 -0.023809899 0.029121798 0.724623622
4014.755473152 -0.791111679 26.764172813 2.285980408 -0.689730398 -0.021257195 0.028879425 0.723177771
4014.845456160 -0.816545101 27.158781761 2.321804808 -0.687527061 -0.028498454 0.029008882 0.725019216
4014.910643456 -0.837723865 27.445369549 2.351673560 -0.678323915 -0.033825454 0.031436048 0.733310493
4015.000279904 -0.871048640 27.831256596 2.394076111 -0.672297178 -0.041250921 0.026755092 0.738646757
4015.107851584 -0.914969009 28.286718433 2.446922798 -0.670431427 -0.048302733 0.027877536 0.739872550
4015.200406976 -0.956533220 28.703988680 2.485735750 -0.688230768 -0.056415634 0.020592964 0.723001809
4015.317566432 -0.992560510 29.202357774 2.528211541 -0.694857261 -0.038730156 0.038757647 0.717057325
4015.400044320 -1.039710173 29.536335336 2.558388198 -0.658688305 -0.054666732 0.007410386 0.750390799
4015.527356768 -1.073476525 30.077532957 2.634577846 -0.681840017 -0.033390035 0.009887460 0.730671975
4015.608294944 -1.085318982 30.410714930 2.648723869 -0.706313687 -0.009752300 0.017094534 0.707625357
4015.697618976 -1.122267462 30.748717308 2.677099597 -0.668111718 -0.034695483 0.008637469 0.743201419
4015.801497696 -1.147475557 31.151484990 2.728085253 -0.659030930 -0.027884301 0.018962086 0.751359527
4015.894004224 -1.163409415 31.513602431 2.777672381 -0.673588118 -0.010053186 0.033043946 0.738299450
4016.003273280 -1.193767543 31.937339472 2.828747756 -0.682118390 -0.017961866 0.030596610 0.730380532
4016.081087264 -1.218895278 32.217346240 2.855172445 -0.675684177 -0.033219581 0.022255439 0.736106003
4016.166513696 -1.239341988 32.552050863 2.881404919 -0.685832588 -0.022165844 0.033572008 0.726646584
4016.258783072 -1.267501859 32.887618534 2.910604507 -0.693050895 -0.020031036 0.028663825 0.720039999
4016.356949792 -1.292762680 33.250845124 2.937561282 -0.692523549 -0.016096334 0.034142289 0.720407070
4016.464099168 -1.317395232 33.631309233 2.969444463 -0.681052877 -0.017819946 0.030708336 0.731372974
4016.568429216 -1.313603442 34.008481756 3.016977759 -0.672351092 0.008747963 0.054999604 0.738134490
4016.659143712 -1.320958362 34.341067745 3.053019110 -0.678969264 0.016798185 0.056602606 0.731788702
4016.809858368 -1.337289859 34.883094636 3.105772900 -0.677530098 0.005562906 0.049510486 0.733805650
4016.893072000 -1.334784029 35.173812878 3.154011761 -0.664422855 0.013148888 0.071123822 0.743848626
4016.996278016 -1.357245135 35.522103805 3.187656188 -0.672162056 0.001996303 0.066022844 0.737451808
4017.076195360 -1.374436153 35.808990243 3.219484004 -0.683006111 -0.012954262 0.065603115 0.727345221
4017.168089504 -1.395249840 36.113183067 3.244127151 -0.690226038 -0.016397374 0.070242422 0.719989684
4017.246961504 -1.431744545 36.394344423 3.259226167 -0.692119494 -0.028077972 0.062481359 0.718525096
4017.342419840 -1.465670411 36.705030383 3.284348971 -0.691470216 -0.037257269 0.066010749 0.718417300
4017.449963424 -1.502568969 37.071255481 3.312301326 -0.691283634 -0.032246120 0.082756674 0.717104217
4017.538519328 -1.548318426 37.364773861 3.323094143 -0.691104689 -0.048240885 0.067461867 0.717980517
4017.617983424 -1.577876125 37.635003930 3.357120978 -0.683323433 -0.034978690 0.079414456 0.724940633
4017.703450496 -1.622007189 37.921887319 3.366694809 -0.689523981 -0.041312056 0.065912284 0.720073305
4017.822978496 -1.674054038 38.328572252 3.412173131 -0.688929407 -0.039418618 0.069915897 0.720370885
4017.906702400 -1.711794497 38.596381488 3.433182052 -0.682129745 -0.043179456 0.077240993 0.725856993
4017.989556064 -1.757236106 38.886592822 3.456058411 -0.684197321 -0.048406929 0.070346659 0.724280431
4018.123386560 -1.820472402 39.318755606 3.502650884 -0.687862059 -0.049001951 0.079888385 0.719765547
4018.203509568 -1.870871686 39.595193733 3.520504191 -0.679083993 -0.058997837 0.081627482 0.727118380
4018.300535008 -1.936516033 39.915183682 3.561210414 -0.677847373 -0.062235598 0.074031280 0.728813446
4018.415531488 -2.012552059 40.303216647 3.593006415 -0.680819867 -0.067258417 0.074536780 0.725537651
4018.522761888 -2.090108682 40.649177140 3.629749322 -0.678652711 -0.080442462 0.070312164 0.726646893
4018.622719136 -2.156500577 40.996304928 3.663043863 -0.680856621 -0.070167328 0.078040740 0.724858918
4018.695047680 -2.201846948 41.226964548 3.685991627 -0.683159723 -0.068911392 0.076070642 0.723019550
4018.842268288 -2.309504390 41.744655177 3.728650274 -0.683922154 -0.066189045 0.075951405 0.722565486
4018.968171968 -2.385794632 42.167127843 3.763685152 -0.682208646 -0.061881632 0.072596923 0.724908073
4019.044719776 -2.433667204 42.432582773 3.786515439 -0.687383022 -0.064649822 0.077934800 0.719201744
4019.199425088 -2.542396370 42.950153469 3.825146990 -0.687239874 -0.083231532 0.078485067 0.717365989
4019.277676736 -2.596382954 43.221904752 3.848585322 -0.690726058 -0.078048612 0.077579569 0.714693877
4019.409965824 -2.689116824 43.669076465 3.873531603 -0.689473883 -0.076325631 0.075831102 0.716274952
4019.494884320 -2.752088746 43.972315033 3.897431137 -0.685844466 -0.078569750 0.076251991 0.719464938
4019.588942656 -2.825836678 44.302269757 3.914229427 -0.691230300 -0.084373106 0.076953842 0.713554453
4019.744122784 -2.946480515 44.861267152 3.948742788 -0.686543070 -0.084175446 0.077491846 0.718030724
4019.823524224 -3.007446106 45.144465153 3.971794055 -0.684944416 -0.082802494 0.072271039 0.720258142
4019.923302656 -3.085281257 45.501733580 3.997112151 -0.692128608 -0.076170487 0.078676152 0.713418608
4019.995736960 -3.146816815 45.778809731 4.006178246 -0.700344043 -0.084491451 0.071346221 0.705187304
4020.080172928 -3.212422106 46.082808025 4.021166442 -0.705756054 -0.089172141 0.073280016 0.698989814
4020.164986016 -3.280794670 46.383255397 4.022916413 -0.704288656 -0.090890853 0.077399290 0.699804038
4020.317527680 -3.408200270 46.925098165 4.038267460 -0.701896405 -0.087137447 0.072593766 0.703191757
4020.398573984 -3.466436372 47.213417685 4.042378620 -0.712409153 -0.080042357 0.077343782 0.692881201
4020.485838112 -3.534988270 47.504580242 4.042714026 -0.715996154 -0.082628008 0.070454867 0.689607302
4020.569306400 -3.592969239 47.759724159 4.044594405 -0.713905921 -0.083736251 0.066973671 0.691983457
4020.639088960 -3.628892870 47.937987151 4.047495534 -0.707794220 -0.077597049 0.075021482 0.698124500
4020.727246272 -3.676743229 48.138269495 4.054966364 -0.709847353 -0.081740111 0.074830347 0.695582999
4020.941567136 -3.764584895 48.509073227 4.060312013 -0.710634323 -0.088989589 0.079693791 0.693345954
4021.109690784 -3.807540793 48.689375252 4.068636471 -0.705538953 -0.089233642 0.078279995 0.698658990
4021.264947584 -3.835031878 48.805641051 4.072080215 -0.706274767 -0.085873915 0.078164392 0.698349448
4021.339380576 -3.844182361 48.844568048 4.072308149 -0.705709315 -0.085793246 0.079050356 0.698831112
4021.611395200 -3.864851586 48.934828248 4.073569252 -0.704050839 -0.087734343 0.079404668 0.700221393
4021.775204736 -3.871358225 48.963629161 4.074866611 -0.703061947 -0.087567837 0.081547392 0.700989155
