2988.765466784 0.000000000 -0.000000000 1.000000000 -0.707106781 0.000000000 0.000000000 0.707106781
2988.951886272 0.003615965 0.028683509 1.002863143 -0.704743757 0.004811211 -0.003550064 0.709436738
2989.266520768 0.010281150 0.403437254 1.021595560 -0.698240692 0.003682080 0.015018251 0.715696046
2989.387843136 0.012371620 0.659814033 1.029416872 -0.691427875 0.001186124 0.007654746 0.722403967
2989.515441504 0.018472282 0.964216085 1.049963861 -0.697925175 0.001134536 0.002591516 0.716165098
2989.637106976 0.025383413 1.282912999 1.064690849 -0.702794835 -0.004257635 0.001897972 0.711377319
2989.826632032 0.036763743 1.811114457 1.086842912 -0.698921861 -0.000397754 -0.002213636 0.715194501
2989.951963648 0.053833102 2.180046036 1.106699002 -0.700855304 0.004203804 -0.000716610 0.713290725
2990.077735936 0.063309823 2.555939014 1.117095047 -0.706191777 0.000354014 -0.005415081 0.707999806
2990.201710208 0.071891400 2.935266193 1.125395895 -0.707710288 -0.011545193 0.002672199 0.706403366
2990.327017696 0.074817246 3.333475057 1.134265439 -0.713372785 -0.013270035 -0.008376540 0.700609028
2990.451713536 0.092087136 3.736508453 1.145157761 -0.706932833 0.002907918 -0.009358950 0.707212786
2990.583074912 0.113462559 4.176149922 1.155707907 -0.709499837 0.010467245 -0.009793032 0.704559802
2990.709131456 0.141081070 4.595385379 1.162203434 -0.711348148 0.014981479 -0.010977713 0.702594376
2990.834238976 0.165128616 5.026122960 1.169210206 -0.710016448 0.001670244 -0.016124241 0.703998482
2990.960410080 0.189262664 5.475478150 1.172747168 -0.717330995 -0.000513459 -0.017438644 0.696514087
2991.084069856 0.215545806 5.914690868 1.173306401 -0.717565213 0.006510527 -0.019604287 0.696184925
2991.208930048 0.252753625 6.361204680 1.189517297 -0.717910572 0.019273970 -0.019987603 0.695581354
2991.334568928 0.299475409 6.821219606 1.197878964 -0.707132510 0.030501971 -0.034870073 0.705561706
2991.459661952 0.365766051 7.271403895 1.209866996 -0.701127459 0.055327724 -0.036848302 0.709930512
2991.584218336 0.430371804 7.716784512 1.221682618 -0.703057286 0.053725714 -0.040940728 0.707917973
2991.709970816 0.508293563 8.166534822 1.240588988 -0.700055434 0.045672787 -0.035906739 0.711721218
2991.840903968 0.593427791 8.639463392 1.265836290 -0.699263029 0.060372589 -0.038446724 0.711272252
2991.960131040 0.656165351 9.072039699 1.283688224 -0.705718798 0.046479309 -0.020148039 0.706678646
2992.085492000 0.714564228 9.531350228 1.294148430 -0.711879711 0.040571014 -0.030466187 0.700466331
2992.210361088 0.785033098 9.992021013 1.289398935 -0.723448815 0.054574495 -0.021394110 0.687884968
2992.335518752 0.847223166 10.445843053 1.282563657 -0.713824679 0.048881732 -0.014394279 0.698468116
2992.460475584 0.907189963 10.914278739 1.294265499 -0.708335786 0.048881060 -0.023435055 0.703791059
2992.585346880 0.966635765 11.390953704 1.295024178 -0.726922511 0.042062977 0.008492705 0.685377446
2992.709646656 1.004423804 11.861343044 1.288815844 -0.709817403 0.033286548 -0.003266081 0.703591211
2992.836080864 1.048756735 12.340851811 1.311801336 -0.698569780 0.037208460 -0.009774800 0.714506996
2992.959873696 1.093243980 12.822394323 1.324322342 -0.705222981 0.033527009 -0.010543710 0.708113916
2993.085206944 1.135993370 13.309453120 1.326167155 -0.715026276 0.035042213 -0.017652714 0.697995595
2993.210888608 1.187914940 13.804878058 1.317026534 -0.723640668 0.038240488 -0.004611219 0.689101289
2993.334927680 1.248023786 14.299346279 1.305661520 -0.723548694 0.056060451 -0.018163625 0.687753295
2993.459911264 1.309444419 14.766018792 1.336891723 -0.680482718 0.048152179 -0.023823259 0.730792098
2993.585207520 1.375374188 15.291102258 1.335761138 -0.725286173 0.055520992 -0.030652295 0.685520112
2993.718893120 1.469768389 15.825893361 1.333668092 -0.722509643 0.085042374 -0.009269586 0.686047874
2993.844626976 1.535942522 16.292142873 1.361718165 -0.676638122 0.062793487 -0.028051684 0.733096810
2993.968756960 1.620147822 16.809248238 1.363371629 -0.725014955 0.055767275 -0.023961675 0.686053324
2994.094431072 1.700217453 17.309953186 1.355742108 -0.720428541 0.054250552 -0.022091057 0.691051069
2994.219121536 1.759139858 17.810848423 1.362742753 -0.713115901 0.042348117 -0.029247686 0.699154434
2994.344921344 1.821796624 18.331960463 1.377444539 -0.708872781 0.036005432 -0.032070339 0.703686353
2994.469289952 1.879842375 18.852715741 1.395629788 -0.706236448 0.027750652 -0.033242525 0.706650490
2994.594216576 1.938046292 19.388949035 1.408240595 -0.713044751 0.025062023 -0.034909352 0.699800268
2994.723948352 2.003291120 19.946622672 1.413917174 -0.716924165 0.027759651 -0.036975184 0.695616258
2994.844011168 2.064640940 20.473489749 1.416483585 -0.712592700 0.031438051 -0.035882582 0.699954093
2994.970574784 2.131655967 21.022124050 1.431129968 -0.705964484 0.030935408 -0.037102170 0.706597889
2995.103849632 2.222368103 21.564071208 1.456956220 -0.701511951 0.039909688 -0.046421007 0.710023443
2995.229180544 2.297984868 22.115916596 1.474185729 -0.705507432 0.037793886 -0.047664325 0.706087104
2995.354199264 2.328087755 22.443441033 1.488136850 -0.701018037 0.032250420 -0.049009715 0.710726157
2995.479258048 2.402813707 22.980598639 1.514594405 -0.699779649 0.030399099 -0.046693363 0.712182608
2995.605476352 2.475080044 23.526351735 1.548012122 -0.700661328 0.025699499 -0.048274435 0.711394980
2995.729944736 2.546658082 24.061079959 1.577420774 -0.698601468 0.022672187 -0.047387039 0.713580009
2995.853657376 2.609990906 24.602922709 1.607253318 -0.698833498 0.020141341 -0.048905220 0.713326256
2995.978820800 2.697083800 25.138939960 1.638383457 -0.699945804 0.032629846 -0.062252297 0.710729073
2996.104103904 2.793504614 25.639644562 1.670504921 -0.696314376 0.041943984 -0.066749127 0.713394384
2996.228508608 2.884064368 26.182250333 1.704525613 -0.694288029 0.041252118 -0.062825573 0.715762072
2996.362451744 2.904621319 26.515208034 1.732745052 -0.695735388 0.043946453 -0.063085817 0.714171659
2996.487161312 2.833544716 26.769716232 1.758631591 -0.698979400 0.043146439 -0.071715568 0.710227470
2996.612700128 2.880417837 27.232909316 1.791391451 -0.701816867 0.042078364 -0.074164762 0.707235523
2996.738643552 2.971688586 27.763550145 1.817895706 -0.700815300 0.040854613 -0.074472403 0.708267376
2996.866374368 3.067397000 28.310815442 1.847957935 -0.697239622 0.036775304 -0.073162870 0.712145828
2996.990422656 3.162127685 28.858938258 1.871382042 -0.700855280 0.039509949 -0.071014158 0.708659178
2997.114696576 3.268078247 29.337933402 1.907283848 -0.699526844 0.038142643 -0.068212484 0.710319921
2997.240290016 3.353404724 29.874608794 1.936885155 -0.696956095 0.037340066 -0.069480431 0.712762506
2997.366678944 3.452918393 30.403965309 1.970460757 -0.693981160 0.043793133 -0.069288691 0.715312091
2997.489312704 3.550543114 30.919461862 2.006331712 -0.692484506 0.049571093 -0.068523584 0.716458257
2997.614594464 3.650976699 31.444646525 2.045331186 -0.687634856 0.052507027 -0.069932367 0.720770963
2997.740104416 3.758503863 31.969810878 2.086412621 -0.690413235 0.056237127 -0.071243045 0.717698669
2997.866834912 3.865793664 32.495595631 2.132630963 -0.683709026 0.054680350 -0.071487010 0.724183426
2997.989794112 3.970216885 32.998762646 2.178903025 -0.681552515 0.058939834 -0.068518128 0.726166325
2998.117321312 4.074954912 33.499787855 2.236322446 -0.677902936 0.052213444 -0.075410282 0.729407057
2998.245549760 4.177328419 34.007422454 2.289498564 -0.684236242 0.046617514 -0.076040138 0.723785514
2998.370637056 4.279133513 34.496708471 2.334846475 -0.683420117 0.047591890 -0.069132067 0.725184606
2998.495122112 4.360720037 34.994166017 2.373387213 -0.686929355 0.039418323 -0.074232820 0.721847453
2998.620026848 4.439674887 35.442475648 2.416056458 -0.686191456 0.033060319 -0.071075346 0.723185036
2998.743583776 4.522934303 35.892829757 2.480773069 -0.666956650 0.032309908 -0.077753124 0.740323813
2998.867924704 4.606396030 36.382682345 2.516951379 -0.703819827 0.034318034 -0.078100233 0.705237745
2998.993386880 4.717160274 36.868938760 2.522206893 -0.718122830 0.059372520 -0.086828005 0.687921073
2999.118437792 4.859070694 37.337282056 2.529299026 -0.708740304 0.083770724 -0.108118067 0.692083905
2999.243166272 5.022659679 37.822566094 2.525560266 -0.721254495 0.089749772 -0.122324621 0.675850294
2999.367677664 5.205808996 38.304993021 2.507858993 -0.723084707 0.102403431 -0.136519208 0.669346360
2999.494854624 5.327881277 38.658149857 2.564196150 -0.646861769 0.116931798 -0.183379798 0.730936834
2999.620027296 5.545333240 39.031531991 2.624858022 -0.656020655 0.160069565 -0.193497508 0.711739664
2999.744396352 5.800766346 39.401094502 2.675436546 -0.665896144 0.201218306 -0.195590269 0.691258248
2999.868840800 6.068219478 39.768949195 2.702720340 -0.656109025 0.231473004 -0.224280871 0.682377671
2999.995432224 6.348785845 40.143711568 2.738394229 -0.652225871 0.230439273 -0.238065019 0.681780171
3000.120722656 6.640983277 40.488581667 2.771318223 -0.642445908 0.239355845 -0.242462135 0.686428545
3000.244697952 6.948988775 40.829303166 2.810815940 -0.643635078 0.239720091 -0.256946484 0.679887248
3000.369533600 7.265271719 41.171690061 2.844294599 -0.654864970 0.249027674 -0.253301938 0.667064628
3000.494394720 7.584465697 41.510295570 2.859525653 -0.656741231 0.264345028 -0.250256478 0.660442546
3000.620493216 7.896787213 41.840545852 2.881652221 -0.652368387 0.262961956 -0.255689193 0.663241686
3000.744714752 8.209826988 42.163100337 2.912396319 -0.647265677 0.259014998 -0.253223768 0.670698216
3000.869492128 8.527713845 42.469769854 2.952885311 -0.632464481 0.270610856 -0.241216590 0.684523923
3000.995024352 8.842865260 42.795239028 2.971642422 -0.643507394 0.266091729 -0.237082780 0.677410644
3001.119848512 9.147412389 43.117765642 2.998547808 -0.647766070 0.255248957 -0.242863418 0.675473499
3001.244910816 9.436984832 43.429658955 3.035526833 -0.645644559 0.253610064 -0.250734809 0.675245951
3001.369943264 9.716802847 43.735449889 3.072510698 -0.634657978 0.251795006 -0.261980564 0.682037176
3001.494970752 10.011024039 44.039111282 3.080871326 -0.646024417 0.262482062 -0.257794451 0.668803141
3001.625479264 10.296770177 44.332489541 3.116229367 -0.646314369 0.249461362 -0.262912521 0.671508578
3001.746519136 10.599762000 44.641124444 3.137749432 -0.648017597 0.257406714 -0.252584004 0.670832541
3001.870321472 10.871523522 44.932982458 3.178930196 -0.640651505 0.247061462 -0.274403897 0.673222686
3001.995017280 11.168671667 45.246405071 3.191952360 -0.656489298 0.257872132 -0.253827201 0.661887843
3002.120394848 11.450395615 45.553496383 3.220028920 -0.653524858 0.251334323 -0.268286815 0.661633209
3002.244973120 11.744172848 45.849806945 3.247206028 -0.648480719 0.255081617 -0.269525732 0.664651793
3002.371950816 12.051986135 46.140650325 3.271593406 -0.630739072 0.270562843 -0.270062667 0.675300028
3002.494744800 12.358631956 46.424194231 3.293608018 -0.631864232 0.284943290 -0.256823141 0.673495945
3002.621039776 12.650633430 46.711303032 3.329068916 -0.624880714 0.272199917 -0.257210532 0.685035795
3002.746209632 12.939650931 47.004242881 3.362067825 -0.630380909 0.265132259 -0.267713179 0.678715293
3002.870927712 13.225420528 47.261442411 3.398390330 -0.639370575 0.287143625 -0.224755343 0.676933411
3002.995133760 13.414785328 47.503978993 3.402382500 -0.661474841 0.240925403 -0.284740810 0.650637115
3003.120568512 13.594445891 47.640722209 3.418500091 -0.672112611 0.245942351 -0.209010641 0.666401943
3003.308333792 13.753362645 47.771491848 3.430680437 -0.667526999 0.225904733 -0.210509843 0.677539935
3003.621745760 13.838952820 47.872766647 3.433595094 -0.658394080 0.230088126 -0.241227736 0.674822843
