3436.509554080 0.000000000 -0.000000000 1.000000000 -0.707106781 0.000000000 0.000000000 0.707106781
3436.946778304 -0.007713280 0.354995005 1.013250256 -0.699235482 -0.016945301 -0.008109914 0.714644545
3437.135370912 0.011062720 0.761384289 1.034137321 -0.706976279 0.003697714 0.006752912 0.707195353
3437.258965312 0.016486453 1.068201548 1.036092675 -0.711526043 0.011232125 0.006000142 0.702544325
3437.384224896 0.036205022 1.398010147 1.050926989 -0.705721667 0.022941369 0.010489938 0.708039959
3437.509198656 0.047289597 1.737460581 1.063626848 -0.699634333 0.025720602 0.013655337 0.713907404
3437.634693056 0.056803631 2.084164488 1.090106301 -0.684451067 0.018397191 -0.012171679 0.728725003
3437.760652704 0.087490884 2.445747156 1.097449251 -0.692340592 0.046477622 -0.013780456 0.719940577
3437.885171520 0.112932601 2.816792368 1.119548977 -0.701628517 0.039310862 -0.014940953 0.711300814
3438.010462272 0.146641994 3.196315052 1.127460935 -0.701045838 0.041710539 -0.020932223 0.711587525
3438.136869792 0.192304446 3.587642275 1.139924015 -0.707353958 0.052457869 -0.012562088 0.704798371
3438.261668384 0.238946848 3.984007263 1.157587023 -0.706680556 0.061741022 0.010737745 0.704751969
3438.386799968 0.265482763 4.396989975 1.156742329 -0.718119535 0.059508195 0.021958757 0.693023030
3438.512132992 0.281924429 4.821439112 1.158987041 -0.723143158 0.048975369 0.017222394 0.688744347
3438.636577056 0.302872647 5.226696184 1.188266459 -0.659597275 0.044913201 0.016634013 0.750091693
3438.761739168 0.320953513 5.648045659 1.253011502 -0.650536716 0.028541619 0.037016653 0.758035042
3438.887761376 0.312290777 6.096959077 1.318572697 -0.676414922 0.012563588 0.034372706 0.735610989
3439.011641984 0.303600037 6.532391890 1.368757762 -0.680850607 0.009657554 0.059811792 0.729912140
3439.136749792 0.276659874 6.968116805 1.422656537 -0.671874840 0.009550908 0.046631798 0.739133584
3439.261792768 0.265121972 7.428105774 1.461887343 -0.703491767 0.006208542 0.057671688 0.708332383
3439.387770464 0.242832944 7.897704517 1.458910890 -0.723554777 0.002906834 0.066480862 0.687051912
3439.513157472 0.210639334 8.355095975 1.462935513 -0.704037145 0.003426777 0.062057169 0.707438240
3439.636804256 0.169058166 8.836888067 1.490837912 -0.702059367 -0.010572762 0.063014681 0.709246087
3439.762044864 0.128360809 9.328838942 1.514807920 -0.704276069 -0.011717629 0.061561329 0.707154946
3439.887158368 0.089803330 9.839400356 1.521984040 -0.709325573 -0.011687243 0.065265855 0.701755662
3440.013301856 0.046270166 10.348895595 1.535333412 -0.714834738 -0.005290757 0.051308088 0.697388547
3440.141418912 0.007446499 10.871628509 1.546131896 -0.706963171 -0.012764179 0.050499945 0.705329644
3440.261591392 -0.032264456 11.394159195 1.562492134 -0.707169161 -0.009986655 0.054989181 0.704832061
3440.386830688 -0.010259625 11.814170095 1.588939344 -0.703339571 -0.013886740 0.059530123 0.708220849
3440.512022816 -0.031623527 12.321175543 1.625344636 -0.704484176 -0.016482719 0.059791673 0.707004470
3440.637024928 -0.074962852 12.867925970 1.648505468 -0.703708932 -0.013197737 0.061711650 0.707680176
3440.761719008 -0.051763212 13.372077698 1.680696370 -0.700034517 -0.010221651 0.069143667 0.710680200
3440.887376064 -0.098635977 13.944374600 1.708131482 -0.700665748 -0.007017464 0.069273619 0.710084101
3441.011885344 -0.144611265 14.514671586 1.748215336 -0.695987134 -0.008674709 0.069190937 0.714660250
3441.137653824 -0.243300988 14.904445442 1.774683242 -0.697060768 -0.006168738 0.063539870 0.714164489
3441.262335008 -0.354497410 15.322437336 1.799392742 -0.699717726 -0.004377520 0.053987093 0.712363205
3441.386599584 -0.403346153 15.884030892 1.846374743 -0.694239185 -0.002677943 0.055093176 0.717627706
3441.511859776 -0.431732155 16.456883979 1.877916260 -0.700683643 -0.001942851 0.053673299 0.711447704
3441.637206496 -0.461248037 17.054779305 1.910179465 -0.696640033 -0.004346188 0.054323224 0.715348001
3441.761697600 -0.478215326 17.609414202 1.951935299 -0.700783526 -0.005035713 0.055306502 0.711209029
3441.886965088 -0.314503414 18.101561881 1.925965054 -0.697324663 -0.016778299 0.074110017 0.712716289
3442.012908672 -0.336695087 18.636638336 1.963906492 -0.691405001 -0.020646364 0.080701380 0.717649037
3442.137143008 -0.408057775 19.243768242 2.008142750 -0.694366106 -0.017968972 0.078415305 0.715111087
3442.262063360 -0.475007681 19.839597554 2.048126131 -0.694943674 -0.018325809 0.078076412 0.714577867
3442.386825344 -0.544930730 20.447062007 2.089474234 -0.689514769 -0.020963123 0.076357536 0.719930175
3442.512628672 -0.611951182 21.048314093 2.138213370 -0.689850074 -0.024751332 0.075843068 0.719542964
3442.637642208 -0.682711931 21.654981518 2.191215981 -0.686191973 -0.030357932 0.075241545 0.722881513
3442.762078880 -0.760679619 22.257629357 2.242852029 -0.687533638 -0.033387931 0.077075777 0.721278079
3442.886845568 -0.847223763 22.854320721 2.299555133 -0.685118964 -0.034517345 0.072712854 0.723970579
3443.012535200 -0.909895145 23.450759328 2.355585990 -0.679527749 -0.027255813 0.067462956 0.730032813
3443.137206880 -0.965274727 24.023832703 2.421790121 -0.676620279 -0.025624264 0.073487759 0.732207582
3443.262373696 -1.019895712 24.599814284 2.491041675 -0.676209309 -0.027127134 0.079893980 0.731862037
3443.386868480 -1.101020244 25.173134586 2.557402440 -0.681400413 -0.034941045 0.074841588 0.727235407
3443.511969920 -1.103198400 25.591780287 2.619491966 -0.683999598 -0.041963274 0.075381913 0.724362617
3443.636958624 -1.152167770 25.973920792 2.705323855 -0.675309116 -0.048990676 0.077693353 0.731793177
3443.761670336 -1.198775555 26.395867967 2.764073354 -0.669416647 -0.062679071 0.072831536 0.736646628
3443.886737760 -1.224416346 26.829221257 2.834490103 -0.676484405 -0.075291809 0.073992335 0.728851924
3444.012430496 -1.246556207 26.940166283 2.865169326 -0.698545155 -0.074918714 0.082909235 0.706787034
3444.137175232 -1.367083823 27.530285403 2.923452035 -0.667572343 -0.065141045 0.071820414 0.738204334
3444.262502432 -1.481125058 28.122697943 2.984369518 -0.698768870 -0.075683260 0.054118914 0.709270931
3444.386706592 -1.476713428 28.725543580 3.067681185 -0.664978221 -0.078543164 0.075333117 0.738890966
3444.511938368 -1.601438060 29.270820890 3.141466616 -0.659394679 -0.051236349 0.074095397 0.746380176
3444.637673824 -1.716318118 29.816203770 3.218464804 -0.677846708 -0.038549889 0.078297546 0.730004960
3444.762402624 -1.766224405 30.344792293 3.268260291 -0.682792581 -0.044107090 0.062923089 0.726560073
3444.886871008 -1.843150833 30.860220097 3.341626562 -0.692390714 -0.024902334 0.069070013 0.717777338
3445.012194336 -1.898649659 31.409514390 3.396921571 -0.689472972 -0.027734586 0.074645049 0.719920781
3445.140170304 -1.950683089 31.903782636 3.443005687 -0.675152237 -0.016159912 0.068716208 0.734293127
3445.261870336 -1.991888550 32.410243116 3.503884904 -0.675892089 -0.007021026 0.078843237 0.732737561
3445.386752352 -2.049031086 32.906280813 3.537608867 -0.683440176 -0.013478314 0.089068838 0.724427086
3445.511694336 -2.111789199 33.406806166 3.595293338 -0.672805117 -0.018568394 0.094280533 0.733552773
3445.636888704 -2.181859004 33.886782810 3.653857358 -0.685832953 -0.021619372 0.107187479 0.719497469
3445.762529632 -2.266499280 34.360700479 3.684344341 -0.696888219 -0.037803039 0.110331465 0.707633173
3445.887459232 -2.358653031 34.828163864 3.691656831 -0.691744207 -0.052083167 0.101957218 0.713009131
3446.074542752 -2.509346393 35.515535528 3.740788558 -0.690699043 -0.049145737 0.103911705 0.713948098
3446.199226016 -2.618979307 35.966628289 3.781907551 -0.690027571 -0.059421397 0.100378865 0.714321449
3446.324300640 -2.703460171 36.417417876 3.824383610 -0.688706391 -0.044674162 0.109140192 0.715385312
3446.449361120 -2.784701069 36.857474740 3.879801892 -0.686446156 -0.053221115 0.104645023 0.717641001
3446.574820320 -2.874460075 37.332078059 3.932433423 -0.690498382 -0.048085898 0.116012066 0.712348884
3446.699505728 -2.988631308 37.762979116 3.972986499 -0.675802577 -0.061064927 0.114458794 0.725576416
3446.824765984 -3.093448470 38.219491330 4.014122456 -0.680694610 -0.062156520 0.116070961 0.720637875
3447.011847552 -3.261843624 38.908709704 4.081157571 -0.680928926 -0.064182267 0.111543771 0.720953827
3447.137222624 -3.373606536 39.382369641 4.125500185 -0.683553758 -0.065337974 0.114241307 0.717937415
3447.263766976 -3.480013012 39.866407401 4.175362048 -0.685169342 -0.062192669 0.121546138 0.715472977
3447.386773952 -3.592648375 40.324212742 4.209386459 -0.685140641 -0.063642715 0.108653604 0.717444284
3447.512057280 -3.700163423 40.779548430 4.247220608 -0.687114992 -0.075557439 0.112792344 0.713752022
3447.636996160 -3.824849406 41.245875943 4.279852999 -0.695072726 -0.081117275 0.123068851 0.703667501
3447.761980672 -3.969922233 41.702407703 4.313761941 -0.684460347 -0.098788369 0.127720778 0.710944650
3447.887025024 -4.122881873 42.165346870 4.346217652 -0.690298646 -0.108167687 0.128323676 0.703790143
3448.012493024 -4.274923729 42.626830766 4.379641596 -0.689514617 -0.107322100 0.129883330 0.704401789
3448.137359840 -4.429123881 43.088714900 4.414540130 -0.678879479 -0.104951450 0.130094027 0.714970901
3448.262065664 -4.583543105 43.558855543 4.441112862 -0.693689104 -0.103119776 0.122516111 0.702247492
3448.386810528 -4.744478925 44.046055496 4.461842904 -0.699159595 -0.098606035 0.116307714 0.698516446
3448.512221376 -4.896668107 44.529071727 4.480116539 -0.700834507 -0.099085252 0.123778871 0.695479617
3448.636959296 -5.044336400 45.020036744 4.489501706 -0.710690554 -0.097113331 0.131048541 0.684334872
3448.761947552 -5.204613730 45.516740081 4.493017532 -0.709564510 -0.099010434 0.125657729 0.686239955
3448.886975104 -5.340077602 45.910470854 4.499552936 -0.709974977 -0.092859987 0.122173967 0.687303482
3449.013206656 -5.455490836 46.260382503 4.507478409 -0.709155141 -0.094952626 0.121837005 0.687923491
3449.206047520 -5.585521181 46.647843830 4.522446002 -0.706458180 -0.100505641 0.129907806 0.688432581
3449.386814688 -5.676920220 46.902178551 4.533761686 -0.699397250 -0.101856980 0.129272279 0.695526650
3449.639555392 -5.743629060 47.101140785 4.540439528 -0.698509447 -0.101866747 0.134816859 0.695364748
3450.074308384 -5.793539730 47.236328866 4.547147024 -0.697328250 -0.105917215 0.133983630 0.696105770
