1411.360279200 0.000000000 -0.000000000 1.000000000 -0.707106781 0.000000000 0.000000000 0.707106781
1412.109731680 -0.010620814 0.609356690 1.009713177 -0.715226747 -0.010851163 -0.015570453 0.698634750
1412.610062016 0.098678957 1.648593059 1.054879933 -0.703764272 -0.024046415 0.006536851 0.709996401
1413.109875488 0.052061541 2.969840377 1.080307490 -0.713315438 -0.020807321 0.032467155 0.699781413
1413.610251872 0.000240206 4.589430948 1.094798043 -0.737122896 0.005312667 0.043645906 0.674326810
1414.111937600 -0.022024753 6.244727513 1.260415138 -0.688643519 0.008818161 0.045010163 0.723648001
1414.612228864 -0.074306886 8.043330640 1.322196469 -0.714240280 0.000680345 0.034996384 0.699024759
1415.112860736 -0.106552925 8.932270779 1.327499160 -0.717055330 -0.004717708 0.046828542 0.695425399
1415.612482080 -0.192343082 9.330988666 1.304907721 -0.710726466 -0.013234906 0.038184014 0.702306705
1416.112519680 -0.192343082 9.330988666 1.304907721 -0.710726466 -0.013234906 0.038184014 0.702306705
1416.613022976 -0.192343082 9.330988666 1.304907721 -0.710726466 -0.013234906 0.038184014 0.702306705
1417.112444384 -0.192343082 9.330988666 1.304907721 -0.710726466 -0.013234906 0.038184014 0.702306705
1417.612983488 -0.192343082 9.330988666 1.304907721 -0.710726466 -0.013234906 0.038184014 0.702306705
1418.112378144 -0.192343082 9.330988666 1.304907721 -0.710726466 -0.013234906 0.038184014 0.702306705
1418.613171392 -0.192343082 9.330988666 1.304907721 -0.710726466 -0.013234906 0.038184014 0.702306705
1419.362846976 -0.192343082 9.330988666 1.304907721 -0.710726466 -0.013234906 0.038184014 0.702306705
1419.862972096 -0.192343082 9.330988666 1.304907721 -0.710726466 -0.013234906 0.038184014 0.702306705
1420.362554688 -0.363003720 8.192123210 1.332362813 -0.726751787 0.000558062 0.043449571 0.685524371
1420.862892800 -0.523661396 9.986452066 1.237816543 -0.716412871 -0.001908007 0.070855043 0.694066655
1421.362837824 -0.648682327 11.907174539 1.082532614 -0.722094210 -0.058427736 0.081180233 0.684526056
1421.862886848 -0.904032602 13.605118069 0.957964121 -0.725351473 -0.075522479 0.078558035 0.679698632
1422.363640160 -1.386005489 15.460156167 0.929748173 -0.721843813 -0.089197250 0.081932983 0.681375334
1422.862826592 -1.614441308 17.242708081 0.902268239 -0.727388455 -0.062976584 0.062636110 0.680453307
1423.363103872 -1.909228633 19.021125549 0.858450418 -0.732437931 -0.068693716 0.057053726 0.674952386
1423.862861312 -2.222165890 20.878582599 0.802084952 -0.744820482 -0.064988251 0.054417069 0.661859320
1424.362884288 -2.504025122 22.624896173 0.636080600 -0.754135850 -0.064893100 0.055162236 0.651172122
1424.862298368 -2.655191042 23.552812893 0.565662705 -0.748461783 -0.060507953 0.055587740 0.658068196
1425.612576512 -2.714328144 23.884300430 0.539619309 -0.743831911 -0.064345833 0.058969133 0.662643451
