3789.447069472 0.000000000 -0.000000000 1.000000000 -0.707106781 0.000000000 0.000000000 0.707106781
3790.197594400 0.004290261 0.121080196 1.005379701 -0.696867421 0.002173079 -0.040557506 0.716048995
3790.383865568 0.023266297 0.414963356 1.023301981 -0.694839301 0.006080467 -0.053313497 0.717160404
3790.509236768 0.061272229 0.675527395 1.034446063 -0.693451802 0.020196698 -0.051982906 0.718341471
3790.634503776 0.085047631 0.975097242 1.047722053 -0.708422239 0.021082227 -0.065110095 0.702462915
3790.759249216 0.142190750 1.271418103 1.072007176 -0.695941032 0.054200662 -0.041513789 0.714846119
3790.884308096 0.169328862 1.576858648 1.088969763 -0.681115904 0.037024082 -0.074246103 0.727459867
3791.010231776 0.237049079 1.889894748 1.115108144 -0.684188081 0.047824797 -0.044582914 0.726368930
3791.134800480 0.293882845 2.201158080 1.141483639 -0.685099252 0.062207080 -0.053727249 0.723797400
3791.260257760 0.351857833 2.519132597 1.169868657 -0.690408500 0.063287382 -0.052232698 0.718750691
3791.385569376 0.404280305 2.852599326 1.187744795 -0.693628366 0.058432796 -0.054763743 0.715867467
3791.511225632 0.472233408 3.197432922 1.209390333 -0.695928423 0.068312319 -0.045914361 0.713378531
3791.636420800 0.539422051 3.543925489 1.232918430 -0.690778062 0.076220483 -0.032688943 0.718294883
3791.761501600 0.597489190 3.904728383 1.249270591 -0.689145677 0.074037461 -0.049731370 0.719112982
3791.886978720 0.670071062 4.276929476 1.264625610 -0.703919482 0.073146909 -0.030409894 0.705848518
3792.014715104 0.727709963 4.685251544 1.274229757 -0.721195712 0.066718841 -0.020127567 0.689217108
3792.136786848 0.772116060 5.036081354 1.313040515 -0.657674718 0.057389739 -0.022888411 0.750763946
3792.261616448 0.829013177 5.422531325 1.371944920 -0.639401185 0.056876924 -0.020678915 0.766487784
3792.386660288 0.878921044 5.834051048 1.445231165 -0.663133438 0.052594363 -0.024229145 0.746257881
3792.513042080 0.930557289 6.238486134 1.502407167 -0.673282281 0.051016183 -0.021168184 0.737319623
3792.636661024 0.983923668 6.634030297 1.561633288 -0.660472727 0.060257235 -0.022877736 0.748078506
3792.824185472 1.079277576 7.262939578 1.625112593 -0.692757642 0.052421231 -0.016755654 0.719067530
3792.949173728 1.134874136 7.696248863 1.637461260 -0.714043660 0.054798146 -0.010663455 0.697871840
3793.074522080 1.177161495 8.126355261 1.646384021 -0.698682226 0.051944587 -0.020117374 0.713260259
3793.199835104 1.230425846 8.569521210 1.677864510 -0.695478379 0.047080383 -0.016230951 0.716819237
3793.324245184 1.281567605 9.028121495 1.701438423 -0.697526272 0.046704458 -0.013984606 0.714898751
3793.449655840 1.327464167 9.493597912 1.724669213 -0.691309231 0.043099045 -0.016788574 0.721077085
3793.574390624 1.379327951 9.987548550 1.746963537 -0.710384130 0.035765279 -0.021970873 0.702561394
3793.762156224 1.427775832 10.763700271 1.778929916 -0.699211227 0.032083851 -0.023293898 0.713814879
3793.886726976 1.472118101 11.271116318 1.804627603 -0.700735782 0.029644794 -0.017643077 0.712586326
3794.011795040 1.591954290 11.564353441 1.844880370 -0.697030650 0.024350516 -0.005325240 0.716607959
3794.137155136 1.744562285 11.890346632 1.875894887 -0.699253586 0.020071943 0.010834214 0.714509734
3794.261573440 1.872590433 12.207274662 1.885129637 -0.696671679 0.017754096 0.024726670 0.716743996
3794.386739808 1.939409392 12.671158039 1.920661902 -0.698236304 0.021157894 0.033709274 0.714760164
3794.511759168 1.943712579 13.216995712 1.954214813 -0.692442417 0.025670836 0.035564577 0.720138645
3794.636709664 1.953366466 13.772630738 2.001680722 -0.688705247 0.026523565 0.036152521 0.723653632
3794.761689472 1.889966855 14.213585879 2.055665932 -0.691530527 0.027264867 0.032976806 0.721078836
3794.886725728 1.899549696 14.772936082 2.104896434 -0.689184941 0.027503886 0.039759699 0.722970829
3795.011926784 1.879545889 15.274481729 2.148344919 -0.690117233 0.024869526 0.036465076 0.722350337
3795.136767744 1.876454866 15.828710819 2.190258005 -0.690376115 0.023027741 0.031898277 0.722380124
3795.261717472 1.885203605 16.390980793 2.232641878 -0.689407388 0.020678212 0.033054744 0.723323751
3795.386803648 1.889758943 16.957111300 2.274411497 -0.692487263 0.016776313 0.033210747 0.720469980
3795.512842272 1.891619147 17.521268391 2.309499031 -0.692450737 0.015208900 0.033521241 0.720525497
3795.637317792 1.897086598 18.061833735 2.363426071 -0.689236167 0.014649317 0.035238516 0.723531029
3795.761885440 1.945363281 18.573683029 2.405527656 -0.691057389 0.015774346 0.041711877 0.721422882
3795.887137120 1.930832645 19.148526274 2.454823982 -0.686346259 0.014370694 0.041210974 0.725964153
3796.011926016 1.919150177 19.726935562 2.500015327 -0.690133913 0.010574656 0.039337015 0.722534399
3796.136988512 1.909539372 20.300057923 2.553867633 -0.686419205 0.005998588 0.039260374 0.726120730
3796.261678624 1.896051252 20.870092827 2.611731347 -0.687585109 0.004932234 0.039066705 0.725035298
3796.386538368 1.883345115 21.429504504 2.668563793 -0.681018392 0.001811978 0.038875251 0.731231415
3796.512004288 1.872554812 22.015011862 2.727511464 -0.683892114 0.005622953 0.031131901 0.728896950
3796.636854464 1.875993289 22.589074703 2.783807343 -0.681473885 0.008224453 0.026196459 0.731327182
3796.761528544 1.870918707 23.164395732 2.846179194 -0.675733112 0.006241673 0.027714485 0.736598744
3796.886592544 1.890397605 23.734154948 2.915136619 -0.673704094 0.007347975 0.034691250 0.738149929
3797.011689760 1.876976690 24.265704338 3.005927752 -0.668356755 0.006302590 0.035552626 0.742964021
3797.136701984 1.853263262 24.825586959 3.080161610 -0.679281927 -0.002281215 0.035186080 0.733029876
3797.262065312 1.844281038 25.352385950 3.146399960 -0.675904465 -0.011732244 0.037725861 0.735929527
3797.386821952 1.857533214 25.821026099 3.203041649 -0.674221263 -0.019876189 0.038901835 0.737236240
3797.511788384 1.814131500 26.385849341 3.284831243 -0.660626092 -0.024681610 0.037376462 0.749377732
3797.636927904 1.787311103 26.897485749 3.365167038 -0.662542059 -0.032015563 0.040315480 0.747253428
3797.762217824 1.736973072 27.446002644 3.408590634 -0.698767736 -0.040090576 0.040192624 0.713092525
3797.886778432 1.707788255 27.919471668 3.507103465 -0.646400858 -0.025797553 0.036641413 0.761680920
3798.012046688 1.685556237 28.483781555 3.562767174 -0.697334732 0.019037081 0.081080578 0.711890301
3798.136511040 1.637931115 28.981889480 3.611631063 -0.676064556 0.004024835 0.049680794 0.735154633
3798.261844320 1.600849039 29.463975492 3.683641741 -0.661867673 -0.002655016 0.046053057 0.748200007
3798.387516896 1.583130643 29.939609128 3.729017590 -0.664801121 0.009660731 0.056717162 0.744801520
3798.512536416 1.588917214 30.405667982 3.815287742 -0.666023609 0.004264493 0.068642323 0.742753390
3798.636655104 1.554115651 30.887460335 3.868535991 -0.672951218 0.004813974 0.064042220 0.736893532
3798.761852128 1.523663589 31.361767763 3.922187173 -0.685459662 0.000410193 0.062719975 0.725404086
3798.887507072 1.503393922 31.798132424 3.989421232 -0.682604714 0.008671824 0.068168822 0.727549734
3799.012069056 1.488160772 32.271050555 4.036952216 -0.667929508 0.030540690 0.071237523 0.740177447
3799.137261056 1.502399682 32.708200846 4.109568011 -0.672266231 0.034367671 0.068771423 0.736306641
3799.261638816 1.494815747 33.158238181 4.160213588 -0.678465816 0.037713756 0.069758679 0.730339329
3799.386925280 1.515386150 33.582096558 4.216748097 -0.649787583 0.035442569 0.077665868 0.755306517
3799.511658816 1.493951840 34.009401790 4.278612490 -0.671316423 0.009942048 0.085735924 0.736128228
3799.636965120 1.450640787 34.381451531 4.334147739 -0.674768507 -0.004638776 0.092364502 0.732212225
3799.761616032 1.379773186 34.770477114 4.368647972 -0.677855056 -0.025167544 0.084806029 0.729854133
3799.886877440 1.310033452 35.157037215 4.398951144 -0.680303800 -0.029953792 0.105230796 0.724717869
3800.011880288 1.250654824 35.549297995 4.446589102 -0.675852341 -0.031734068 0.091603763 0.730633500
3800.136875008 1.194938933 35.932862329 4.487331820 -0.676627751 -0.030906850 0.101337860 0.728663359
3800.263122912 1.130924532 36.342873661 4.522398974 -0.684184746 -0.035616169 0.104625723 0.720885691
3800.386703776 1.062017458 36.742515210 4.571544885 -0.669540585 -0.039333843 0.108531615 0.733750055
3800.512076576 0.974257068 37.157724928 4.621618014 -0.677884628 -0.048286257 0.098993554 0.726870790
3800.636696992 0.896525633 37.569839394 4.669275435 -0.668759823 -0.054421966 0.099683676 0.734752825
3800.761906048 0.819578657 37.966076917 4.721607133 -0.665451349 -0.044835660 0.092053956 0.739385106
3800.887285728 0.755548325 38.398991348 4.773539853 -0.669943301 -0.038200105 0.086070586 0.736416037
3801.011597792 0.681616619 38.813738557 4.826803412 -0.672615903 -0.046868971 0.084912521 0.733608213
3801.136740000 0.606982178 39.219095121 4.885351026 -0.673919536 -0.046744451 0.088781316 0.731959899
3801.261921152 0.534530171 39.650656611 4.932802180 -0.676756747 -0.047536777 0.094609364 0.728553107
3801.386999424 0.463012703 40.070823965 4.987228518 -0.671748801 -0.040275398 0.102468998 0.732551394
3801.511797792 0.371479069 40.500892874 5.034940365 -0.678986408 -0.050763484 0.098898391 0.725685631
3801.636831776 0.281685537 40.922241574 5.081774744 -0.677753198 -0.067838040 0.101606898 0.725068715
3801.764282336 0.189642822 41.350630728 5.127029009 -0.681605070 -0.068585453 0.097679692 0.721920524
3801.886777280 0.094775371 41.795721559 5.169828433 -0.681089546 -0.060306328 0.097792298 0.723129894
3802.012086976 0.003975419 42.236773862 5.213051440 -0.680536539 -0.057942799 0.096187423 0.724058444
3802.136564064 -0.094475333 42.656537144 5.255763289 -0.681257432 -0.059533767 0.092855624 0.723686310
3802.261961184 -0.189285656 43.090860800 5.302132420 -0.676738068 -0.057932676 0.101496737 0.726889128
3802.387112576 -0.291929416 43.529954470 5.348223862 -0.683436989 -0.062378331 0.108685054 0.719173403
3802.511588448 -0.401759588 43.975811542 5.387832633 -0.691407961 -0.069868889 0.103448345 0.711598068
3802.636896352 -0.518156536 44.392358611 5.416694430 -0.698251242 -0.062522319 0.100192955 0.706043579
3802.761517088 -0.615130341 44.827689364 5.441400746 -0.703161405 -0.062161457 0.093113574 0.702160846
3802.887064320 -0.697372933 45.199859713 5.460253615 -0.704036572 -0.059301374 0.093906854 0.701425231
3803.074374400 -0.792628510 45.629238841 5.478694191 -0.704840174 -0.063526448 0.102150176 0.699092313
3803.261821536 -0.855109381 45.916013121 5.496654445 -0.701130796 -0.054048929 0.097402707 0.704277667
3803.511784480 -0.902593713 46.144649197 5.511049799 -0.701072588 -0.049721294 0.102370852 0.703949734
3803.886793888 -0.937996737 46.295785699 5.517714978 -0.698148243 -0.053294819 0.092545566 0.707943508
