3115.520593856 0.000000000 -0.000000000 1.000000000 -0.707106781 0.000000000 0.000000000 0.707106781
3115.838017888 0.010643104 0.183860371 1.016864616 -0.689485389 0.017840252 -0.043838956 0.722751527
3116.026267584 0.007471326 0.480998288 1.019497097 -0.700567682 0.001127898 -0.016097074 0.713403487
3116.148925888 0.032730998 0.720385397 1.044112018 -0.703601871 0.026338219 0.012134875 0.710002429
3116.342584672 0.028233310 1.134985814 1.038358118 -0.703410634 0.005281982 -0.000404594 0.710763968
3116.460714784 0.023645904 1.444057073 1.043727566 -0.706019490 -0.000089599 0.022384864 0.707838533
3116.587438176 0.002472370 1.767388714 1.051212394 -0.716081228 -0.011981349 0.027226846 0.697382837
3116.710779040 -0.014244934 2.084665566 1.069635624 -0.692086329 -0.015602658 0.034989641 0.720797333
3116.837678496 -0.035312553 2.427604044 1.087128774 -0.696832102 -0.033728158 0.037802076 0.715442826
3116.960648320 -0.057630343 2.786067663 1.103457806 -0.707861941 -0.022864691 0.035093842 0.705107865
3117.089888544 -0.084345597 3.154544294 1.114169021 -0.707744786 -0.018305621 0.034695454 0.705378230
3117.211773536 -0.099439511 3.540646852 1.124858870 -0.714701959 -0.013740566 0.040167224 0.698139600
3117.400002240 -0.122145794 4.126564074 1.147160636 -0.705825322 0.002061464 0.046310074 0.706867557
3117.524066016 -0.153306831 4.546048454 1.135503181 -0.727781222 -0.008437205 0.045150802 0.684269472
3117.650581952 -0.175669622 4.961992764 1.143464454 -0.716322492 -0.006978078 0.063651636 0.694825059
3117.777611456 -0.200038231 5.359021857 1.180101359 -0.655049699 0.002325344 0.057839081 0.753365201
3117.901953024 -0.231407384 5.776372595 1.245846419 -0.657189657 -0.006234144 0.067239892 0.750694137
3118.027659424 -0.277360495 6.206992298 1.304908025 -0.680062877 -0.022668878 0.061975675 0.730177801
3118.151946720 -0.321962022 6.634118921 1.343087930 -0.684421965 -0.020621264 0.084534768 0.723875135
3118.339348160 -0.397155113 7.268364142 1.409517637 -0.683743950 -0.015977331 0.090828315 0.723870951
3118.464495616 -0.464722947 7.722498328 1.416820934 -0.719730182 -0.037415879 0.084515277 0.688073895
3118.589718912 -0.529241409 8.173545400 1.428480944 -0.716111453 -0.035428585 0.080427850 0.692430908
3118.719721504 -0.590804531 8.634924461 1.440135103 -0.701567461 -0.029970327 0.085476730 0.706822896
3118.840805120 -0.665172423 9.108844693 1.451677741 -0.710467899 -0.039007366 0.084582977 0.697538178
3119.036058464 -0.783104869 9.859273071 1.476676375 -0.710154692 -0.040924071 0.085935614 0.697581970
3119.160707552 -0.874307889 10.355882881 1.486624585 -0.716176239 -0.060279585 0.092058484 0.689190250
3119.285308384 -0.989229081 10.866060253 1.488592715 -0.704836080 -0.072035227 0.099461136 0.698659079
3119.410577472 -1.099770758 11.371886123 1.504783620 -0.705794558 -0.069567443 0.100110389 0.697848352
3119.537321344 -1.220712378 11.899124061 1.522264762 -0.701138989 -0.069929078 0.103814018 0.701952058
3119.660723712 -1.344452971 12.418572215 1.539843100 -0.700662744 -0.071267304 0.106816479 0.701842525
3119.785631520 -1.461216134 12.946214345 1.564251802 -0.699469570 -0.066984194 0.106263361 0.703536450
3119.911529984 -1.577759487 13.493498441 1.591380213 -0.701280093 -0.057713810 0.102842383 0.703063860
3120.035591104 -1.690297126 14.052797381 1.617883418 -0.696335347 -0.050940314 0.104346359 0.708261256
3120.161432000 -1.799903287 14.601839542 1.654791664 -0.693010501 -0.051296784 0.105664580 0.711294652
3120.286196864 -1.961596792 14.925871128 1.644058386 -0.695229721 -0.044507397 0.108227638 0.709197789
3120.411063296 -2.145872581 15.212701191 1.659250769 -0.693077980 -0.038167604 0.098716176 0.713050674
3120.535625824 -2.235550272 15.805797725 1.695805359 -0.695936265 -0.040449413 0.100778800 0.709845189
3120.660665568 -2.346294159 16.346519411 1.737814854 -0.693325749 -0.039712393 0.097227629 0.712929955
3120.785840704 -2.449648937 16.924747056 1.776088993 -0.695298304 -0.040880299 0.097271666 0.710934099
3120.912419872 -2.506887615 17.437443702 1.808621977 -0.695550287 -0.042831883 0.098332282 0.710426625
3121.036453088 -2.577070502 17.943499335 1.845104279 -0.697064597 -0.039982687 0.100323591 0.708828265
3121.160921632 -2.658504381 18.395679123 1.875353662 -0.693673092 -0.037742500 0.101393654 0.712118299
3121.285739648 -2.761509368 18.986168982 1.918858749 -0.692067453 -0.036433809 0.101045712 0.713796176
3121.412189952 -2.863522110 19.581826820 1.961496522 -0.693982813 -0.037351182 0.099838367 0.712056912
3121.535542048 -2.964856135 20.162225848 2.003779910 -0.692240112 -0.038429271 0.099043427 0.713804748
3121.663144992 -3.074213281 20.772234963 2.046430767 -0.692759421 -0.040723293 0.099314346 0.713135793
3121.785644896 -3.183332192 21.350288789 2.091316616 -0.689239406 -0.045296997 0.100472720 0.716102267
3121.910652480 -3.295312957 21.933925396 2.141810869 -0.684283476 -0.050500225 0.098453983 0.720772270
3122.035639328 -3.412788693 22.523161107 2.196844821 -0.685391404 -0.052593198 0.095747840 0.719933976
3122.160622272 -3.530929727 23.109175893 2.253179685 -0.681499827 -0.053763716 0.097073108 0.723356247
3122.287504736 -3.648032525 23.701289080 2.320033426 -0.675198266 -0.053993545 0.098527966 0.729029655
3122.410971872 -3.761758924 24.273941785 2.392842634 -0.672639650 -0.052645981 0.097452345 0.731633339
3122.535545536 -3.878782933 24.860319264 2.455087626 -0.679796386 -0.054468855 0.094162223 0.725288559
3122.660699776 -3.981418906 25.434288096 2.512702668 -0.681204792 -0.049485944 0.085446905 0.725403336
3122.785689504 -4.061726516 25.980520452 2.583281705 -0.680669608 -0.049741009 0.080512956 0.726451913
3122.910768320 -4.095808654 26.531138176 2.644875231 -0.668910851 -0.062890938 0.081412831 0.736189483
3123.036392576 -4.198806035 27.068756065 2.723463748 -0.663653914 -0.071455266 0.081260957 0.740171794
3123.160596832 -4.368290610 27.641075857 2.713370009 -0.690341489 -0.087378332 0.075798543 0.714176615
3123.285746944 -4.468610082 28.138198551 2.781118480 -0.650369592 -0.077785715 0.094711430 0.749665607
3123.412450048 -4.573019825 28.678727222 2.848430615 -0.661236527 -0.065964941 0.106645193 0.739622664
3123.536096352 -4.707114853 29.235691632 2.885650512 -0.702363408 -0.071360952 0.089755349 0.702522053
3123.662752288 -4.846139123 29.724393048 2.966245816 -0.652276105 -0.080899659 0.080611596 0.749328298
3123.786342944 -4.943921669 30.221586102 3.058438270 -0.667173266 -0.065624007 0.095686753 0.735810687
3123.919081856 -5.073313704 30.768162020 3.136946363 -0.668913559 -0.077213183 0.090909509 0.733708550
3124.048299808 -5.191121725 31.280100504 3.195323739 -0.682923569 -0.083784751 0.091448774 0.719883766
3124.172117600 -5.313637235 31.766901690 3.241208371 -0.678024063 -0.081167446 0.092410290 0.724676172
3124.294743584 -5.431096511 32.260931088 3.304832176 -0.664618934 -0.075568061 0.090201724 0.737858245
3124.420227712 -5.554523696 32.739096698 3.365281484 -0.660703683 -0.078067257 0.080342393 0.742240693
3124.543526592 -5.657719660 33.219287913 3.429284527 -0.673420943 -0.093161131 0.073519290 0.729671262
3124.668071520 -5.749218187 33.690767593 3.482589158 -0.657505773 -0.078355222 0.082623505 0.744795257
3124.794037760 -5.853719024 34.168959670 3.553209068 -0.660132450 -0.077120440 0.079324949 0.742957023
3124.920177056 -5.968886056 34.646495616 3.612024038 -0.682419421 -0.072663929 0.072391297 0.723728670
3125.044710688 -6.074143905 35.119302553 3.652271283 -0.681655510 -0.070441459 0.075630899 0.724336754
3125.170346944 -6.151687021 35.561805094 3.700823122 -0.684846961 -0.063168639 0.082133216 0.721282537
3125.301162656 -6.247877996 36.046437113 3.745069814 -0.689181488 -0.066044748 0.088158328 0.716166934
3125.426423616 -6.347279767 36.492039502 3.792144512 -0.678850225 -0.077222977 0.088113142 0.724868994
3125.551471040 -6.448243738 36.938723010 3.842581089 -0.675676903 -0.075464785 0.081926426 0.728734417
3125.676271104 -6.542959898 37.373734672 3.897418329 -0.664910194 -0.065411832 0.090041629 0.738585291
3125.801912416 -6.636118888 37.821302966 3.953381499 -0.674447229 -0.060281154 0.090719658 0.730244522
3125.930137248 -6.726393210 38.277825858 4.002737658 -0.677858682 -0.053266415 0.089714631 0.727751043
3126.054554400 -6.806856527 38.729681214 4.057407342 -0.675211280 -0.051439764 0.087508803 0.730606520
3126.179413408 -6.888882959 39.184901405 4.104520602 -0.678060714 -0.053554006 0.092848341 0.727148418
3126.306040608 -6.976571000 39.643381139 4.158508227 -0.671320584 -0.059961785 0.094807778 0.732628653
3126.430639904 -7.069572136 40.084829109 4.207981166 -0.680674238 -0.066487845 0.106444135 0.721755910
3126.555587808 -7.175796221 40.517626459 4.259962750 -0.671358283 -0.069799638 0.121017602 0.727846691
3126.680333472 -7.302561074 40.962821661 4.307969989 -0.677058251 -0.088629333 0.127182931 0.719417451
3126.805416896 -7.449366433 41.397362796 4.347556286 -0.678363134 -0.118974291 0.142421057 0.710904226
3126.933340288 -7.619665505 41.823021307 4.394225863 -0.675369708 -0.135132012 0.141415656 0.711067303
3127.060045632 -7.786566712 42.261805060 4.436872357 -0.673748689 -0.126065303 0.143043881 0.713938857
3127.185666176 -7.956043868 42.699855116 4.478070999 -0.675405430 -0.126777119 0.148994386 0.711024430
3127.309721600 -8.131462557 43.142920956 4.518895142 -0.677913948 -0.123294574 0.142851490 0.710510083
3127.434961312 -8.290114403 43.579428374 4.565559086 -0.674128422 -0.107385313 0.147516745 0.715722066
3127.562405184 -8.471543701 44.042508814 4.608857423 -0.679794452 -0.117050402 0.150032733 0.708285878
3127.685432992 -8.652698595 44.490790714 4.634021662 -0.688220061 -0.126544479 0.146401417 0.699218326
3127.810056256 -8.828339830 44.944180780 4.661527958 -0.691132472 -0.121591681 0.145128751 0.697487645
3127.935327328 -9.011481349 45.401230163 4.684749429 -0.692854437 -0.119708451 0.143818201 0.696375575
3128.060137056 -9.189763243 45.861374888 4.702314148 -0.697535357 -0.123928033 0.142494226 0.691217523
3128.185103904 -9.346520272 46.256076705 4.716892284 -0.698386800 -0.128311894 0.143440639 0.689359644
3128.310084192 -9.472372843 46.573015519 4.734597684 -0.697025239 -0.127869946 0.147973176 0.689861604
3128.434993792 -9.569024367 46.820085825 4.749283266 -0.693825697 -0.127706790 0.154047150 0.691784904
3128.560100096 -9.647206207 47.013547113 4.759018180 -0.694227244 -0.127500993 0.153614007 0.691516282
3128.684870944 -9.708576950 47.157159738 4.768125194 -0.692387360 -0.127918330 0.150103555 0.694050119
3128.934277216 -9.775055474 47.334356776 4.780081228 -0.690807717 -0.125195092 0.153946650 0.695277869
3129.435248864 -9.831978876 47.472957790 4.787988518 -0.687944793 -0.126359605 0.155112520 0.697642686
