2541.634298816 0.000000000 -0.000000000 1.000000000 -0.707106781 0.000000000 0.000000000 0.707106781
2542.008510720 0.006076277 0.315244750 1.014795392 -0.709722458 -0.009894817 0.004120274 0.704399850
2542.258674336 -0.005257493 0.787914051 1.033348393 -0.708004343 -0.018938941 0.017436565 0.705738715
2542.508388384 -0.021961622 1.383106961 1.048486472 -0.713691699 -0.008116848 0.018532870 0.700167700
2542.758301760 -0.047017639 2.030234740 1.077853798 -0.693129049 -0.016899285 0.029509281 0.720010929
2543.008232224 -0.074411066 2.712120400 1.112223931 -0.707647344 -0.014103316 0.031791293 0.705709322
2543.258252160 -0.123030282 3.445391995 1.134311237 -0.707198572 -0.020516221 0.052962684 0.704729890
2543.508434816 -0.152466390 4.220227896 1.151692896 -0.714256579 -0.006501068 0.057481933 0.697489142
2543.758615840 -0.193717319 5.022926185 1.167803873 -0.689395549 0.005631606 0.067466206 0.721214512
2544.011499584 -0.265061045 5.854613244 1.286955204 -0.670517848 -0.018399481 0.064560382 0.738849939
2544.261211840 -0.351698299 6.697599098 1.380061283 -0.677615947 -0.009842764 0.074023854 0.731614802
2544.511183296 -0.447969295 7.582673603 1.421898326 -0.718847697 -0.035131472 0.083392119 0.689252873
2544.886639776 -0.677917965 8.883383679 1.467882387 -0.710203387 -0.046653446 0.092883971 0.696280958
2545.136357536 -0.899914606 9.842593161 1.510256189 -0.712029937 -0.069848363 0.110711678 0.689838749
2545.386650560 -1.144241850 10.848200247 1.524592791 -0.709066442 -0.078454621 0.116563349 0.691001186
2545.636351936 -1.378192555 11.952443899 1.539700233 -0.701442392 -0.058537585 0.104897237 0.702530064
2545.886391072 -1.481724591 12.754942717 1.658513377 -0.699611728 -0.058746937 0.109156267 0.703688239
2546.136398432 -1.711929966 13.800127319 1.684463374 -0.696146180 -0.051057525 0.110728995 0.707469232
2546.386748736 -1.967643452 14.962170531 1.759214278 -0.696589183 -0.051657420 0.109595768 0.707166026
2546.636403328 -2.208613332 16.107466217 1.815828848 -0.689986783 -0.052678347 0.103938231 0.714380903
2546.886229056 -2.180256838 16.838073573 1.831489035 -0.689356822 -0.056291646 0.117416206 0.712623223
2547.136809792 -2.428731791 17.377793822 1.849471626 -0.687889354 -0.038093282 0.097836927 0.718181784
2547.386389696 -2.256034370 17.339525470 1.875505614 -0.693857451 -0.053680119 0.123357310 0.707434277
2547.636432000 -2.523413745 18.584775047 1.982959113 -0.696308568 -0.056248245 0.125773055 0.704394529
2547.886554176 -2.392048838 17.923284768 1.916783139 -0.696161318 -0.054396637 0.124798605 0.704858662
2548.136565568 -2.531911062 18.510163498 1.952968147 -0.695390038 -0.057890852 0.128151149 0.704740113
2548.386395648 -2.630985724 19.075863806 1.968794944 -0.687098609 -0.064548077 0.135905129 0.710815619
2548.636200320 -2.771307080 19.667355063 2.020271051 -0.686258936 -0.050647891 0.130532770 0.713753921
2548.761153280 -2.425888065 18.423368488 1.822979076 -0.688034928 -0.053889524 0.130521722 0.711806109
2549.011183392 -2.619012576 19.610645786 2.098098924 -0.672326926 -0.073191915 0.131515606 0.724791759
2549.261528800 -2.875824910 20.551434794 2.247499479 -0.710388048 -0.097661418 0.136461965 0.683512400
2549.511225728 -3.238637552 21.420201402 2.449785793 -0.684411497 -0.081603556 0.130878554 0.712595654
2549.761267968 -3.590772205 22.258434097 2.591365163 -0.657322320 -0.086188399 0.138710599 0.735702588
2550.011163776 -3.277246611 22.967129675 2.644333556 -0.683816323 -0.088908600 0.152404588 0.707999533
2550.260893632 -3.548771005 23.997853630 2.762069719 -0.689982739 -0.101100918 0.141578462 0.702607972
2550.510598016 -3.895536119 24.928469487 2.891994166 -0.682873983 -0.077581893 0.155022472 0.709670492
2550.759891872 -4.213505931 25.754904603 2.977204320 -0.668749813 -0.087263055 0.164464548 0.719798763
2551.010794304 -4.548819410 26.678861170 3.053793751 -0.691718610 -0.100990439 0.143533144 0.700517332
2551.260524320 -4.860006564 27.573529685 3.100975963 -0.694876799 -0.089400163 0.131994847 0.701235485
2551.510309600 -5.165417440 28.520736658 3.143144153 -0.695781601 -0.077433225 0.141443605 0.699918400
2551.760309312 -5.436381860 29.398672224 3.199051231 -0.689692829 -0.071217518 0.143564307 0.706145280
2552.010550432 -5.655461471 30.167409450 3.270570096 -0.689666337 -0.052836214 0.160003041 0.704249746
2552.260320672 -5.939748732 31.023336066 3.360466584 -0.681181527 -0.084330385 0.166781341 0.707858812
2552.511307680 -6.264362934 31.880787720 3.401932216 -0.688088065 -0.097510822 0.189840965 0.693532164
2552.761263808 -6.603460988 32.744359422 3.473031058 -0.689568136 -0.094131689 0.187666878 0.693120591
2553.011507488 -6.969827176 33.590215398 3.531964067 -0.687239807 -0.107985169 0.192989814 0.691950564
2553.260811328 -7.361559528 34.441229631 3.577455112 -0.689225946 -0.123417373 0.193162239 0.687331140
2553.510525664 -7.763369151 35.312840720 3.623655405 -0.678977399 -0.110797790 0.204634333 0.696303333
2553.761072000 -8.150071435 36.151419357 3.659601819 -0.700270720 -0.123801022 0.199394941 0.674192764
2554.011053632 -8.560543698 36.986124674 3.683376118 -0.703387066 -0.116843498 0.193286810 0.673969169
2554.261572672 -8.961196709 37.810387908 3.702609336 -0.709636339 -0.112863346 0.187946707 0.669592538
2554.511614976 -9.276834600 38.514595247 3.705486478 -0.710161268 -0.110824140 0.190122871 0.668761749
2554.761580448 -9.483353263 38.962131149 3.718690593 -0.702298026 -0.116827526 0.192409707 0.675357177
2555.010992224 -9.603985394 39.223636789 3.727375969 -0.702312429 -0.114938573 0.194429967 0.675087672
2555.260840192 -9.666456705 39.350162930 3.730533350 -0.698164836 -0.117941291 0.192912264 0.679294172
2555.761353024 -9.701546033 39.424465080 3.733871784 -0.697836589 -0.119036995 0.191638629 0.679800651
2556.010661152 -9.702530150 39.427073774 3.733856096 -0.697870015 -0.119053573 0.191852046 0.679703231
