632.921998752 0.000000000 -0.000000000 1.000000000 -0.707106781 0.000000000 0.000000000 0.707106781
633.286455456 0.012759355 0.209345545 1.021822442 -0.700390503 0.005470467 0.013783890 0.713605789
633.445274784 0.011339437 0.473937773 1.036942452 -0.688188106 -0.001629852 0.020508062 0.725240576
633.576271232 0.012253898 0.764997333 1.051796533 -0.691060118 0.000529954 0.012377031 0.722691111
633.704335072 0.014061685 1.099474725 1.072733304 -0.696777851 -0.002612001 0.012476465 0.717173718
633.833713344 0.017691632 1.449460834 1.095683528 -0.695423329 -0.002174906 0.011802215 0.718500084
633.942819520 0.022030618 1.773378568 1.113510578 -0.696382657 0.000872867 0.006576704 0.717640007
634.037912256 0.033303969 2.062782374 1.128443215 -0.701256670 0.009815061 0.010664976 0.712761535
634.133671456 0.041945464 2.355240583 1.139834111 -0.704848425 0.012921200 0.003357559 0.709232308
634.228186944 0.043798763 2.650018163 1.153470699 -0.706144514 -0.000629129 0.001630038 0.708065585
634.296598688 0.046664680 2.850247134 1.159807993 -0.702328431 -0.007546004 0.008736996 0.711759438
634.392608384 0.046021510 3.176608846 1.168747435 -0.709290831 -0.010659664 0.003803191 0.704825102
634.490170720 0.052911280 3.500296912 1.182038262 -0.707164774 0.002946029 -0.000659921 0.707042338
634.555807456 0.060281359 3.724048244 1.184767456 -0.705301743 0.007105547 -0.005322939 0.708851627
634.658404768 0.076938339 4.079219852 1.199126144 -0.708817887 0.013253858 -0.001054246 0.705266210
634.721968128 0.087998603 4.304375630 1.202814686 -0.712437114 0.012647035 -0.006934863 0.701587713
634.784909856 0.106410264 4.524645342 1.207511968 -0.704124264 0.021316593 -0.009754664 0.709689700
634.879034368 0.126344251 4.861506418 1.220496451 -0.706097504 0.019088802 -0.019953568 0.707575994
634.943347680 0.145153836 5.094110842 1.222065715 -0.712657986 0.020873551 -0.013015347 0.701080232
635.044156704 0.163284080 5.468877317 1.230356217 -0.716465768 0.010180030 -0.022615138 0.697181271
635.108104352 0.176341652 5.694289494 1.242049858 -0.699697395 0.013161739 -0.023630903 0.713927101
635.171367936 0.194670343 5.937286624 1.237841373 -0.715312028 0.018429796 -0.019685293 0.698284709
635.234484416 0.212975286 6.166413233 1.252606235 -0.706116993 0.020941197 -0.019006697 0.707530214
635.297107776 0.232694619 6.407908494 1.255685075 -0.714397290 0.024514228 -0.019343200 0.699043207
635.359967360 0.256304425 6.644430905 1.259360369 -0.712496091 0.033382513 -0.016803069 0.700680087
635.423329472 0.278840674 6.876625593 1.276024836 -0.707399323 0.038310232 -0.017632554 0.705554829
635.485731744 0.305948677 7.113188901 1.277798704 -0.703247054 0.042222006 -0.019142625 0.709432480
635.550107840 0.335663314 7.349600436 1.295305248 -0.694184060 0.042654267 -0.020053199 0.718252722
635.618492480 0.367928123 7.618436506 1.297977960 -0.705196776 0.043398696 -0.015253324 0.707517771
635.692304288 0.400201289 7.894432751 1.323560322 -0.704107113 0.039332678 -0.009145733 0.708944616
635.766375744 0.429983184 8.176177625 1.329877465 -0.695322165 0.034484956 -0.009727409 0.717804466
635.826188096 0.464963677 8.396644536 1.349363488 -0.696127301 0.046606848 -0.006313451 0.716376104
635.889597472 0.487756154 8.642510535 1.361694634 -0.698494315 0.042733050 -0.021385580 0.714018372
635.954377696 0.516645251 8.887664784 1.374154949 -0.697244340 0.040960317 -0.013823084 0.715528829
636.017071584 0.539708276 9.128641176 1.378470047 -0.703165366 0.031772123 -0.009942753 0.710246536
636.080866976 0.565754991 9.368701776 1.392128135 -0.706940948 0.033475108 -0.002120162 0.706476764
636.143690144 0.586646786 9.616757305 1.391372216 -0.713867457 0.032065634 -0.004284096 0.699533199
636.215587808 0.608357583 9.869818311 1.384514396 -0.726861252 0.029940421 -0.003731322 0.686121250
636.296142016 0.629820253 10.185133866 1.390318578 -0.723526009 0.022196836 0.001801586 0.689937801
636.363868736 0.651117323 10.479501585 1.387897742 -0.707092766 0.018653108 0.005863470 0.706850409
636.427717568 0.656864226 10.734276355 1.390078434 -0.709671106 0.007063820 -0.012078440 0.704394162
636.490777600 0.667569547 10.994563096 1.392195109 -0.714793201 0.010751843 -0.004614725 0.699238001
636.553878560 0.677728285 11.250277640 1.395062865 -0.719336520 0.002292254 -0.001312249 0.694656746
636.616387936 0.686610292 11.502078680 1.395315932 -0.717713798 0.003197567 -0.002184572 0.696327442
636.679188480 0.706477095 11.747843430 1.410076281 -0.706964730 0.014010075 -0.005266049 0.707090417
636.742424576 0.720319707 12.005130142 1.415626824 -0.700781773 0.019201381 -0.013635060 0.712986886
636.808576736 0.741520279 12.262151595 1.435941303 -0.697634514 0.025305489 -0.007934646 0.715962819
636.873353536 0.756490507 12.538903294 1.435775785 -0.707558325 0.010206637 -0.026879520 0.706069779
636.939714752 0.794470818 12.807696399 1.457308994 -0.704400926 0.035806158 -0.017123826 0.708691773
637.002673024 0.817531698 13.076897355 1.446295845 -0.715849606 0.034184947 -0.032936537 0.696639014
637.065695072 0.848777111 13.335114960 1.455097204 -0.716181796 0.037064516 -0.032815336 0.696155881
637.160170432 0.892072536 13.727794565 1.455052896 -0.716577121 0.037160085 -0.028433935 0.695936685
637.228555008 0.930898255 14.007468025 1.455784111 -0.720946930 0.044763232 -0.021672272 0.691203363
637.297442880 0.972833019 14.288824503 1.452595262 -0.718640836 0.055816008 -0.030871607 0.692449902
637.360576032 1.019544612 14.570914386 1.458585217 -0.711059844 0.062865916 -0.034077279 0.699485892
637.424137152 1.055980155 14.818879699 1.478225292 -0.682061969 0.056738874 -0.031820944 0.728395221
637.555536064 1.135074756 15.387129043 1.478401321 -0.730436309 0.049810789 -0.038608095 0.680066981
637.620758560 1.170812960 15.639411296 1.491490694 -0.715416478 0.048984376 -0.041109252 0.695765638
637.683534624 1.230234567 15.915648494 1.487048089 -0.722318090 0.069497260 -0.013456527 0.687928506
637.746258816 1.263116333 16.148130520 1.505247668 -0.680678465 0.061201344 -0.031971076 0.729320967
637.809633120 1.322978636 16.404052288 1.518153916 -0.680037272 0.077012749 -0.014259102 0.728982183
637.911507232 1.385516499 16.851343621 1.519599833 -0.724839902 0.063724074 -0.028094349 0.685388259
638.006236288 1.453202556 17.242801002 1.514051646 -0.715540481 0.063685488 -0.022647516 0.695293513
638.103796064 1.511802716 17.648961587 1.519521199 -0.713173612 0.057671270 -0.027957241 0.698051442
638.206217600 1.573077178 18.096999021 1.530517818 -0.705140814 0.048940814 -0.030698949 0.706709844
638.269418272 1.608142541 18.372649721 1.538593359 -0.704945013 0.044835681 -0.033848927 0.707033621
638.337446048 1.647955094 18.672590552 1.552514714 -0.705466359 0.043185250 -0.034514084 0.706584057
638.436359008 1.704930011 19.107708633 1.567546051 -0.705271469 0.038213545 -0.034290985 0.707075673
638.535152864 1.762519055 19.559290138 1.577732872 -0.714464285 0.037409855 -0.033357969 0.697874297
638.597859392 1.795874117 19.841971994 1.582404228 -0.713605482 0.036828728 -0.035976037 0.698653409
638.700878272 1.861329701 20.311405455 1.588613524 -0.711203157 0.039520716 -0.034700105 0.701016466
638.766910112 1.899201163 20.608633010 1.601682654 -0.709783492 0.040571705 -0.035814325 0.702337999
638.861682176 1.952781955 21.035708345 1.615695932 -0.704659298 0.039296065 -0.034694892 0.707606782
638.924570016 1.985275982 21.322393675 1.629837932 -0.701258380 0.034486581 -0.038404643 0.711036176
638.988519776 2.020793395 21.614023914 1.644044224 -0.701096736 0.035096944 -0.035759218 0.711303627
639.052653184 2.055681811 21.909279710 1.655353870 -0.700878494 0.033157440 -0.038171124 0.711486392
639.115570432 2.089277052 22.203383953 1.670562618 -0.705478530 0.032596213 -0.037572399 0.706983625
639.180223168 2.116985994 22.497358708 1.688048911 -0.701092916 0.031520632 -0.037888944 0.711364605
639.280065248 2.167695953 22.920644332 1.722618861 -0.699583740 0.028314731 -0.039187535 0.712913181
639.347888256 2.205666067 23.250343233 1.743042355 -0.698932383 0.026686739 -0.038905575 0.713629945
639.408220864 2.236908175 23.528619342 1.757985015 -0.698272730 0.023586789 -0.041934139 0.714213124
639.474844576 2.271091218 23.838125338 1.776033904 -0.698070911 0.022903909 -0.039705353 0.714559934
639.570816064 2.327962314 24.266851048 1.805549115 -0.697350667 0.021233772 -0.041053961 0.715238245
639.632978816 2.358388497 24.535849611 1.819250579 -0.697127752 0.024676319 -0.047546899 0.714942843
639.692112608 2.402411711 24.830607010 1.832431255 -0.694695400 0.031623186 -0.050283529 0.716847153
639.749945504 2.438303763 25.103373856 1.849745224 -0.696602402 0.033322786 -0.051369826 0.714839721
639.808069920 2.476333910 25.369669589 1.867897858 -0.697715094 0.031487227 -0.052364250 0.713764799
639.866100608 2.515380147 25.640415179 1.885017745 -0.697224348 0.032293755 -0.048757367 0.714463464
639.930316320 2.554078775 25.935613155 1.904154500 -0.693557301 0.030633401 -0.050356973 0.717986100
639.989383296 2.591882937 26.201576157 1.923617709 -0.693314825 0.032081782 -0.047038468 0.718381998
640.047135840 2.627148388 26.474786023 1.943701405 -0.691892837 0.031290391 -0.048792179 0.719669741
640.105903936 2.667139648 26.747655039 1.962717970 -0.692327718 0.032814247 -0.045671558 0.719388397
640.165290720 2.699701701 27.011976497 1.982995414 -0.693477553 0.032014166 -0.047492695 0.718198037
640.225786496 2.738723867 27.296816320 2.000039597 -0.694139608 0.032452367 -0.044646948 0.717721185
640.283685888 2.770842539 27.566609175 2.022892118 -0.694297745 0.030777915 -0.048181393 0.717413350
640.343160640 2.807515357 27.844363158 2.038891383 -0.693103066 0.031628076 -0.047259939 0.718591889
640.402242016 2.844103847 28.115983041 2.058797542 -0.694034613 0.030898015 -0.047413298 0.717713904
640.462619584 2.881019606 28.391722801 2.072833250 -0.694679716 0.032356696 -0.046194471 0.717104739
640.532199680 2.923580659 28.719070314 2.098451502 -0.696207004 0.031211747 -0.047626443 0.715579036
640.593228608 2.955012834 28.996590051 2.113120397 -0.691946269 0.030510453 -0.046505835 0.719803223
640.656482880 2.993838567 29.294709508 2.139053274 -0.691555198 0.030534243 -0.050371817 0.719917876
640.728406976 3.033797347 29.588309062 2.156576871 -0.694196392 0.033596477 -0.051755377 0.717135989
640.793364096 3.084246196 29.927257779 2.181812491 -0.694636860 0.036270063 -0.050164934 0.716692120
640.856380704 3.123596884 30.222076570 2.202661039 -0.696300783 0.035158933 -0.051194316 0.715058187
640.920709312 3.166811298 30.514839720 2.223333417 -0.692227872 0.035426862 -0.052225425 0.718914470
640.984649600 3.208648129 30.808640740 2.244695390 -0.688857497 0.040544972 -0.058226898 0.721416026
641.061093792 3.266749746 31.145334259 2.272794427 -0.685588795 0.047705005 -0.063676153 0.723628070
641.154575200 3.347439123 31.576447104 2.313285699 -0.686460306 0.051886893 -0.060660570 0.722772643
641.218036512 3.401925307 31.860862119 2.338836091 -0.685299130 0.054400749 -0.058469533 0.723869446
641.280953216 3.457170818 32.143914785 2.367045489 -0.681391627 0.056005881 -0.057373523 0.727514310
641.344132448 3.514156020 32.428970794 2.392982331 -0.681397422 0.059101815 -0.054909407 0.727454112
641.421107712 3.574536683 32.738334360 2.422567072 -0.683433279 0.061014220 -0.055108290 0.725368386
641.488776736 3.639230435 33.073367941 2.454906703 -0.681001801 0.060744134 -0.054435791 0.727724840
641.552176736 3.695220917 33.351771899 2.484598584 -0.678776780 0.060341493 -0.054503712 0.729828975
641.614718656 3.747741032 33.628291446 2.517502359 -0.674225325 0.059636401 -0.054770537 0.734073497
641.686010592 3.809908829 33.939895413 2.549791341 -0.671287389 0.060498572 -0.053249220 0.736802337
641.761883296 3.873682634 34.273316082 2.590623172 -0.675685492 0.058540105 -0.054932180 0.732805996
641.824586080 3.925138004 34.534784012 2.631649467 -0.663424229 0.056795699 -0.054716746 0.744075681
641.888646240 3.975603353 34.807080504 2.668638428 -0.659843604 0.050311262 -0.048329367 0.748157381
641.952730688 4.016922303 35.088060073 2.700921084 -0.674446271 0.046541629 -0.048133194 0.735281783
642.015766272 4.056294536 35.358462083 2.737761933 -0.682800357 0.045139481 -0.047902199 0.727634165
642.078568576 4.097776264 35.616185286 2.765982753 -0.673326026 0.041181671 -0.047285244 0.736681911
642.174229760 4.154708049 36.014284709 2.814060990 -0.674853433 0.032877110 -0.053937472 0.735243285
642.281390720 4.210653002 36.418721153 2.864634009 -0.679169820 0.031484861 -0.050437037 0.731568975
642.377391712 4.270010217 36.829911639 2.915858913 -0.667428762 0.032696327 -0.047296618 0.742450556
642.472592672 4.319172003 37.222524630 2.969070336 -0.662734642 0.025322843 -0.056391374 0.746298573
642.567422016 4.378233126 37.621894964 3.004512066 -0.699209107 0.032948575 -0.059380246 0.711684623
642.663148416 4.451339591 38.029294060 3.012572150 -0.717223803 0.046024309 -0.067049819 0.692080993
642.733164000 4.509454454 38.321194608 3.024005243 -0.703583233 0.051648784 -0.087038682 0.703368541
642.830389024 4.621889833 38.724738152 3.042417871 -0.704190811 0.075327546 -0.083942716 0.700995494
642.929097568 4.756509217 39.125438668 3.043163942 -0.714071070 0.101623957 -0.120095051 0.682167323
642.992649024 4.875620762 39.401359702 3.038251225 -0.715248458 0.124552773 -0.148310884 0.671498423
643.066502176 5.014333207 39.658375983 3.050008733 -0.694335020 0.151419209 -0.156585883 0.685895010
643.130113632 5.140536770 39.881291869 3.094197026 -0.644598024 0.161683889 -0.186676617 0.723535450
643.207614176 5.357099892 40.170160627 3.146983932 -0.623414808 0.193175983 -0.176181195 0.736883439
643.279161024 5.533205792 40.428591257 3.189325579 -0.647144263 0.205914249 -0.170629204 0.713925276
643.351919616 5.696811868 40.679042694 3.222808990 -0.661797346 0.210127432 -0.174111611 0.698252019
643.422266400 5.855860654 40.922702708 3.244532946 -0.649386904 0.207368535 -0.179573833 0.709258894
643.492412224 6.014483171 41.154315996 3.274057989 -0.652096507 0.207935341 -0.171454381 0.708615858
643.562484000 6.166962445 41.396811462 3.294625147 -0.667615615 0.199434633 -0.174501485 0.695747403
643.632057600 6.310279021 41.629675686 3.326637030 -0.657785667 0.187366966 -0.182444847 0.706346596
643.701502240 6.463006624 41.866162879 3.343750711 -0.658360608 0.191114372 -0.185419749 0.704028496
643.772554784 6.618131790 42.089743662 3.373067931 -0.648044328 0.205345702 -0.192156716 0.707776439
643.852529216 6.795696108 42.352140272 3.404155334 -0.650015442 0.207870560 -0.195617137 0.704275295
643.922284704 6.957239123 42.588681241 3.431690880 -0.655851439 0.206199171 -0.192318018 0.700253220
643.992041280 7.122496460 42.820662948 3.444465232 -0.665637074 0.218305501 -0.186414259 0.688853917
644.063601792 7.283923025 43.047996679 3.465778630 -0.664074231 0.227005866 -0.191494960 0.686151174
644.137047328 7.454288110 43.287761007 3.481888208 -0.654711514 0.224034830 -0.197772577 0.694296217
644.208879392 7.626985580 43.507905539 3.501288333 -0.652380026 0.234231999 -0.180223340 0.697893416
644.278937984 7.791090452 43.741575637 3.522948459 -0.656229311 0.221979579 -0.199278706 0.693091736
644.352480224 7.974761902 43.955198440 3.547896361 -0.641918502 0.244154161 -0.180705629 0.704041801
644.428418528 8.143366832 44.199628887 3.568399645 -0.648786374 0.226645802 -0.208382566 0.695905617
644.509853024 8.349802508 44.441451258 3.596546165 -0.649387171 0.241374183 -0.191894144 0.695134119
644.584314976 8.527866295 44.664582722 3.616723830 -0.644105461 0.234042923 -0.207520778 0.698059591
644.660771264 8.710672603 44.885510107 3.641713446 -0.639978327 0.238075634 -0.217199600 0.697547180
644.734052096 8.895066421 45.107021568 3.668324848 -0.641810948 0.243861002 -0.209703630 0.696157243
644.807672320 9.056953010 45.320716429 3.708966301 -0.635173294 0.226763269 -0.238856508 0.698627852
644.919030688 9.356787697 45.650363681 3.717123656 -0.674661217 0.260670315 -0.187024340 0.664759450
644.993202752 9.521714714 45.850634927 3.737354406 -0.657246005 0.235666660 -0.193494436 0.689237853
645.068781824 9.694065411 46.054410197 3.754651382 -0.640889293 0.229016212 -0.195166444 0.706202908
645.146068512 9.862575137 46.275499190 3.775743009 -0.647375001 0.223446503 -0.198995689 0.700983584
645.222421216 10.010935295 46.501563688 3.799186978 -0.662258022 0.199646217 -0.222331578 0.687113070
645.303636992 10.192717281 46.720448358 3.824100844 -0.649627640 0.216256851 -0.190362902 0.703547347
645.384681344 10.355275638 46.966680591 3.839574362 -0.666369973 0.198238348 -0.201709567 0.689902795
645.506695424 10.599963547 47.309109484 3.870856249 -0.665885363 0.202097611 -0.212623076 0.685962584
645.584476480 10.777140239 47.521537915 3.886557521 -0.651973488 0.231596255 -0.223353434 0.686590845
645.658496896 10.949881794 47.716880351 3.906964443 -0.646186153 0.251678483 -0.244690520 0.677663594
645.721412672 11.089878388 47.879964086 3.926762669 -0.637610281 0.252488583 -0.258153843 0.680484562
645.796681824 11.274482915 48.065244619 3.936370480 -0.637638047 0.271417181 -0.237072965 0.680842745
645.886413408 11.484894368 48.294749811 3.968687603 -0.635015733 0.266424069 -0.259928664 0.676912346
645.956375008 11.636032470 48.464271341 3.993156251 -0.616153227 0.265844182 -0.273299181 0.689194914
646.051735456 11.879305296 48.690269053 3.988915886 -0.630982192 0.294814544 -0.254290406 0.671030735
646.117900992 12.025462011 48.847875458 4.017867212 -0.637342877 0.291527797 -0.299699847 0.647290972
646.180857664 12.186244004 48.955512329 4.040778249 -0.598525143 0.328613402 -0.282291143 0.673863930
646.244012256 12.330620912 49.092249483 4.040581217 -0.625669783 0.328028502 -0.288308790 0.646384302
646.313890592 12.441014254 49.207778458 4.058801434 -0.615097567 0.303965999 -0.314793116 0.655869613
646.376019808 12.551109869 49.289274892 4.062795747 -0.624472246 0.322515706 -0.277763150 0.654878360
646.452705024 12.639004518 49.372342193 4.064756248 -0.617714643 0.307213464 -0.295608012 0.660805880
646.553536032 12.757366762 49.450524637 4.080273404 -0.623015255 0.326203928 -0.271615477 0.657014476
646.688827712 12.847949469 49.534254659 4.090137520 -0.624966934 0.329014341 -0.299868694 0.641283604
646.877887552 12.926394812 49.583765078 4.091816134 -0.610469697 0.342724599 -0.297097748 0.649306959
