2881.805389120 0.000000000 -0.000000000 1.000000000 -0.707106781 0.000000000 0.000000000 0.707106781
2882.305616096 0.007404044 0.230996975 1.012835484 -0.703714138 0.003004292 0.006181369 0.710449981
2882.554796896 0.016453442 0.699109099 1.037039339 -0.689720988 0.001808511 0.004270700 0.724060391
2882.680329280 0.021360585 1.023552771 1.054125480 -0.699696085 0.000815220 0.005932677 0.714415515
2882.805897280 0.024181817 1.375802312 1.070375970 -0.702441526 -0.006061879 0.002647744 0.711710717
2882.930355616 0.029915580 1.742911944 1.090308403 -0.702425438 -0.003096244 0.002336791 0.711746764
2883.055365184 0.046742931 2.131511278 1.110564709 -0.704470821 0.007170653 0.006436736 0.709667537
2883.180494432 0.051226587 2.537875752 1.120206022 -0.705399673 0.002825743 -0.006487161 0.708774459
2883.305452288 0.060030427 2.948387562 1.125459559 -0.708658118 -0.009908128 0.005220204 0.705463146
2883.430086144 0.061336920 3.359635267 1.136663227 -0.713085732 -0.009151909 -0.007610792 0.700975789
2883.556120896 0.081732620 3.799338148 1.146409016 -0.708808855 0.006454746 -0.014457955 0.705222880
2883.680529568 0.110407010 4.244135361 1.159286185 -0.714473093 0.014939974 -0.010198746 0.699429040
2883.804919968 0.138276132 4.698732869 1.162034372 -0.714796755 0.018088165 -0.015200182 0.698933024
2883.931081472 0.167957306 5.168991840 1.164848208 -0.719963291 0.014617922 -0.010994210 0.693771074
2884.059786112 0.186731008 5.634413903 1.173945357 -0.709490815 0.005706857 -0.026162755 0.704205741
2884.184795808 0.226052671 6.115339435 1.179318042 -0.706971607 0.013464298 -0.024883348 0.706675794
2884.316727200 0.269391446 6.618098482 1.185234192 -0.715079898 0.022524313 -0.022284932 0.698324264
2884.442413632 0.314991944 7.104703267 1.196876162 -0.708970129 0.028175123 -0.033653492 0.703871410
2884.566751520 0.370662016 7.602473144 1.214791052 -0.709996394 0.030215863 -0.029311703 0.702945905
2884.692186016 0.431878441 8.090679879 1.237159755 -0.702829262 0.033251946 -0.025557734 0.710121214
2884.817158592 0.501408382 8.573237158 1.266882186 -0.702067250 0.043593709 -0.025551499 0.710315624
2884.941992416 0.565179769 9.064666177 1.277357668 -0.711774310 0.038107209 -0.020680458 0.701068820
2885.067861984 0.616790139 9.557967452 1.297006972 -0.711743782 0.031842115 -0.027633119 0.701172789
2885.192172800 0.677706583 10.061327452 1.289166423 -0.725591597 0.040823826 -0.024857684 0.686463652
2885.320183776 0.723997925 10.561021049 1.285123123 -0.714067510 0.033418684 -0.021890263 0.698936048
2885.443839104 0.770268275 11.054896409 1.279997876 -0.726536768 0.023490835 -0.022657346 0.686352060
2885.567255552 0.810541952 11.567117205 1.281654173 -0.718550062 0.027413928 -0.018427349 0.694690376
2885.693993888 0.866727308 12.092557206 1.297980015 -0.699957949 0.038903272 -0.012707370 0.713010469
2885.817618304 0.915099835 12.617179649 1.313735609 -0.709070428 0.030528346 -0.010143473 0.704403477
2885.942430976 0.966929607 13.147911970 1.314424223 -0.719574575 0.036617909 -0.008653134 0.693395041
2886.070041024 1.015721706 13.696421181 1.309745275 -0.724487256 0.033051570 -0.023614904 0.688090217
2886.192320544 1.076674055 14.224214275 1.302722900 -0.727402425 0.043678150 -0.031081467 0.684113934
2886.320457728 1.150351054 14.751919726 1.314051387 -0.690794027 0.046402316 -0.026313927 0.721081143
2886.442327136 1.213835195 15.294314755 1.307766810 -0.722010990 0.047076310 -0.032671443 0.689504552
2886.567449728 1.298487233 15.822953189 1.322034414 -0.726857546 0.074215566 -0.007602671 0.682724217
2886.692448096 1.369566986 16.306143263 1.339574379 -0.675522046 0.057454999 -0.020392675 0.734814961
2886.818997280 1.452959016 16.865063383 1.333002495 -0.727247647 0.054053559 -0.022163924 0.683884371
2886.942671200 1.528810514 17.390495396 1.322966157 -0.721818601 0.051485126 -0.020729371 0.689853232
2887.070097184 1.595366025 17.936005168 1.323171474 -0.712112604 0.044341107 -0.026455684 0.700163982
2887.192302688 1.660984647 18.482791747 1.335443577 -0.708502920 0.038706575 -0.031317799 0.703949294
2887.317610688 1.730114869 19.049806880 1.345739105 -0.709522479 0.035524277 -0.033601244 0.702984235
2887.442899136 1.798060599 19.623636081 1.350222400 -0.715852683 0.032247759 -0.037457694 0.696499777
2887.570813312 1.870278231 20.209480077 1.356170947 -0.714748992 0.035368933 -0.036859960 0.697512910
2887.692582880 1.945257399 20.771311540 1.365397070 -0.713464136 0.042401076 -0.040748178 0.698219637
2887.817694720 2.015580869 21.224822216 1.372585977 -0.704539242 0.047095533 -0.044138564 0.706723606
2887.942296640 2.051643657 21.482531891 1.378661297 -0.704945054 0.045164596 -0.047509910 0.706226195
2888.067404896 2.090012971 21.771784116 1.384944684 -0.706592549 0.045304620 -0.046432480 0.704640679
2888.192591392 2.183453007 22.195890424 1.410829082 -0.705188826 0.037538905 -0.050480699 0.706223229
2888.318858528 2.263302963 22.596024180 1.443419339 -0.701187178 0.031173231 -0.056655194 0.710038704
2888.442434880 2.375784723 22.974143147 1.485039364 -0.704182323 0.025243966 -0.055317581 0.707410746
2888.567229440 2.458505800 23.536489812 1.504878004 -0.703520279 0.024459250 -0.054798684 0.708137039
2888.692589408 2.541627742 24.081766549 1.531551729 -0.704781423 0.024017258 -0.055626284 0.706832394
2888.817628224 2.626012783 24.652887596 1.556153472 -0.701148967 0.027983971 -0.054063454 0.710411265
2888.942494176 2.704813225 25.240826770 1.588293804 -0.698995681 0.029118394 -0.052284837 0.712617326
2889.067146816 2.783538066 25.825096985 1.614120296 -0.699466781 0.031646604 -0.052902305 0.712001447
2889.192178304 2.757858963 26.233863824 1.644564086 -0.701331917 0.031418185 -0.059626592 0.709641536
2889.317600672 2.644656341 26.610253308 1.721221371 -0.706869650 0.038201977 -0.068144552 0.703016519
2889.447105056 2.750594533 27.202181966 1.746662996 -0.702055478 0.043335647 -0.070805002 0.707267120
2889.567565440 2.837710735 27.740966150 1.768920631 -0.706100823 0.044223449 -0.071884906 0.703063635
2889.693312512 2.934964664 28.310424991 1.789894257 -0.704868028 0.047421532 -0.072745391 0.704003104
2889.817944704 3.115868841 28.727091802 1.798588478 -0.706029635 0.041404204 -0.068380846 0.703656100
2889.942232896 3.216432481 29.311983232 1.821658400 -0.699569569 0.043729129 -0.068567398 0.709921611
2890.067714944 3.324840325 29.886602073 1.851899873 -0.698329520 0.049311038 -0.067442364 0.710883837
2890.192464352 3.433893799 30.451647239 1.881849848 -0.699815232 0.055120620 -0.066147976 0.709115508
2890.319465408 3.547454843 31.021549391 1.916873596 -0.695067413 0.058378418 -0.066284268 0.713498176
2890.443024032 3.660186181 31.568503460 1.952320227 -0.693251203 0.058388861 -0.067147237 0.715181627
2890.568199968 3.774148814 32.117546990 1.992478845 -0.686143537 0.060765503 -0.065459010 0.721962408
2890.693285280 3.883944109 32.662250203 2.044143468 -0.682066064 0.057090787 -0.070611927 0.725631092
2890.817516960 3.990646760 33.207302111 2.085480946 -0.692547195 0.052250186 -0.070475975 0.716017764
2890.942889184 4.097978350 33.695800040 2.118909245 -0.690649518 0.050441019 -0.066728188 0.718335782
2891.068835936 4.201620930 34.134729534 2.147219166 -0.696425777 0.044231129 -0.072177963 0.712618472
2891.192857696 4.293625229 34.638774879 2.186303761 -0.693343554 0.041645161 -0.069359627 0.716051422
2891.320827040 4.388475567 35.146062376 2.241851143 -0.680650088 0.039237223 -0.076107860 0.727587446
2891.443313920 4.474911248 35.632419900 2.262088522 -0.726859034 0.024592500 -0.076724688 0.682044336
2891.564897408 4.574897760 36.142733264 2.252663586 -0.719947254 0.041173580 -0.069991399 0.689261846
2891.693604160 4.706178933 36.686794517 2.246056708 -0.723859078 0.064017228 -0.084647271 0.681736510
2891.819792224 4.860383437 37.207691164 2.215900120 -0.740542436 0.085200114 -0.110775803 0.657317702
2891.948585792 5.033532913 37.658401210 2.226581675 -0.681920898 0.101232203 -0.150670944 0.708543715
2892.073442752 5.243179123 38.099155384 2.278621139 -0.657765871 0.133244866 -0.185003348 0.717888310
2892.199692544 5.480250252 38.538477468 2.318121092 -0.686118351 0.178420739 -0.187800125 0.679807885
2892.324718176 5.751659759 38.968375903 2.326919959 -0.674539055 0.209354755 -0.218489289 0.673372171
2892.449870912 6.053908461 39.370110223 2.362171043 -0.669413183 0.226384871 -0.222147329 0.671778568
2892.574678592 6.364822949 39.737375712 2.395363317 -0.653915030 0.244956204 -0.227486168 0.678705853
2892.699566528 6.677018285 40.105066551 2.434964688 -0.634977406 0.240882854 -0.248057701 0.690830314
2892.824810368 7.007348883 40.479695642 2.458655207 -0.655079472 0.250287592 -0.239844671 0.671343087
2892.950056384 7.326142516 40.846959431 2.464297784 -0.660944964 0.254100318 -0.246239394 0.661778621
2893.074704960 7.662567378 41.197085663 2.492552395 -0.651956971 0.268864064 -0.232941286 0.669628689
2893.201697632 8.007481903 41.539562892 2.514727967 -0.641399248 0.277324922 -0.234744384 0.675716632
2893.331211168 8.332766167 41.888222701 2.530508816 -0.651457624 0.256586621 -0.263972025 0.663389056
2893.450222784 8.667326268 42.236102968 2.555387767 -0.662076290 0.249024159 -0.254351262 0.659505412
2893.575066176 8.985473790 42.580609128 2.577038482 -0.656343188 0.239035591 -0.252990050 0.669381536
2893.700745088 9.290047922 42.917192457 2.627100506 -0.639874344 0.233099907 -0.244498752 0.690250402
2893.825237024 9.615622233 43.268812069 2.624801221 -0.680715148 0.262117900 -0.206284912 0.652202138
2893.951388000 9.897358579 43.595192596 2.645606931 -0.658053904 0.231280781 -0.238989048 0.675543111
2894.076885280 10.202128249 43.942960998 2.665629731 -0.660359514 0.229575557 -0.247141493 0.670925822
2894.200114624 10.498523421 44.275483776 2.685326293 -0.666480692 0.235641606 -0.222483112 0.671399870
2894.325256256 10.784623642 44.636856858 2.706351631 -0.674173778 0.228907852 -0.240629719 0.659687995
2894.450489248 11.078592118 44.980528020 2.724821821 -0.666996461 0.238960610 -0.241511657 0.663087978
2894.575222240 11.367426241 45.317436566 2.749005936 -0.656384881 0.231161874 -0.253744972 0.671815872
2894.700529984 11.687977107 45.656325604 2.758074276 -0.663942065 0.254750149 -0.243926667 0.659380829
2894.825019168 11.992136517 45.969475181 2.791927481 -0.643774296 0.269918461 -0.287809361 0.655640490
2894.950882560 12.319041304 46.271770025 2.806703486 -0.637979756 0.277236003 -0.285761569 0.659137584
2895.075805024 12.648304463 46.558181569 2.828836802 -0.653488847 0.293838866 -0.265379938 0.645123660
2895.200846720 12.899797048 46.791738932 2.844074065 -0.646505050 0.271947897 -0.279246331 0.655817847
2895.325439296 13.096882918 46.966524884 2.854669614 -0.656561504 0.281844839 -0.270948299 0.645040695
2895.513299744 13.274905092 47.136793245 2.863378737 -0.651536360 0.288704303 -0.290232939 0.638682267
2895.763377888 13.402494431 47.233935501 2.867350987 -0.644490034 0.293756425 -0.277948066 0.648910341
