2058.310966688 0.000000000 -0.000000000 1.000000000 -0.707106781 0.000000000 0.000000000 0.707106781
2058.810998656 0.002674998 0.323622287 1.015694394 -0.698367928 -0.016134172 -0.015300296 0.715393477
2059.060470336 0.014601402 0.843744606 1.034036357 -0.709842910 -0.005836626 -0.004709718 0.704320095
2059.310916448 0.043395626 1.453636183 1.049898804 -0.710466304 0.008275763 -0.000207666 0.703682527
2059.560794688 0.058581198 2.092611198 1.090379080 -0.696353030 0.010485063 -0.008701856 0.717570065
2059.811388544 0.080246101 2.780796637 1.129021756 -0.701563292 0.018557054 0.006186247 0.712338622
2060.061788832 0.105758316 3.511828442 1.150284335 -0.707545994 0.026006160 0.013247650 0.706064336
2060.312160672 0.157952819 4.267141673 1.178190264 -0.709622971 0.055042013 0.029771291 0.701797183
2060.563935008 0.186527441 5.067698625 1.192557231 -0.683230004 0.042045202 0.023028876 0.728627912
2060.813449088 0.230385347 5.890723689 1.311253661 -0.669893949 0.028715356 0.033902196 0.741126282
2061.063542720 0.216138893 6.726790492 1.417686754 -0.668506121 0.021592046 0.043888622 0.742096448
2061.313635168 0.206356994 7.613808155 1.461276901 -0.723290912 0.007589240 0.051027286 0.688613735
2061.564625120 0.205005294 8.491095326 1.487265506 -0.700246248 0.022424242 0.036628482 0.712608377
2061.813315904 0.193555086 9.435037900 1.525504626 -0.706819927 0.007369805 0.031000665 0.706675481
2062.064153248 0.145830887 10.453350378 1.543244294 -0.707672530 0.008380943 0.038405438 0.705446222
2062.313683488 0.102125454 11.382126860 1.537744688 -0.705078428 0.001392242 0.034958537 0.708265750
2062.563447744 0.062997468 12.429150281 1.594462858 -0.700862422 -0.000768392 0.033334425 0.712516730
2062.813740672 0.061237773 13.495927672 1.659548526 -0.696243615 0.007447866 0.038126916 0.716753582
2063.063925152 0.037139582 14.631083121 1.745123330 -0.693532186 0.011485703 0.041235645 0.719152840
2063.314365760 0.030907283 15.829234541 1.811606296 -0.696529157 0.005952189 0.049719446 0.715779074
2063.563402560 -0.031318234 16.874271336 1.920028910 -0.698027100 -0.001826670 0.049510389 0.714355341
2063.814290592 -0.136312523 17.991009943 1.995645183 -0.698171075 -0.002885912 0.044342366 0.714550611
2064.064034400 -0.286409754 19.112072142 2.086002947 -0.696948011 0.001826536 0.033893959 0.716317899
2064.313404928 -0.299640154 20.314738890 2.160133891 -0.695716040 -0.000974188 0.033542189 0.717532692
2064.563762496 -0.337475565 21.466326939 2.278454030 -0.697088152 -0.008836360 0.033483489 0.716148646
2064.813669952 -0.327790880 22.651569454 2.297504698 -0.687898579 -0.018830563 0.048606572 0.723932563
2065.063663520 -0.395157106 23.906101078 2.353820332 -0.677848700 -0.029096166 0.056573922 0.732443816
2065.313746080 -0.478623415 24.474851218 2.425869722 -0.672129954 -0.023503931 0.055348594 0.737987414
2065.563575712 -0.529093065 25.053382037 2.495786034 -0.678286792 -0.030652359 0.059301955 0.731758662
2065.813798144 -0.529093065 25.053382037 2.495786034 -0.678286792 -0.030652359 0.059301955 0.731758662
2066.063471520 -0.514254195 25.091252744 2.315729730 -0.699928093 -0.045628084 0.043024377 0.711454598
2066.313611424 -0.828887348 25.830045519 2.991141858 -0.686114252 0.019958710 0.063418612 0.724449421
2066.563554752 -0.745634555 26.816246741 3.054521344 -0.670967938 -0.010991167 0.032502599 0.740692109
2066.813545504 -0.832223974 27.719705425 3.101801222 -0.694678275 0.007040612 0.043883118 0.717946234
2067.064105120 -0.892255811 28.777225515 3.127370535 -0.705044588 -0.002406266 0.044435798 0.707765355
2067.313935872 -0.967642060 29.728331928 3.276376213 -0.686435517 0.029607717 0.048559636 0.724963189
2067.563430304 -0.978749304 30.642477552 3.332487698 -0.693791774 0.024724635 0.048741025 0.718098865
2067.813748576 -0.988016221 31.530315296 3.406814962 -0.691528035 0.025308743 0.078171201 0.717661276
2068.063564800 -1.073665384 32.364010168 3.425749870 -0.698143170 -0.031418324 0.080337601 0.710742480
2068.314164352 -1.212715680 33.213578473 3.467662178 -0.703569244 -0.038327355 0.094582281 0.703260638
2068.563324000 -1.383326546 34.077539467 3.517590188 -0.694264777 -0.055446524 0.091840148 0.711679345
2068.813368224 -1.533219627 35.034892719 3.590747925 -0.698655231 -0.035807232 0.089758179 0.708902094
2069.064144704 -1.690022068 35.852988348 3.657579109 -0.693788969 -0.021652135 0.071956875 0.716247345
2069.313307968 -1.798746212 36.726664783 3.723130215 -0.694829616 -0.020516051 0.068784307 0.715583409
2069.563305312 -1.861667805 37.679067159 3.779793966 -0.698612842 -0.010853270 0.067570436 0.712219446
2069.813306112 -1.979690875 38.555685372 3.818717701 -0.706496804 -0.037890180 0.070694119 0.703156413
2070.063623456 -2.089236261 39.440316913 3.869557195 -0.703774835 -0.024102216 0.073126023 0.706238380
2070.313741536 -2.207239863 40.334703093 3.893239746 -0.712703112 -0.025877260 0.067539145 0.697727099
2070.563262336 -2.296985896 41.228526597 3.931765121 -0.706542721 -0.019363027 0.067667415 0.704161613
2070.814749312 -2.423016956 42.162449248 3.942622743 -0.723811377 -0.026498282 0.071601001 0.685761058
2071.063445728 -2.527802447 42.959252635 3.933958459 -0.730223193 -0.020618181 0.064051665 0.679887022
2071.313290176 -2.595991758 43.484716257 3.928108064 -0.726537459 -0.012824109 0.062594042 0.684149727
2071.688255392 -2.642924049 43.878244903 3.925278757 -0.723039884 -0.018666825 0.063041280 0.687670469
2072.314478720 -2.678009332 44.143920929 3.923293695 -0.720857329 -0.026364696 0.066594493 0.689372749
2073.313726016 -2.708337895 44.371935605 3.922521824 -0.721570626 -0.028599175 0.066957227 0.688501742
