2283.758439840 0.000000000 -0.000000000 1.000000000 -0.707106781 0.000000000 0.000000000 0.707106781
2284.258115616 0.012285000 0.221753001 1.024550938 -0.703805266 -0.001737332 0.000566857 0.710390603
2284.508001792 -0.016171056 0.649745251 1.024217838 -0.702784677 -0.029479391 0.004700641 0.710776031
2284.758120000 -0.036284421 1.225831608 1.047940232 -0.706155293 -0.022551505 0.022469700 0.707340968
2285.008076128 -0.060365017 1.850302392 1.091474910 -0.693766756 -0.012210079 0.047704230 0.718514376
2285.258777024 -0.120218080 2.491001166 1.138125712 -0.695535029 -0.017030748 0.003041324 0.718283876
2285.508349056 -0.139493733 3.174936413 1.176412630 -0.703899385 -0.007184978 0.023174918 0.709885170
2285.758450048 -0.130606828 3.892041584 1.219944110 -0.689340015 0.023375133 0.034211167 0.723252061
2286.008355872 -0.140149357 4.662890638 1.225772346 -0.729868977 0.010041057 0.036491714 0.682538503
2286.258690048 -0.144603673 5.419105220 1.311138681 -0.646592994 0.014473987 0.042986405 0.761485504
2286.511443520 -0.174633566 6.246103267 1.440024593 -0.678217464 -0.003786784 0.044215567 0.733520085
2286.761341792 -0.186828389 7.076267961 1.538762144 -0.679231198 0.011452962 0.050214062 0.732114989
2287.011515936 -0.241940310 7.954732475 1.566998716 -0.716145592 -0.010466730 0.043585718 0.696510032
2287.261554240 -0.299729347 8.845593437 1.597477949 -0.702456131 -0.017620310 0.047505764 0.709921200
2287.511430368 -0.369112958 9.800548982 1.638607582 -0.708764402 -0.019768053 0.051228061 0.703305006
2287.761990752 -0.455577189 10.794099731 1.662677809 -0.703104593 -0.027206290 0.047957020 0.708945607
2288.011276480 -0.552209247 11.657965607 1.732755350 -0.698881568 -0.020304879 0.056362397 0.712724032
2288.262079776 -0.510288392 12.309681022 1.745306866 -0.697879038 -0.010380417 0.068796258 0.712828289
2288.511322912 -0.646682585 13.435126112 1.841045462 -0.691886972 0.004670943 0.079097226 0.717644919
2288.761328224 -0.736184112 14.621751113 1.945868784 -0.691210311 0.001946616 0.084287157 0.717718742
2289.011364480 -0.832840845 15.794705797 2.038098267 -0.691495459 0.001823742 0.087103113 0.717107908
2289.261792736 -0.896966070 16.917004252 2.111570186 -0.689587991 -0.006250306 0.084920089 0.719178639
2289.511305216 -0.889365921 17.373153057 2.131726137 -0.693708141 -0.015240239 0.091495315 0.714258607
2289.761344992 -1.001773589 18.340701325 2.212394800 -0.686802828 -0.024624389 0.097825219 0.719809517
2290.011202464 -1.176096639 19.444100176 2.313983550 -0.684594242 -0.033084801 0.099255417 0.721376796
2290.261610464 -1.147352951 20.139665380 2.365119277 -0.683848055 -0.040097367 0.107144948 0.720599750
2290.511237792 -1.355942540 21.255149782 2.474991436 -0.684607200 -0.041266596 0.102951587 0.720424195
2290.761252864 -1.552769391 22.387484144 2.601980539 -0.675574115 -0.032601907 0.095749221 0.730321037
2291.011744192 -1.576885155 23.178248769 2.694657054 -0.672988585 -0.030977140 0.104367853 0.731596974
2291.136652128 -1.628463484 23.212636069 2.655598699 -0.672736717 -0.030367329 0.101949569 0.732194933
2291.262745568 -1.382036819 22.394758059 2.477089746 -0.673841483 -0.031633430 0.105115534 0.730676198
2291.511392640 -1.605027393 23.443328429 2.645452534 -0.657387282 -0.043805957 0.100629759 0.745517707
2291.761292032 -1.505681064 24.572158173 3.092400989 -0.699065806 -0.070006517 0.116528970 0.702016442
2292.011946400 -1.824976782 25.513089055 3.287592546 -0.662021359 -0.044495579 0.121615003 0.738212472
2292.261200192 -2.074676341 26.414857867 3.398892917 -0.639149953 -0.058326183 0.122401350 0.757035867
2292.511677408 -2.214922372 27.318858921 3.626587549 -0.668652748 -0.056655940 0.128912228 0.730120021
2292.761461920 -2.363076211 28.132555242 3.764649010 -0.681676334 -0.045786763 0.113627787 0.721324944
2293.011617568 -2.689638023 28.929952366 3.885266361 -0.664652808 -0.045540298 0.098570781 0.739220216
2293.261463584 -2.836658218 29.772365719 3.979820814 -0.667268124 -0.039632355 0.114780711 0.734852308
2293.511019232 -3.016711812 30.701670854 4.112990496 -0.680477771 -0.040393594 0.112666988 0.722927736
2293.761083776 -3.196548966 31.537887065 4.216919006 -0.681645778 -0.025088196 0.121823870 0.721032981
2294.011147680 -3.382517425 32.369566479 4.295967058 -0.682934346 -0.043010929 0.111971901 0.720564384
2294.261007552 -3.569453488 33.211460565 4.388310483 -0.681342605 -0.038871794 0.113200385 0.722112811
2294.510564896 -3.736076893 34.021135500 4.499603638 -0.687390593 -0.019134118 0.127051235 0.714832877
2294.760699040 -3.914872079 34.831241746 4.607104477 -0.679529283 -0.017029992 0.117151223 0.724034201
2295.010716640 -4.080493491 35.655188212 4.705770111 -0.678249199 -0.018678706 0.120817404 0.724591115
2295.261293792 -4.245085223 36.478406374 4.790991150 -0.675750355 -0.022483857 0.145842498 0.722209042
2295.510758880 -4.465254461 37.347011664 4.881806484 -0.681677233 -0.055167072 0.151717109 0.713620812
2295.760799328 -4.679833473 38.178854757 4.959618961 -0.681202375 -0.058156011 0.148757553 0.714459512
2296.010754400 -4.953011628 39.053178527 5.041577627 -0.692344076 -0.070234707 0.160783321 0.699911059
2296.261322560 -5.213469595 39.897200345 5.138558087 -0.678180868 -0.060694874 0.155370476 0.715714229
2296.514439968 -5.471283879 40.753011381 5.186577115 -0.699133777 -0.068572600 0.159668131 0.693553061
2296.883402784 -5.767910694 41.923342362 5.243440506 -0.703797523 -0.066506170 0.157196318 0.689590671
2297.136527968 -5.987274532 42.611078685 5.276341058 -0.704025710 -0.062539509 0.152378661 0.690809202
2297.383879168 -6.116615977 43.029856644 5.303757073 -0.697719967 -0.061053951 0.156980401 0.696287596
2297.637349728 -6.198838216 43.282345412 5.314142574 -0.695146249 -0.062183784 0.153360114 0.699560966
2297.882261888 -6.239671144 43.408518662 5.322955995 -0.692043856 -0.062551160 0.152329558 0.702821713
2298.136512992 -6.255716378 43.466313998 5.328362187 -0.691861112 -0.061492967 0.154115252 0.702705703
2298.382599712 -6.263637406 43.496263638 5.329948956 -0.691376838 -0.062512240 0.155366313 0.702816901
2298.762521888 -6.267078206 43.505888124 5.331346307 -0.691103708 -0.062567486 0.155692374 0.703008435
