591.655419968 0.000000000 -0.000000000 1.000000000 -0.707106781 0.000000000 0.000000000 0.707106781
592.180078944 -0.012790509 0.226332909 1.015257980 -0.688636998 -0.009663011 -0.018514557 0.724805437
592.287375200 -0.017677728 0.434677500 1.024272186 -0.697565032 -0.010231792 -0.013501868 0.716321183
592.395564800 -0.011471874 0.678758861 1.035017602 -0.697148801 -0.010605596 -0.000771769 0.716847595
592.468692576 -0.019921780 0.871684948 1.040499254 -0.708331337 -0.028830146 -0.012102268 0.705187263
592.546736224 -0.002131340 1.074687190 1.052417237 -0.702744885 0.000847068 0.005147174 0.711422811
592.618364000 0.006534404 1.271075332 1.067132894 -0.699383636 0.016414424 0.006174278 0.714531297
592.690224416 -0.003503844 1.477443355 1.061504838 -0.703199148 0.002942636 -0.028285026 0.710423998
592.770932672 0.015706104 1.674681247 1.083973463 -0.695462776 0.022744815 0.003115990 0.718195301
592.843246592 0.026114430 1.903054256 1.107582090 -0.684251586 0.016324675 0.003181730 0.729056341
592.915576768 0.027707159 2.113465540 1.115482081 -0.690863219 0.001924800 -0.015898334 0.722808101
592.988766144 0.050781159 2.329237179 1.128992751 -0.688912689 0.022819538 -0.001529752 0.724483427
593.063107232 0.056578159 2.555944118 1.148547245 -0.701425550 0.018120898 -0.010465306 0.712435476
593.141693024 0.066957988 2.794492001 1.156179423 -0.699304720 0.021500884 -0.010101978 0.714428843
593.223192864 0.081715314 3.057045081 1.169400345 -0.704101346 0.022904520 -0.005866381 0.709705758
593.305035712 0.094787022 3.321638238 1.180313978 -0.701956536 0.019342570 -0.007543981 0.711917112
593.386762880 0.123580834 3.592031845 1.195913412 -0.698826118 0.035281186 0.009847445 0.714353080
593.468058976 0.139371400 3.871821838 1.206310469 -0.705267672 0.034801394 0.000060024 0.708086414
593.550728544 0.173252340 4.153082121 1.224174817 -0.699222874 0.054447385 0.015469219 0.712659497
593.623706528 0.183053766 4.419659354 1.213002531 -0.716422060 0.034997485 0.005832211 0.696764374
593.696933408 0.206938660 4.688511223 1.213170052 -0.724300581 0.037908417 0.015854867 0.688258850
593.791191712 0.229678555 5.003364183 1.237045405 -0.681493259 0.040673071 0.019283382 0.730438765
593.853998912 0.234626821 5.215001121 1.267837259 -0.651164224 0.030724794 0.009013033 0.758261107
593.981355008 0.260514733 5.675146639 1.344313042 -0.652902205 0.023915035 0.017336294 0.756866062
594.086926912 0.272704207 6.068571333 1.402972726 -0.674543841 0.013357405 0.021438935 0.737802520
594.181198112 0.275023577 6.411787380 1.441998705 -0.677279902 0.014375324 0.041595469 0.734407994
594.317359168 0.268623403 6.903385408 1.508502231 -0.667744449 0.017891446 0.027980401 0.743649342
594.410726304 0.280906911 7.262840839 1.543217902 -0.693015601 0.018422381 0.041871027 0.719469812
594.508254624 0.277507372 7.640010047 1.543775207 -0.719487785 0.009379212 0.046430129 0.692887870
594.572225696 0.274450008 7.896666184 1.557960671 -0.719919932 0.009197416 0.041915822 0.692729213
594.636852320 0.267723181 8.139656199 1.562568400 -0.700880644 0.009687088 0.030940102 0.712541362
594.700027744 0.267199913 8.388631915 1.566367818 -0.699435889 0.013216262 0.035874106 0.713672065
594.804718560 0.258101535 8.809222365 1.594668950 -0.699205860 0.002415312 0.032711297 0.714167560
594.866537984 0.257436374 9.063937958 1.602366280 -0.703889777 0.006010724 0.039560624 0.709181225
594.929712768 0.246372513 9.324037187 1.623501233 -0.700704302 0.000412371 0.032193432 0.712724978
594.993182336 0.242510109 9.587735366 1.630871941 -0.694738513 0.000947420 0.034719682 0.718423305
595.094216864 0.229064967 10.015920126 1.646303082 -0.710046121 -0.005260526 0.040423410 0.702974239
595.189694592 0.199406572 10.411038219 1.661225871 -0.700879438 -0.015243914 0.047354612 0.711542815
595.253350304 0.181416294 10.689526052 1.667115703 -0.703330474 -0.020028003 0.043246790 0.709263589
595.354928224 0.151747957 11.141662498 1.689805597 -0.705732601 -0.016518765 0.040771465 0.707111245
595.430440640 0.130101205 11.475137852 1.706579008 -0.701118615 -0.016735128 0.040858207 0.711676352
595.494080864 0.111213090 11.757954787 1.720020924 -0.698402548 -0.015576705 0.042589058 0.714267050
595.588500000 0.211893638 12.039352527 1.740008768 -0.697248269 -0.020748703 0.054475028 0.714455606
595.691914464 0.281852300 12.326048825 1.768291739 -0.700375017 -0.017178936 0.066571370 0.710456172
595.786864704 0.292799821 12.692983396 1.789483628 -0.699179843 -0.012506814 0.073280384 0.711070399
595.881861888 0.337910008 13.071641541 1.809685244 -0.697355197 -0.010022551 0.087999948 0.711232232
595.953040800 0.300398319 13.406421859 1.826857314 -0.696390448 -0.007763924 0.090106705 0.711941604
596.052275264 0.243885962 13.865261085 1.858691935 -0.692130702 -0.006563710 0.088012314 0.716355946
596.146693792 0.199979137 14.313312806 1.889697197 -0.690560440 -0.006006096 0.091920801 0.717384675
596.269731296 0.014047931 14.476206647 1.940099683 -0.697325071 -0.005371547 0.067959249 0.713505734
596.359885472 -0.014040957 14.919459787 1.968493318 -0.695623365 -0.004963532 0.069515728 0.715018224
596.448837024 -0.049273187 15.343183910 2.001427650 -0.693914530 -0.007062816 0.069708369 0.716640416
596.535293760 -0.088688549 15.759496266 2.032592402 -0.694663097 -0.010405984 0.073562895 0.715488223
596.593663200 -0.118648503 16.040670719 2.052263651 -0.692761065 -0.013732879 0.074140455 0.717214548
596.653962048 -0.152458083 16.336777941 2.074729790 -0.693417556 -0.015657654 0.074343421 0.716519356
596.712181280 -0.182936704 16.619612243 2.095028938 -0.692326541 -0.017700965 0.074594484 0.717500035
596.769958848 -0.215492459 16.907731792 2.116976794 -0.694363720 -0.020249022 0.073143780 0.715610920
596.827312192 -0.246013854 17.192726669 2.136178750 -0.694474397 -0.019561340 0.074811992 0.715350147
596.884776224 -0.280462139 17.475874538 2.153786935 -0.695307435 -0.021383255 0.072500296 0.714726545
596.942969056 -0.312187526 17.759719538 2.172278521 -0.692796846 -0.020093656 0.074951658 0.716945622
597.001043424 -0.346551877 18.048139815 2.190477513 -0.692780072 -0.022099748 0.074140063 0.716987185
597.058191040 -0.378688377 18.331850466 2.208332471 -0.689147379 -0.020421723 0.075762425 0.720360256
597.116315104 -0.408701783 18.617787178 2.232925910 -0.689802228 -0.019868180 0.076607997 0.719659195
597.174308096 -0.440404595 18.908078094 2.256106223 -0.687010033 -0.018276551 0.078930789 0.722117104
597.233750624 -0.474706422 19.198829533 2.281239660 -0.689767769 -0.019985078 0.077629916 0.719579473
597.303082944 -0.513215017 19.550925599 2.307969151 -0.688648264 -0.022023916 0.078995374 0.720443090
597.366988768 -0.551078258 19.871281140 2.334836391 -0.690550443 -0.025293581 0.077925626 0.718629193
597.429927552 -0.591330221 20.187942273 2.361903154 -0.690559211 -0.024699331 0.076899917 0.718751920
597.499088288 -0.625551240 20.534171434 2.390515215 -0.689665529 -0.020106213 0.067960438 0.720651495
597.561826656 -0.652179636 20.850892202 2.419121482 -0.687178975 -0.014437007 0.061064967 0.723773237
597.625058144 -0.678270272 21.163474490 2.446411264 -0.685490748 -0.013574876 0.058841356 0.725572775
597.688319008 -0.706999134 21.477034753 2.477394124 -0.684882980 -0.016534038 0.059617266 0.726021840
597.751406240 -0.738818545 21.787250067 2.511963700 -0.680713399 -0.021263644 0.057556472 0.729975601
597.814974784 -0.764782383 22.106885382 2.539448736 -0.684539241 -0.021094643 0.062685101 0.725969436
597.878809152 -0.798065229 22.420483888 2.571634243 -0.681904463 -0.028006291 0.058790978 0.728536596
597.943478592 -0.828736422 22.745062404 2.602867689 -0.682519653 -0.028215932 0.063569797 0.727550456
598.007262656 -0.863457874 23.062172184 2.634733432 -0.681170708 -0.030607325 0.063897848 0.728688358
598.070876576 -0.897863134 23.377730977 2.672259361 -0.675561641 -0.032800048 0.064067648 0.733781958
598.141581856 -0.933176177 23.722193630 2.714965776 -0.673837328 -0.029620338 0.069627110 0.734995208
598.204696224 -0.971239862 24.031911382 2.755929278 -0.671971379 -0.030389393 0.069539204 0.736678525
598.298682464 -1.018359631 24.468271418 2.816655841 -0.670379935 -0.029008845 0.074203576 0.737728309
598.399908416 -1.086341301 24.956546406 2.878573763 -0.679283824 -0.038217712 0.071324292 0.729400944
598.462919808 -1.131315078 25.258026996 2.909572242 -0.674788029 -0.044349761 0.071222145 0.733226854
598.525767712 -1.178548346 25.559634920 2.946587643 -0.676734505 -0.046987287 0.071541764 0.731234832
598.630418144 -1.260039155 26.056362443 3.007378315 -0.675748172 -0.053794113 0.071861863 0.731646414
598.693663680 -1.315061011 26.354538478 3.051522578 -0.664465904 -0.058270140 0.073292178 0.741429639
598.756820640 -1.369755094 26.651310768 3.093155954 -0.661551931 -0.061906170 0.072279425 0.743836241
598.821665792 -1.432146299 26.959316796 3.141070726 -0.659997784 -0.071713539 0.069672158 0.744584370
598.886406080 -1.489037776 27.254617899 3.188888602 -0.660465886 -0.075157663 0.072625593 0.743546678
598.950241920 -1.555831564 27.576464492 3.219935272 -0.677272690 -0.081185423 0.064436483 0.728394515
599.013318144 -1.610997543 27.869221075 3.238350023 -0.704318020 -0.078331174 0.064781537 0.702569361
599.086059264 -1.644384582 28.218974227 3.288288809 -0.650201881 -0.061601137 0.080583181 0.752960268
599.150422784 -1.702772470 28.503004991 3.319594571 -0.651056048 -0.073243670 0.056833150 0.753346786
599.214120864 -1.732748531 28.791467757 3.376820400 -0.661705429 -0.043944349 0.075384303 0.744669071
599.276959520 -1.797423174 29.094677606 3.400390469 -0.690104180 -0.061933199 0.033454077 0.720278644
599.343596608 -1.833148810 29.391387614 3.422838198 -0.697582840 -0.041849826 0.052718804 0.713335475
599.406867168 -1.888444444 29.648764162 3.453344306 -0.652376415 -0.049328881 0.045375913 0.754925626
599.469862976 -1.924900836 29.917054887 3.503668340 -0.646176436 -0.049579758 0.049543272 0.759962713
599.533465760 -1.958795530 30.181909267 3.559315065 -0.644332009 -0.039233921 0.065690616 0.760908473
599.604456000 -2.009577345 30.505592216 3.601293837 -0.674791473 -0.048362481 0.064458945 0.733595654
599.667267968 -2.042857772 30.763967809 3.643111747 -0.674878083 -0.047733976 0.075973568 0.732454133
599.731155872 -2.098945640 31.039490918 3.671131197 -0.674099990 -0.064318629 0.062056213 0.733213027
599.794245440 -2.134764563 31.311275582 3.705233811 -0.678356031 -0.055867510 0.071135404 0.729144479
599.857184480 -2.183708165 31.569506995 3.737918953 -0.672371322 -0.065837676 0.059495566 0.734875828
599.920049536 -2.223677166 31.849454304 3.761734849 -0.687358439 -0.054346892 0.071289433 0.720765294
599.984722240 -2.280464436 32.116549152 3.794103098 -0.676946265 -0.062918329 0.056248619 0.731177906
600.047476448 -2.311907407 32.375796418 3.838548569 -0.663818069 -0.045789841 0.073031151 0.742910030
600.110877856 -2.364625502 32.630303620 3.878895082 -0.657564066 -0.053213230 0.054432829 0.749543140
600.174637088 -2.386433349 32.901274018 3.917910074 -0.671656756 -0.037881266 0.058946000 0.737541579
600.240004416 -2.419001726 33.179117341 3.951536513 -0.678153925 -0.039295063 0.049291015 0.732211409
600.307301664 -2.450107471 33.460658049 3.989125507 -0.671388858 -0.032393616 0.049452767 0.738743581
600.370516608 -2.484529931 33.719249643 4.023505241 -0.664645754 -0.034182720 0.050735473 0.744649901
600.436386048 -2.516000334 33.991797780 4.071688211 -0.657112803 -0.037095091 0.050325247 0.751195107
600.499905216 -2.546992591 34.258537395 4.108534744 -0.666928332 -0.039158819 0.050513724 0.742375613
600.564144576 -2.576455241 34.529758734 4.138691760 -0.680601322 -0.034685010 0.056968066 0.729611835
600.628741984 -2.614661303 34.795078815 4.171798920 -0.682928006 -0.045452930 0.052880607 0.727149923
600.703372224 -2.657242272 35.089912249 4.192316478 -0.682644524 -0.049494180 0.063226231 0.726325838
600.767326304 -2.698338164 35.356748999 4.218434140 -0.690434999 -0.052815449 0.063932704 0.718625528
600.829849952 -2.745071637 35.581176377 4.253908201 -0.683734113 -0.048059488 0.061975585 0.725504635
600.894194368 -2.777974619 35.828711933 4.273585714 -0.682782241 -0.035627423 0.065063184 0.726846532
600.957119264 -2.813929057 36.094457194 4.297561201 -0.681504631 -0.037729324 0.062143978 0.728193698
601.019698688 -2.857238375 36.350002959 4.325160919 -0.680780183 -0.050174918 0.050281975 0.729035351
601.082603040 -2.879749825 36.604922415 4.345644005 -0.683860219 -0.038739639 0.069986010 0.725214726
601.146242528 -2.920158695 36.854765371 4.372354328 -0.682644205 -0.050288735 0.056943744 0.726791128
601.209988800 -2.940492866 37.107250337 4.400602443 -0.678879479 -0.034664924 0.075126614 0.729573155
601.276093312 -2.975757445 37.366117481 4.438950676 -0.669742874 -0.030511410 0.073985886 0.738267990
601.354707648 -3.019259974 37.677650871 4.475128899 -0.672356914 -0.026685261 0.072215945 0.736212561
601.416640928 -3.043110116 37.927836244 4.505162821 -0.684409516 -0.020594018 0.074702927 0.724968257
601.480522688 -3.077794332 38.188790234 4.528338330 -0.672029850 -0.025937176 0.067690746 0.736967507
601.575803008 -3.124081611 38.547823491 4.575122494 -0.670378758 -0.025516437 0.071642763 0.738111473
601.673370016 -3.174789045 38.932985497 4.620327927 -0.673928277 -0.027575301 0.078850192 0.734059212
601.767952672 -3.229837929 39.295325907 4.666053206 -0.671498996 -0.039662092 0.067772768 0.736832999
601.864993152 -3.275976531 39.674465088 4.710281035 -0.676387575 -0.030890008 0.076731359 0.731886572
601.958502784 -3.332977666 40.046419715 4.753550099 -0.676338518 -0.041460779 0.090963393 0.729775907
602.025276128 -3.383144678 40.298717530 4.778013826 -0.678627491 -0.054312381 0.092809106 0.726568210
602.090910816 -3.427450534 40.561722840 4.820129529 -0.676032905 -0.052103064 0.104864039 0.727508293
602.156303712 -3.481447931 40.823537647 4.840681201 -0.678648539 -0.057181793 0.100904327 0.725248040
602.219384864 -3.537697949 41.075428155 4.871754770 -0.676769565 -0.064092621 0.103392957 0.726075057
602.284658368 -3.591402838 41.327279452 4.899692251 -0.675302650 -0.067106304 0.110740694 0.726085100
602.356372864 -3.664443588 41.607410921 4.921482595 -0.682629707 -0.083090314 0.100860877 0.718985234
602.419282656 -3.722328258 41.858249942 4.951241566 -0.682122789 -0.079866123 0.110685821 0.718386074
602.517401728 -3.827610191 42.240405559 4.985002019 -0.675489170 -0.087207495 0.107588259 0.724247196
602.619235616 -3.927334154 42.642223644 5.026154726 -0.674766058 -0.085424741 0.110583412 0.724682475
602.716491104 -4.041836721 43.023602284 5.063573482 -0.683466088 -0.092898862 0.104976602 0.716396413
602.812710912 -4.152167613 43.396548532 5.099020240 -0.676300565 -0.094555285 0.108068003 0.722494394
602.875513696 -4.226341106 43.644775264 5.120566666 -0.677193449 -0.096446286 0.108721355 0.721309097
602.970910432 -4.338080635 44.039057254 5.154040383 -0.681080951 -0.094515844 0.114755025 0.716956608
603.037771008 -4.417403979 44.306369363 5.166470458 -0.688816302 -0.097008584 0.110678173 0.709839263
603.134589760 -4.536297181 44.710046728 5.194307732 -0.695909444 -0.093920696 0.109600721 0.703474683
603.238203168 -4.658663249 45.130223648 5.216102141 -0.697000563 -0.087011024 0.107905423 0.703545106
603.303365856 -4.734563021 45.392723047 5.227901289 -0.704094983 -0.087759109 0.101649800 0.697291841
603.398875200 -4.830662537 45.740940136 5.240597551 -0.711875313 -0.081630723 0.103041210 0.689893088
603.494569856 -4.912096427 46.025374723 5.253212060 -0.705553463 -0.078753244 0.100560110 0.697050860
603.592563136 -4.987102067 46.279685366 5.263582877 -0.704558853 -0.080079115 0.100747502 0.697878284
603.689918720 -5.044603930 46.486956424 5.276287799 -0.702920983 -0.081522873 0.107010552 0.698430278
603.854270144 -5.119676968 46.751103090 5.287843668 -0.699418997 -0.081194666 0.106618925 0.702034826
604.059366624 -5.180673744 46.972726450 5.299301631 -0.701149918 -0.082601834 0.103961094 0.700541091
604.283644864 -5.216549958 47.112493058 5.308415224 -0.698389756 -0.082344722 0.105913612 0.703031580
