519.407393984 0.000000000 -0.000000000 1.000000000 -0.707106781 0.000000000 0.000000000 0.707106781
520.407014112 0.034560433 0.755344440 1.039560199 -0.693930266 -0.002241002 0.004110574 0.720026990
520.907514976 0.040174935 1.972320884 1.067338867 -0.704400420 0.000976736 0.002864581 0.709796371
521.407580448 0.083295159 3.423974139 1.111698704 -0.712296525 0.003724050 -0.008948504 0.701811738
521.907198976 0.150930102 5.121870146 1.117085337 -0.715704406 -0.010463420 -0.003106012 0.698318031
522.407363232 0.087122928 6.664822290 1.040422745 -0.702503440 -0.003471735 -0.028738527 0.711091387
522.907509632 0.215236453 8.459087362 1.107313939 -0.698833803 -0.007648984 -0.019552689 0.714975875
523.407428480 0.256417029 10.318330121 1.150968057 -0.708968214 -0.033116846 -0.057555189 0.702107361
523.907764032 0.441633984 12.153889045 1.200448009 -0.705482813 0.014910221 -0.051060591 0.706728026
524.407523488 0.688278474 14.077933875 1.222727385 -0.713802694 0.039395611 -0.050700769 0.697397399
524.908596320 0.818417967 15.017421308 1.255675249 -0.698008888 0.023367942 -0.067171209 0.712548637
525.408311328 0.930719640 16.049345632 1.293602432 -0.736241269 0.040008182 -0.051587349 0.673562829
525.910164224 1.167146434 18.196041044 1.169707069 -0.738514708 0.023465346 -0.052442294 0.671785092
526.409410432 1.409247390 18.674716033 1.002725271 -0.729736380 0.035178348 -0.034649369 0.681943341
526.909722624 1.580598898 19.169902107 1.015564098 -0.726901762 0.021830429 -0.033492952 0.685576752
527.409271456 1.580598898 19.169902107 1.015564098 -0.726901762 0.021830429 -0.033492952 0.685576752
527.909307680 1.580598898 19.169902107 1.015564098 -0.726901762 0.021830429 -0.033492952 0.685576752
528.410291744 1.580598898 19.169902107 1.015564098 -0.726901762 0.021830429 -0.033492952 0.685576752
528.909640224 1.634556108 20.804973838 0.951341250 -0.722285827 0.027644156 -0.040437696 0.689857796
529.410451936 1.837594297 22.371369692 1.327206700 -0.736773549 0.015981583 -0.044360175 0.674493515
529.658601856 1.792388942 22.839728087 1.361715529 -0.722219330 -0.007734537 -0.065746030 0.688488835
530.159281376 1.813844288 22.928377532 1.378906410 -0.724089358 0.003527293 -0.083136206 0.684668190
530.658295744 1.794020686 23.677493844 1.568858747 -0.751521419 0.033067643 -0.112557458 0.649194044
531.159290592 1.983249921 24.288507698 1.480422484 -0.768396173 0.131612345 -0.160100971 0.605485913
531.656875104 2.448038182 25.714709534 1.112123760 -0.771441523 0.156204104 -0.202215660 0.582741007
532.159520640 3.236361611 26.957555673 0.854888719 -0.759855741 0.179569155 -0.199792391 0.591994234
532.656176192 3.776043822 27.382871166 0.825981395 -0.767052421 0.167251944 -0.213140772 0.581574056
533.159185952 3.419717875 28.477407594 0.119914166 -0.765682363 0.140893322 -0.214599401 0.589768333
533.656066016 5.464359783 28.588747627 1.226210318 -0.767572703 0.159184232 -0.216970199 0.581735729
534.159502432 5.998706840 29.024611095 1.160396060 -0.773822861 0.186082375 -0.211813124 0.567191970
534.906092000 6.355842027 29.498900195 1.059660347 -0.767647399 0.169031320 -0.231783963 0.573081215
