286.612858240 0.000000000 -0.000000000 1.000000000 -0.707106781 0.000000000 0.000000000 0.707106781
286.828609792 0.013732785 0.101032865 1.018154239 -0.691877452 0.029096887 0.001612005 0.721426618
287.011304480 -0.008256076 0.378409906 1.010232048 -0.703839817 -0.010905187 -0.015027752 0.710116015
287.130837856 0.010022924 0.635991884 1.023088964 -0.715721665 0.023159519 -0.001711970 0.697999430
287.240273376 0.008255531 0.881889573 1.021768082 -0.710122393 -0.000456064 -0.028956748 0.703482399
287.313668192 0.024209565 1.068037177 1.030517614 -0.711669564 0.014941312 -0.018052829 0.702123411
287.388653280 0.047276982 1.271392821 1.038450851 -0.711270969 0.030867830 0.001670535 0.702237848
287.460819840 0.058614638 1.469549503 1.042069247 -0.706476741 0.027055670 -0.010654482 0.707138661
287.532877856 0.062789238 1.667401014 1.049819557 -0.694438072 0.022541498 -0.027223200 0.718683896
287.605566528 0.098334503 1.875793058 1.068835913 -0.700312393 0.052652047 0.009406067 0.711829924
287.681896864 0.098025726 2.082240559 1.080467236 -0.679949152 0.026846958 -0.024014055 0.732374028
287.758179872 0.128511388 2.318079591 1.086607599 -0.697176147 0.047122201 -0.011358515 0.715259325
287.831526016 0.142847279 2.540722248 1.096395153 -0.706756809 0.039017145 -0.020773284 0.706074321
287.905257824 0.157657173 2.761885595 1.110666410 -0.700855929 0.037067006 -0.025756791 0.711873297
287.983285088 0.180734715 3.007616782 1.114650803 -0.707052659 0.042283256 -0.016859360 0.705694286
288.064215936 0.200728145 3.266113476 1.124319395 -0.703344517 0.039082521 -0.012450982 0.709664724
288.146602336 0.224365563 3.532836304 1.135944998 -0.705027062 0.042280025 -0.002637871 0.707914036
288.278472736 0.270038606 3.977615023 1.143751926 -0.706218923 0.055952544 -0.003088750 0.705772346
288.364761088 0.306499861 4.276102379 1.155631537 -0.711438453 0.064425038 0.000127766 0.699789058
288.448844224 0.335344287 4.579212838 1.136266389 -0.727768410 0.066210384 0.004422210 0.682605136
288.523511776 0.355870063 4.840607470 1.144407433 -0.726245298 0.057950708 0.007163650 0.684951214
288.603222336 0.374027163 5.109613998 1.158408632 -0.684494798 0.053405819 0.015087782 0.726902365
288.665200768 0.377942327 5.318783553 1.184282995 -0.654102877 0.038800641 0.010529372 0.755336394
288.761335424 0.394221493 5.654896211 1.234692767 -0.649378731 0.022146531 0.037795302 0.759202417
288.858849696 0.383034341 6.019979064 1.291288488 -0.672465182 0.005687859 0.035131735 0.739272608
288.982100096 0.375052514 6.462931498 1.339038453 -0.685429002 0.006385471 0.046604195 0.726618441
289.048678432 0.373337873 6.713503499 1.369936725 -0.675601428 0.015563195 0.046097785 0.735659902
289.176648480 0.379326658 7.189835465 1.415242414 -0.683006015 0.029361447 0.051228599 0.728022197
289.271441632 0.368212237 7.562999840 1.433136314 -0.711999376 0.009331649 0.046552417 0.700573110
289.367685600 0.368105958 7.939569079 1.432306711 -0.725866832 0.012294827 0.056393258 0.685409352
289.431208224 0.352227181 8.180959140 1.436235347 -0.711190983 0.001919201 0.042217013 0.701727459
289.493938144 0.349114018 8.429005549 1.434831005 -0.706030563 0.011536858 0.050634733 0.706274641
289.558500160 0.342797096 8.687459175 1.449640513 -0.702806458 0.007380343 0.049863898 0.709592985
289.624832672 0.327961262 8.960947210 1.459947986 -0.706525290 0.001726589 0.044019112 0.706315334
289.688139136 0.322509964 9.223232181 1.467852175 -0.705772562 0.004418901 0.050588995 0.706616104
289.759518720 0.306594454 9.525927515 1.483224908 -0.705447842 -0.002685300 0.041433417 0.707544630
289.853944160 0.290791361 9.931840896 1.484045501 -0.713630382 -0.001169536 0.049844253 0.698745920
289.950216544 0.257062051 10.339360301 1.496706867 -0.719052435 -0.016372542 0.047248551 0.693154464
290.013104640 0.244500936 10.610502945 1.502664332 -0.710643346 -0.012528965 0.060497300 0.700834600
290.076195488 0.218024627 10.888526140 1.507484381 -0.706422099 -0.019747936 0.049918879 0.705752041
290.152671744 0.192949673 11.231235237 1.516819887 -0.710194768 -0.015351586 0.050297299 0.702038391
290.257152192 0.164881125 11.686042205 1.532494418 -0.704456727 -0.018797045 0.051418355 0.707632351
290.318649888 0.141583951 11.969745417 1.544124609 -0.702950955 -0.016479506 0.054598824 0.708948058
290.414686144 0.107693091 12.411639882 1.562363168 -0.703541888 -0.016878728 0.055758289 0.708261910
290.511267488 0.116287973 12.772303092 1.587895945 -0.701563470 -0.018221085 0.054971017 0.710249869
290.608301120 0.140202093 13.151556045 1.604085100 -0.700991410 -0.013944000 0.063766177 0.710176374
290.704591328 0.155720969 13.539146663 1.622896185 -0.702353252 -0.012481151 0.069688958 0.708299074
290.800424416 0.111513552 14.003700911 1.648242911 -0.698644742 -0.012793888 0.071453689 0.711776799
290.895432256 0.063818135 14.465810686 1.676070642 -0.694920315 -0.014071641 0.074225727 0.715107185
290.989544416 0.018137370 14.917214969 1.703262276 -0.697771647 -0.015802268 0.075814026 0.712121654
291.049486752 -0.009174450 15.211376816 1.725428990 -0.697297477 -0.013782081 0.075222891 0.712690535
291.141360000 -0.095515666 15.547843733 1.762629011 -0.698541646 -0.010926656 0.074862934 0.711558654
291.227688064 -0.171618711 15.894856936 1.790535086 -0.700099656 -0.013595188 0.070093186 0.710466458
291.322335712 -0.219757179 16.364794381 1.817135602 -0.700034517 -0.014289391 0.065552859 0.710950287
291.384933344 -0.239113260 16.677891048 1.839310201 -0.699481363 -0.009566994 0.065012348 0.711623278
291.451827872 -0.269890983 17.013421030 1.853797056 -0.697279660 -0.011651752 0.063288251 0.713904692
291.517251872 -0.296879331 17.343455614 1.872645517 -0.697248480 -0.012093812 0.064619073 0.713808568
291.574517440 -0.325732770 17.639100836 1.886588796 -0.700676332 -0.014358592 0.063946605 0.710462765
291.633046656 -0.351214154 17.929611908 1.905447615 -0.700059942 -0.011955512 0.063985449 0.711111107
291.692312352 -0.372915146 18.229272015 1.917012175 -0.701127582 -0.013933883 0.065148384 0.709916649
291.749750880 -0.398385263 18.532034300 1.935534293 -0.698766580 -0.011900886 0.065254921 0.712267808
291.817870336 -0.429972907 18.876522546 1.949635509 -0.694937960 -0.012007985 0.064635005 0.716058207
291.875296224 -0.451420448 19.173503063 1.973716458 -0.693097949 -0.010022539 0.065907930 0.717754085
291.932669792 -0.475514286 19.470399793 1.990716332 -0.694999962 -0.009759176 0.066339757 0.715876280
291.991183904 -0.499855152 19.766152353 2.011371793 -0.694458043 -0.009751968 0.065497224 0.716479615
292.080340672 -0.540519495 20.221933375 2.039702799 -0.694176291 -0.011081710 0.065313168 0.716750069
292.152661600 -0.577154218 20.602581847 2.063977364 -0.691566816 -0.015408301 0.062880161 0.719405316
292.221882688 -0.606203749 20.930934819 2.089302492 -0.691192792 -0.013132990 0.063365550 0.719767223
292.285015328 -0.640238446 21.287600888 2.113517889 -0.694437648 -0.016227668 0.062033946 0.716690173
292.351949472 -0.670923474 21.620629086 2.144222630 -0.689623408 -0.019452842 0.061724853 0.721270534
292.415412512 -0.697584406 21.959386563 2.167217497 -0.690765348 -0.020476147 0.064384092 0.719915724
292.479842112 -0.734412574 22.287813969 2.202015162 -0.685468285 -0.027488836 0.059293735 0.725163324
292.543040384 -0.761427655 22.615353781 2.224328983 -0.686463855 -0.024612085 0.064508395 0.723878641
292.608923168 -0.800533384 22.957152223 2.255269663 -0.688593831 -0.031221001 0.060298918 0.721961097
292.674630816 -0.833696800 23.293756628 2.285186083 -0.685987493 -0.029126152 0.064131839 0.724196060
292.738356096 -0.871644012 23.616763920 2.319933172 -0.683305174 -0.032395598 0.062117383 0.726764057
292.802957120 -0.903588741 23.940992694 2.352276147 -0.678625463 -0.031167612 0.059407397 0.731414262
292.865670304 -0.934957019 24.269050183 2.391341469 -0.674774035 -0.025769115 0.058658965 0.735238111
292.928803456 -0.965151642 24.591187814 2.428186165 -0.676999148 -0.024483685 0.058574485 0.733240569
292.992244352 -0.999901423 24.910533346 2.472173975 -0.672319841 -0.024675274 0.057932914 0.737577752
293.055664608 -1.032308131 25.239825831 2.505849332 -0.678011542 -0.026073236 0.061710625 0.731992031
293.119056736 -1.064588135 25.564091115 2.546420381 -0.682194848 -0.027844154 0.060305168 0.728147086
293.182105536 -1.102250413 25.884822315 2.575652324 -0.682614285 -0.035301277 0.057270246 0.727675530
293.249028416 -1.134654163 26.213611152 2.614028521 -0.679886507 -0.032615985 0.061532517 0.730002934
293.319848192 -1.182953790 26.576246179 2.649177136 -0.680873535 -0.037465673 0.056051717 0.729291271
293.390360000 -1.225709484 26.912054919 2.687284961 -0.673385047 -0.044603900 0.056787786 0.735756901
293.463088864 -1.278565591 27.277929388 2.734699539 -0.666514273 -0.050214547 0.052260935 0.741960927
293.526694912 -1.320177370 27.596267319 2.777491215 -0.667523045 -0.052823592 0.043603991 0.741431955
293.599215360 -1.366299211 27.944603415 2.831199062 -0.664508822 -0.055002805 0.046930983 0.743774294
293.661014112 -1.411924101 28.261849439 2.857596378 -0.686358129 -0.061346867 0.044002327 0.723334553
293.724766240 -1.448125146 28.566385612 2.871086912 -0.704437760 -0.060551468 0.052194343 0.705249398
293.788415040 -1.490590470 28.854115039 2.914368143 -0.657262880 -0.057767520 0.059842547 0.749057601
293.862036864 -1.522062871 29.135789547 2.964103785 -0.656935134 -0.064425296 0.054441711 0.749214062
293.931864608 -1.558268458 29.498366455 3.022325699 -0.671043931 -0.061170896 0.048771282 0.737278459
293.994636224 -1.609537488 29.824504151 3.036839672 -0.700764490 -0.064260250 0.029835379 0.709865903
294.058242304 -1.638521485 30.119335209 3.069650577 -0.686893244 -0.041355499 0.050335613 0.723832661
294.122752864 -1.675618349 30.444940066 3.102427282 -0.652210420 -0.058782588 0.028344744 0.755223643
294.185390112 -1.703850280 30.729357845 3.162227676 -0.651132311 -0.043687128 0.044361735 0.756406098
294.248647968 -1.742680115 31.016641990 3.222112619 -0.666630980 -0.038903128 0.051194222 0.742609477
294.311987360 -1.793386567 31.282777840 3.257351598 -0.671815126 -0.040384860 0.051540816 0.737819113
294.384538560 -1.838408042 31.610011937 3.297705157 -0.671385780 -0.048447424 0.050026408 0.737828801
294.470784672 -1.878043750 32.035964044 3.325088036 -0.682267569 -0.050262159 0.045222501 0.727969508
294.542789472 -1.916735077 32.351548341 3.360951538 -0.679675071 -0.044109614 0.049033355 0.730542175
294.616716224 -1.975078161 32.694103983 3.383550084 -0.681281820 -0.053593030 0.037535923 0.729091162
294.678947872 -2.019878849 32.958074719 3.426330031 -0.671886490 -0.042205454 0.051024211 0.737688128
294.742879712 -2.045472729 33.228585084 3.471709645 -0.662435954 -0.035696685 0.057641107 0.746044138
294.806014112 -2.092752505 33.509367493 3.501550878 -0.663536599 -0.055209757 0.029562085 0.745518040
294.869222208 -2.102899430 33.792850180 3.541218734 -0.684184699 -0.026901317 0.060776411 0.726273946
294.932781760 -2.148166400 34.069094395 3.572517726 -0.680531968 -0.053655257 0.025099581 0.730320043
294.995708448 -2.161068282 34.333877342 3.610970736 -0.667671913 -0.034292495 0.049950924 0.741985948
295.056571008 -2.192350191 34.589238222 3.638240248 -0.663386076 -0.045451917 0.038506721 0.745902319
295.131519808 -2.232119207 34.898407906 3.689531186 -0.666042208 -0.050679043 0.040099643 0.743109299
295.194685376 -2.262677926 35.185011019 3.720512613 -0.681235435 -0.046167446 0.048301910 0.729008762
295.257426656 -2.299232034 35.449688010 3.748703329 -0.681651477 -0.053061669 0.037926473 0.728764232
295.321852864 -2.331323913 35.723966602 3.772957669 -0.686346859 -0.047076233 0.046291373 0.724271307
295.387090880 -2.371261449 36.002368603 3.791718072 -0.689386257 -0.051674075 0.042910387 0.721273233
295.458646880 -2.408107212 36.293683991 3.832666664 -0.681590446 -0.035469575 0.051096682 0.729085387
295.520447584 -2.448140068 36.556367704 3.846764342 -0.687761007 -0.046546482 0.030601962 0.723796754
295.583694176 -2.488886705 36.802099925 3.876746849 -0.689873663 -0.032801692 0.047887089 0.721599061
295.646816320 -2.535576732 37.063166190 3.903664855 -0.683535777 -0.057675040 0.025872248 0.727174710
295.712864864 -2.559279110 37.337715456 3.921190794 -0.690137988 -0.043598546 0.046753731 0.720848675
295.776125472 -2.588707072 37.609092226 3.947540153 -0.689951052 -0.043802973 0.030305611 0.721893631
295.843345408 -2.611447662 37.892785244 3.975230501 -0.681669791 -0.034816046 0.032462678 0.730109796
295.906456704 -2.632417938 38.142902205 4.010726320 -0.672234441 -0.027838046 0.047427810 0.738292965
295.969424000 -2.663453372 38.410615443 4.032971311 -0.680653714 -0.038440000 0.043321384 0.730312362
296.033082080 -2.680296106 38.671434369 4.067142967 -0.681501511 -0.023656234 0.057459072 0.729173867
296.095991168 -2.707919534 38.927662500 4.094657575 -0.673884827 -0.023614696 0.053760361 0.736499430
296.159060256 -2.730886007 39.191207914 4.124757668 -0.678445810 -0.016011491 0.062361357 0.731823733
296.222854528 -2.769348758 39.440598409 4.160663990 -0.673684809 -0.024803279 0.057994159 0.736322113
296.289337152 -2.795979103 39.712889542 4.181206540 -0.683396538 -0.026756013 0.070433936 0.726148985
296.363366240 -2.839448722 40.016466924 4.216716932 -0.678068006 -0.043449791 0.065471187 0.730786849
296.434647808 -2.875643018 40.314349667 4.245287394 -0.680480666 -0.044423811 0.072432931 0.727822821
296.529438304 -2.940377795 40.702826138 4.287540033 -0.679459315 -0.055214565 0.077459530 0.727520730
296.593231904 -2.983392182 40.960859742 4.312515975 -0.682167759 -0.056261678 0.088154787 0.723678455
296.688662208 -3.051754760 41.341231006 4.363858610 -0.675752661 -0.053261769 0.096597516 0.728828132
296.792084096 -3.134468308 41.761481820 4.402105086 -0.682681185 -0.055727109 0.086206375 0.723470352
296.859772352 -3.188555781 42.032147950 4.431737741 -0.679607304 -0.060325028 0.089592822 0.725581098
296.961186944 -3.282612334 42.448417968 4.466321053 -0.682946688 -0.076249280 0.086598035 0.721297892
297.060899840 -3.368805661 42.854134365 4.503847238 -0.688913822 -0.074153409 0.086627392 0.715817513
297.126315776 -3.425491292 43.121635409 4.522270058 -0.680738778 -0.070763491 0.085006845 0.724127807
297.189263712 -3.476873228 43.382497134 4.548973584 -0.680495402 -0.067930458 0.086508291 0.724449982
297.284581504 -3.568443989 43.784207260 4.576161777 -0.687222943 -0.076439749 0.084422068 0.717463940
297.383859712 -3.664519078 44.187952704 4.609604993 -0.688298910 -0.083944718 0.078613728 0.716252593
297.450131136 -3.722422240 44.470912637 4.639615879 -0.679215489 -0.076938881 0.083615356 0.725089788
297.545673600 -3.818285978 44.839082404 4.679642518 -0.678803757 -0.078652501 0.073577403 0.726378420
297.609308960 -3.870600992 45.113767123 4.699628259 -0.694189389 -0.069847066 0.088198746 0.710945469
297.711086400 -3.964285602 45.540015834 4.717332232 -0.697993459 -0.066157221 0.078447475 0.708713162
297.805231136 -4.056810950 45.951799285 4.729069489 -0.707535827 -0.066656111 0.071137970 0.699921000
297.868740192 -4.108613260 46.196158088 4.737780434 -0.710060466 -0.065036989 0.067806515 0.697844253
297.964465920 -4.175782931 46.526368867 4.748555777 -0.713434154 -0.059674646 0.068189520 0.694838711
298.059363872 -4.234148161 46.806199717 4.761554012 -0.709118708 -0.057072019 0.067703269 0.699506762
298.156831808 -4.285591167 47.048472358 4.766787863 -0.709941896 -0.058348120 0.063977091 0.698916971
298.283216736 -4.337409277 47.300983410 4.778238946 -0.707513149 -0.056193317 0.068763673 0.701098433
298.407761440 -4.379244855 47.491762671 4.782874777 -0.708168193 -0.059468192 0.067989636 0.700241925
298.637032000 -4.425211120 47.718693870 4.795590680 -0.703924770 -0.060217215 0.072038960 0.704041329
298.961037408 -4.457293647 47.878370601 4.802244314 -0.703041191 -0.060975088 0.074411605 0.704611975
