1084.360141024 0.000000000 -0.000000000 1.000000000 -0.707106781 0.000000000 0.000000000 0.707106781
1085.360318720 -0.041409593 0.859915393 1.006593870 -0.716489277 0.017078624 -0.020604537 0.697084565
1085.859762880 -0.000974246 2.097475469 1.061882518 -0.705477210 -0.024711826 0.034492942 0.707461284
1086.359663232 -0.194598746 3.556108506 1.087034246 -0.710365371 -0.027892652 0.083934336 0.698253583
1086.860214208 -0.398075104 5.223850809 1.125598558 -0.657913327 -0.005289102 0.078065164 0.749017964
1087.361648960 -0.552353805 7.033664849 1.336050456 -0.689372065 -0.003052958 0.088057578 0.719028997
1087.862149344 -0.805091707 8.925092038 1.395506202 -0.714161320 -0.020324943 0.088682303 0.694043193
1088.362383616 -1.009711798 9.981595894 1.364430269 -0.729083676 -0.032238640 0.078334494 0.679162256
1088.862181248 -1.072861790 10.852119836 1.359822837 -0.725737704 -0.039054117 0.074953905 0.682760187
1089.362186080 -1.378501059 11.756874620 1.212225286 -0.715833432 -0.030903965 0.068492792 0.694216234
1089.862339072 -1.378501059 11.756874620 1.212225286 -0.715833432 -0.030903965 0.068492792 0.694216234
1090.362212128 -1.378501059 11.756874620 1.212225286 -0.715833432 -0.030903965 0.068492792 0.694216234
1090.862143104 -1.378501059 11.756874620 1.212225286 -0.715833432 -0.030903965 0.068492792 0.694216234
1091.112225248 -1.378501059 11.756874620 1.212225286 -0.715833432 -0.030903965 0.068492792 0.694216234
1091.362342624 -1.378501059 11.756874620 1.212225286 -0.715833432 -0.030903965 0.068492792 0.694216234
1092.112178240 -1.378501059 11.756874620 1.212225286 -0.715833432 -0.030903965 0.068492792 0.694216234
1092.612214464 -1.595446205 12.178181050 1.254825263 -0.706267663 -0.001036615 0.071237468 0.704350862
1093.112201120 -1.939892328 13.086532300 1.027265255 -0.676624989 0.014626037 0.081334349 0.731675767
1093.612789216 -2.213753975 13.822350409 1.126472941 -0.688861079 0.026368473 0.073379554 0.720687560
1094.112271488 -2.060340751 12.907728288 1.262041201 -0.695413364 0.021582447 0.085222840 0.713212114
1094.612531584 -2.331003205 14.895983342 1.416932594 -0.683415042 -0.005292301 0.105532370 0.722342571
1095.112464288 -2.642723902 16.917128924 1.580157475 -0.697669121 -0.022872825 0.099988074 0.709039503
1095.613129088 -2.914303484 18.609173270 1.700260519 -0.691088941 -0.034422590 0.097597234 0.715322264
1096.112592768 -3.233534547 20.560049818 1.774861006 -0.712833586 -0.016149206 0.094612292 0.694734479
1096.612782336 -3.518483353 21.907919326 1.803219227 -0.718040627 -0.012823026 0.086824975 0.690445256
1097.113143072 -3.592514636 22.434594862 1.820017782 -0.711141085 -0.013595977 0.091667627 0.696915026
