3023.929553920 0.000000000 -0.000000000 1.000000000 -0.707106781 0.000000000 0.000000000 0.707106781
3024.429357088 -0.010651679 0.372807256 1.014370834 -0.697494649 -0.012864194 -0.012996597 0.716356626
3024.617640064 -0.003527231 0.765406535 1.034968182 -0.709073868 0.009593732 0.003401609 0.705060735
3024.743630624 -0.013578976 1.065238260 1.039784372 -0.713177526 -0.000831704 -0.002596897 0.700978160
3024.868414912 0.005708025 1.382646293 1.044470014 -0.709942013 0.019952075 0.001189260 0.703976448
3024.991305280 0.013116503 1.690592401 1.075505912 -0.689930794 0.017866102 0.013183572 0.723534723
3025.122645568 0.009699426 2.013556634 1.079650301 -0.681662218 -0.001041880 0.021297819 0.731356232
3025.244025728 0.006959713 2.355370422 1.105560061 -0.686934152 0.033174915 -0.012043907 0.725862136
3025.369568928 0.003901581 2.702372839 1.118094189 -0.707508083 0.022184382 -0.013285207 0.706232022
3025.491407616 0.014431557 3.046621854 1.132326555 -0.707809365 0.025221085 -0.003797697 0.705942899
3025.623085504 0.036244896 3.409553202 1.154163448 -0.699425338 0.025890140 0.008740966 0.714183094
3025.743832608 0.057150236 3.779719786 1.160068770 -0.698309445 0.027572173 0.010423397 0.715188819
3025.874809504 0.064126221 4.174898720 1.176229502 -0.701064324 0.019743470 0.027914754 0.712277878
3025.993674592 0.059720801 4.568202935 1.164245452 -0.725691756 0.014842979 0.033673265 0.687035132
3026.119689152 0.042947954 4.971023463 1.177437860 -0.715061421 0.013561112 0.053839070 0.696853367
3026.242519776 0.022210128 5.345759260 1.213720666 -0.657085646 0.004831810 0.044840053 0.752465599
3026.370225888 0.004972762 5.757994545 1.279206729 -0.658662631 -0.005702300 0.055089266 0.750397358
3026.495218144 -0.031267610 6.183072501 1.342816983 -0.676957625 -0.016007921 0.051847118 0.734019071
3026.619885600 -0.048052097 6.598457187 1.388985142 -0.678094640 -0.001470935 0.070097627 0.731622730
3026.812662848 -0.079041493 7.242663806 1.458044881 -0.687599460 0.009344401 0.065709716 0.723050412
3026.933083200 -0.114117897 7.683307383 1.461645394 -0.723360196 -0.008539885 0.067822601 0.687078738
3027.061104608 -0.152162699 8.136200693 1.476786202 -0.715656041 -0.008797027 0.057884347 0.695994573
3027.182424320 -0.180474109 8.576217333 1.482365099 -0.700164407 -0.004456856 0.060262224 0.711419991
3027.307558176 -0.222520746 9.050952638 1.498693536 -0.708609307 -0.012158812 0.057389582 0.703158197
3027.435715168 -0.263071152 9.544744078 1.519548972 -0.705273328 -0.016771485 0.052125808 0.706817621
3027.557494592 -0.300766182 10.034611537 1.531774300 -0.713916781 -0.015893123 0.056821914 0.697740287
3027.682498592 -0.342472349 10.540402922 1.537992052 -0.710204289 -0.020287527 0.063655999 0.700818235
3027.807565216 -0.397736853 11.056637964 1.546269475 -0.713483820 -0.022841079 0.051827192 0.698378885
3027.932660512 -0.439824533 11.571630141 1.563672513 -0.705349524 -0.021312634 0.053291787 0.706532240
3028.057568576 -0.493031225 12.107473825 1.587295130 -0.703102192 -0.022861062 0.053743563 0.708686326
3028.182760416 -0.543400345 12.643553506 1.608239966 -0.702571902 -0.021082534 0.058382183 0.708900395
3028.307323808 -0.559223998 13.136110924 1.635021987 -0.700890767 -0.022662901 0.070067055 0.709456928
3028.436305920 -0.573620070 13.592320593 1.665221232 -0.700530163 -0.031735093 0.079200718 0.708503791
3028.558048800 -0.643293331 14.137090675 1.694691543 -0.696944487 -0.026835566 0.078710603 0.712287074
3028.684366464 -0.717191627 14.695810637 1.727449274 -0.693353720 -0.031336718 0.086234313 0.714732308
3028.807785856 -0.797730390 15.260671923 1.764993570 -0.695195784 -0.031638733 0.088933779 0.712595674
3028.932476384 -0.933118626 15.632062377 1.802189787 -0.696846266 -0.030583518 0.082168569 0.711841454
3029.057476896 -1.095075113 16.018957691 1.833207900 -0.692937734 -0.030283543 0.068639231 0.717083579
3029.182941088 -1.164726479 16.590787316 1.866288885 -0.698107022 -0.029522603 0.070208804 0.711930984
3029.307247488 -1.237895256 17.167548485 1.906134583 -0.695128312 -0.031979411 0.071170827 0.714638832
3029.432880128 -1.273391904 17.651915645 1.926162705 -0.697208491 -0.031402964 0.074137132 0.712332689
3029.558017696 -1.310416364 18.179247765 1.959734479 -0.696256530 -0.031520306 0.078672635 0.712772005
3029.682428160 -1.389404363 18.763716448 2.001834408 -0.690991696 -0.030922914 0.077774883 0.718000917
3029.807822560 -1.463563911 19.362037378 2.043505784 -0.693199221 -0.026749573 0.073103244 0.716529983
3029.932673376 -1.530443306 19.939100602 2.084908285 -0.694125964 -0.027198747 0.075716313 0.715343563
3030.057832256 -1.606185857 20.540538512 2.126740585 -0.691412811 -0.028811772 0.077140483 0.717751735
3030.182507136 -1.683329960 21.139691775 2.173852006 -0.689181428 -0.033097338 0.073470169 0.720094202
3030.312959712 -1.756413864 21.763122760 2.227627213 -0.688152756 -0.027903111 0.067204816 0.721907691
3030.432542752 -1.823252965 22.334491403 2.275548002 -0.686250984 -0.027441550 0.066737080 0.723776700
3030.557253920 -1.893880784 22.928596798 2.333144095 -0.686386397 -0.032284616 0.066130017 0.723504139
3030.684402592 -1.968821216 23.528494987 2.395492518 -0.679938165 -0.036541973 0.066976025 0.729289372
3030.807405056 -2.041263775 24.105310769 2.463256919 -0.676558507 -0.035061743 0.071055505 0.732113636
3030.932949696 -2.116755760 24.687359629 2.538221169 -0.673021640 -0.032630563 0.073311797 0.735256757
3031.058441664 -2.193656224 25.282063240 2.605588076 -0.684791365 -0.037715235 0.071104003 0.724280725
3031.183074112 -2.273760791 25.857815763 2.663321820 -0.680764366 -0.042629447 0.067199203 0.728166790
3031.314353664 -2.375431298 26.441007877 2.738210459 -0.677220659 -0.046859809 0.062106867 0.731655024
3031.440762144 -2.460758490 27.003600829 2.810120720 -0.666745215 -0.056337431 0.062257150 0.740540991
3031.564949536 -2.553848122 27.552105402 2.891284613 -0.664524185 -0.067079932 0.060231832 0.741808612
3031.690656288 -2.647229716 28.139768029 2.927450745 -0.708550341 -0.071979389 0.058095622 0.699571497
3031.814193440 -2.744081807 28.632392174 2.992233737 -0.646508193 -0.077197397 0.046648412 0.757556363
3031.939294208 -2.840862009 29.163280153 3.066546820 -0.678425375 -0.058539126 0.045404813 0.730924472
3032.064628928 -2.911792520 29.686132482 3.102285592 -0.686433383 -0.048065987 0.058423541 0.723246543
3032.192027648 -2.996318077 30.184423597 3.171844928 -0.648446107 -0.051175440 0.047063779 0.758078968
3032.314914112 -3.050799463 30.715948595 3.248976973 -0.675246464 -0.030420166 0.047379023 0.735440042
3032.438435840 -3.095293486 31.183732605 3.300679743 -0.674298353 -0.035590756 0.045886231 0.736172183
3032.563014688 -3.168702985 31.690845008 3.354003456 -0.686872861 -0.036544607 0.034230551 0.725050642
3032.693866752 -3.221532838 32.173565238 3.403178535 -0.684423173 -0.034838685 0.041074527 0.727092890
3032.813053696 -3.266574784 32.647196962 3.470492441 -0.666973771 -0.018623331 0.052123104 0.743022438
3032.937958496 -3.293981751 33.137534156 3.531236738 -0.673132894 -0.019135944 0.046536190 0.737807770
3033.063286944 -3.323011160 33.607041537 3.583302384 -0.681014208 -0.013351407 0.056313231 0.729979594
3033.188268768 -3.359835277 34.058696671 3.659446015 -0.663853683 -0.003438554 0.064398234 0.745076729
3033.313492448 -3.427919437 34.504014862 3.730443096 -0.666047758 -0.031685884 0.067282925 0.742192291
3033.437849920 -3.477571860 34.951850815 3.775216211 -0.682077960 -0.030031400 0.079208011 0.726356567
3033.563040992 -3.533542170 35.408484591 3.804814009 -0.689011922 -0.042561846 0.068511644 0.720248024
3033.688042272 -3.586909066 35.858285214 3.854649154 -0.683095377 -0.038884377 0.079581521 0.724938268
3033.813874656 -3.658300734 36.305160791 3.885210466 -0.688321108 -0.040787864 0.073100280 0.720560026
3033.938335776 -3.731614959 36.737692438 3.931848384 -0.683570310 -0.051499881 0.095434353 0.721783678
3034.126641952 -3.871347019 37.281601895 4.005426921 -0.672883293 -0.076789796 0.090888598 0.730116884
3034.250539008 -3.965362501 37.737302952 4.050778974 -0.679280685 -0.065180113 0.104479457 0.723473114
3034.377240576 -4.069407363 38.173233406 4.104480160 -0.677900585 -0.064911726 0.103963539 0.724864710
3034.499400224 -4.154430478 38.594979126 4.156572235 -0.670711397 -0.067451213 0.102309503 0.731525338
3034.629308608 -4.241270619 39.035321024 4.208859054 -0.671488210 -0.064464691 0.104740767 0.730737477
3034.748970048 -4.331820567 39.455016113 4.251689689 -0.673761360 -0.068616663 0.090508910 0.730168145
3034.876718016 -4.423042967 39.889785027 4.309579815 -0.679144830 -0.067115228 0.089889132 0.725381134
3034.999074272 -4.503930225 40.318402837 4.350886217 -0.679680934 -0.065803460 0.095685814 0.724256831
3035.126978272 -4.587785726 40.766534157 4.402401076 -0.677200353 -0.054001114 0.097720545 0.727278665
3035.259894880 -4.682935533 41.248876875 4.453741249 -0.683279820 -0.061669685 0.095018258 0.721316205
3035.383395840 -4.773361447 41.671210138 4.492251735 -0.680945924 -0.076701248 0.100016407 0.721405770
3035.571222592 -4.938170705 42.344611006 4.550041457 -0.683284342 -0.076992402 0.098350033 0.719389984
3035.699252640 -5.055768159 42.800897473 4.591955128 -0.684138254 -0.080644764 0.096538163 0.718423033
3035.835672960 -5.185875861 43.319753402 4.626425164 -0.696971959 -0.087847581 0.104231656 0.704023190
3036.019748832 -5.341371892 43.981781406 4.692347693 -0.679071024 -0.076448765 0.097285033 0.723570143
3036.147863072 -5.445975771 44.443072799 4.735223598 -0.690186001 -0.086934438 0.102815953 0.710995476
3036.269598880 -5.574097876 44.911157824 4.758544655 -0.697561040 -0.085864783 0.099377374 0.704386238
3036.398185472 -5.698614873 45.382810329 4.772796722 -0.695321577 -0.082466875 0.099907382 0.706926894
3036.519097408 -5.818474855 45.858445224 4.788675541 -0.707368330 -0.082354020 0.103030522 0.694429674
3036.648703808 -5.947697013 46.349734851 4.802612426 -0.706036202 -0.089860007 0.098312768 0.695537677
3036.769197248 -6.053794145 46.737933985 4.817138665 -0.703633167 -0.085727756 0.099796541 0.698277716
3036.897888928 -6.146780193 47.066637967 4.834924534 -0.701924298 -0.085782362 0.099847783 0.699981490
3037.019406016 -6.219200906 47.321132919 4.842977598 -0.698412829 -0.089467351 0.097470070 0.703359580
3037.149454912 -6.270547857 47.527379373 4.852661967 -0.700384918 -0.082869408 0.103791769 0.701299434
3037.269298496 -6.307541956 47.668391655 4.862299167 -0.695752155 -0.083531306 0.099642585 0.706415469
3037.397996736 -6.338757066 47.779175284 4.868274403 -0.696250105 -0.083265578 0.093841001 0.706750664
3037.529626688 -6.355091872 47.854002292 4.874569588 -0.695559347 -0.084298484 0.095502850 0.707085685
3037.657372704 -6.367647378 47.903049095 4.875682277 -0.694937444 -0.086440846 0.094626253 0.707556218
3037.778389568 -6.381584842 47.948581088 4.873832131 -0.692603561 -0.084829318 0.099607466 0.709353682
3037.970098016 -6.396822187 47.996655533 4.876031214 -0.692498813 -0.086278148 0.098111642 0.709489663
3038.224062016 -6.408723093 48.044441012 4.878778892 -0.691528214 -0.086485052 0.101472428 0.709938316
