556.579067616 0.000000000 -0.000000000 1.000000000 -0.707106781 0.000000000 0.000000000 0.707106781
556.899903744 0.017529065 0.210759807 1.016224037 -0.701158696 0.004208060 0.012306488 0.712886615
557.059140704 0.006725204 0.473831159 1.029596932 -0.694205145 -0.011450805 0.027096294 0.719175839
557.154760096 0.002854835 0.677214905 1.036673031 -0.687767375 -0.010260646 0.013301135 0.725736755
557.248832320 0.012327059 0.907376517 1.056243454 -0.696482284 -0.005530639 0.010708592 0.717472764
557.340746592 0.012534415 1.146216995 1.066357685 -0.699489342 -0.009227514 0.009699370 0.714517624
557.439769024 0.015503577 1.423972951 1.078426104 -0.701549087 -0.006002184 0.008651615 0.712543333
557.569976928 0.021043114 1.787668343 1.100475848 -0.697222425 -0.003818988 0.002043544 0.716841775
557.664867680 0.037036661 2.071369786 1.116482651 -0.700602536 0.007951519 0.006570492 0.713477182
557.759996160 0.046125205 2.366874444 1.124007902 -0.705181066 0.008431637 -0.000478464 0.708976969
557.854441056 0.052670164 2.662175722 1.138235765 -0.708804762 -0.001454658 -0.000239345 0.705403173
557.917507872 0.057214999 2.860971469 1.143665086 -0.703300394 -0.006547786 0.008678294 0.710809657
558.015049824 0.056403370 3.182356949 1.149007944 -0.709929028 -0.011565962 0.000290927 0.704178187
558.112257728 0.067588774 3.503489385 1.160573017 -0.709202426 0.001278148 -0.002508238 0.704999286
558.175234688 0.076354862 3.716199719 1.162667805 -0.708162510 0.008022297 -0.008061432 0.705957871
558.270010912 0.090171478 4.046274836 1.171360034 -0.711978174 0.013508168 -0.002381502 0.702067616
558.374240096 0.103813110 4.411032995 1.181065921 -0.710759362 0.008142511 -0.007160217 0.703351662
558.437280896 0.112746211 4.633391619 1.185920480 -0.709188720 0.008416408 -0.001659414 0.704966503
558.500048704 0.114340252 4.856355801 1.189745209 -0.710631793 -0.000894045 -0.004510640 0.703549081
558.563540416 0.118337992 5.092347272 1.195068290 -0.717043838 -0.003466979 -0.001555448 0.697017715
558.626368192 0.118806090 5.319330024 1.196540540 -0.712856564 -0.007761178 -0.002066500 0.701263869
558.689232320 0.120582365 5.555337149 1.203023565 -0.718794056 -0.011515337 -0.007265029 0.695089722
558.752937216 0.125357736 5.788444433 1.207845603 -0.707770464 -0.011255841 -0.007534540 0.706312613
558.816808160 0.133692323 6.030507541 1.210449359 -0.711537121 -0.004753601 -0.005035090 0.702614387
558.880583872 0.145829786 6.275761046 1.221655797 -0.711358764 0.002272189 -0.005396546 0.702804684
558.944227424 0.150770879 6.518730749 1.219814698 -0.709111636 -0.000848244 -0.016329674 0.704906596
559.007585824 0.167118887 6.761835099 1.231926192 -0.707895252 0.010583434 -0.006887921 0.706204545
559.072828896 0.173814191 7.008391536 1.236785535 -0.704274383 0.003495625 -0.017943766 0.709692466
559.148463040 0.201245936 7.306270133 1.246940507 -0.705682460 0.023349333 -0.002631601 0.708138510
559.218760800 0.208165221 7.576374122 1.255888174 -0.708741066 0.008423805 -0.013641888 0.705286494
559.281545376 0.226444812 7.805668573 1.277266535 -0.698079930 0.009639407 -0.006488595 0.715925549
559.347998624 0.246603246 8.060965924 1.284659523 -0.701413378 0.012085538 0.000821264 0.712651766
559.411065696 0.254084160 8.303958070 1.290195748 -0.705118328 0.005473247 -0.012098254 0.708965316
559.474153536 0.276661567 8.554226620 1.315010932 -0.699931298 0.014635714 -0.003469952 0.714051772
559.538172512 0.290044357 8.804935457 1.318756846 -0.700321073 0.009131400 -0.008157601 0.713722961
559.601657568 0.295055946 9.057049085 1.323665009 -0.706895507 -0.003295531 -0.013329377 0.707184706
559.665105056 0.301946316 9.304103014 1.338057884 -0.708606525 -0.008014087 -0.019524804 0.705288132
559.728232416 0.307595783 9.553794019 1.335954812 -0.714428605 -0.012032784 -0.022893213 0.699230206
559.791698304 0.317538674 9.810253988 1.338987292 -0.719585620 -0.018969439 -0.022762834 0.693771251
559.855008992 0.331175743 10.077019893 1.327005794 -0.737856300 -0.009281944 -0.018324363 0.674645198
559.921087936 0.329886230 10.334572205 1.328361935 -0.723056748 -0.018658521 -0.043677013 0.689153914
559.991346208 0.346389030 10.611499414 1.322546180 -0.715208405 -0.005767207 -0.036278290 0.697945243
560.056735904 0.340075718 10.873526080 1.324265673 -0.711963557 -0.032223611 -0.053181917 0.699457802
560.119623616 0.353234809 11.131190988 1.328077658 -0.714617190 -0.021327953 -0.038070132 0.698153318
560.182602912 0.360276688 11.397077565 1.326716062 -0.719560048 -0.022515102 -0.050212752 0.692246406
560.246058048 0.383408957 11.653943208 1.336589765 -0.711566995 0.003208165 -0.038943425 0.701530847
560.310760192 0.406934944 11.909695233 1.348383357 -0.703170874 0.012081765 -0.039863890 0.709799706
560.374014592 0.435633950 12.179011278 1.357649299 -0.702243752 0.019093073 -0.033510150 0.710891157
560.439069344 0.462688682 12.456119154 1.369432700 -0.710128302 0.020697737 -0.034364647 0.702928495
560.514246176 0.495590903 12.748427842 1.377983641 -0.705689164 0.024753682 -0.037732698 0.707082953
560.577861280 0.528255318 13.040420052 1.381601375 -0.716310210 0.030621155 -0.042006519 0.695842999
560.640867520 0.562387451 13.309051800 1.382609152 -0.716279966 0.036923463 -0.042052627 0.695565413
560.704507936 0.592988298 13.579693917 1.384103515 -0.723276310 0.031830893 -0.044093357 0.688414083
560.799201504 0.638073499 13.983798958 1.380300212 -0.722182338 0.029858715 -0.041979135 0.689781762
560.896814144 0.701969479 14.402342951 1.382932201 -0.716513308 0.045177356 -0.040197659 0.694947361
560.959556384 0.745548326 14.676341497 1.380843691 -0.715286841 0.053454929 -0.035991229 0.695853388
561.022184480 0.768335254 14.947044710 1.379476984 -0.715010525 0.023316902 -0.055956539 0.696480536
561.086751296 0.821312946 15.205495871 1.400931697 -0.695152477 0.045080348 -0.004496010 0.717433329
561.150334144 0.835017028 15.485798271 1.408238191 -0.701696765 0.014440998 -0.043419862 0.711004798
561.244907392 0.917816536 15.902725991 1.411446501 -0.729333261 0.067377982 0.005999124 0.680806295
561.340180736 0.958422337 16.279074612 1.438918931 -0.687545391 0.042534795 -0.025279892 0.724453624
561.402935776 0.999040017 16.535784434 1.440174422 -0.676047844 0.045929836 -0.023254564 0.735057133
561.475744000 1.052886424 16.873671339 1.429059611 -0.731553085 0.061531850 -0.009408168 0.678936964
561.578751296 1.115239649 17.305393622 1.429440548 -0.721206684 0.057744852 -0.018025540 0.690073569
561.678115232 1.166489129 17.731927180 1.428892584 -0.718109638 0.048909881 -0.025806954 0.693729322
561.774119200 1.218515203 18.150694520 1.436759600 -0.709740822 0.045444204 -0.029091366 0.702393396
561.869018976 1.270720756 18.568349378 1.448978141 -0.709077594 0.041689488 -0.032614106 0.703141005
561.963524064 1.321446103 18.993339790 1.460811476 -0.706282229 0.039297852 -0.035389518 0.705952317
562.026591296 1.356483928 19.281771465 1.463912422 -0.710004584 0.036008094 -0.037779189 0.702260380
562.121414176 1.408574953 19.716959577 1.470900555 -0.716564026 0.032745188 -0.039298631 0.695643132
562.217358944 1.464426306 20.151752689 1.481231197 -0.712956625 0.037271609 -0.036393845 0.699270452
562.311517152 1.518652068 20.585912861 1.483257492 -0.711980031 0.039374627 -0.040176563 0.699942796
562.408277952 1.579952298 21.030363616 1.495409037 -0.707407148 0.040041447 -0.041497704 0.704449963
562.471780224 1.626699232 21.325141462 1.504948032 -0.704285379 0.042727529 -0.046325924 0.707114115
562.534932480 1.674864996 21.617505718 1.517949356 -0.704791909 0.047334678 -0.049808289 0.706078556
562.597882880 1.718399551 21.911541543 1.531704448 -0.702259326 0.047909821 -0.051949226 0.708405086
562.660293824 1.766036381 22.206217632 1.543329138 -0.703569549 0.046402380 -0.055245434 0.706954490
562.724215488 1.749738875 22.437431157 1.547180359 -0.702765197 0.048026450 -0.057286934 0.707483389
562.795346752 1.805080440 22.774222850 1.564762046 -0.701232725 0.044122853 -0.058383587 0.709166550
562.856161792 1.851972674 23.059073431 1.575667885 -0.700001952 0.041720536 -0.057256250 0.710618312
562.916600608 1.894954172 23.342488527 1.594979688 -0.699517803 0.038687251 -0.051546299 0.711702971
562.974596800 1.926700965 23.614571380 1.608245431 -0.697194169 0.027437944 -0.052172985 0.714454638
563.032425792 1.958286877 23.894524428 1.624204166 -0.700990357 0.025484591 -0.048202544 0.711083377
563.089682784 1.988468524 24.159865216 1.642102355 -0.697356737 0.022767195 -0.050372491 0.714589286
563.154559552 2.027766467 24.468793124 1.655001266 -0.697257290 0.023081062 -0.051972678 0.714561667
563.213320960 2.061632647 24.749164408 1.675335026 -0.699888444 0.023188064 -0.051673011 0.712003075
563.270455872 2.094874802 25.024269217 1.688628980 -0.698899725 0.021431920 -0.052975355 0.712932998
563.329030112 2.127870268 25.296681847 1.706883549 -0.697029581 0.022066737 -0.051733724 0.714833158
563.386896320 2.161228349 25.576840122 1.718192023 -0.698859338 0.020480554 -0.054566463 0.712880547
563.444264992 2.198136387 25.847859478 1.736578735 -0.699613396 0.023294757 -0.052068424 0.712241062
563.533178304 2.254690283 26.267122806 1.764737061 -0.695618140 0.028316108 -0.053837468 0.715831774
563.590409440 2.291223573 26.537944653 1.782816246 -0.693527119 0.028437021 -0.054764341 0.717782933
563.648120416 2.328673749 26.806278498 1.799667868 -0.692863342 0.029939948 -0.054537929 0.718379846
563.707694368 2.367062943 27.078758620 1.821577126 -0.694167169 0.029655447 -0.054046773 0.717169047
563.795884704 2.427079768 27.497765459 1.848907690 -0.696738989 0.030603177 -0.053585725 0.714665514
563.853272224 2.463075153 27.770947979 1.864709325 -0.695421982 0.030804818 -0.058578719 0.715547248
563.911424096 2.510683338 28.038130141 1.882787423 -0.692667548 0.037424907 -0.062804573 0.717542075
563.968469888 2.558658865 28.312926628 1.902713315 -0.696664441 0.044838347 -0.067875281 0.712770037
564.025952128 2.605299333 28.580526175 1.920660586 -0.694948305 0.048500742 -0.069266184 0.714070534
564.088913152 2.657810198 28.871994314 1.943555293 -0.693261803 0.047057109 -0.067694784 0.715954689
564.151784160 2.710591185 29.167142229 1.959648077 -0.696663884 0.044980983 -0.067275932 0.712818415
564.215040288 2.760260941 29.457356303 1.982802260 -0.694024939 0.043151422 -0.067219904 0.715505991
564.281204992 2.815291767 29.766151485 2.000124421 -0.690441646 0.044164144 -0.066130862 0.719003874
564.345187168 2.868138130 30.065177176 2.019591074 -0.695368743 0.044999326 -0.065586845 0.714237872
564.409394304 2.915130524 30.367291136 2.038938186 -0.696408313 0.043264461 -0.063068877 0.713558663
564.472290880 2.961633565 30.659784857 2.057492310 -0.694796377 0.037688327 -0.058825332 0.715805256
564.535333984 3.004683869 30.950935591 2.080040584 -0.690427485 0.036742336 -0.059507582 0.720013011
564.598212960 3.049956304 31.241426656 2.099857558 -0.688900399 0.038133201 -0.060871183 0.721288291
564.676620096 3.111080490 31.604657714 2.134266003 -0.689151324 0.041527754 -0.059303891 0.720991642
564.738782272 3.161070907 31.892924027 2.155941189 -0.687809509 0.044423050 -0.059650096 0.722071007
564.801545088 3.211958415 32.179355599 2.183306150 -0.684044231 0.046885180 -0.058170981 0.725604167
564.865647776 3.265764916 32.472984218 2.207878163 -0.684484430 0.048398196 -0.057647201 0.725131353
564.928536128 3.320306838 32.762345233 2.234831509 -0.684840308 0.051029977 -0.054959695 0.724823514
564.990935968 3.370807428 33.048394848 2.262534550 -0.683557483 0.050442606 -0.056902881 0.725924771
565.053750336 3.424927906 33.334113990 2.291804618 -0.681808941 0.050063850 -0.056720453 0.727607703
565.117176224 3.475833546 33.619533576 2.322498380 -0.677709302 0.050081705 -0.057318128 0.731379899
565.180096192 3.528573650 33.904156087 2.353703893 -0.675860024 0.049119607 -0.057870193 0.733110860
565.244698592 3.579001535 34.198483843 2.385963576 -0.674850987 0.050481510 -0.057476922 0.733978314
565.307996544 3.632696392 34.478881794 2.421846504 -0.669664343 0.048182558 -0.058325474 0.738800547
565.370903456 3.682366343 34.754423426 2.459232277 -0.668164422 0.044479233 -0.059472103 0.740297894
565.435675904 3.734236707 35.031209002 2.495065332 -0.669814355 0.047065346 -0.054366199 0.739038497
565.498252256 3.778125629 35.312709494 2.529065126 -0.675924614 0.042088860 -0.061816275 0.733166551
565.592945696 3.847456710 35.714141266 2.574186558 -0.672580210 0.040416757 -0.055234284 0.736852442
565.687599552 3.911946726 36.071787412 2.615474433 -0.677506962 0.030780566 -0.063890387 0.732089401
565.781394208 3.972825599 36.472614563 2.660503322 -0.681084613 0.027559206 -0.062023426 0.729052354
565.911164416 4.057730609 36.979143957 2.732298081 -0.658460298 0.030439742 -0.058999620 0.749681601
566.037472928 4.120283220 37.470723979 2.774622899 -0.696940406 0.029238379 -0.051557291 0.714675474
566.100588320 4.141160637 37.750427666 2.788823208 -0.715183252 0.007346220 -0.069765368 0.695407609
566.226701856 4.225649457 38.285556461 2.797335293 -0.704297612 0.024911765 -0.068664701 0.706136982
566.299546784 4.291751093 38.603801112 2.807170704 -0.706555651 0.044576139 -0.066940467 0.703072581
566.395411840 4.393268315 39.035031163 2.808829702 -0.718789090 0.062305266 -0.090814187 0.686449621
566.464380224 4.478436578 39.342976959 2.798766178 -0.726637663 0.072436526 -0.108370115 0.674541752
566.527151296 4.569543465 39.599558724 2.813215838 -0.702928844 0.088887520 -0.117952530 0.695756602
566.592489600 4.668015691 39.835240346 2.847343441 -0.657165816 0.096549928 -0.156326335 0.731008398
566.669498112 4.677028567 39.857863236 2.855372244 -0.630771296 0.121786750 -0.188864772 0.742715058
566.742565728 4.840691783 40.150128597 2.890337379 -0.664844758 0.146476621 -0.183381732 0.709152443
566.813369888 5.009476850 40.398549444 2.933790358 -0.664536799 0.184143012 -0.178260983 0.701929637
566.883230208 5.166416499 40.651972055 2.947093837 -0.665867612 0.192840073 -0.215600536 0.687713195
566.953214720 5.340311810 40.874796998 2.983847263 -0.640771348 0.225480022 -0.229356092 0.697113063
567.024432064 5.517190948 41.106445507 3.003512798 -0.646551694 0.241363184 -0.247180930 0.680159032
567.094109600 5.702553493 41.323412803 3.028937617 -0.644139122 0.251453974 -0.274787103 0.668092612
567.163449760 5.908198708 41.511643793 3.058766417 -0.622696586 0.284842319 -0.269347167 0.677174954
567.238190944 6.112183680 41.716693915 3.087115470 -0.621678849 0.282658881 -0.288193152 0.671240697
567.308809632 6.319575646 41.899179300 3.110081644 -0.617893657 0.294500444 -0.270869440 0.676835774
567.381551456 6.515002029 42.091147446 3.142574304 -0.624720114 0.278965011 -0.283543184 0.671942382
567.457019264 6.750390419 42.292266400 3.154710052 -0.633862595 0.295695341 -0.259165603 0.666044793
567.528074272 6.946409347 42.493148271 3.171458613 -0.649858055 0.279576123 -0.258331663 0.657865071
567.600642432 7.143372870 42.681261383 3.194090519 -0.635309593 0.271514261 -0.242748468 0.680980843
567.672409600 7.336633916 42.889784873 3.202762169 -0.642092574 0.256212636 -0.250161239 0.677858072
567.744436864 7.534528289 43.084440803 3.229220109 -0.642555805 0.259634965 -0.239553852 0.679945347
567.816760448 7.725482693 43.291248696 3.250050821 -0.645031651 0.254639697 -0.233407416 0.681625830
567.890018272 7.907052302 43.501525234 3.280448220 -0.633526509 0.239615188 -0.243309204 0.694283340
567.963231296 8.100819114 43.724519812 3.292950810 -0.649629667 0.241900841 -0.242965715 0.678552091
568.038882368 8.296140375 43.929391752 3.327405045 -0.641003057 0.258156696 -0.221062607 0.688187129
568.112864704 8.469705457 44.144676006 3.353285406 -0.631876780 0.236041454 -0.237503854 0.699005069
568.189607936 8.661932751 44.357341559 3.376628553 -0.638492119 0.246775387 -0.222689159 0.694146426
568.262654816 8.851238582 44.573565472 3.408677921 -0.634586612 0.251656390 -0.223233930 0.695798466
568.336244992 9.029037247 44.788927165 3.423716924 -0.648665333 0.241514324 -0.239253516 0.680927215
568.410980736 9.217558984 44.994768320 3.444439507 -0.649237048 0.251475995 -0.224966565 0.681645893
568.489655200 9.400916901 45.218221105 3.462326667 -0.643049615 0.230354325 -0.250753330 0.685964172
568.561952960 9.583393473 45.407829434 3.496292225 -0.640265946 0.246195557 -0.221821973 0.692995150
568.639758816 9.769708699 45.634024189 3.504471495 -0.654919246 0.235910597 -0.225773988 0.681507944
568.724780736 9.959111803 45.839930196 3.542037412 -0.637087507 0.244532196 -0.217209567 0.697956674
568.808176032 10.146276376 46.077888982 3.572195661 -0.629210772 0.221135546 -0.250973518 0.701573352
568.889410688 10.364993662 46.307626665 3.581296616 -0.654364303 0.252184055 -0.219951802 0.678108963
568.970515776 10.547198511 46.517975556 3.615647448 -0.637037983 0.248369816 -0.240845965 0.688831085
569.052152160 10.744914265 46.728903389 3.632422367 -0.638302606 0.260404252 -0.225731478 0.688334736
569.116034464 10.898683727 46.905924532 3.642378691 -0.647222336 0.253927660 -0.231980129 0.680300824
569.178753632 11.063844525 47.064485914 3.663938082 -0.652405976 0.278265015 -0.199603118 0.676086991
569.242291712 11.192014004 47.228922725 3.684298479 -0.635725657 0.245387021 -0.240035789 0.691390569
569.314732224 11.381653963 47.415362672 3.698046811 -0.627678815 0.266254422 -0.212672354 0.699927394
569.380598304 11.518881855 47.613458001 3.711880313 -0.650428231 0.231023772 -0.253032133 0.677898129
569.444665824 11.679784048 47.762910233 3.745752716 -0.636398155 0.262913756 -0.213056561 0.693167113
569.511374592 11.812859084 47.944204375 3.765389104 -0.638463085 0.239340876 -0.255681081 0.685352478
569.577073952 11.970900186 48.112211947 3.784900584 -0.641428421 0.255608036 -0.249567397 0.678933153
569.640679744 12.081545992 48.255174063 3.804932573 -0.629120706 0.246258722 -0.283065214 0.680762707
569.703510368 12.204817634 48.380109524 3.822808675 -0.644489949 0.278405794 -0.257416754 0.663972540
569.766601344 12.296110317 48.477380812 3.839500284 -0.619941933 0.283827114 -0.260538322 0.683545135
569.868758304 12.427903397 48.638898989 3.833262759 -0.638725993 0.286872855 -0.262372536 0.663998285
569.934783136 12.494364396 48.722112270 3.844636150 -0.658699446 0.290545076 -0.263320324 0.642153412
570.029456064 12.566208867 48.796342582 3.850952000 -0.634006983 0.294151758 -0.277185407 0.659301250
570.124005696 12.617370363 48.856929176 3.864235723 -0.641162200 0.284497211 -0.281803523 0.654644289
570.281508352 12.674723597 48.920437069 3.863923623 -0.640337507 0.277047996 -0.284636541 0.657414880
