1934.188736768 0.000000000 -0.000000000 1.000000000 -0.707106781 0.000000000 0.000000000 0.707106781
1934.938503648 0.029082127 0.730205012 1.038320015 -0.690433318 -0.001150434 -0.000019322 0.723395127
1935.188386464 0.031174684 1.383072775 1.076417665 -0.702153315 -0.011659339 0.000196034 0.711930294
1935.438565856 0.054738541 2.082930383 1.106563674 -0.705090129 0.001787051 -0.002395788 0.709111399
1935.688333312 0.079556941 2.843741809 1.124253222 -0.706599199 -0.010446121 -0.011241404 0.707447583
1935.938431776 0.112236732 3.645394455 1.133381926 -0.708390144 0.003352793 -0.015968137 0.705632469
1936.188452192 0.166976746 4.498198203 1.157195524 -0.711290426 0.020219009 -0.025391251 0.702148422
1936.438498112 0.254010811 5.393567731 1.156962791 -0.712234274 0.015652394 -0.029102785 0.701163583
1936.688352448 0.336327925 6.307405558 1.196538576 -0.710509155 0.023693593 -0.035588398 0.702387942
1936.938333376 0.463527032 7.225126860 1.216207067 -0.701612140 0.047891125 -0.036121517 0.710029634
1937.188665184 0.591611044 8.159667933 1.252136182 -0.698521990 0.027509970 -0.037796568 0.714059976
1937.438879136 0.725211939 9.125243163 1.298181853 -0.711984829 0.032598804 -0.022169977 0.701087308
1937.688719904 0.825991311 10.079213795 1.305810537 -0.728060916 0.020908267 -0.031812294 0.684454618
1937.938727104 0.915396152 11.026758085 1.294402436 -0.714696766 0.008153478 -0.034761644 0.698522499
1938.188630752 0.977327551 12.025527982 1.310429867 -0.701654374 0.013545897 -0.040630324 0.711229094
1938.438428736 1.093585855 13.018226116 1.341638414 -0.712609374 0.031958115 -0.034339386 0.699990975
1938.688844384 1.204936929 14.036489805 1.345403454 -0.717395543 0.030127626 -0.035707374 0.695097795
1938.938638304 1.338701514 15.055777739 1.345916979 -0.708729467 0.033757211 -0.049237253 0.702949988
1939.188945344 1.512311300 16.039431533 1.379699216 -0.728650628 0.069566402 -0.022098714 0.680984893
1939.438364320 1.687523390 17.000616481 1.405041487 -0.721200638 0.067435487 -0.035375671 0.688527891
1939.688690880 1.842973894 18.005043290 1.404843541 -0.710013401 0.049296113 -0.044036030 0.701078949
1939.938450048 1.999572754 19.034049567 1.432125798 -0.707571803 0.042917786 -0.052214593 0.703401623
1940.188486400 2.151657269 20.088394670 1.457836910 -0.711676281 0.042021761 -0.052527944 0.699279528
1940.438341664 2.279707065 20.331340512 1.499414282 -0.707087082 0.038951773 -0.057226056 0.703729918
1940.688682848 2.307216823 20.582453090 1.454372160 -0.709333206 0.053738238 -0.046413971 0.701287635
1940.938432864 2.480238686 21.736904557 1.470029698 -0.702775892 0.044443589 -0.052259653 0.708095856
1941.188449792 2.482529743 22.134162528 1.515737861 -0.701793925 0.045207983 -0.057477797 0.708616842
1941.438443552 2.675654007 23.149689781 1.556270491 -0.704218206 0.043236467 -0.060220867 0.706102524
1941.688327616 2.823263976 24.207678438 1.684449214 -0.702763205 0.052708133 -0.059122375 0.707000902
1941.938482752 2.815963507 24.638882275 1.736846087 -0.706903630 0.055057349 -0.076962637 0.700951281
1942.188682080 2.659414099 24.716244187 1.857861339 -0.712549379 0.030879255 -0.154895842 0.683613291
1942.438585312 2.759057485 25.230977357 1.870956974 -0.711527394 0.030529096 -0.159198360 0.683705071
1942.688422080 2.872491460 25.408770136 2.033246144 -0.720795162 0.055847240 -0.147464576 0.674973791
1942.938403072 3.188786376 26.395640548 2.067667316 -0.724348615 0.065054337 -0.141851272 0.671539450
1943.188179328 3.277084626 26.644594378 2.076099442 -0.722235359 0.068249613 -0.132932588 0.675312523
1943.438388896 3.356932420 26.879623407 2.085580562 -0.710218299 0.054815552 -0.141344752 0.687464097
1943.688473952 3.358038801 27.110195388 2.048875301 -0.712010181 0.075431670 -0.141989155 0.683513457
1943.938506432 3.020767607 26.899435867 2.090941554 -0.712411737 0.075217133 -0.145426172 0.682395141
1944.188487584 3.003005286 26.942227111 2.199513938 -0.727302772 0.092225137 -0.155176601 0.662152116
1944.438393504 3.231510590 27.851468667 1.611488170 -0.717841199 0.146808611 -0.193380323 0.652499268
1944.689239584 3.423145880 28.906979891 1.692314531 -0.727320221 0.176166002 -0.218176186 0.626394435
1944.938498848 3.877728368 29.679154775 1.760615622 -0.681304682 0.181357144 -0.230598165 0.670639995
1945.188358528 4.207301247 30.317727002 1.872280578 -0.678004668 0.221780953 -0.259269010 0.651077921
1945.438373408 4.706977561 30.915043130 1.905891273 -0.655473562 0.255262596 -0.305110405 0.641952535
1945.688764448 5.276466907 31.413708146 1.928874356 -0.658616383 0.294855962 -0.309908411 0.619064777
1945.938650336 5.976689421 31.913896559 1.948543494 -0.642068952 0.286789124 -0.296071688 0.646406230
1946.188570016 6.641659514 32.425428921 1.972951583 -0.644821353 0.287972468 -0.303427491 0.639694487
1946.438726080 7.190367997 32.888846592 1.977529362 -0.667192306 0.266164652 -0.309149000 0.623247704
1946.688457408 7.841439895 33.435882183 1.988370120 -0.669508385 0.275847957 -0.310485862 0.615844913
1946.938798496 8.435113008 33.912885521 2.008670693 -0.651328889 0.281808358 -0.315687412 0.629838221
1947.188366016 9.091470218 34.438263374 2.013167918 -0.657528437 0.288250685 -0.324225308 0.615991759
1947.438568224 9.757264571 34.882541995 2.040045066 -0.633634807 0.309743294 -0.351205125 0.615809210
1947.688853120 10.328580345 35.199457205 2.081909251 -0.627057021 0.331857760 -0.342862794 0.615723172
1947.938425984 10.977182285 35.564376141 2.097476527 -0.621149665 0.321209395 -0.351539404 0.622428844
1948.188327808 11.595674610 35.937080162 2.125867199 -0.625309857 0.312980212 -0.369926294 0.611707043
1948.438381952 11.964873169 36.144010092 2.124317089 -0.634829521 0.338105177 -0.356002980 0.596605604
1948.688896288 12.116586484 36.227967463 2.136581080 -0.637335759 0.326046094 -0.353524264 0.602094402
1949.063461952 12.222065363 36.288329327 2.136507991 -0.633862604 0.326762944 -0.348943186 0.608015486
