4056.968451296 0.000000000 -0.000000000 1.000000000 -0.707106781 0.000000000 0.000000000 0.707106781
4057.289579136 0.015330627 0.122428758 1.006006799 -0.702302350 0.005097159 0.001105007 0.711859683
4057.457924128 0.029228032 0.363513728 1.017612450 -0.698228679 0.005635886 0.000406497 0.715852487
4057.628678016 0.045391434 0.723944939 1.034657305 -0.690153358 0.004509490 0.001450964 0.723647636
4057.730940512 0.047908474 0.979876098 1.045866489 -0.695848032 -0.003095644 0.000448216 0.718182242
4057.822533632 0.049204992 1.213815322 1.057707426 -0.699587009 -0.011779275 0.002171600 0.714447024
4058.005322752 0.052541011 1.710519624 1.083158198 -0.703767870 -0.012212439 0.000577236 0.710324791
4058.135845152 0.064803568 2.093084388 1.098428974 -0.702457845 -0.004328246 0.004702540 0.711696655
4058.216559200 0.068670953 2.336551404 1.112174853 -0.704575896 -0.002835976 -0.003316597 0.709615222
4058.343906240 0.081189890 2.710887010 1.125619887 -0.708652928 -0.008235050 -0.006929807 0.705475152
4058.481351488 0.087564683 3.126695083 1.134741854 -0.711547438 -0.019801814 -0.006430418 0.702329539
4058.563554752 0.092995581 3.393168393 1.140645136 -0.714098271 -0.016647863 -0.010874600 0.699762996
4058.692941952 0.113415758 3.807042901 1.154917181 -0.708768660 0.001003481 -0.008303785 0.705391399
4058.820261856 0.130692619 4.223950154 1.167310162 -0.709384268 0.003958093 -0.005871375 0.704786365
4058.944957184 0.146744355 4.635469197 1.171099285 -0.710865461 0.002530008 -0.003422052 0.703315139
4059.029778912 0.153913382 4.939941023 1.180491712 -0.710539285 -0.004552228 -0.008826673 0.703587444
4059.111341152 0.162744756 5.222722056 1.177182732 -0.716730952 -0.008618331 -0.003751514 0.697286450
4059.198628928 0.166704920 5.527638888 1.187604040 -0.716058088 -0.014770069 -0.011387107 0.697791511
4059.278305728 0.170993325 5.800230678 1.195235402 -0.704758872 -0.013803973 -0.015564106 0.709141834
4059.366504192 0.183755941 6.118801684 1.199093561 -0.707096208 -0.010804512 -0.011331651 0.706943993
4059.448000416 0.199318217 6.417593287 1.210702725 -0.716121262 0.001174771 -0.008251673 0.697926119
4059.538665856 0.205175738 6.743253439 1.211435040 -0.711211141 -0.003328790 -0.018827275 0.702718411
4059.623109568 0.218458011 7.048575232 1.221274381 -0.705251098 -0.000789631 -0.020420907 0.708663003
4059.706359744 0.243586417 7.347564397 1.230577649 -0.705159329 0.016638054 -0.022596677 0.708493391
4059.792581216 0.263923743 7.662561968 1.238845271 -0.710030254 0.010572659 -0.038133304 0.703058396
4059.905758368 0.306816654 8.068204465 1.264621551 -0.702502579 0.021416943 -0.025701572 0.710894416
4060.018023840 0.344407629 8.481944993 1.277961784 -0.706020895 0.021680934 -0.038652919 0.706802933
4060.103431776 0.383488866 8.774499703 1.296914640 -0.699997354 0.029739139 -0.025888436 0.713056153
4060.188497568 0.409572975 9.088414436 1.304798562 -0.704823114 0.018467220 -0.031391279 0.708447548
4060.277490240 0.435848050 9.412481796 1.317501115 -0.710519644 0.011778072 -0.043527844 0.702231044
4060.359217280 0.465802262 9.710985501 1.317823129 -0.715096027 0.014214045 -0.041733026 0.697634565
4060.449927392 0.504411443 10.050146424 1.314433860 -0.725457765 0.020012446 -0.044255357 0.686550797
4060.544723712 0.537970660 10.401808756 1.308070619 -0.722227982 0.020830826 -0.047964858 0.689675425
4060.640483872 0.587251787 10.758770944 1.314025437 -0.712382021 0.028346044 -0.039716083 0.700093558
4060.720008800 0.616899042 11.062405503 1.308825680 -0.711608966 0.019743187 -0.046556188 0.700753457
4060.805236224 0.652434038 11.385213770 1.312074578 -0.715233521 0.012921763 -0.039793207 0.697632094
4060.885569344 0.686924188 11.696351956 1.316772657 -0.715235487 0.022948872 -0.033811488 0.697687846
4060.970237952 0.721050847 12.022552752 1.321094248 -0.707815075 0.029865044 -0.038645345 0.704707340
4061.050818464 0.765425965 12.324023698 1.341360634 -0.699230553 0.040172756 -0.024248501 0.713354606
4061.129805312 0.798078098 12.628346919 1.344290905 -0.708481356 0.027339098 -0.028466548 0.704625005
4061.239531040 0.844295955 13.071636338 1.354790572 -0.716425612 0.017424995 -0.034248452 0.696604447
4061.304738752 0.879531794 13.314196625 1.360764357 -0.710480886 0.032594401 -0.014402903 0.702813682
4061.387465728 0.907607391 13.640566920 1.366414514 -0.712818839 0.019930503 -0.012313497 0.700956814
4061.458275520 0.925622267 13.918572607 1.356885908 -0.727721242 0.010146487 -0.007635332 0.685755455
4061.545415200 0.962614088 14.272258315 1.355921259 -0.729393374 0.028017237 0.009766544 0.683450770
4061.615082848 0.983521271 14.547637833 1.353865475 -0.711359132 0.026224863 -0.010530942 0.702260309
4061.709551808 1.017672734 14.887718136 1.363595775 -0.694202877 0.028340927 -0.000086179 0.719221211
4061.780479424 1.030965637 15.178301146 1.384413468 -0.694523770 0.015421606 -0.007281111 0.719267608
4061.862738176 1.050890242 15.523077745 1.383028891 -0.723283874 0.013046533 -0.015575230 0.690251865
4061.930775104 1.065062848 15.777769625 1.391795136 -0.708216727 0.013171165 -0.019942392 0.705590454
4062.034792352 1.098929228 16.182619212 1.387505028 -0.713819464 0.011218549 -0.005602727 0.700217485
4062.103368416 1.134909592 16.415277251 1.412149233 -0.680835378 0.031908574 0.018085039 0.731517575
4062.184633408 1.154504618 16.758908021 1.405547604 -0.710174576 0.024731796 0.011031788 0.703504591
4062.248816608 1.167819170 17.010555557 1.418538787 -0.722392756 0.027030522 0.010480558 0.690874963
4062.354051328 1.189940837 17.423917944 1.405613377 -0.721454715 0.023075527 0.012397433 0.691965980
4062.424075968 1.197062612 17.696169617 1.409382445 -0.719763902 0.016517643 0.004414995 0.694008358
4062.516131008 1.213237301 18.066709995 1.414422343 -0.712481844 0.016443053 0.000839636 0.701497357
4062.588492288 1.226562939 18.365581650 1.419837500 -0.707777936 0.013261232 -0.003164072 0.706303420
4062.706285536 1.254444647 18.852776987 1.432881755 -0.711552237 0.013983420 -0.012892631 0.702375724
4062.821706400 1.282760815 19.321856671 1.446987299 -0.710433063 0.012075134 -0.013958057 0.703522727
4062.941981088 1.307979363 19.843500183 1.451553752 -0.718858580 0.006469155 -0.019619046 0.694849325
4063.016664704 1.341949604 20.163125918 1.457194747 -0.715176609 0.021406174 -0.028092215 0.698050873
4063.110672032 1.393901132 20.567514524 1.455862663 -0.712067740 0.036382336 -0.044895511 0.699728700
4063.185845856 1.439712156 20.886957069 1.472931257 -0.711797065 0.041226525 -0.037468670 0.700172415
4063.260843616 1.475733315 21.204936497 1.474638860 -0.705552164 0.037801022 -0.041863806 0.706409689
4063.331515360 1.521903439 21.496815637 1.494822450 -0.703220216 0.039494026 -0.039463831 0.708776520
4063.406368032 1.551612788 21.663730840 1.495036009 -0.701331940 0.036547045 -0.037978947 0.710883551
4063.507953184 1.500848725 21.989086264 1.488703856 -0.703497531 0.036733163 -0.039708336 0.708636117
4063.583218368 1.581295514 21.915900774 1.486103876 -0.705535172 0.037555075 -0.037219684 0.706699676
4063.649194912 1.596544975 22.252453380 1.519936673 -0.705806819 0.036426452 -0.043497410 0.706128758
4063.743116640 1.643619168 22.645583407 1.515980730 -0.701017189 0.036317633 -0.042342799 0.710959224
4063.815293632 1.661888925 22.799404425 1.548170360 -0.703786127 0.035564511 -0.045469434 0.708062697
4063.888250624 1.659886051 22.992213193 1.553104628 -0.698466982 0.031150297 -0.058331140 0.712580531
4063.981374496 1.718039248 23.475075501 1.591625646 -0.700953195 0.031228683 -0.056809636 0.710254921
4064.050895296 1.771387756 23.657747580 1.607462544 -0.701948547 0.028751298 -0.055603283 0.709471546
4064.118568576 1.812945220 24.041688330 1.609804105 -0.703962420 0.028658734 -0.053439833 0.707643818
4064.194006976 1.891830454 24.223938806 1.633611186 -0.705117975 0.026841295 -0.045916053 0.707092569
4064.260550336 1.930986784 24.518541913 1.672238296 -0.704081003 0.021082404 -0.048217779 0.708167014
4064.329754784 1.958385620 24.801816565 1.695540453 -0.703684879 0.014148962 -0.057596015 0.708032554
4064.405192128 2.003653098 25.128022570 1.699833852 -0.702659096 0.019142776 -0.053960422 0.709219305
4064.482679424 2.028431774 25.294930326 1.707095167 -0.704259536 0.017152531 -0.053823961 0.707691513
4064.549053056 2.042327872 25.453079500 1.712882140 -0.704113771 0.017199224 -0.054699159 0.707768314
4064.620421056 2.062283461 25.599033922 1.718437265 -0.705684189 0.015011025 -0.058472562 0.705950037
4064.685156352 2.077250905 25.743321553 1.733716751 -0.703711690 0.020567979 -0.059971872 0.707651178
4064.762184832 1.989811119 25.842292483 1.685961768 -0.705310263 0.030995742 -0.053614227 0.706188510
4064.834427680 2.031058440 26.146293304 1.713566233 -0.706308738 0.025894878 -0.048276861 0.705780963
4064.903899904 2.055131690 26.343709993 1.728734750 -0.707120101 0.017026090 -0.058263482 0.704483244
4064.971065888 2.072635161 26.498266829 1.735033012 -0.709060020 0.019075951 -0.058838808 0.702430061
4065.039074912 1.904495711 26.246169324 1.547408956 -0.696791427 0.088024327 -0.026465338 0.711359973
4065.104238112 1.952845835 26.534270981 1.566916254 -0.694497415 0.088887220 -0.029093281 0.713390485
4065.192003168 1.969583765 26.694753260 1.570134122 -0.699893553 0.082558920 -0.033579620 0.708664553
4065.260734848 2.018810190 27.005142194 1.585189746 -0.700734865 0.082124180 -0.035318125 0.707798628
4065.330585184 2.173724627 27.139497133 1.616353261 -0.703579913 0.085372311 -0.025319110 0.705014764
4065.399810368 2.223899330 27.434988400 1.627748229 -0.705957227 0.084602823 -0.028360492 0.702611158
4065.472146016 2.317259278 27.591809051 1.670491414 -0.708951594 0.078097086 -0.026486637 0.700419118
4065.537443488 2.362879530 27.868452149 1.687272122 -0.707226663 0.078720230 -0.026311138 0.702097783
4065.609754624 2.452212796 28.062361395 1.701587806 -0.705798223 0.078296553 -0.020963863 0.703760638
4065.677021632 2.489181299 28.356847663 1.709553583 -0.704268280 0.080172873 -0.022356607 0.705038072
4065.774764960 2.574955765 28.773455634 1.717152385 -0.701394716 0.082038824 -0.020106361 0.707750533
4065.849135968 2.625154263 29.082318481 1.725109603 -0.701909422 0.083854907 -0.018054214 0.707082430
4065.920529344 2.679117600 29.386491645 1.730105332 -0.701337844 0.085139045 -0.017444020 0.707511327
4065.999911808 2.736089696 29.712392927 1.743708617 -0.702270273 0.085669418 -0.022367210 0.706382985
4066.076166464 2.798466631 30.026250731 1.747744632 -0.700555540 0.091053339 -0.018793972 0.707515379
4066.149738176 2.855974043 30.330322339 1.763356410 -0.703605752 0.086265619 -0.022305125 0.704982035
4066.226329024 2.904822551 30.640084001 1.768738366 -0.696424499 0.087556462 -0.017730119 0.712048051
4066.300407680 2.968065531 30.935857535 1.782887953 -0.693400710 0.087551931 -0.017118443 0.715008443
4066.376764416 3.011521449 31.250146689 1.795701006 -0.694655520 0.091986102 -0.018478132 0.713197606
4066.477567232 3.100357690 31.656662327 1.810766841 -0.687160197 0.087449305 -0.021101656 0.720914837
4066.548838016 3.146004078 31.937918836 1.832862516 -0.684384586 0.084784457 -0.018991877 0.723925855
4066.629550048 3.196710897 32.251996227 1.860031052 -0.693133396 0.081489313 -0.022287920 0.715841348
4066.701600896 3.243483097 32.543485557 1.869780524 -0.702133066 0.085536989 -0.017944753 0.706661564
4066.774477184 3.290775386 32.824904895 1.888936678 -0.700464578 0.079777289 -0.026658549 0.708713116
4066.847561440 3.342989338 33.062754853 1.891394460 -0.696846904 0.080454020 -0.017676367 0.712473922
4066.930924480 3.371323578 33.355783238 1.919106345 -0.699066602 0.075537176 -0.026319491 0.710568298
4067.002392800 3.410890304 33.634832284 1.928543423 -0.691871554 0.077899209 -0.031567043 0.717111559
4067.089118464 3.477028153 33.930260942 1.960972616 -0.678120091 0.083651003 -0.049412477 0.728501242
4067.165586432 3.552514260 34.219775585 1.974877877 -0.692889123 0.095247087 -0.048757304 0.713060573
4067.255020928 3.632890507 34.575636490 1.977911934 -0.721409113 0.094024051 -0.066686625 0.682847907
4067.330393664 3.710680267 34.854929081 1.973477289 -0.729692262 0.111673733 -0.070663709 0.670883611
4067.417923072 3.806856772 35.170403974 1.960812778 -0.716045624 0.120963395 -0.074907281 0.683399899
4067.497555360 3.901811593 35.438736853 1.954848556 -0.716708538 0.134276790 -0.062965911 0.681420509
4067.588355872 4.011700607 35.778364808 1.933978289 -0.729552926 0.128395105 -0.077554585 0.667272442
4067.666413696 4.150812155 36.090991918 1.901201930 -0.735722314 0.147717427 -0.103732591 0.652787705
4067.780835360 4.362289098 36.489825161 1.860678687 -0.719139874 0.187476286 -0.141728326 0.653914035
4067.853741248 4.514521858 36.716897442 1.861739410 -0.678023284 0.208971573 -0.176060608 0.682362052
4067.939316608 4.699950005 36.968795206 1.879747617 -0.639313762 0.230141992 -0.183274801 0.710438544
4068.050778688 4.946405926 37.305206636 1.901749948 -0.668482757 0.237771014 -0.158058685 0.686740999
4068.125715904 5.103831219 37.539123218 1.903465767 -0.685330866 0.243433129 -0.167168063 0.665670155
4068.204726560 5.271511278 37.782460222 1.895855812 -0.683403512 0.252152190 -0.169809409 0.663734643
4068.285676096 5.445244491 38.027669793 1.894832771 -0.674848231 0.252515420 -0.171599373 0.671840370
4068.368452672 5.614499529 38.279871184 1.889303080 -0.680581411 0.239473179 -0.177000891 0.669426788
4068.457625056 5.798560545 38.542193797 1.885736981 -0.682244470 0.229303036 -0.181530056 0.670081666
4068.550079840 6.006941622 38.804982310 1.890603372 -0.668433641 0.246425331 -0.175711672 0.679408885
4068.673125184 6.274019318 39.162065625 1.881333640 -0.676018548 0.253873093 -0.197512622 0.662975218
4068.753767584 6.453031774 39.389616155 1.889895542 -0.677489896 0.251470932 -0.192510009 0.663859705
4068.839402080 6.646963237 39.630449145 1.864886049 -0.688882803 0.257442313 -0.188262274 0.650938749
4068.921570496 6.837472516 39.850129719 1.862552477 -0.681791644 0.269211368 -0.201748234 0.649602219
4069.011979136 7.047045087 40.093018690 1.844583116 -0.673873079 0.278432601 -0.207841569 0.652052331
4069.150686624 7.356226743 40.425589526 1.836367430 -0.669478358 0.286849548 -0.199297606 0.655588689
4069.235338720 7.588208313 40.666481264 1.827924435 -0.656684989 0.296449186 -0.194028698 0.665759393
4069.360744224 7.888038049 40.996650171 1.803137974 -0.666948519 0.295469401 -0.202818042 0.653255193
4069.445168512 8.088767819 41.207391082 1.806527650 -0.666846373 0.292699184 -0.190719287 0.658231916
4069.541627488 8.309952814 41.455214344 1.793393188 -0.664249456 0.281784042 -0.199955409 0.662863673
4069.626964736 8.500376512 41.668335802 1.799191439 -0.664446711 0.285661225 -0.192495605 0.663214652
4069.745944320 8.747899581 41.967239383 1.800283656 -0.666033218 0.272537337 -0.211499417 0.661355539
4069.877070624 9.052145472 42.284432222 1.770077940 -0.673983458 0.306083511 -0.188663306 0.645341258
4069.979266592 9.264068876 42.524438512 1.760473074 -0.678467274 0.272068154 -0.203106864 0.651466560
4070.071731456 9.461941071 42.720745174 1.758829008 -0.660894239 0.275411151 -0.221391966 0.662082396
4070.197104800 9.754347110 43.003316822 1.738793948 -0.670754290 0.303998796 -0.200691285 0.646062244
4070.289487424 9.927415048 43.214390335 1.740711829 -0.663983404 0.259483005 -0.238225158 0.659578186
4070.433315648 10.241833748 43.546074942 1.716681736 -0.674484123 0.274174338 -0.217096134 0.650206788
4070.527137696 10.427281455 43.747710208 1.715380843 -0.677966278 0.281000008 -0.236941729 0.636599826
4070.624141696 10.661561452 43.983240105 1.690432152 -0.667998756 0.292212755 -0.234518578 0.642954434
4070.712195584 10.853897521 44.173918809 1.685341751 -0.667052078 0.288400240 -0.236717714 0.644850022
4070.801834112 11.061501392 44.360893486 1.674095849 -0.662746135 0.312891158 -0.233074818 0.639173539
4070.885103232 11.256704171 44.531391276 1.665268524 -0.651760113 0.316868917 -0.251969648 0.641337775
4070.973456480 11.473289197 44.703167080 1.650658646 -0.644875892 0.335176134 -0.238475361 0.644144041
4071.100128096 11.761565716 44.964492925 1.644142775 -0.648315494 0.325438296 -0.259880149 0.637369002
4071.185150208 11.954594844 45.130592102 1.626782846 -0.650749323 0.331984118 -0.251827760 0.634739823
4071.276991456 12.160895907 45.289833303 1.640949254 -0.630224374 0.335815731 -0.262395395 0.648994369
4071.366393280 12.359325618 45.453958035 1.622649933 -0.644283616 0.333398828 -0.268709763 0.633670976
4071.456676032 12.520583203 45.581444535 1.602675458 -0.658983741 0.331582752 -0.253389530 0.625769170
4071.546915040 12.645894013 45.673318741 1.607037496 -0.670995678 0.339533181 -0.231272927 0.617247805
4071.678591616 12.762599354 45.784415688 1.579503667 -0.666105121 0.318594333 -0.246960329 0.627544592
4071.812449440 12.849117755 45.847539115 1.587815006 -0.660943558 0.328054756 -0.238835081 0.631261827
4071.941091008 12.894997234 45.892651548 1.583697732 -0.661945328 0.326296703 -0.254861098 0.624823707
