2915.215830272 0.000000000 -0.000000000 1.000000000 -0.707106781 0.000000000 0.000000000 0.707106781
2915.590356896 0.001477761 0.232435315 1.011151434 -0.705160395 -0.005620305 -0.013553662 0.708895992
2915.734209184 -0.012590608 0.495710055 1.024578626 -0.700270034 -0.022851090 -0.008507524 0.713461512
2915.859336544 0.002973075 0.779829521 1.039900778 -0.699657032 -0.010731213 0.005666411 0.714375790
2915.983454464 0.011612393 1.112951777 1.044509605 -0.707877683 0.001689306 0.000380052 0.706332916
2916.108005312 0.029324926 1.467933051 1.056375834 -0.707550279 0.019842973 -0.005592502 0.706362218
2916.233240256 0.035273338 1.812869765 1.087758031 -0.696802909 0.016224565 0.011162880 0.716992231
2916.360417152 0.028746025 2.172100395 1.104462248 -0.694822800 0.007781803 -0.006916350 0.719105615
2916.483502272 0.024975802 2.538326721 1.120270403 -0.704287820 0.015992597 -0.021216641 0.709417196
2916.608979648 0.044099334 2.908950764 1.143973220 -0.698939729 0.026709099 -0.008837117 0.714627025
2916.735336480 0.063318169 3.308579987 1.164532596 -0.696388717 0.033198746 -0.002490225 0.716892180
2916.859043776 0.092637808 3.705470241 1.174087729 -0.699491089 0.036284036 -0.002394436 0.713715596
2917.048913280 0.135934337 4.343178474 1.199706880 -0.716185648 0.037637829 0.015820649 0.696714589
2917.170363104 0.137590675 4.784900968 1.192147528 -0.728282209 0.024852032 0.019923718 0.684536665
2917.299075424 0.150965912 5.208257998 1.226334310 -0.665111115 0.030291017 0.020684804 0.745843012
2917.424010880 0.175994314 5.644800298 1.293162832 -0.643694966 0.033295630 0.030377503 0.763953794
2917.551345184 0.175946066 6.113265214 1.363422274 -0.674280847 0.010607363 0.032312372 0.737691490
2917.675186048 0.158714548 6.559244926 1.417016051 -0.682194264 0.000918463 0.053569593 0.729205349
2917.861517344 0.137188778 7.240216089 1.495878673 -0.682983369 0.015827482 0.058674575 0.727901438
2917.990419808 0.111927537 7.734443813 1.504828339 -0.720237846 -0.005034720 0.055288889 0.691502158
2918.113118816 0.079505810 8.213370456 1.519030067 -0.708754673 -0.008230148 0.047284986 0.703820437
2918.237757440 0.047555805 8.707982424 1.538022709 -0.700428659 -0.006377815 0.056625163 0.711444031
2918.364034880 0.013216043 9.227197091 1.559777384 -0.704073587 -0.009547743 0.060068924 0.707517455
2918.487469664 -0.026864541 9.748398178 1.578783487 -0.700503957 -0.012608229 0.057799773 0.711192256
2918.611990080 -0.081845762 10.293828898 1.590409750 -0.721004584 -0.026804495 0.051843122 0.690468102
2918.802551264 -0.168442365 11.105419915 1.613960400 -0.711301329 -0.025884447 0.056337744 0.700147466
2918.929548512 -0.218695011 11.648596301 1.639148428 -0.702947263 -0.028458400 0.055396220 0.708510073
2919.049665472 -0.271077780 12.199794380 1.659560213 -0.701936535 -0.027906448 0.058634379 0.709273107
2919.175384832 -0.326835766 12.771248588 1.686090965 -0.700604769 -0.024880085 0.063328286 0.710298153
2919.299353632 -0.398045325 13.350153324 1.689028528 -0.699417799 -0.020868475 0.066730458 0.711284961
2919.426662432 -0.463605888 13.942182934 1.727322093 -0.697957017 -0.015850543 0.068272678 0.712701623
2919.550757664 -0.514826815 14.547028884 1.772105839 -0.690916310 -0.013578367 0.069308913 0.719476584
2919.674389792 -0.642388081 14.843484228 1.802385414 -0.695178270 -0.015162421 0.059309265 0.716226001
2919.799828096 -0.670220383 15.434293219 1.877854406 -0.693495201 -0.012019995 0.061883739 0.717697937
2919.925298304 -0.720246399 16.031684060 1.936018145 -0.693999217 -0.011860566 0.067530150 0.716703630
2920.051544832 -0.760963172 16.675550912 1.965776945 -0.696123257 -0.013843916 0.068577576 0.714505335
2920.174742688 -0.791030706 17.036605837 1.956248442 -0.694651905 -0.019717752 0.063748902 0.716244385
2920.299457344 -0.872610533 17.742481909 1.943809369 -0.692849150 -0.020295722 0.064501527 0.717905071
2920.424482816 -0.792660677 17.915814324 1.957865490 -0.695266490 -0.018703235 0.074071747 0.714680399
2920.548991392 -0.842729552 18.581211290 2.049767760 -0.691943513 -0.017788393 0.078407161 0.717460845
2920.674757248 -0.881013524 19.130935340 2.133556023 -0.693534700 -0.019386618 0.075453533 0.716198676
2920.799345504 -0.934062551 19.751533244 2.172018087 -0.693564861 -0.024963036 0.075837518 0.715956215
2920.924718976 -0.972584379 20.073119701 2.185464521 -0.693425322 -0.028485282 0.076484481 0.715891078
2921.049621536 -1.089437147 20.877725272 2.139987421 -0.678903798 -0.039014476 0.054919786 0.731130167
2921.173890208 -0.853798224 20.369580650 2.320332460 -0.671347537 -0.000426279 0.147368870 0.726343389
2921.299399200 -1.076188254 22.004927862 2.440039848 -0.692771354 -0.064304424 0.056054886 0.716094018
2921.424289376 -1.092691225 21.524065781 2.488357009 -0.667682564 -0.004624399 0.146784003 0.729817145
2921.549189440 -1.130199911 22.253991630 2.804158632 -0.630491956 0.038703362 0.229501374 0.740480292
2921.675895264 -1.176863764 22.563619807 2.877438302 -0.630901143 0.041794663 0.223056470 0.741931779
2921.799769856 -1.244740351 22.864262276 2.940695053 -0.638486318 0.035987034 0.212085992 0.738958515
2921.861597792 -0.878078397 22.465575436 2.646584791 -0.636945500 0.031526748 0.215096557 0.739621501
2921.986619776 -0.935236594 23.007730264 2.826173939 -0.638055245 0.026491044 0.214100929 0.739151217
2922.111962080 -1.068544680 23.601564167 2.968756794 -0.622637800 0.021002195 0.212930789 0.752689548
2922.236688416 -1.182897903 24.160228480 3.119943629 -0.618961421 0.012165578 0.214560486 0.755448580
2922.361593536 -1.352931829 24.800248667 3.252465280 -0.660233430 -0.005554049 0.213089979 0.720176111
2922.486976320 -1.489066166 25.376012731 3.405381022 -0.608854811 0.007670794 0.213717440 0.763912190
2922.611504704 -1.637130600 25.971516238 3.547895715 -0.661084332 0.020519773 0.210315296 0.719940220
2922.735832448 -1.762954205 26.499159165 3.671500100 -0.618767325 0.034646364 0.215190332 0.754731573
2922.860832416 -1.870311192 27.053141553 3.822040652 -0.616790563 0.042838854 0.234949594 0.750021947
2922.986923776 -1.983072276 27.596967521 3.958833075 -0.629083580 0.037837987 0.242464658 0.737585945
2923.110047328 -2.105000273 28.140193913 4.085130107 -0.630807319 0.037135282 0.237610963 0.737729034
2923.237096768 -2.226911484 28.677386653 4.203516830 -0.637027436 0.031565730 0.235064027 0.733447035
2923.360732992 -2.326665251 29.209670043 4.311116622 -0.637033302 0.039811335 0.242689167 0.730551571
2923.485288064 -2.418766140 29.743419884 4.423744314 -0.629464649 0.066313661 0.252004944 0.732031600
2923.610347872 -2.519531974 30.268062937 4.561999061 -0.631878568 0.068080917 0.254092123 0.729062176
2923.735467552 -2.648429770 30.758203207 4.699026078 -0.606139324 0.041511883 0.254242535 0.752484297
2923.865018784 -2.774208490 31.286828131 4.845357660 -0.622294392 0.006371734 0.269211084 0.735006451
2923.990379488 -2.943293884 31.777367286 4.988784741 -0.621478291 -0.014533788 0.280120324 0.731495801
2924.115007232 -3.125092892 32.253939031 5.109842261 -0.631148606 -0.030758229 0.279843656 0.722767527
2924.240845984 -3.306873234 32.718284983 5.239897416 -0.619813419 -0.023870183 0.280583067 0.732485278
2924.365915808 -3.489508721 33.154474783 5.372377134 -0.617038770 -0.027446352 0.280278096 0.734815653
2924.490824256 -3.656911669 33.594623519 5.497963638 -0.622771708 -0.031430719 0.284875020 0.728020420
2924.615829856 -3.847586227 34.048334563 5.627799086 -0.611933305 -0.029291651 0.292949776 0.734070881
2924.748790208 -4.044802613 34.514050923 5.778321813 -0.615648299 -0.029778437 0.295323753 0.729982395
2924.869466272 -4.230096230 34.940565829 5.908213319 -0.608076540 -0.033642038 0.291160999 0.737791574
2924.995412864 -4.431160021 35.393876851 6.050212080 -0.611613602 -0.039922052 0.285842492 0.736633628
2925.120007680 -4.628995436 35.829832805 6.194611646 -0.613038498 -0.047942685 0.279032214 0.737581401
2925.245223008 -4.816133179 36.281793876 6.330918188 -0.616373364 -0.046644812 0.278777120 0.734977180
2925.370390816 -5.005061065 36.734624146 6.471143159 -0.609565711 -0.040276895 0.279938542 0.740568585
2925.495772768 -5.204619988 37.206575534 6.611986930 -0.612570067 -0.037864052 0.272533337 0.740978952
2925.620359552 -5.400562300 37.674302384 6.743979188 -0.621586489 -0.043431712 0.265555870 0.735679280
2925.745842752 -5.592023757 38.149097880 6.872084478 -0.629217244 -0.037708508 0.255126366 0.733194562
2925.872837952 -5.775317878 38.629689432 6.995823004 -0.631550255 -0.027411311 0.255859613 0.731388238
2925.995953600 -5.952175293 39.096142370 7.118106039 -0.631855774 -0.030218869 0.259656234 0.729673723
2926.127389536 -6.139112512 39.577716249 7.245504441 -0.626751770 -0.027559230 0.266037832 0.731878801
2926.246581504 -6.327748651 40.058966210 7.369987011 -0.627985797 -0.032521477 0.266603797 0.730409890
2926.372624736 -6.527373217 40.539374010 7.492028457 -0.633261965 -0.046511861 0.261540364 0.726919918
2926.498558144 -6.735622148 41.045612122 7.607550733 -0.646254559 -0.040073249 0.257858345 0.717118019
2926.620811360 -6.940451951 41.540649910 7.708665448 -0.653195964 -0.034648413 0.252533623 0.712994593
2926.747080832 -7.125529536 41.987030155 7.801044702 -0.657467789 -0.032487530 0.256637402 0.707684895
2926.870684576 -7.277845623 42.355075627 7.878246871 -0.652616712 -0.034811323 0.256981576 0.711927011
2926.995633120 -7.397227721 42.647281785 7.944102439 -0.652140398 -0.043257646 0.260716760 0.710540955
2927.124813632 -7.490462182 42.885974327 7.992103178 -0.647469324 -0.039366359 0.266015543 0.713070470
2927.247100128 -7.561731917 43.060425556 8.030526576 -0.648215728 -0.037436699 0.260696867 0.714459240
2927.370621728 -7.615710469 43.197053661 8.057636618 -0.650025317 -0.034374504 0.259753366 0.713311762
2927.494872576 -7.652045025 43.291521868 8.080712619 -0.646889139 -0.032652444 0.258358733 0.716741951
2927.620028416 -7.677959700 43.361401945 8.096156242 -0.645638886 -0.030866965 0.261039849 0.716976887
2927.870928000 -7.708324049 43.438353779 8.114755443 -0.642809900 -0.031815713 0.264142496 0.718339707
2928.122625504 -7.724363263 43.475177840 8.122670360 -0.642020364 -0.034391894 0.266207058 0.718164920
