3617.910087776 0.000000000 -0.000000000 1.000000000 -0.707106781 0.000000000 0.000000000 0.707106781
3617.945423424 -0.000000000 0.000000000 1.000000000 -0.707106781 0.000000000 0.000000000 0.707106781
3617.979726976 -0.258705023 0.133155438 0.983302946 -0.706413688 0.004201576 -0.002453802 0.707782471
3618.045269984 -0.258777139 0.133447144 0.983095768 -0.706405855 0.004274995 -0.002404901 0.707790017
3618.076764448 -0.258906358 0.133454353 0.983123586 -0.706406222 0.004279367 -0.002409001 0.707789611
3618.108589216 -0.435135959 0.340255913 1.000318582 -0.705942520 0.007311254 -0.004219133 0.708218824
3618.173922848 -0.435180753 0.340631621 0.999926303 -0.705930376 0.007342981 -0.004219713 0.708230597
3618.215169088 -0.435218768 0.340555113 0.999930597 -0.705931010 0.007343278 -0.004220498 0.708229958
3618.246751392 -0.386996376 0.778965919 1.192438202 -0.707420391 0.007085324 -0.004927518 0.706740340
3618.310005440 -0.384363056 0.795561748 1.193585299 -0.706932062 0.008735628 -0.003948822 0.707216484
3618.341993376 -0.384720684 0.795081231 1.193365706 -0.706929096 0.008745643 -0.003952465 0.707219305
3618.376686880 -0.381477986 0.953937536 1.228065555 -0.706975041 0.008908586 -0.004117306 0.707170401
3618.441645024 -0.379060361 1.008306883 1.228332768 -0.705817515 0.002389967 -0.002779100 0.708384218
3618.473005952 -0.379019075 1.008327398 1.228373062 -0.705818670 0.002388465 -0.002778136 0.708383076
3618.514192224 0.180939035 1.721952438 1.439401993 -0.706752479 -0.005043102 0.002511445 0.707438473
3618.577757376 0.185059264 1.808316123 1.444160532 -0.704377918 -0.002133129 0.001976010 0.709819198
3618.641969344 0.188909411 1.914967050 1.447077688 -0.704417679 -0.001356774 0.003828438 0.709774074
3618.706644384 0.191753648 2.037466587 1.453834447 -0.702536169 -0.000490888 0.004394596 0.711634301
3618.771600960 0.195088929 2.168911929 1.458301524 -0.696984204 0.000923361 0.002314880 0.717082149
3618.834170208 0.196438699 2.306736932 1.463811436 -0.696621202 -0.001984136 -0.002815039 0.717430861
3618.897250048 0.202353019 2.452867064 1.469996838 -0.699582496 0.001861710 -0.000396295 0.714549304
3618.963462496 0.203135449 2.608916729 1.477202908 -0.700830006 -0.001937432 -0.003423206 0.713317482
3619.029245408 0.209346279 2.774422869 1.481893631 -0.705373554 -0.002534552 -0.002608706 0.708826438
3619.098742112 0.212984700 2.945585155 1.490172463 -0.706960228 -0.007783087 -0.004408119 0.707196739
3619.161871296 0.218983727 3.110615265 1.494821671 -0.704651525 -0.007189262 -0.002315806 0.709513340
3619.233192096 0.226615329 3.294865917 1.504042241 -0.703795842 -0.005688868 0.001067509 0.710378709
3619.296476544 0.228776775 3.463667549 1.507331408 -0.704051595 -0.008688337 -0.002325562 0.710091865
3619.360176064 0.232748613 3.635307449 1.516461384 -0.703000089 -0.007603278 -0.002063326 0.711146123
3619.423502656 0.238098157 3.808057370 1.522967141 -0.706172195 -0.006037976 -0.000596189 0.708014138
3619.489493824 0.241516710 3.982270873 1.523354061 -0.707035997 -0.009935216 -0.003361379 0.707099775
3619.562639712 0.243181087 4.197872407 1.532023310 -0.711246108 -0.012662322 -0.004063782 0.702817277
3619.629595808 0.246179819 4.385994301 1.536563640 -0.713549614 -0.012011335 -0.001574719 0.700499962
3619.698670144 0.244701194 4.573572443 1.537495803 -0.713159146 -0.019831367 -0.002614424 0.700716714
3619.764393184 0.246151565 4.776266912 1.540395146 -0.715066113 -0.019704289 0.000605539 0.698778812
3619.827863520 0.248584677 4.961985287 1.546126228 -0.712343535 -0.014159903 -0.000078377 0.701688093
3619.890433248 0.245790559 5.150016302 1.550075752 -0.710824506 -0.015920828 -0.010658778 0.703108413
3619.954119424 0.252600978 5.339611270 1.551592132 -0.711951624 -0.007830140 -0.002390342 0.702180789
3620.018018656 0.252986249 5.531539467 1.554326140 -0.711661092 -0.010542574 -0.006750655 0.702411399
3620.082979040 0.257940873 5.739045021 1.559139159 -0.718547195 -0.008499761 -0.009411090 0.695362577
3620.147789696 0.264689681 5.937591199 1.559645946 -0.713557315 -0.004266045 -0.010275777 0.700508506
3620.212822400 0.272671921 6.132339345 1.565439611 -0.712253147 -0.002421012 -0.014263624 0.701773569
3620.280647808 0.287092149 6.340995608 1.566423451 -0.712490947 0.004838687 -0.016119193 0.701479443
3620.344051264 0.304574376 6.557679163 1.569103336 -0.715702551 0.012176664 -0.017249158 0.698085993
3620.407276512 0.319493570 6.758438294 1.568595030 -0.713973374 0.010171342 -0.028583076 0.699515242
3620.476829568 0.341245722 6.968172233 1.567316629 -0.721119222 0.016521362 -0.031031575 0.691918458
3620.545154400 0.373760692 7.206917487 1.571969368 -0.716147863 0.027819403 -0.028919844 0.696794060
3620.577602240 0.373723749 7.206880294 1.571970480 -0.716145678 0.027809125 -0.028944272 0.696795701
3620.609323840 0.500186796 7.334772961 1.609043797 -0.716842208 0.026063721 -0.027096337 0.696221028
3620.674445728 0.527077096 7.544267424 1.602489636 -0.724016657 0.031236572 -0.024163645 0.688651055
3620.738170336 0.546818774 7.749281638 1.599492625 -0.715845012 0.024702790 -0.032459382 0.697066768
3620.801103072 0.567663880 7.962704911 1.601805612 -0.720013240 0.022532551 -0.038527072 0.692523561
3620.842051168 0.567663284 7.962705324 1.601805451 -0.720013257 0.022532534 -0.038527105 0.692523542
3620.873934592 0.733373930 8.226408179 1.711613067 -0.721732063 0.021132008 -0.037550470 0.690830102
3620.937770240 0.758479904 8.444144189 1.711196835 -0.721340163 0.021775763 -0.044974789 0.690775980
3621.010088512 0.793628993 8.680362422 1.728450154 -0.711762629 0.036464519 -0.031791345 0.700752174
3621.073247648 0.807164870 8.895513129 1.714049307 -0.708709122 0.012286649 -0.064321254 0.702455119
3621.105095168 0.807812159 8.896242409 1.714407160 -0.708723636 0.012285805 -0.064285206 0.702443790
3621.137643968 0.786314195 8.935779901 1.718380333 -0.708807635 0.012625707 -0.065649838 0.702226763
3621.200582368 0.809937639 9.143714956 1.733156273 -0.704287565 0.013650238 -0.071581309 0.706164862
3621.232415904 0.809932062 9.143713638 1.733156596 -0.704283888 0.013649671 -0.071581169 0.706168555
3621.273970816 0.778152928 9.134359921 1.724943632 -0.704288533 0.014310022 -0.072059128 0.706102236
3621.337270272 0.807366652 9.346828468 1.720373891 -0.705265441 0.015200341 -0.071033376 0.705211931
3621.370118304 0.807334333 9.346888828 1.720326690 -0.705261655 0.015197085 -0.071032973 0.705215827
3621.401648096 0.877377818 9.433032776 1.745621667 -0.705363248 0.014207349 -0.070048559 0.705233322
3621.468317344 0.912645997 9.655040979 1.749896439 -0.706744374 0.020647137 -0.065823241 0.704097569
3621.502785248 0.912643927 9.655060093 1.749899522 -0.706746982 0.020634264 -0.065816843 0.704095927
3621.534610752 0.990726639 9.669110276 1.756703775 -0.706515678 0.019013565 -0.063465827 0.704589363
3621.598816192 1.018434922 9.876284619 1.772083255 -0.704674903 0.014159106 -0.062824047 0.706601684
3621.630315488 1.018435711 9.876283697 1.772083092 -0.704670918 0.014158387 -0.062823274 0.706605741
3621.662023296 1.052203271 9.893437786 1.808413021 -0.705579285 0.013227502 -0.062885345 0.705711229
3621.724934656 1.069442542 10.116407976 1.813336737 -0.713847601 -0.002864288 -0.077067404 0.696041676
3621.756652704 1.069508363 10.116384803 1.813273579 -0.713841538 -0.002859897 -0.077058190 0.696048931
3621.789340704 1.073765672 10.141294019 1.807365270 -0.713717911 -0.002587780 -0.076965152 0.696187053
3621.852134240 1.104616424 10.364018862 1.804053969 -0.725879570 -0.000563215 -0.075556853 0.683659049
3621.883508000 1.104611636 10.364033097 1.803995513 -0.725876670 -0.000558784 -0.075555326 0.683662300
3621.916949088 1.123617890 10.542890343 1.819344109 -0.725482027 -0.000283608 -0.075826327 0.684051252
3621.979621728 1.143028549 10.767441046 1.820370932 -0.722351530 -0.005367943 -0.092775989 0.685253288
3622.016623040 1.143034276 10.767390067 1.820384903 -0.722351251 -0.005368602 -0.092775357 0.685253662
3622.048354272 1.152508518 10.791945319 1.814927149 -0.721972823 -0.005552423 -0.092511472 0.685686547
3622.128139424 1.171860621 11.077157796 1.789845591 -0.735497350 -0.041078640 -0.114549545 0.666509261
3622.162385728 1.171865841 11.077157337 1.789841268 -0.735499076 -0.041078322 -0.114549026 0.666507465
3622.194104320 1.181894909 11.069801302 1.804285199 -0.736128798 -0.041703850 -0.114230933 0.665827662
3622.259168416 1.208401315 11.302197608 1.783360072 -0.738729456 -0.050060760 -0.122174397 0.660943363
3622.290529984 1.208397282 11.302198285 1.783367912 -0.738725898 -0.050065429 -0.122178158 0.660946290
3622.322038560 1.197792916 11.416145330 1.747042250 -0.736954387 -0.048842395 -0.122747424 0.662907024
3622.384880256 1.239722387 11.637966209 1.744170271 -0.734831604 -0.027992520 -0.115080453 0.667828887
3622.416891488 1.239694194 11.637966330 1.744133575 -0.734827966 -0.027998069 -0.115094757 0.667830192
3622.449648704 1.243905521 11.667309100 1.742396126 -0.734581082 -0.028069190 -0.115186754 0.668082904
3622.525677280 1.291030771 11.933506807 1.737869698 -0.736732331 -0.017984638 -0.098568628 0.668719860
3622.557504864 1.291034292 11.933545942 1.737843495 -0.736737759 -0.017984507 -0.098565488 0.668714346
3622.589160544 1.301255298 11.941726622 1.752927979 -0.737205550 -0.018594518 -0.097794786 0.668295145
3622.665161408 1.344528330 12.219374430 1.740753943 -0.747539092 -0.010517110 -0.086442699 0.658484895
3622.696636896 1.344365103 12.217969377 1.740890192 -0.747403096 -0.010574265 -0.086389545 0.658645309
3622.732361120 1.353478276 12.227434128 1.766573698 -0.748815850 -0.010397231 -0.085183663 0.657198953
3622.795104128 1.389455539 12.452624209 1.748603593 -0.751526505 -0.006568412 -0.076817560 0.655182288
3622.858597600 1.418239277 12.680206665 1.727204820 -0.753505869 -0.013223081 -0.074186775 0.653108243
3622.921831424 1.452347955 12.913638153 1.699944937 -0.757841075 -0.007714651 -0.071739123 0.648437266
3622.985344224 1.481475477 13.147740588 1.667289880 -0.761246413 -0.009644995 -0.078474708 0.643624574
3623.057050080 1.532191827 13.415281367 1.640296190 -0.763504129 0.016824859 -0.073561976 0.641378987
3623.120973216 1.567416616 13.640134175 1.613416243 -0.751031811 0.016752617 -0.089582177 0.653946177
3623.184175136 1.612499197 13.864822582 1.603657124 -0.738072838 0.026950920 -0.075365086 0.669956892
3623.259832928 1.645902854 14.126582202 1.606220639 -0.715274069 0.005102754 -0.086897969 0.693401551
3623.323001056 1.698407724 14.365922583 1.580379576 -0.733994408 0.022760327 -0.073257413 0.674809253
3623.386632704 1.736815267 14.615437390 1.550842909 -0.761949711 0.021615958 -0.094973430 0.640269815
3623.450035296 1.773776600 14.837225684 1.542439504 -0.752941782 0.018802066 -0.102498324 0.649784001
3623.514188480 1.830722953 15.059074900 1.506172963 -0.756277788 0.037041506 -0.078368747 0.648482979
3623.580091328 1.872084206 15.294183804 1.483971879 -0.751285290 0.024676481 -0.083501021 0.654208731
3623.645072352 1.916010602 15.510071559 1.491951497 -0.723274801 0.025759461 -0.083792000 0.684973658
3623.708758080 1.957955457 15.738931833 1.465620302 -0.729645198 0.020560401 -0.097806064 0.676482911
3623.773926784 2.019268178 15.982964842 1.449051968 -0.753614818 0.039156794 -0.072273548 0.652156412
3623.838691712 2.047458039 16.211982443 1.435018011 -0.754624746 0.014468871 -0.081276063 0.650942660
3623.924707936 2.094379018 16.520303998 1.395624285 -0.750951789 0.002472716 -0.063238235 0.657317444
3623.990969120 2.120821830 16.758140828 1.376737059 -0.752742227 -0.003203861 -0.067425141 0.654845573
3624.053852576 2.145501053 16.994983552 1.355719140 -0.749085355 -0.004208688 -0.073900153 0.658325288
3624.118812576 2.171068422 17.231702609 1.340243828 -0.744635010 -0.007845161 -0.077300986 0.662934169
3624.193065856 2.204954261 17.504541910 1.319445833 -0.742494022 -0.008702849 -0.076024291 0.665467652
3624.256243488 2.230795765 17.753831751 1.301742291 -0.742313810 -0.013917028 -0.077075130 0.665459201
3624.319665280 2.255295533 17.990711828 1.287325242 -0.741109312 -0.018788051 -0.075459498 0.666865700
3624.382981120 2.276514597 18.232391373 1.267342436 -0.743321907 -0.025520377 -0.070879980 0.664678329
3624.446375712 2.293930823 18.474188717 1.251790540 -0.744114255 -0.030275932 -0.066522733 0.664042219
3624.517001120 2.311196207 18.738995708 1.222949953 -0.751816952 -0.032016954 -0.061668567 0.655700521
3624.585458176 2.325022680 19.019138378 1.198045999 -0.754921180 -0.036820669 -0.057589510 0.652243588
3624.651401984 2.338914387 19.274710642 1.170122481 -0.752212008 -0.038314705 -0.054778618 0.655521458
3624.716110208 2.353730789 19.524947754 1.144017108 -0.751180540 -0.037793612 -0.052441771 0.656924120
3624.780181472 2.362628416 19.775062482 1.124312298 -0.749792727 -0.039749384 -0.057728106 0.657950088
3624.843447680 2.375483898 20.024873672 1.098760188 -0.747802271 -0.042139584 -0.058384086 0.660005543
3624.908013248 2.387553538 20.278446781 1.081677137 -0.746374975 -0.040070841 -0.057206029 0.661850583
3624.974422496 2.395741317 20.535130949 1.059183027 -0.741286601 -0.044615476 -0.063850574 0.666653387
3625.039009088 2.413686330 20.793399195 1.043850993 -0.741750154 -0.040884921 -0.063030331 0.666455032
3625.106494208 2.432075137 21.068008963 1.023045288 -0.741495743 -0.036706825 -0.068293407 0.666462814
3625.171224448 2.452528212 21.328851507 1.008601982 -0.740152700 -0.032835971 -0.072894871 0.667669168
3625.236617792 2.478133792 21.586040109 0.990383083 -0.740956265 -0.029243539 -0.077351050 0.666442379
3625.299506784 2.505039417 21.842359050 0.976286182 -0.740025421 -0.028002845 -0.076783433 0.667594579
3625.362664608 2.526533296 22.088334569 0.964154575 -0.738294357 -0.029720049 -0.079431654 0.669125379
3625.428953152 2.547869763 22.347594330 0.946382010 -0.735289966 -0.033016518 -0.079732927 0.672235997
3625.493814368 2.569655056 22.605416573 0.938158959 -0.735568959 -0.034587253 -0.077377698 0.672127013
3625.558523904 2.589338869 22.855865725 0.921354553 -0.733701002 -0.037911806 -0.078386876 0.673870190
3625.624967136 2.610474514 23.123725747 0.910180274 -0.736887094 -0.037953122 -0.078100224 0.670415786
3625.690099776 2.628775689 23.376896339 0.898513312 -0.733663102 -0.039159868 -0.079047459 0.673762909
3625.755049152 2.646996550 23.641940899 0.884311065 -0.735052404 -0.040485019 -0.078714846 0.672207482
3625.819878944 2.668402024 23.897059005 0.874456632 -0.735633986 -0.040291030 -0.079043995 0.671543981
3625.883027872 2.684735257 24.148985681 0.860774106 -0.734083760 -0.043047956 -0.078862941 0.673088808
3625.946944224 2.702888396 24.401302036 0.849102315 -0.735213240 -0.041977439 -0.078409331 0.671975716
3626.013467296 2.724851735 24.667961930 0.832095271 -0.736206049 -0.042796883 -0.080801209 0.670552194
3626.077374560 2.744064642 24.919708623 0.823441276 -0.734703673 -0.039405751 -0.080533733 0.672437370
3626.146247392 2.768552729 25.187351016 0.810274753 -0.731847515 -0.037564817 -0.081997032 0.675473601
3626.210064192 2.787687015 25.439530172 0.799625280 -0.733719608 -0.036066190 -0.084079447 0.673264743
3626.279450752 2.814026134 25.701582352 0.791433145 -0.729875346 -0.033631355 -0.084615111 0.677488889
3626.345771872 2.837699422 25.964560894 0.782001474 -0.728268941 -0.032006104 -0.085799490 0.679145350
3626.424122240 2.867789100 26.278958136 0.772696260 -0.729114537 -0.030139715 -0.088287929 0.678003563
3626.488841472 2.894882157 26.528311389 0.764107159 -0.731070682 -0.029401763 -0.088480918 0.675901118
3626.553343392 2.919827839 26.778947511 0.754434894 -0.732153436 -0.029410503 -0.089759001 0.674558886
3626.620230688 2.944341668 27.023938991 0.746329261 -0.729808164 -0.031073996 -0.089976388 0.676992393
3626.689141216 2.975051106 27.302715573 0.738354474 -0.729344082 -0.031738795 -0.087489807 0.677787129
3626.751916736 2.997667233 27.546595791 0.726642074 -0.731688551 -0.031861897 -0.088181999 0.675159699
3626.814995168 3.021565374 27.789453948 0.717700238 -0.734089018 -0.030202131 -0.087899857 0.672662441
3626.879118304 3.042441916 28.033844300 0.708815894 -0.733227235 -0.030230397 -0.090579188 0.673245391
3626.946166016 3.067020125 28.293190812 0.699194089 -0.729927236 -0.032474560 -0.089966895 0.676799521
3627.010849792 3.092100233 28.542497028 0.687849134 -0.732133416 -0.031644266 -0.089860460 0.674466010
3627.075808928 3.115715304 28.794931271 0.678969120 -0.732162533 -0.034005077 -0.090382827 0.674249675
3627.141092160 3.140598481 29.042079105 0.671510054 -0.728676084 -0.032616851 -0.088088815 0.678386075
3627.203712032 3.165306785 29.283821707 0.659931856 -0.731930411 -0.030216806 -0.088297589 0.674958039
3627.266474656 3.188333097 29.523645778 0.652820912 -0.734663595 -0.030443718 -0.089431153 0.671821890
3627.329593920 3.212231429 29.763878023 0.643747830 -0.730949281 -0.030088363 -0.089750674 0.675834784
3627.392755552 3.237034733 30.004497735 0.635865501 -0.731041105 -0.032000931 -0.089990694 0.675615659
3627.471717504 3.266825585 30.292965273 0.628416723 -0.728299643 -0.029381200 -0.090346355 0.678641224
3627.555086528 3.301802211 30.622447020 0.621112851 -0.724991200 -0.027725228 -0.090035619 0.682284881
3627.619898176 3.329916852 30.863680376 0.619752048 -0.725994872 -0.024852104 -0.089111195 0.681449201
3627.694353344 3.362155231 31.149650565 0.612259244 -0.722119306 -0.022763661 -0.089935765 0.685519571
3627.757576256 3.393263415 31.391865491 0.608863212 -0.726196429 -0.018500840 -0.090420728 0.681263941
3627.820809536 3.423904156 31.627464065 0.606111088 -0.723389362 -0.015125888 -0.089961043 0.684387353
3627.883899648 3.453020315 31.862658117 0.605462569 -0.721107300 -0.014117633 -0.091532741 0.686605208
3627.948024544 3.486243323 32.103221257 0.600133033 -0.722911132 -0.010193846 -0.092681283 0.684620888
3628.010963744 3.517619770 32.334047520 0.600060384 -0.721960263 -0.010164713 -0.093680856 0.685488114
3628.076299264 3.551783873 32.571792857 0.601604434 -0.718638901 -0.006764619 -0.096066936 0.688682448
3628.142007680 3.590057671 32.812754277 0.598699083 -0.717493085 -0.003246970 -0.095545992 0.689973980
3628.208014880 3.624543932 33.053652247 0.603514911 -0.716670974 -0.003837312 -0.097432821 0.690561247
3628.272656288 3.659234531 33.285168903 0.604468973 -0.714481608 -0.003594310 -0.098187137 0.692721011
3628.345303840 3.700888004 33.543862395 0.610557025 -0.712036818 -0.002116056 -0.094738060 0.695718185
3628.408373440 3.733818246 33.770485284 0.612493029 -0.716224708 -0.002595780 -0.098533198 0.690873822
3628.472595648 3.764095691 33.992810716 0.619408540 -0.708369162 -0.007166124 -0.101023645 0.698538475
3628.503922976 3.764096905 33.992831567 0.619416644 -0.708370886 -0.007166637 -0.101023098 0.698536799
3628.535456352 3.726791080 33.767028683 0.578374681 -0.707828643 -0.007239363 -0.102541891 0.698864339
3628.598305696 3.758521901 33.988993764 0.576704897 -0.712118629 -0.010963402 -0.104993693 0.694077220
3628.630048896 3.758459906 33.989030676 0.576651692 -0.712117705 -0.010963213 -0.105007749 0.694076044
3628.661608928 3.567057057 33.881755570 0.619758565 -0.712743894 -0.008986345 -0.107583864 0.693066446
3628.724424704 3.608115488 34.103034606 0.620251471 -0.725208628 -0.002061228 -0.099852111 0.681247204
3628.756821280 3.607957473 34.103047910 0.620226007 -0.725189249 -0.002034123 -0.099881632 0.681263587
3628.792284736 3.294999495 33.657804936 0.563981235 -0.724775583 0.001615539 -0.104773391 0.680970103
3628.857076864 3.330730915 33.892808669 0.555574016 -0.729606076 -0.004171220 -0.111133519 0.674764341
3628.925667712 3.372586203 34.121308648 0.544733686 -0.726600391 -0.003140743 -0.108865608 0.678373265
3628.989902560 3.406616639 34.336535100 0.545376081 -0.727921098 -0.006455843 -0.109836559 0.676775537
3629.054068160 3.441809360 34.546451061 0.539821506 -0.726116637 -0.007432404 -0.109204398 0.678803203
3629.128629984 3.484753481 34.794145269 0.537113839 -0.722291186 -0.006211233 -0.110742946 0.682636699
3629.191550208 3.518215678 34.996278931 0.543236091 -0.712459653 -0.006003311 -0.113117219 0.692509710
3629.257215936 3.551892173 35.202113559 0.549153992 -0.708786728 -0.009936686 -0.120067868 0.695058518
3629.320206112 3.595660805 35.410304795 0.537215839 -0.718568586 -0.003749172 -0.114996191 0.685872443
3629.386372704 3.637861479 35.630895138 0.531599064 -0.739427500 -0.002029140 -0.121803663 0.662122891
3629.453146560 3.686634104 35.819111164 0.537122603 -0.752924601 -0.005645917 -0.133744836 0.644348498
3629.485809120 3.686633031 35.819101092 0.537126720 -0.752923847 -0.005639916 -0.133747282 0.644348924
3629.517719040 3.716997279 36.455873764 0.576836251 -0.753009874 -0.006989541 -0.132326641 0.644528460
3629.585089568 3.696874774 36.612930555 0.587740606 -0.752279005 0.007223293 -0.142780273 0.643146885
3629.617595200 3.697077306 36.613326415 0.587606801 -0.752270443 0.007214758 -0.142765710 0.643160229
3629.649035168 4.277739254 37.504678861 0.889999675 -0.754868538 -0.000802996 -0.136810054 0.641448248
3629.711936896 4.294969825 37.681187971 0.879030431 -0.755477104 0.016644098 -0.134960142 0.640908012
3629.743598336 4.293463441 37.661276113 0.876512143 -0.755469922 0.016738667 -0.135013512 0.640902774
3629.775032512 3.788273141 38.865376756 0.703740072 -0.752686658 0.022104491 -0.138237332 0.643323112
3629.839804704 3.874533791 38.985604557 0.656662719 -0.756088265 0.026607229 -0.153075019 0.635759884
3629.871695904 3.835604367 39.021378465 0.656722620 -0.756050290 0.027125309 -0.153460337 0.635690256
3629.903668512 3.705292818 40.178609960 0.562501078 -0.753718785 0.029528763 -0.154190262 0.638170360
3629.966708096 3.746484168 40.317961045 0.562376305 -0.752686772 0.032859483 -0.162152503 0.637251476
3629.998811296 3.734691813 40.322974477 0.563415591 -0.752689207 0.033023970 -0.162282667 0.637206961
3630.032388704 3.770580856 41.636810350 0.322844575 -0.748005852 0.035640017 -0.162774163 0.642434126
3630.096697056 3.859282244 41.744014562 0.351931553 -0.716280032 0.034317764 -0.184673564 0.672057201
3630.128299584 3.850949601 41.747753429 0.352324635 -0.716288542 0.034438846 -0.184752707 0.672020184
3630.159631296 4.357805569 42.016778231 0.806291732 -0.721366501 0.029624291 -0.181487179 0.667693924
3630.224143936 4.403401656 42.210775709 0.809729807 -0.713136267 0.038449992 -0.182638052 0.675723024
3630.255884512 4.398742886 42.210595120 0.810058273 -0.713142292 0.038522649 -0.182700055 0.675695765
3630.288052960 4.249302315 42.221069102 0.925092910 -0.714621639 0.039668393 -0.184190710 0.673658752
3630.351397632 4.323614630 42.388561925 0.942592101 -0.722941534 0.041864780 -0.199546034 0.660139575
3630.383002496 4.323147545 42.387790416 0.942862712 -0.722942150 0.041881226 -0.199565370 0.660132012
3630.414753376 3.981872474 41.954394359 0.826509854 -0.722690309 0.043500725 -0.200698528 0.659959473
3630.479668800 4.057067632 42.136338589 0.814929317 -0.728182302 0.050119283 -0.212464783 0.649690163
3630.512767008 4.057617395 42.136143634 0.815118020 -0.728181956 0.050121846 -0.212468741 0.649689059
3630.544803936 3.908000941 41.760013507 0.863665598 -0.729318029 0.049900920 -0.212679929 0.648361287
3630.620411968 3.997973480 41.969671174 0.850430903 -0.741215582 0.054638522 -0.207549941 0.636032323
3630.651941760 3.997800953 41.969762726 0.850483325 -0.741211240 0.054650946 -0.207573447 0.636028643
3630.683824672 3.317769704 41.523700672 0.762680476 -0.740967253 0.058695307 -0.211505225 0.634655758
3630.755958656 3.414132411 41.676656174 0.766065505 -0.748941367 0.039023165 -0.222366542 0.622990484
3630.819685376 3.502622270 41.857600899 0.751571822 -0.751034173 0.052470964 -0.213525793 0.622576264
3630.883676544 3.577947751 42.033288063 0.737311668 -0.740255505 0.043923725 -0.217181741 0.634763409
3630.947046016 3.654031982 42.215425941 0.717549304 -0.751348158 0.040459885 -0.224458184 0.619239427
3631.013520192 3.733267295 42.380085105 0.717112572 -0.731943014 0.047355888 -0.217374414 0.644022677
3631.045519616 3.733305807 42.380173019 0.717102970 -0.731944265 0.047359732 -0.217376651 0.644020218
3631.077530752 3.524094553 42.156318793 0.672132490 -0.731755986 0.048567876 -0.218456099 0.643778899
3631.140895744 3.607960230 42.319531646 0.676822200 -0.722768753 0.067764668 -0.202271839 0.657342668
3631.172227616 3.607831588 42.319555250 0.676819326 -0.722768409 0.067774220 -0.202280334 0.657339447
3631.270952704 3.607992073 42.319565415 0.676831042 -0.722770429 0.067762908 -0.202271741 0.657341037
3631.302694112 3.607961324 42.319530582 0.676822676 -0.722770222 0.067763162 -0.202271889 0.657341193
3631.334327104 3.621771291 42.547585551 0.799664552 -0.723761516 0.068430264 -0.202922478 0.655979447
3631.397595744 3.685937071 42.710401094 0.794170083 -0.711907552 0.044515637 -0.226947048 0.663099565
3631.428949088 3.685597075 42.710339889 0.794082538 -0.711897652 0.044553352 -0.226989332 0.663093187
3631.523817664 3.685950659 42.710422377 0.794170970 -0.711907494 0.044515632 -0.226946954 0.663099660
3631.557493120 3.685806063 42.710135001 0.794187439 -0.711900659 0.044546562 -0.226975239 0.663095240
3631.589315776 3.160028489 42.824428845 0.756962509 -0.711935857 0.049561572 -0.231379924 0.661176464
3631.652619200 3.237027985 42.995100860 0.754414593 -0.712669673 0.053488736 -0.242055307 0.656239378
3631.717352992 3.322986425 43.150484833 0.773688520 -0.702965075 0.069156228 -0.225305240 0.671040288
3631.780447808 3.403625013 43.322673319 0.773402519 -0.717122978 0.060899450 -0.235908896 0.652972346
3631.813518720 3.403621353 43.322679154 0.773399563 -0.717123200 0.060897740 -0.235908859 0.652972275
3631.848065568 3.553642074 43.402890365 0.925359469 -0.718475211 0.059844937 -0.235240756 0.651823398
3631.930528512 3.670176027 43.619459514 0.928162882 -0.723702528 0.078321613 -0.233221009 0.644769987
3631.993681376 3.752228366 43.778657135 0.924356759 -0.726555699 0.081843371 -0.247123642 0.635883939
3632.058223232 3.830968865 43.933479457 0.917588316 -0.711190727 0.072669145 -0.261223379 0.648605652
3632.121097184 3.921858650 44.087796460 0.921000541 -0.714539405 0.081233482 -0.248595801 0.648871858
3632.184008000 3.996472036 44.243847602 0.918880828 -0.715456367 0.061602293 -0.256519228 0.646935260
3632.215787712 3.996471476 44.243845503 0.918880996 -0.715455744 0.061600489 -0.256516441 0.646937225
3632.310840832 4.099484967 44.277880264 1.090478742 -0.698646550 0.080105756 -0.225378338 0.674300134
3632.383701664 4.179714946 44.461078900 1.085372928 -0.705768456 0.057825557 -0.272199982 0.651501543
3632.447230624 4.279244927 44.604589305 1.077604543 -0.708741539 0.089123431 -0.255002282 0.651702601
3632.479517792 4.278518051 44.609974012 1.079256509 -0.708748554 0.089129193 -0.255035163 0.651681318
3632.575884448 4.356131594 44.766422975 1.252095240 -0.710160393 0.089937209 -0.254997443 0.650046012
3632.639338016 4.450608382 44.897676510 1.256006329 -0.703888823 0.099839943 -0.238961629 0.661415036
3632.702504960 4.539765378 45.033617866 1.268798714 -0.696045850 0.105322843 -0.236577939 0.669670181
3632.767709248 4.614017756 45.183673529 1.270068614 -0.697459307 0.090275728 -0.261250408 0.661172468
3632.830722496 4.701047139 45.329791985 1.276428284 -0.698187283 0.098232066 -0.255770282 0.661412535
3632.861972416 4.701047084 45.329790749 1.276428875 -0.698187449 0.098231993 -0.255769981 0.661412487
3632.965945568 4.701047521 45.329791956 1.276428358 -0.698187245 0.098231500 -0.255770002 0.661412768
3632.997549792 4.701047115 45.329792065 1.276428339 -0.698185300 0.098233540 -0.255770809 0.661414206
3633.029302496 4.390819029 45.091693204 1.289197741 -0.699199610 0.099298213 -0.256297458 0.659978320
3633.092641728 4.476689462 45.233419983 1.284357573 -0.694780406 0.098197193 -0.259041507 0.663728104
3633.155229248 4.562049611 45.381960797 1.284402025 -0.703342665 0.099897382 -0.253817414 0.656434558
3633.222152864 4.655062386 45.524373957 1.296686529 -0.710151079 0.114142068 -0.234571822 0.653936613
3633.256855616 4.655061991 45.524375334 1.296685491 -0.710150086 0.114141276 -0.234573418 0.653937257
3633.290550912 5.244182823 45.541332348 1.566492734 -0.712683780 0.109781371 -0.231012836 0.653194420
3633.354063968 5.329820620 45.669282690 1.584042015 -0.697227572 0.122880761 -0.216380127 0.672274998
3633.385565440 5.329693746 45.669138321 1.584059065 -0.697236647 0.122894606 -0.216373530 0.672265178
3633.417861472 6.057123972 45.801717817 1.907111090 -0.699955581 0.118418785 -0.212651939 0.671430063
3633.481183904 6.133423772 45.921306922 1.915966577 -0.698595772 0.122764350 -0.194229347 0.677619231
3633.514096288 6.133500083 45.920206861 1.916959291 -0.698602651 0.122755422 -0.194229518 0.677613708
3633.546099520 6.279669797 46.608265763 1.960578828 -0.697047790 0.125731712 -0.196503057 0.678013616
3633.610450560 6.402645065 46.705080042 1.972552494 -0.727946096 0.131863495 -0.188021591 0.646029707
3633.645051168 6.402176474 46.705096490 1.973539919 -0.727963010 0.131866042 -0.188009800 0.646013559
3633.676429920 6.686178716 46.748960813 2.487875120 -0.733383079 0.130462012 -0.186249236 0.640656027
3633.740232160 6.768078881 46.896009747 2.516984795 -0.754697011 0.168852754 -0.143896276 0.617426133
3633.771673792 6.772212345 46.895246241 2.518535315 -0.754729274 0.168834820 -0.143871683 0.617397332
3633.803000160 7.081377464 46.687388620 2.549054704 -0.755707213 0.165249746 -0.141118916 0.617806265
3633.866050592 7.157439594 46.836221032 2.607298040 -0.748429329 0.141727772 -0.156866751 0.628617213
3633.898231136 7.163019741 46.834551847 2.604996590 -0.748418192 0.141670580 -0.156821847 0.628654567
3633.929718720 7.989319381 46.885952804 2.736634186 -0.750414546 0.135025406 -0.151621036 0.629012886
3634.004415840 8.128930047 47.021909664 2.722140153 -0.742701299 0.120726298 -0.183398931 0.632601592
3634.035958912 8.085856135 47.013496412 2.714782479 -0.742621427 0.121068952 -0.183593043 0.632573568
3634.068262912 8.065649004 47.936337137 3.076770841 -0.744629606 0.127033087 -0.187247062 0.627955319
3634.131036672 8.098006585 48.057927285 3.056673860 -0.728243955 0.124183412 -0.182038137 0.648923215
3634.162643840 8.122716155 48.041871367 3.053975012 -0.728275646 0.123832504 -0.181770103 0.649029833
3634.194084960 8.521739990 47.904961622 2.874539809 -0.726798324 0.119611814 -0.179054360 0.652224460
3634.261907424 8.609611604 48.009192515 2.906850405 -0.724509837 0.115206471 -0.177023047 0.656106551
3634.293809792 8.612067314 48.008975786 2.905605902 -0.724493897 0.115173374 -0.177000543 0.656136033
3634.326811072 9.417834267 48.727678703 2.915516942 -0.723478138 0.111942114 -0.175036877 0.658339151
3634.390516672 9.573427054 48.842007921 2.924642527 -0.735006124 0.134095297 -0.150561251 0.647391504
3634.422163392 9.569609309 48.841862136 2.925118568 -0.735003536 0.134143937 -0.150586429 0.647378509
3634.453636224 10.517498505 47.963290667 3.122726682 -0.739397703 0.122154833 -0.140993625 0.646908054
3634.520629120 10.629278156 48.053453426 3.161814862 -0.751863109 0.120512305 -0.148065261 0.631074740
3634.552402368 10.549522828 48.021998583 3.132630154 -0.751543108 0.121048230 -0.148498678 0.631251475
3634.585553120 10.118846552 47.754080440 3.384886945 -0.754111141 0.123699584 -0.149503939 0.627425989
3634.648836800 10.099878215 47.867231060 3.370995725 -0.768955283 0.104429922 -0.169063828 0.607634418
3634.680207968 10.124817113 47.864877327 3.375721894 -0.769049454 0.104160927 -0.168863514 0.607617110
3634.711647968 9.532741121 47.824514749 3.310839148 -0.767893583 0.109210083 -0.172793864 0.607087212
3634.774616640 9.541221822 47.856095309 3.308983479 -0.760722252 0.112120191 -0.170263431 0.616231354
3634.806787584 9.543439124 47.854391018 3.311009167 -0.760756913 0.112092079 -0.170238404 0.616200593
3634.838633984 10.564569759 48.456373429 3.272968378 -0.760622485 0.105578864 -0.165807291 0.618720035
3634.905111360 10.568818028 48.481540224 3.278049267 -0.766164115 0.105801602 -0.162805249 0.612611640
3634.936711968 10.567331209 48.477580790 3.277809594 -0.766153109 0.105818245 -0.162820199 0.612618556
3634.968200288 10.687653534 48.915115961 3.637246281 -0.769332125 0.107367138 -0.162795889 0.608356703
3635.031609504 10.692486754 48.932216134 3.633479098 -0.770616806 0.106842944 -0.167911598 0.605425486
3635.062829600 10.691988695 48.931384617 3.634335516 -0.770643338 0.106835825 -0.167913543 0.605392430
3635.095107648 10.518753222 49.729843172 3.755570945 -0.770824871 0.112745492 -0.171905089 0.602964437
3635.159206688 10.521255996 49.738129102 3.753816797 -0.770020039 0.112027171 -0.174570095 0.603360866
3635.190906464 10.522333248 49.726528778 3.752610703 -0.770027951 0.111936322 -0.174492780 0.603389993
3635.223952288 10.071171091 49.458898339 3.734193671 -0.769763439 0.114418743 -0.176337585 0.602725191
3635.287969920 10.075042040 49.462471559 3.733749678 -0.769315256 0.113736799 -0.177330970 0.603134898
3635.321953696 10.075479042 49.462394237 3.734372549 -0.769314397 0.113748512 -0.177345895 0.603129396
3635.353551520 10.721884010 48.922691460 3.994651592 -0.772988863 0.105306726 -0.170499937 0.601937274
3635.420788064 10.721861353 48.926713093 3.994074060 -0.772601274 0.104214714 -0.171965436 0.602207982
3635.455824800 10.713630892 48.923709831 3.991456544 -0.772575222 0.104272753 -0.172001050 0.602221187
3635.488046656 10.257435721 49.429238955 3.868507797 -0.770531485 0.110705841 -0.177234798 0.602173791
3635.553839296 10.258073989 49.432485675 3.870668823 -0.770459111 0.109717206 -0.178457455 0.602086231
3635.585503584 10.257788155 49.430977734 3.870630417 -0.770454092 0.109709575 -0.178448444 0.602096715
3635.680754656 10.017736979 49.241565898 3.851364140 -0.766231519 0.115444862 -0.173031889 0.607965219
3635.713230624 10.258078506 49.432479493 3.870673821 -0.770439568 0.109700642 -0.178463024 0.602112606
3635.744955488 10.258072878 49.432487856 3.870670638 -0.770463736 0.109714709 -0.178450015 0.602082973
