548.655715872 0.000000000 -0.000000000 1.000000000 -0.707106781 0.000000000 0.000000000 0.707106781
549.406981952 -0.102721237 0.893055976 1.033525595 -0.705703144 -0.017316434 0.002857893 0.708290227
549.906893728 -0.196898395 2.194563644 1.067499680 -0.690273156 -0.063855600 0.025949767 0.720258317
550.406306432 -0.297018140 3.683717775 1.116334372 -0.704496238 -0.006855076 0.039343285 0.708583209
550.906914752 -0.382541075 5.277479051 1.187097092 -0.650208890 0.000342295 0.050072641 0.758103563
551.407450208 -0.423279917 6.134993599 1.303000334 -0.684424868 -0.008292347 0.051695399 0.727201088
551.910046400 -0.508327583 7.085839575 1.333283288 -0.692476484 -0.015719533 0.041525750 0.720072793
552.409643648 -0.603793502 7.943951887 1.329923993 -0.707930446 -0.031354550 0.030574935 0.704923080
552.909600736 -0.776004099 9.944760191 1.380825616 -0.698587901 -0.033014383 0.029866078 0.714137951
553.409656832 -0.939738345 10.688760607 1.420729814 -0.694898528 -0.039342484 0.024563051 0.717610522
553.909917184 -0.945932576 10.868466157 1.577015868 -0.699706551 -0.077224883 0.011079658 0.710157941
554.409815936 -1.005863747 10.546865896 1.242427159 -0.689630331 -0.069329061 0.022851375 0.720472972
554.910948032 -1.300946366 11.737964397 2.471163589 -0.706573352 -0.075528509 0.013236165 0.703473060
555.410284800 -1.289875395 11.734720276 2.435815500 -0.706010985 -0.075618015 0.013499454 0.704022847
555.659486560 -1.297203170 11.734191201 2.441348944 -0.706113961 -0.075460537 0.013461585 0.703937189
556.159463616 -1.309998022 12.815795834 2.678395829 -0.703618225 -0.100567753 0.011260329 0.703335428
556.659666144 -1.324694733 13.774624526 2.687462611 -0.696487219 -0.110275411 0.009049253 0.708987305
557.159518912 -1.435926764 14.408267130 2.795490779 -0.716869665 -0.125682958 0.009915421 0.685713761
557.659416352 -1.701654986 15.282021346 2.914337190 -0.711721327 -0.127917387 0.016482180 0.690520263
558.159583552 -1.890720100 16.192699099 2.910538293 -0.707075122 -0.133428550 0.021637819 0.694098983
558.657625856 -2.220654264 16.598213028 2.816065332 -0.704964391 -0.122951672 0.038801100 0.697425672
559.159708512 -2.759179198 18.536327074 2.880172234 -0.703062669 -0.132734970 0.045265185 0.697162373
559.657220544 -2.414334612 18.578860615 2.963635207 -0.710599939 -0.139626694 0.043849684 0.688207322
560.159589600 -2.648880652 20.224625947 2.867133155 -0.728954715 -0.144121585 0.053223427 0.667099138
560.656477792 -3.005699747 21.685739558 2.742333823 -0.740017325 -0.129772109 0.030826090 0.659229331
561.160070016 -3.137282095 22.186696429 2.711555683 -0.730118778 -0.136301160 0.043557659 0.668170108
561.656119296 -3.170008770 22.324134077 2.703641494 -0.730216888 -0.138616624 0.047309303 0.667330920
