4086.415543584 0.000000000 -0.000000000 1.000000000 -0.707106781 0.000000000 0.000000000 0.707106781
4086.557523904 -0.000023487 0.015541395 1.003173607 -0.705977590 -0.001262316 0.007301030 0.708195413
4086.747064416 -0.039320456 0.151736371 1.011441100 -0.706789140 -0.039792944 0.029800326 0.705675261
4086.923929664 -0.084228221 0.424610936 1.008526146 -0.707891314 -0.043936387 0.010639479 0.704873239
4087.104805344 -0.088681331 0.826639465 1.008818631 -0.720596811 -0.018067992 -0.010172688 0.693044226
4087.189792992 -0.076343002 1.039075442 1.016987976 -0.712760802 -0.006051037 -0.013253571 0.701255850
4087.281088896 -0.056802099 1.260253061 1.023281065 -0.715265231 0.009810216 -0.008206752 0.698736044
4087.361646720 -0.045313835 1.480611966 1.022705499 -0.700997205 0.009239562 -0.024320060 0.712689331
4087.455168000 -0.021430986 1.740049190 1.032686456 -0.718787038 0.022774779 -0.006211321 0.694829420
4087.547014112 -0.014045840 1.972392699 1.047274342 -0.689882772 0.018927940 -0.018524922 0.723436467
4087.637222368 0.001484646 2.217468184 1.063150275 -0.685672595 0.023980398 -0.012015920 0.727415735
4087.730507200 0.004358818 2.485750746 1.061929929 -0.708531633 0.008571223 -0.014963258 0.705468326
4087.848742816 0.018708026 2.830153160 1.079892715 -0.713372372 0.013654226 -0.011679295 0.700554791
4087.924567392 0.029378006 3.049166429 1.080243056 -0.711233001 0.014891018 -0.012200348 0.702692698
4088.015577792 0.045813613 3.321429005 1.088602025 -0.707035195 0.012721422 -0.016352638 0.706874805
4088.114998560 0.077926423 3.628117126 1.099632543 -0.708225711 0.035412297 0.000506835 0.705097195
4088.210117952 0.098989975 3.910665177 1.109140772 -0.706066338 0.038076740 -0.004383378 0.707107682
4088.295136896 0.132617043 4.186369998 1.123122723 -0.699556597 0.050100963 0.013868081 0.712683757
4088.399704736 0.144085398 4.541172662 1.103825489 -0.729122216 0.019444791 -0.004522679 0.684092275
4088.473983168 0.176821488 4.789209601 1.104554246 -0.733110417 0.037342940 0.018318947 0.678836532
4088.569194432 0.195755358 5.078927409 1.125249484 -0.687857002 0.041068404 0.005610804 0.724661749
4088.648113280 0.211380098 5.329077014 1.152167741 -0.657444446 0.037769474 -0.003210396 0.752548975
4088.768891904 0.243261717 5.743039861 1.211217624 -0.664708474 0.029811928 -0.000468399 0.746507652
4088.865956064 0.267266131 6.074840631 1.253702777 -0.682867871 0.031039169 0.001687827 0.729880258
4088.961540576 0.283447195 6.386162344 1.282275646 -0.687195834 0.031555914 0.002302534 0.725782893
4089.081660256 0.313384296 6.806859533 1.331338789 -0.674925866 0.040672358 -0.003063802 0.736757387
4089.212103296 0.360080927 7.269906578 1.371055474 -0.695161993 0.043801092 0.011555666 0.717424375
4089.340196608 0.378847882 7.737752822 1.366355444 -0.728544678 0.025514098 0.019608418 0.684242057
4089.451086816 0.380535472 8.124508195 1.368015137 -0.717243007 0.016186166 0.010509389 0.696555833
4089.565239648 0.395283637 8.528816957 1.374328332 -0.708084592 0.020400967 0.017947362 0.705604636
4089.649601216 0.401569343 8.855012672 1.382630945 -0.708670516 0.014772595 0.015697541 0.705210222
4089.758266144 0.406363738 9.276397668 1.391092354 -0.707665953 0.014430362 0.015820564 0.706222608
4089.867285920 0.410682532 9.692034377 1.396128337 -0.705848965 0.013435820 0.014933922 0.708077464
4090.005445760 0.411525976 10.259549488 1.394157742 -0.727685858 0.001594628 0.008465336 0.685856463
4090.121343488 0.393597090 10.726099204 1.387865474 -0.715306841 -0.003166347 0.009601213 0.698737371
4090.216830112 0.390179782 11.126957424 1.391675144 -0.717145766 -0.000968149 0.007156483 0.696885785
4090.291157824 0.391062355 11.430949551 1.397552924 -0.713611048 0.001063825 0.012237736 0.700434421
4090.366788608 0.389353074 11.743800511 1.405854608 -0.706721441 -0.001034943 0.009819111 0.707423013
4090.440086528 0.391905435 12.063119954 1.416014325 -0.708377621 0.000408777 0.012295902 0.705726427
4090.512084704 0.390220886 12.384247104 1.423142252 -0.708067905 0.000445702 0.010356376 0.706068261
4090.586156224 0.458582353 12.542154657 1.439052021 -0.708536703 -0.000016458 0.013949293 0.705536078
4090.671464992 0.465592743 12.895657029 1.452338404 -0.708299551 0.002571821 0.014495497 0.705758466
4090.804757856 0.482220334 13.465146286 1.477941802 -0.704630216 0.005775605 0.019215315 0.709290965
4090.882795680 0.484770174 13.818067262 1.489164167 -0.703999028 0.005619784 0.022402365 0.709825275
4090.962230240 0.480166970 14.178154018 1.506211205 -0.703496087 0.005187986 0.022726824 0.710316712
4091.065120160 0.480342024 14.634967577 1.534701505 -0.700661629 0.004449306 0.025445868 0.713025941
4091.137146976 0.484632256 14.998928614 1.533810016 -0.700603979 0.003011560 0.022567185 0.713187015
4091.222127712 0.489772924 15.369454870 1.566420416 -0.704808389 0.004542764 0.025979665 0.708907297
4091.354239136 0.491619823 15.979882758 1.594754284 -0.700323711 0.001936831 0.024570517 0.713399775
4091.423946560 0.476053613 16.266117598 1.617054075 -0.700302755 0.004752368 0.026531408 0.713336912
4091.519144256 0.473191621 16.724489480 1.632228306 -0.699582904 0.002978856 0.024538620 0.714123759
4091.621144192 0.417079904 17.117308215 1.654873204 -0.700129483 0.004389279 0.030278598 0.713360111
4091.693236256 0.425928863 17.450230795 1.665969849 -0.699000351 -0.006271003 0.032477469 0.714355932
4091.769648864 0.469224109 17.524160747 1.673390625 -0.700653972 -0.007603349 0.041829190 0.712233473
4091.841750592 0.474567241 17.896449510 1.666863822 -0.699152741 -0.013080845 0.039180458 0.713778136
4091.936873152 0.467480663 18.168706618 1.674148881 -0.697249446 -0.013593244 0.038614463 0.715658688
4092.016068128 0.468998842 18.344692073 1.695162022 -0.697539261 -0.013702264 0.042224487 0.715170133
4092.121776992 0.475447539 17.614902902 1.615200759 -0.700145779 -0.012577743 0.025993613 0.713415742
4092.192053952 0.404041532 18.922244002 1.737431433 -0.695612428 -0.009901109 0.032893332 0.717595531
4092.289224704 0.475613437 18.323393846 1.666142670 -0.699928982 -0.013897149 0.024979844 0.713640174
4092.357323008 0.421313040 18.642308699 1.679550298 -0.700801497 -0.008861987 0.019122726 0.713044914
4092.425636416 0.463125142 18.939751649 1.696246163 -0.697503647 -0.014736291 0.029044380 0.715840714
4092.505522304 0.330166899 19.790164782 1.791543923 -0.694103069 -0.010469837 0.029569671 0.719191871
4092.585333120 0.433513860 19.738540390 1.750373040 -0.696382781 -0.020409252 0.030465182 0.716733115
4092.655899232 0.598688929 19.946141786 1.798449605 -0.698854142 -0.033651450 0.034178320 0.713654195
4092.728950752 0.393371799 20.422690258 1.794623212 -0.694365571 -0.026245513 0.030743934 0.718486213
4092.798105504 0.407652026 20.761959761 1.859098317 -0.694154542 -0.033508713 0.031381580 0.718360518
4092.874230912 0.359488427 21.039418256 1.839101773 -0.693313441 -0.032008308 0.027719120 0.719391125
4092.982519744 0.361167342 21.564434615 1.883561882 -0.694671582 -0.037213249 0.033732102 0.717571399
4093.053740256 0.849171312 20.883205015 1.799867283 -0.684019553 -0.076462275 -0.012945816 0.725329703
4093.124668832 0.824189887 21.221981797 1.831020003 -0.678117994 -0.077431529 -0.013405838 0.730739781
4093.195389216 0.798873408 21.546855670 1.872237174 -0.675664165 -0.075006895 -0.011408411 0.733295132
4093.263563904 0.736072570 21.898617673 1.905196064 -0.672882373 -0.067696016 -0.017483768 0.736437967
4093.339226144 0.748277630 22.225053419 1.953317672 -0.672754224 -0.072601848 -0.011883206 0.736199372
4093.418518816 0.720865006 22.592221087 1.979951159 -0.673495376 -0.075552653 -0.012421118 0.735215269
4093.492141728 0.695739971 22.923407560 2.025160137 -0.683383205 -0.075709076 -0.011319364 0.726035401
4093.569391808 0.649807992 23.277980490 2.052275016 -0.680881841 -0.079449782 -0.014146319 0.727933742
4093.645560768 0.610814998 23.611705098 2.087087364 -0.679879065 -0.079454082 -0.017450599 0.728798314
4093.734041760 0.562128252 24.005282913 2.128889043 -0.678869695 -0.085626704 -0.021619443 0.728928395
4093.812855648 0.550101526 24.343643747 2.169457753 -0.669875759 -0.093445511 -0.019033363 0.736323391
4093.896780416 0.510105811 24.720069773 2.216700350 -0.664734711 -0.099513728 -0.022358992 0.740084358
4094.014584416 0.465468816 25.195247291 2.290014245 -0.663473065 -0.102631295 -0.027596858 0.740613748
4094.101148704 0.420149726 25.614548900 2.311486103 -0.698060876 -0.106457763 -0.033603654 0.707282512
4094.182937856 0.385590869 25.959995649 2.362830872 -0.680765953 -0.098495746 -0.004189760 0.725836587
4094.325023328 0.304851433 26.549207954 2.424234262 -0.672853324 -0.097402776 0.006396654 0.733307702
4094.428154112 0.214800448 27.011340009 2.469275798 -0.675989615 -0.123235237 -0.050971155 0.724743443
4094.521426560 0.188037028 27.391828049 2.494142447 -0.692611147 -0.092133492 -0.015121440 0.715243008
4094.627742368 0.144818055 27.829939025 2.578363606 -0.651657704 -0.099689443 -0.037306440 0.751007644
4094.712589568 0.115067663 28.094456611 2.628642640 -0.654341858 -0.082701919 -0.022602689 0.751322996
4094.802763072 0.083728253 28.460703393 2.679152317 -0.668528231 -0.079248443 -0.023961889 0.739063947
4094.897638560 0.053513148 28.820815005 2.716897408 -0.666229124 -0.086246582 -0.024934997 0.740323259
4094.979824160 0.032322256 29.168457998 2.748096918 -0.678008310 -0.090855283 -0.028477579 0.728861493
4095.072888640 -0.010502207 29.532812031 2.782275265 -0.684612932 -0.095725900 -0.033422050 0.721820374
4095.159713696 -0.031374233 29.871174169 2.815187913 -0.680281036 -0.089063818 -0.036467962 0.726605420
4095.280273472 -0.048266298 30.345241482 2.867869094 -0.671451387 -0.082995023 -0.033562338 0.735621119
4095.362802240 -0.076384372 30.653797244 2.909038755 -0.659090862 -0.085029271 -0.040014218 0.746168963
4095.493008064 -0.111879025 31.084201337 2.969800644 -0.681342106 -0.082087814 -0.019991551 0.727072805
4095.577908032 -0.143832387 31.395714929 2.997830574 -0.673824224 -0.093280455 -0.026855046 0.732487869
4095.683310304 -0.180501297 31.758648859 3.038629325 -0.661866390 -0.099101462 -0.024880601 0.742625571
4095.766358944 -0.215606469 32.064838998 3.085637052 -0.663555348 -0.100964884 -0.020510488 0.740999131
4095.885868128 -0.268798269 32.478281153 3.124068846 -0.677226209 -0.097814054 -0.027369764 0.728730381
4095.998406976 -0.308236677 32.886583903 3.167923927 -0.684613230 -0.083446228 -0.035118869 0.723262136
4096.092277760 -0.331141808 33.213030096 3.190494166 -0.682397059 -0.082912335 -0.046975319 0.724743484
4096.178804896 -0.335560953 33.521960878 3.224095097 -0.678389123 -0.060439650 -0.033422316 0.731449380
4096.273103904 -0.351609999 33.848509301 3.248628861 -0.680244875 -0.067767333 -0.055834895 0.727706646
4096.357673824 -0.351250740 34.145639547 3.278608586 -0.682584384 -0.058467463 -0.046837027 0.726956950
4096.450630336 -0.367952460 34.465144953 3.304455266 -0.683071025 -0.070398606 -0.052906934 0.725023357
4096.537884704 -0.375704970 34.777820304 3.331032965 -0.682159897 -0.067061263 -0.054613757 0.726070245
4096.636503584 -0.383316999 35.124869246 3.372680999 -0.675689834 -0.057090744 -0.052641034 0.733084454
4096.759409920 -0.392109379 35.546262665 3.419925470 -0.675824374 -0.059953767 -0.038881840 0.733590597
4096.851197344 -0.407953598 35.848081360 3.456898086 -0.671591051 -0.064365929 -0.027399877 0.737612184
4096.936116160 -0.420112612 36.139419464 3.489970559 -0.672088770 -0.065003587 -0.025306757 0.737177582
4097.056757760 -0.438235697 36.545999765 3.535658982 -0.673662415 -0.061279092 -0.026582476 0.736014399
4097.153733696 -0.457837749 36.865869611 3.569732793 -0.679022897 -0.067583570 -0.016647938 0.730809970
4097.232194656 -0.489621416 37.130298373 3.594425146 -0.681629288 -0.089934675 -0.005374389 0.726129729
4097.327185312 -0.529231014 37.454609421 3.630701468 -0.677565250 -0.097575141 -0.003658737 0.728952014
4097.419969088 -0.562019413 37.764625160 3.664210217 -0.675978782 -0.090679397 -0.003825196 0.731310674
4097.566917344 -0.627485421 38.263365226 3.708166218 -0.680046721 -0.093781740 -0.005792842 0.727123020
4097.645770176 -0.654294604 38.539852254 3.739552269 -0.680826091 -0.084010927 -0.000797753 0.727610721
4097.728963488 -0.688542108 38.810603159 3.762451511 -0.678057388 -0.085080831 -0.011758450 0.729973403
4097.854837984 -0.727263696 39.243741279 3.806868596 -0.682555917 -0.081840094 0.001376495 0.726235309
4097.940026112 -0.758836439 39.509118770 3.828105621 -0.681891118 -0.091345514 0.008970799 0.725672119
4098.031703328 -0.809449723 39.827698484 3.843335969 -0.687106090 -0.106819487 0.002241577 0.718658329
4098.152511520 -0.876092296 40.259536281 3.869635239 -0.684160966 -0.115292209 -0.005325653 0.720141040
4098.284792928 -0.945607957 40.723345483 3.907902995 -0.681038131 -0.113383199 0.001146055 0.723415510
4098.368492576 -0.997787254 41.023513068 3.924246556 -0.685992986 -0.117176720 0.000028443 0.718110882
4098.444352000 -1.044514379 41.287623522 3.937486738 -0.691739726 -0.122634182 0.005258815 0.711638500
4098.540919296 -1.112090951 41.625360582 3.961017737 -0.681546150 -0.128873558 0.010883589 0.720255510
4098.618156256 -1.169926434 41.900713994 3.976047225 -0.681978354 -0.131601637 0.012090126 0.719333276
4098.709902880 -1.234703707 42.228032899 3.999032216 -0.689383647 -0.127418422 0.013641030 0.712971707
4098.791302272 -1.293422869 42.516451409 4.005513022 -0.697765287 -0.125425308 0.010362659 0.705184168
4098.878392640 -1.353838659 42.844786410 4.022094255 -0.700747204 -0.120261856 0.008428389 0.703149631
4098.974221088 -1.417301982 43.194147747 4.025327047 -0.701270129 -0.121048812 0.008054938 0.702497337
4099.102812960 -1.504534252 43.642866951 4.034034095 -0.707018269 -0.122837377 0.008472863 0.696393823
4099.234706112 -1.590633370 44.104782539 4.037777343 -0.707218303 -0.127363459 0.009223276 0.695367351
4099.308101856 -1.631395158 44.334294852 4.038287826 -0.711017910 -0.123747184 0.016684253 0.691998412
4099.407655648 -1.684192290 44.604300277 4.041755091 -0.710273549 -0.119425732 0.013820590 0.693583428
4099.484162592 -1.721186065 44.787311785 4.040436307 -0.708111503 -0.114880950 0.009096085 0.696633137
4099.635538304 -1.781804554 45.067015007 4.042636819 -0.706616254 -0.114594318 0.003121427 0.698249145
4099.746800000 -1.810018946 45.215430977 4.048380536 -0.703832019 -0.115112983 0.010932119 0.700892273
4099.918100480 -1.845214603 45.384700559 4.048471199 -0.704339293 -0.117499658 0.006146853 0.700044432
4100.162281792 -1.873348717 45.526558597 4.050141230 -0.703759084 -0.120251475 0.006256841 0.700159687
4100.419934176 -1.885951682 45.594208615 4.052569957 -0.702902035 -0.121650212 0.008477993 0.700755363
