705.159348480 0.000000000 -0.000000000 1.000000000 -0.707106781 0.000000000 0.000000000 0.707106781
705.655539424 -0.019492194 0.301252013 1.011637571 -0.704606957 -0.027025887 0.010418817 0.709006408
706.159879648 0.021052326 1.440167434 1.029349430 -0.702382272 -0.016569739 -0.014469471 0.711459924
706.655478176 0.114357442 2.826661666 1.096853354 -0.715501818 0.022132146 0.000273759 0.698260154
707.159437568 0.279471394 4.394607440 1.118973643 -0.727031220 0.063548203 0.014011736 0.683513644
707.655529856 0.402579994 5.892633332 1.236108004 -0.681692372 0.046423251 0.006930514 0.730131741
708.160044704 0.470986278 6.505363381 1.257765733 -0.673601779 0.059465168 0.003970612 0.736687702
708.659688736 0.657561130 8.173733050 1.528102465 -0.653754031 0.051162395 -0.000495761 0.754975384
709.159645152 0.653683615 8.008402556 1.500537862 -0.653862478 0.052954822 0.001608657 0.754756291
709.659566176 0.746346671 10.115521552 1.865076552 -0.648122143 0.041549837 0.018417157 0.760178997
710.159638272 0.792018716 11.237152626 2.097874901 -0.644361516 0.044370834 0.019103073 0.763193644
710.659230752 0.591395272 11.729275143 2.758374400 -0.662930261 0.026491289 -0.076633552 0.744277488
711.159645856 0.792018716 11.237152626 2.097874901 -0.644361516 0.044370834 0.019103073 0.763193644
711.409669056 0.836008770 11.047828425 2.101739823 -0.646037078 0.041804708 0.017600887 0.761957131
711.909521248 0.930790986 12.931771800 2.461966316 -0.633611437 0.045351398 0.010896554 0.772244173
712.159732000 0.925578977 12.930938554 2.464333349 -0.633695651 0.045278150 0.010513048 0.772184684
712.409593120 0.925399748 12.931098594 2.464434605 -0.633696204 0.045280814 0.010509598 0.772184122
712.909521984 0.949104104 13.171085180 2.467209324 -0.639618060 0.024137407 0.013127592 0.768201659
713.409667904 1.239146369 13.988911598 2.468825536 -0.624477196 0.001694964 -0.009269594 0.780986193
713.909751296 1.329340722 15.827123135 3.747351207 -0.634185515 -0.005986393 -0.030487138 0.772556425
714.409333472 1.371181480 16.367619476 3.888394827 -0.637357457 0.000194516 -0.011242310 0.770486239
714.910025728 1.297152373 17.999799054 4.276739819 -0.637801645 -0.021803054 0.005304961 0.769873721
715.409490880 1.148046947 19.462749635 4.619128496 -0.634850541 -0.030779932 0.036218919 0.771171561
715.909751968 1.470921783 19.569216539 4.741136347 -0.639437080 -0.043890383 0.038256105 0.766635719
716.410552384 1.303700305 21.298024079 5.136857199 -0.650752939 -0.059922354 0.037241242 0.756004639
716.909681024 1.029190057 22.980881469 5.504737807 -0.641819163 -0.055372738 0.032804560 0.764150432
717.409553344 0.810184364 24.946023586 5.804822004 -0.667528377 -0.053710092 0.030173982 0.742031416
717.909853408 0.636938138 26.327918280 6.007047533 -0.669220708 -0.037586500 0.023101271 0.741752810
718.409581760 0.576393840 26.806152992 6.077538074 -0.665187448 -0.048213221 0.029128535 0.744548637
718.910252928 0.562515437 26.933797745 6.095494618 -0.664250932 -0.049347215 0.030124008 0.745270485
