3976.370279712 0.000000000 -0.000000000 1.000000000 -0.707106781 0.000000000 0.000000000 0.707106781
3976.502711168 0.000328718 -0.000229412 0.999866504 -0.707075924 -0.000095713 0.000057107 0.707137628
3976.788179776 0.023599695 0.149317329 1.011253347 -0.698565113 0.019321630 -0.004171981 0.715273411
3976.974591872 0.048721311 0.443778850 1.021667211 -0.698012647 0.017947994 -0.009912811 0.715791834
3977.162293984 0.069049339 0.852490622 1.037540387 -0.696484491 0.011160853 -0.013709868 0.717354047
3977.333395232 0.100999851 1.273102077 1.058223901 -0.700183677 0.011309232 -0.019227610 0.713614195
3977.520356160 0.150864907 1.757971891 1.078669400 -0.703407666 0.020334223 -0.019830164 0.710218938
3977.651905344 0.184349379 2.110570054 1.096429427 -0.698135945 0.026052015 -0.009735387 0.715424851
3977.808222240 0.216026378 2.552611201 1.112106693 -0.703784144 0.022627641 -0.014210562 0.709911212
3977.891218880 0.228108588 2.788164515 1.118709442 -0.706233321 0.008181889 -0.020724101 0.707628479
3977.993247392 0.244008921 3.071541288 1.122963015 -0.708925828 0.002711600 -0.014091205 0.705137047
3978.122091328 0.260784913 3.472083541 1.133706894 -0.711759031 0.000351003 -0.014168631 0.702280719
3978.249033728 0.271752991 3.848400992 1.140433025 -0.707849366 -0.000640628 -0.005697955 0.706340143
3978.328291616 0.278915108 4.105032802 1.145349661 -0.713304512 -0.001430557 -0.004009632 0.700841315
3978.421135424 0.289342887 4.388712164 1.151058828 -0.714164755 -0.000377016 -0.005443826 0.699956374
3978.503045344 0.298863153 4.655407643 1.158300802 -0.712043973 0.000270283 -0.010310017 0.702059122
3978.597395712 0.309896832 4.952504117 1.161572705 -0.713193762 -0.000886850 -0.011501269 0.700872023
3978.686560896 0.320043126 5.246027855 1.168118252 -0.713065390 -0.000640528 -0.014504642 0.700947184
3978.772603872 0.327273908 5.526593304 1.164509491 -0.713303759 -0.007406245 -0.017475849 0.700597952
3978.854822176 0.338094317 5.805039071 1.176268793 -0.711737518 -0.008472684 -0.019540070 0.702122571
3978.960076192 0.352953217 6.113586462 1.169964418 -0.710460693 -0.001866771 -0.019203714 0.703472342
3979.043623456 0.383246041 6.448193565 1.182899773 -0.720488596 0.019342488 -0.010261145 0.693121028
3979.136892704 0.402351222 6.759620208 1.179995166 -0.714037740 0.023599324 -0.016800133 0.699507637
3979.243216928 0.427398439 7.133451723 1.190612926 -0.708183707 0.018365236 -0.025154359 0.705340920
3979.354124032 0.462820100 7.504521052 1.209497402 -0.703621729 0.020793277 -0.019251405 0.710009497
3979.453879072 0.497060899 7.853409429 1.217737151 -0.702480602 0.023495578 -0.013838370 0.711180330
3979.546865376 0.526229451 8.164971589 1.234054899 -0.703605837 0.023342260 -0.024851141 0.709772066
3979.629997280 0.562607324 8.457003083 1.244627258 -0.701580669 0.034568893 -0.021875120 0.711414813
3979.754771008 0.608129839 8.886313553 1.265148459 -0.694364989 0.030390433 -0.020211377 0.718696865
3979.833003840 0.631016108 9.163504386 1.275073225 -0.713814144 0.020967930 -0.016048005 0.699837249
3979.929447616 0.653281682 9.479437926 1.285542262 -0.714456480 0.011643496 -0.019829266 0.699301914
3980.010250240 0.677337525 9.774256388 1.283763599 -0.718271572 0.017182213 -0.020016698 0.695262578
3980.105424416 0.700404082 10.099339993 1.278060318 -0.729724871 0.014126528 -0.029538736 0.682956453
3980.189101920 0.725487183 10.396397458 1.273366629 -0.717471651 0.014437017 -0.034244291 0.695595667
3980.289452704 0.756174992 10.737779808 1.270416535 -0.714217589 0.017235170 -0.032282686 0.698966389
3980.371413152 0.774346892 11.030516944 1.266513204 -0.713104814 0.006197679 -0.040300847 0.699870670
3980.491122976 0.815675639 11.465487450 1.263846438 -0.721472363 -0.004009926 -0.023879057 0.692019755
3980.570161984 0.841701978 11.749414641 1.271301631 -0.712858200 0.004857316 -0.030601684 0.700623386
3980.661920864 0.874616463 12.074636280 1.275051587 -0.705291033 0.018130500 -0.044466956 0.707289568
3980.742205088 0.914813488 12.366723185 1.295142407 -0.700293457 0.034815886 -0.029537758 0.712393465
3980.845014176 0.945372820 12.730940755 1.296782201 -0.707038853 0.023474104 -0.040098573 0.705646605
3980.943861024 0.984441926 13.116533935 1.302946967 -0.717218909 0.024419215 -0.047257001 0.694814734
3981.019065632 1.025261464 13.380970348 1.302033646 -0.716455187 0.034682149 -0.034451611 0.695918242
3981.114979744 1.067048650 13.715703811 1.301352153 -0.720913385 0.028065660 -0.038714743 0.691373545
3981.197892672 1.103255446 14.009769064 1.300204691 -0.717774142 0.034086483 -0.034715349 0.694574141
3981.297103456 1.161511955 14.398783300 1.296658474 -0.724437362 0.053201499 -0.038334043 0.686214697
3981.386386080 1.209998145 14.726146910 1.299548058 -0.714774688 0.054634036 -0.043714804 0.695845732
3981.462399744 1.247364690 14.984876184 1.312133395 -0.691071793 0.043553458 -0.041978533 0.720250426
3981.542002688 1.295369037 15.286058805 1.312770676 -0.708820557 0.044814542 -0.030866730 0.703286798
3981.643876160 1.336136374 15.674776377 1.317479334 -0.722484390 0.031612968 -0.066545991 0.687450767
3981.741570464 1.417985087 16.015906802 1.315506521 -0.725368604 0.070578583 -0.019389652 0.684458248
3981.815468992 1.450276266 16.256910742 1.324513214 -0.696880013 0.057213698 -0.041490332 0.713696989
3981.893414336 1.513049717 16.524722925 1.344020548 -0.684672282 0.077073768 -0.026156037 0.724292318
3981.998111168 1.572522289 16.915804890 1.342085960 -0.720037027 0.067384770 -0.012411139 0.690544667
3982.071660544 1.590462824 17.173394948 1.347545724 -0.721857902 0.044611234 -0.018069536 0.690365482
3982.150062656 1.628456184 17.457770742 1.336337836 -0.717922359 0.044299733 -0.008227651 0.694663463
3982.233736640 1.653613072 17.756036477 1.338232550 -0.719504983 0.038778615 -0.023258084 0.693013607
3982.313838304 1.682948170 18.059004559 1.342598065 -0.713359375 0.035058046 -0.026419060 0.699422168
3982.418673888 1.722866815 18.447249805 1.350962350 -0.708000903 0.029690681 -0.028199903 0.705023368
3982.495374144 1.750537861 18.739660402 1.361226844 -0.708246068 0.028846264 -0.029570632 0.704755971
3982.632089088 1.806154637 19.267027956 1.375639819 -0.709838071 0.026497015 -0.032459372 0.703117494
3982.767742144 1.858765600 19.801257104 1.381016818 -0.715846691 0.023468891 -0.033970404 0.697035679
3982.865053056 1.895730464 20.143822574 1.387276326 -0.715286664 0.026307923 -0.031466298 0.697626515
3982.974604480 1.949114570 20.628974599 1.394146598 -0.713287558 0.029184801 -0.033785699 0.699448092
3983.054974976 1.987351069 20.950455121 1.400665215 -0.712065229 0.033208292 -0.034762380 0.700465485
3983.132859360 2.025999366 21.260590303 1.410782688 -0.708106896 0.034728721 -0.035861495 0.704338337
3983.213473920 2.063060744 21.569839833 1.420136610 -0.703944945 0.036375073 -0.037570078 0.708326802
3983.284307296 2.103435237 21.865720411 1.433930678 -0.702729816 0.036212121 -0.041902470 0.709298013
3983.361547392 2.157116288 22.178967165 1.445422287 -0.701617610 0.045962784 -0.048578564 0.709408398
3983.431539072 2.207186124 22.462295506 1.458311220 -0.706272925 0.049792508 -0.056177716 0.703948383
3983.510522688 2.199712516 22.701712583 1.469326641 -0.702998474 0.049411701 -0.057480718 0.707140436
3983.581881344 2.247005033 22.991203000 1.485860269 -0.701309923 0.044821693 -0.059403032 0.708961696
3983.657289952 2.298211337 23.292519523 1.498459147 -0.700239397 0.043702858 -0.058090891 0.710197364
3983.751685024 2.357119271 23.666740656 1.519162485 -0.698163909 0.038917139 -0.064368874 0.711975604
3983.818857312 2.403544264 23.950570529 1.532400719 -0.699124146 0.039953670 -0.061925759 0.711192191
3983.890959904 2.446455044 24.238639306 1.548020398 -0.696131598 0.036933663 -0.066767467 0.713847889
3983.970939424 2.498579144 24.556974278 1.565737249 -0.696640814 0.036697062 -0.065401198 0.713489723
3984.044950144 2.546337037 24.852629337 1.582019566 -0.698127607 0.036469450 -0.067273965 0.711872206
3984.122520928 2.593732425 25.163160047 1.601210811 -0.699641080 0.034938797 -0.067050704 0.710482823
3984.219649504 2.660302955 25.554983261 1.622308603 -0.699497979 0.035097409 -0.066990329 0.710621590
3984.295835584 2.708617459 25.863077275 1.641627406 -0.700368836 0.036509412 -0.066562139 0.709732371
3984.369728992 2.755118987 26.151206145 1.659006053 -0.695609855 0.037683671 -0.065437064 0.714440244
3984.443939200 2.803785014 26.453014873 1.680319381 -0.692105734 0.038037550 -0.066263281 0.717740883
3984.512518880 2.850038718 26.722544002 1.697746795 -0.692992215 0.038760027 -0.065172469 0.716946302
3984.588540992 2.897005175 27.025554445 1.718802283 -0.694162696 0.039303689 -0.066533548 0.715658199
3984.658275232 2.944100926 27.302542892 1.737632841 -0.694595470 0.040461512 -0.066351640 0.715190506
3984.755751584 3.010846083 27.691863475 1.763826265 -0.695274793 0.040498997 -0.068071780 0.714366171
3984.854383072 3.074283043 28.082223293 1.789849373 -0.692859210 0.038514434 -0.066747533 0.716943178
3984.955452608 3.140646361 28.487244277 1.814310700 -0.696180689 0.038114684 -0.066693108 0.713744877
3985.020610496 3.182101019 28.741955394 1.831347474 -0.697033319 0.038752315 -0.067120573 0.712837737
3985.115643072 3.243908737 29.121468722 1.856679149 -0.694720304 0.037713027 -0.066532658 0.715202651
3985.181966400 3.286098749 29.385851241 1.872640044 -0.694269918 0.036662574 -0.066948659 0.715655653
3985.253412320 3.331610174 29.664469864 1.890844113 -0.696517332 0.036402493 -0.065198130 0.713643937
3985.325334080 3.375065593 29.940408938 1.908529144 -0.694131015 0.036729571 -0.064842590 0.715980804
3985.404980544 3.423772142 30.266023719 1.931148626 -0.695591264 0.036940386 -0.064571874 0.714575870
3985.472277632 3.464259108 30.531656943 1.946385198 -0.694850265 0.036769896 -0.065729657 0.715199760
3985.573909216 3.529446293 30.933978188 1.973780972 -0.691769721 0.035674619 -0.063876308 0.718402249
3985.660948160 3.582673243 31.267162983 1.999638907 -0.689184542 0.037140006 -0.064606854 0.720743534
3985.758257184 3.647981105 31.654695094 2.031272375 -0.689507425 0.040546434 -0.063023656 0.720391224
3985.831849600 3.696161465 31.935740196 2.053647120 -0.687369899 0.044486855 -0.061638580 0.722318646
3985.911847424 3.749264517 32.245980981 2.080499898 -0.687471094 0.045765244 -0.063329121 0.721996163
3985.982159616 3.800450681 32.517619134 2.104018041 -0.687864253 0.047279203 -0.059006662 0.721890338
3986.084526112 3.871545248 32.905034728 2.135965028 -0.685597476 0.049356736 -0.060286513 0.723799385
3986.149795648 3.916441164 33.159883692 2.160137947 -0.686683344 0.050141247 -0.059939412 0.722744151
3986.239582784 3.979986891 33.503260127 2.189705840 -0.684810733 0.051595803 -0.060499567 0.724370027
3986.309589248 4.025711886 33.756267210 2.217449293 -0.681581986 0.050959904 -0.060950192 0.727416084
3986.405415264 4.086170415 34.091202362 2.250588963 -0.676661137 0.052487304 -0.061716100 0.731823689
3986.518071328 4.170615364 34.534252124 2.300216304 -0.679399828 0.052081459 -0.063490428 0.729158666
3986.611464352 4.228185832 34.869290129 2.342701023 -0.674957227 0.047453992 -0.065643033 0.733397472
3986.677546208 4.275038147 35.107344308 2.372260036 -0.668607941 0.048068676 -0.058945252 0.739715000
3986.785374240 4.337849820 35.499662433 2.414782915 -0.684547143 0.043453166 -0.065354313 0.724731568
3986.854414176 4.380773083 35.733145165 2.437142879 -0.682113573 0.043205199 -0.061528131 0.727371070
3986.934980512 4.425061457 36.024426400 2.467232219 -0.685826799 0.036809888 -0.065591963 0.723867618
3987.008140960 4.468252286 36.268775207 2.485142287 -0.681651522 0.037578264 -0.062854930 0.728002977
3987.091374752 4.517847695 36.569269312 2.521057124 -0.684284806 0.035640945 -0.069346024 0.725034590
3987.186935520 4.577586364 36.898684743 2.554398652 -0.678120202 0.039121539 -0.069038860 0.730654592
3987.268427232 4.623068677 37.169368881 2.599874081 -0.664727716 0.037546402 -0.070984436 0.742757391
3987.360147392 4.675637132 37.484903345 2.626759809 -0.673478912 0.037890419 -0.069983757 0.734910025
3987.510273920 4.756801180 38.000826440 2.661723553 -0.715535329 0.028719432 -0.077949370 0.693619696
3987.591629088 4.826716852 38.279258327 2.669660316 -0.709625100 0.055085688 -0.066790542 0.699240165
3987.703598464 4.915835864 38.645396768 2.678614047 -0.700933285 0.072649968 -0.093481040 0.703331933
3987.785395200 5.016633795 38.936783011 2.691991469 -0.706094719 0.090325977 -0.093483658 0.696083523
3987.903749472 5.157883443 39.357121208 2.679205072 -0.722110860 0.100432467 -0.120455574 0.673765300
3987.981020032 5.261571037 39.626046934 2.674705121 -0.724824300 0.110204244 -0.128741982 0.667765124
3988.093907296 5.408293653 39.977097536 2.704955119 -0.675519033 0.115920937 -0.141632857 0.714266411
3988.174592288 5.525179234 40.223636472 2.745031266 -0.636794048 0.130212124 -0.170050489 0.740689526
3988.305327744 5.747691119 40.648190002 2.804430295 -0.657992976 0.158403849 -0.187416103 0.711919005
3988.406956416 5.934207300 40.950832260 2.845862014 -0.670170814 0.175265305 -0.194937229 0.694372112
3988.494762048 6.108963276 41.196510304 2.867902953 -0.656264080 0.203995496 -0.209895642 0.695447421
3988.589144352 6.305559983 41.452370102 2.894981554 -0.651782306 0.229970273 -0.215703248 0.689757644
3988.704185632 6.541866049 41.754747806 2.924171492 -0.656630255 0.232415658 -0.212990417 0.685167682
3988.824584768 6.785824010 42.067131718 2.952841913 -0.655570518 0.229756831 -0.216026160 0.686128116
3988.910468544 6.963110252 42.290249759 2.980488303 -0.649092397 0.225557389 -0.232854614 0.688172691
3989.013655008 7.175611311 42.518084424 3.016841389 -0.633795330 0.244591824 -0.242295891 0.692655052
3989.098666464 7.375951559 42.736789235 3.036975772 -0.636861596 0.253493655 -0.246402902 0.685152453
3989.185123072 7.576397206 42.946525652 3.060153988 -0.649131714 0.264477118 -0.233297775 0.673982210
3989.268523776 7.765219448 43.150814335 3.067207276 -0.649665247 0.264628219 -0.228943400 0.674901394
3989.360157760 7.955844972 43.370337225 3.086859788 -0.649261458 0.251036487 -0.243133783 0.675519211
3989.441067552 8.149102880 43.567116425 3.101843609 -0.641954564 0.265281240 -0.232338803 0.680836898
3989.543311040 8.372062300 43.806890900 3.127681297 -0.637405207 0.267959836 -0.239913360 0.681435036
3989.643348000 8.597197177 44.045481834 3.153944290 -0.627829368 0.260860820 -0.256380582 0.687059615
3989.728302368 8.794638500 44.227149855 3.182525700 -0.625703863 0.279974708 -0.232491341 0.689968561
3989.812131040 8.983825348 44.435599185 3.176882684 -0.650254276 0.272733500 -0.244677677 0.665521336
3989.900155360 9.164400615 44.619042274 3.216773212 -0.633307661 0.281972644 -0.245686668 0.677532948
3989.982305440 9.339736988 44.811670413 3.217916091 -0.634898452 0.271079405 -0.258292927 0.675799287
3990.070615424 9.524955387 45.000677937 3.247383527 -0.637208823 0.264484673 -0.259057302 0.675945329
3990.184960224 9.777449723 45.236686735 3.293470750 -0.617898461 0.272847646 -0.255032094 0.691891816
3990.305824672 10.049002388 45.483507480 3.295758445 -0.632227698 0.300739710 -0.245010063 0.670681618
3990.415413568 10.279088871 45.700229690 3.316013560 -0.642982493 0.260771094 -0.263158022 0.670313215
3990.503313472 10.479616724 45.868289444 3.332458783 -0.635990062 0.273470047 -0.250357349 0.676795370
3990.612255488 10.709212722 46.098448610 3.356363768 -0.640750235 0.268389444 -0.257513818 0.671634481
3990.703722144 10.895975658 46.290108161 3.372908892 -0.639079569 0.264180246 -0.252763083 0.676680815
3990.845272032 11.176778578 46.583294701 3.413513293 -0.634342403 0.254185822 -0.254764831 0.684174075
3990.980936032 11.460877747 46.876566140 3.437759689 -0.652121162 0.254191218 -0.236530057 0.673927553
3991.064471104 11.624169865 47.062934127 3.449697878 -0.653824797 0.242839786 -0.251143746 0.671169720
3991.145441664 11.790356590 47.224662521 3.473269022 -0.638258840 0.253188323 -0.244849976 0.684521596
3991.280895680 12.058519241 47.515982998 3.489957207 -0.645325676 0.256974526 -0.239028794 0.678516102
3991.378335424 12.250186193 47.717066408 3.507527358 -0.642031179 0.255570937 -0.238876165 0.682215244
3991.489684608 12.475260726 47.953921772 3.520439861 -0.648231792 0.273420542 -0.248882132 0.665653390
3991.576007456 12.645348601 48.135900475 3.543403198 -0.640960260 0.262775193 -0.261459633 0.672129454
3991.683206432 12.845928733 48.332419572 3.576551279 -0.620171545 0.266654349 -0.248577295 0.694616471
3991.778594560 13.030617995 48.546531334 3.587206869 -0.633030658 0.247473803 -0.288538448 0.674369681
3991.869056448 13.211594692 48.716592029 3.602981979 -0.640648572 0.273888662 -0.268878809 0.665025258
3991.956034528 13.353922606 48.865009592 3.626212921 -0.646429048 0.268069009 -0.266358276 0.662813519
3992.069310464 13.513351559 49.012660487 3.659953488 -0.624908750 0.260068597 -0.241444615 0.695383259
3992.202729088 13.657436397 49.191496093 3.645600027 -0.662145673 0.264258573 -0.246542599 0.656465735
3992.394639936 13.785651286 49.303221639 3.659543123 -0.645830726 0.277645026 -0.237384176 0.670421260
3992.600417792 13.829373662 49.367453968 3.670032405 -0.647721275 0.264882640 -0.257004958 0.666515408
