3561.136082528 0.000000000 -0.000000000 1.000000000 -0.707106781 0.000000000 0.000000000 0.707106781
3561.198935424 0.000600477 0.001046740 1.001252424 -0.705205130 0.000831070 0.001901317 0.709000295
3561.262113408 0.000674820 0.017787548 1.003282845 -0.704927965 0.000979510 0.008056028 0.709232476
3561.327636384 -0.001632105 0.054516834 1.007216628 -0.705406723 -0.001384552 0.019374589 0.708536564
3561.391412160 -0.020456085 0.109135854 1.011365911 -0.705199868 -0.027065379 0.020470286 0.708196003
3561.454374240 -0.031597574 0.175697037 1.011012352 -0.713370173 -0.037119716 0.044636967 0.698378597
3561.518416928 -0.058506207 0.252288908 1.012256727 -0.714593843 -0.056515416 0.046453560 0.695703755
3561.581763776 -0.079031908 0.336147150 1.018137905 -0.718912674 -0.063352016 0.061458368 0.689473682
3561.644710368 -0.111272529 0.424194632 1.012554055 -0.706237313 -0.082976550 0.054006667 0.701018566
3561.707279136 -0.130372278 0.535524530 1.010193368 -0.717020293 -0.080624684 0.080284457 0.687703400
3561.770066432 -0.173806947 0.647658671 1.006762024 -0.707304134 -0.107824028 0.061414379 0.695933269
3561.832914752 -0.203896846 0.779131981 1.009907091 -0.710387893 -0.097967882 0.057818977 0.694556190
3561.895407520 -0.227576202 0.923230442 1.007930016 -0.717148588 -0.092846980 0.048790647 0.688982448
3561.959217792 -0.226086386 1.054934567 1.025448252 -0.700699466 -0.055031254 0.080938070 0.706711290
3562.022794240 -0.251972052 1.209518834 1.015508518 -0.705448718 -0.062978672 0.051820989 0.704052823
3562.149331392 -0.276725573 1.507994399 1.026481822 -0.692343030 -0.037033582 0.019500781 0.720353637
3562.212701664 -0.260241390 1.665973346 1.033563348 -0.716015104 0.000577172 0.046534985 0.696531789
3562.275452992 -0.261005482 1.804573860 1.030905536 -0.702645748 0.004831637 0.040759522 0.710355031
3562.338552160 -0.274115888 1.961948695 1.037418421 -0.693353197 -0.002135988 0.012976602 0.720477889
3562.401978720 -0.271828255 2.119483323 1.052484030 -0.703196989 -0.000841122 0.005236240 0.710975294
3562.465043488 -0.254949396 2.280593653 1.053583445 -0.702903745 0.017959838 0.015515116 0.710888916
3562.527990720 -0.258275627 2.444668062 1.049181555 -0.708862107 0.003923491 -0.005394703 0.705315544
3562.591213984 -0.245205842 2.606928849 1.065555599 -0.706418787 0.014362498 -0.006078283 0.707622266
3562.664210976 -0.226940252 2.807812991 1.068871657 -0.707633950 0.028029423 -0.018003139 0.705793476
3562.738888896 -0.208405413 3.014878740 1.075802027 -0.706546699 0.034356974 -0.029864210 0.706200743
3562.804461184 -0.191910751 3.205163084 1.075987677 -0.707988529 0.041494599 -0.034099717 0.704178707
3562.868545792 -0.162139782 3.374752138 1.091996471 -0.699003096 0.051267236 -0.034025290 0.712466576
3562.931286976 -0.135577860 3.560299973 1.090930749 -0.714688761 0.059735431 -0.037592548 0.695872440
3562.993986272 -0.109098156 3.727542562 1.097793527 -0.692925334 0.061128292 -0.047330859 0.716852568
3563.057366720 -0.074570741 3.909910551 1.109876764 -0.706464555 0.076151830 -0.033625441 0.702835729
3563.120513216 -0.054335175 4.087866670 1.117301842 -0.693847149 0.065797431 -0.044950559 0.715699852
3563.204162976 -0.004940409 4.339052079 1.122693711 -0.706416244 0.076582747 -0.038447082 0.702590204
3563.267337312 0.022346843 4.543664803 1.113703763 -0.725109668 0.067806498 -0.043848331 0.683882718
3563.330824192 0.059752354 4.740532623 1.101134110 -0.730290062 0.069983340 -0.040155170 0.678355600
3563.399865632 0.096060860 4.953392861 1.107509171 -0.729070356 0.075918380 -0.036262966 0.679247976
3563.463588960 0.130406186 5.131049163 1.123394526 -0.691802294 0.080046429 -0.040330634 0.716502334
3563.528972160 0.166214295 5.316938981 1.135383727 -0.664706135 0.080327814 -0.047615030 0.741246251
3563.592412768 0.210941722 5.514290867 1.162878601 -0.650338850 0.083685060 -0.037281579 0.754099645
3563.655152160 0.256208658 5.714846505 1.193153743 -0.655944032 0.081941242 -0.029067941 0.749785379
3563.718183072 0.290493985 5.918411069 1.217307102 -0.665773948 0.074722363 -0.030213169 0.741787559
3563.781991104 0.323720738 6.126673093 1.240549676 -0.677196031 0.070966382 -0.029474057 0.731779057
3563.845484192 0.356211388 6.333715976 1.262229380 -0.684819761 0.068314714 -0.026506270 0.725018905
3563.908392096 0.389608070 6.531452289 1.281632346 -0.679731109 0.072024198 -0.018913731 0.729671437
3563.971781312 0.423968888 6.726856287 1.308119881 -0.671817160 0.075003074 -0.020800930 0.736616293
3564.035379424 0.453741303 6.934148400 1.325329914 -0.673491770 0.070353225 -0.032512176 0.735120547
3564.098401408 0.497343059 7.142299815 1.343543998 -0.680416849 0.076162905 -0.019685975 0.728590822
3564.161363264 0.531273468 7.353539598 1.359148101 -0.695880715 0.070179757 -0.017435799 0.714507400
3564.224209760 0.554756251 7.570562034 1.357806962 -0.713620289 0.054802437 -0.021388978 0.698058227
3564.296028768 0.588699334 7.818578381 1.352986281 -0.726539207 0.056726685 -0.011980369 0.684674620
3564.359235232 0.614099010 8.037127518 1.358577468 -0.727347946 0.055557045 -0.022290650 0.683653061
3564.422751904 0.640226729 8.249086326 1.351563930 -0.709723276 0.059063360 -0.027007356 0.701480573
3564.486587936 0.668409542 8.470447428 1.353796107 -0.705587427 0.057414683 -0.016995940 0.706088575
3564.553287392 0.693484050 8.705853940 1.361723808 -0.708770249 0.049471397 -0.010701334 0.703621202
3564.617441216 0.713091885 8.941469522 1.367701350 -0.709298547 0.042577194 -0.009513169 0.703556858
3564.680566208 0.734831518 9.177386626 1.368185672 -0.714141933 0.041425595 -0.005983048 0.698748469
3564.744097600 0.752037022 9.412135713 1.380452795 -0.708695525 0.035658471 -0.011036927 0.704526303
3564.806997408 0.771126353 9.649316711 1.379847257 -0.706289321 0.033089105 -0.012706761 0.707035392
3564.870347808 0.793467233 9.893093120 1.382077733 -0.713002596 0.035493896 -0.007466249 0.700222633
3564.933751584 0.811364405 10.141595571 1.384776970 -0.720081155 0.031309315 -0.011158314 0.693093320
3564.996589792 0.830302955 10.391367270 1.378617437 -0.725555464 0.029867454 -0.011623598 0.687416973
3565.059535584 0.850940267 10.636249780 1.385507034 -0.714762908 0.028368204 -0.007560571 0.698750361
3565.124926432 0.866856997 10.886282834 1.383300727 -0.710564535 0.023541509 -0.012143306 0.703133259
3565.194836480 0.886062422 11.163600038 1.386270846 -0.716162194 0.025082242 -0.014353383 0.697335337
3565.257876672 0.910546674 11.440618013 1.391779495 -0.712619443 0.028751119 -0.013064318 0.700839658
3565.322122368 0.928189826 11.698180216 1.398589941 -0.710430972 0.025910464 -0.014309311 0.703144171
3565.392752032 0.946392639 11.995525583 1.403795066 -0.707837169 0.026735278 -0.009415927 0.705806707
3565.473860192 0.968324173 12.332511201 1.414433502 -0.707622506 0.021774912 -0.010271866 0.706180381
3565.541062560 0.987849093 12.617258420 1.421304774 -0.707013482 0.024709781 -0.006615190 0.706737294
3565.614482080 1.008318211 12.930936433 1.433533975 -0.705720097 0.025463944 -0.007216205 0.707996228
3565.677323520 1.028494168 13.201258594 1.439465230 -0.706652870 0.027060782 -0.007079658 0.707007294
3565.742741856 1.050837005 13.478913588 1.452480881 -0.707468056 0.028537037 -0.003995539 0.706157647
3565.806507552 1.067959801 13.755689742 1.458951008 -0.703127465 0.027778335 -0.004330593 0.710507831
3565.874122016 1.090283223 14.059122689 1.472986244 -0.706043020 0.029722834 -0.002144871 0.707541664
3565.945917408 1.112508116 14.373956187 1.483499304 -0.701974154 0.031318173 -0.001478182 0.711511963
3566.008759392 1.132370390 14.651262462 1.499364792 -0.699366460 0.030880034 -0.000713461 0.714095560
3566.073803104 1.152242415 14.940389374 1.512997747 -0.698515546 0.029423106 0.000598509 0.714989478
3566.136715456 1.170553054 15.223660180 1.531203625 -0.701725703 0.030807806 0.003651725 0.711771439
3566.202333408 1.188106979 15.515785920 1.544239034 -0.700373694 0.031476510 0.003518391 0.713073305
3566.265207520 1.206102822 15.797384983 1.559752377 -0.698595730 0.030807605 0.004396605 0.714839540
3566.328677184 1.223299401 16.087391811 1.573047891 -0.702157909 0.028756773 0.006126455 0.711413934
3566.396412896 1.240055807 16.376033395 1.589313146 -0.699621730 0.027608347 0.007185058 0.713943687
3566.460233248 1.253327061 16.674212490 1.606960594 -0.696564134 0.025616149 0.008929059 0.716981515
3566.523002112 1.269429695 16.966956668 1.620101708 -0.700627282 0.024027837 0.009261099 0.713062624
3566.585635168 1.280365023 17.252517060 1.634721630 -0.702883055 0.022556300 0.012940532 0.710829915
3566.648959264 1.285709955 17.534747122 1.651756701 -0.699151508 0.016696352 0.013779639 0.714645732
3566.712838752 1.287974097 17.819603219 1.665751218 -0.698973665 0.012394450 0.015958876 0.714861880
3566.778237600 1.291609345 18.121907503 1.679788111 -0.702236606 0.009596976 0.014319613 0.711734919
3566.841824512 1.292285441 18.409153747 1.692794646 -0.702404277 0.009498409 0.015151495 0.711553542
3566.915493088 1.329472289 18.664310875 1.703270500 -0.703523911 0.009151841 0.015634457 0.710440647
3566.978272160 1.327972549 18.946853752 1.719403847 -0.700477940 0.010145764 0.017477760 0.713387866
3567.055954656 1.361405222 19.231076649 1.733045717 -0.698725764 0.010257097 0.017129424 0.715110958
3567.119714944 1.363966544 19.528347211 1.748050520 -0.697092728 0.012144974 0.017153938 0.716672848
3567.182510624 1.367361039 19.818899010 1.765893254 -0.697480313 0.013764104 0.017777098 0.716251169
3567.245346144 1.370938531 20.113332793 1.780829622 -0.699165395 0.013177945 0.016313034 0.714652347
3567.308220416 1.375902687 20.404856797 1.799202042 -0.699556275 0.013886039 0.017636004 0.714224872
3567.372682496 1.378009332 20.702115640 1.816230254 -0.696686418 0.011127153 0.015533145 0.717121288
3567.435151296 1.381840508 20.995264067 1.833956967 -0.696358727 0.011160287 0.016898962 0.717408110
3567.497922976 1.382184005 21.288411937 1.850248662 -0.697730996 0.007201640 0.013387972 0.716198545
3567.569924320 1.387217548 21.622487998 1.871416041 -0.699351209 0.007902620 0.016177261 0.714551420
3567.633260608 1.387781687 21.912480496 1.891805369 -0.695047372 0.005413785 0.014322376 0.718800884
3567.695890752 1.389416008 22.208181596 1.911545177 -0.692795188 0.004739859 0.014549568 0.720972032
3567.758816448 1.390803107 22.501708608 1.930529841 -0.693397970 0.003270810 0.013884533 0.720413615
3567.825399200 1.390676044 22.794057507 1.957389993 -0.691178204 0.000654309 0.014642088 0.722535723
3567.891110624 1.389575090 23.111826102 1.978169243 -0.690025442 0.000693962 0.014959382 0.723630172
3567.953730496 1.388068745 23.407105593 2.002866591 -0.694717442 -0.002554179 0.011642218 0.719183989
3568.018125472 1.387844746 23.702175821 2.024536021 -0.691479826 -0.000555961 0.013143379 0.722275981
3568.081381408 1.387007698 23.994784925 2.050210363 -0.689157669 -0.003648154 0.010978627 0.724519059
3568.145172992 1.389335240 24.287319069 2.074357329 -0.684933810 -0.000316432 0.011073988 0.728521065
3568.209411392 1.388553264 24.585205985 2.105466704 -0.683132052 -0.000659808 0.008385879 0.730246425
3568.281486688 1.394345117 24.917915735 2.135905954 -0.685769719 0.003802458 0.012887491 0.727694542
3568.362292448 1.395221882 25.286600710 2.178854966 -0.680115760 0.003746521 0.011362646 0.733007098
3568.425197888 1.399555321 25.573717818 2.206566487 -0.678411045 0.005482835 0.013195173 0.734543586
3568.496957312 1.398183628 25.903650391 2.240193811 -0.684964891 -0.001225566 0.012866019 0.728461434
3568.561586016 1.396726451 26.198456451 2.266495828 -0.688640154 -0.003662641 0.012524380 0.724985836
3568.624918080 1.392685160 26.481581226 2.292706555 -0.686448188 -0.006941251 0.008908342 0.727091016
3568.656607488 1.363947953 26.560475782 2.262993500 -0.687048468 -0.008270954 0.007873385 0.726521854
3568.689140544 1.393611625 26.774119034 2.316835597 -0.686690080 -0.005800914 0.008651405 0.726875668
3568.752244224 1.390485530 27.055132077 2.343128054 -0.685451491 -0.010713541 0.006051563 0.728014321
3568.784300672 1.459013601 27.021454999 2.349249369 -0.685869705 -0.014528652 0.006302255 0.727552024
3568.816092864 1.393280712 27.321628568 2.372718661 -0.682926943 -0.012902492 0.006261716 0.730345882
3568.879677408 1.387356725 27.601467170 2.406278260 -0.676678968 -0.015694166 0.004979986 0.736094061
3568.911388160 1.475366199 27.303817124 2.493370353 -0.681200547 -0.017929973 0.004742197 0.731861901
3568.943018464 1.383850756 27.868017554 2.440775676 -0.671900992 -0.018030183 0.002769737 0.740416301
3569.006530336 1.378755654 28.139784793 2.477851558 -0.671104433 -0.022978171 0.002192624 0.741003398
3569.039214624 1.582982662 27.689161818 2.648063855 -0.681526987 -0.024640814 0.004653738 0.731363206
3569.070829216 1.384241648 28.389189035 2.515642666 -0.672755054 -0.024622539 0.002075224 0.739452542
3569.133459712 1.373522898 28.666085171 2.540983258 -0.686364856 -0.028968976 -0.002862724 0.726674541
3569.208879424 1.368212310 29.005152260 2.547202101 -0.714277437 -0.025488424 -0.000920888 0.699397766
3569.274680640 1.367453098 29.263727615 2.595148459 -0.684808881 -0.013863725 0.011921832 0.728493283
3569.338416384 1.346279320 29.517780998 2.625296146 -0.662230182 -0.026897880 -0.010878955 0.748738498
3569.370024608 1.766487054 28.898858463 2.670443652 -0.680433039 -0.018228929 0.007317570 0.732546953
3569.464951904 2.617883468 28.000283377 3.493212716 -0.703214633 0.011882602 0.035538406 0.709989440
3569.528026176 2.604723078 28.242090217 3.524162359 -0.688018665 0.006061463 0.018092977 0.725442086
3569.590857760 2.611645043 28.485407351 3.545314002 -0.671978788 0.028735759 0.054336696 0.738015100
3569.653717632 2.586601338 28.729424624 3.566851047 -0.671369588 -0.000256560 0.028150628 0.740587842
3569.717545984 2.586100412 28.972391661 3.607218701 -0.664580739 0.010977754 0.043152602 0.745888587
3569.780501728 2.576674777 29.222678340 3.637397840 -0.671679094 0.008205153 0.039414529 0.739747501
3569.843886432 2.581808338 29.458876344 3.672099800 -0.674453533 0.015041202 0.050651209 0.736424231
3569.906783360 2.575369085 29.699778590 3.701457306 -0.675752492 0.009968242 0.046545404 0.735590055
3569.973251072 2.575819026 29.948470203 3.735437055 -0.675318950 0.015687850 0.050886388 0.735600967
3570.037301440 2.568060495 30.191944479 3.757181107 -0.675687987 0.013523986 0.041174005 0.735912730
3570.101179712 2.569686437 30.434766433 3.783421393 -0.687299483 0.017392985 0.051418980 0.724343146
3570.165279872 2.562328278 30.678216837 3.805066491 -0.688965273 0.012270581 0.048412048 0.723071614
3570.228740064 2.563012664 30.911652182 3.828301844 -0.683116471 0.020769163 0.050683974 0.728252473
3570.293592064 2.556639852 31.160898990 3.846837631 -0.692428130 0.022480062 0.043833217 0.719803154
3570.325061536 1.991528581 32.126901182 3.179955179 -0.687423372 0.021138639 0.055928505 0.723791591
3570.356928704 2.561976733 31.397977138 3.866230068 -0.684583103 0.033346120 0.047020634 0.726651960
3570.420171936 2.573350862 31.635495034 3.892307077 -0.679258778 0.044743324 0.057940722 0.730238605
3570.451756096 2.275944811 32.798946114 3.323503735 -0.682606048 0.028715051 0.069483501 0.726908847
3570.483242976 2.596618005 31.881949481 3.916968134 -0.669520529 0.061173334 0.070538820 0.736901866
3570.547733952 2.590396351 32.121156765 3.940188064 -0.670679897 0.047049844 0.046111000 0.738815649
3570.579153792 2.090605031 33.253613789 3.558653138 -0.685044869 0.016835754 0.043762287 0.726990335
3570.611010336 2.610837353 32.359531554 3.960938787 -0.687133673 0.064994737 0.071629417 0.720064043
3570.674469536 2.620762407 32.590988992 3.981178184 -0.684226145 0.052300423 0.057659896 0.725103155
3570.706225728 2.235845165 33.598561812 3.664840163 -0.682036361 0.001846963 0.031620918 0.730631993
3570.738177440 2.651840618 32.835165491 4.017631891 -0.661541270 0.060925296 0.065921785 0.744517007
3570.811083360 2.671370239 33.095995710 4.037878021 -0.657237848 0.050520193 0.056702599 0.749847275
3570.842776896 2.225988375 34.186286302 3.866736991 -0.678789720 -0.009117099 0.022433116 0.733933342
3570.874213568 2.679031550 33.304557563 4.077758007 -0.659104884 0.042739328 0.049344603 0.749212395
3570.937561952 2.688030137 33.546524601 4.088900083 -0.677474281 0.036536686 0.056097894 0.732493478
3570.969013888 2.163392416 34.654532629 3.886894664 -0.696715580 -0.013963484 0.027350585 0.716689868
3571.000552736 2.688459346 33.756484242 4.131114258 -0.682930466 0.023021671 0.052225146 0.728250311
3571.063596384 2.693440745 33.970890566 4.172431177 -0.676521107 0.017131239 0.057053862 0.734009924
3571.095123648 2.229124276 34.945794814 4.019238659 -0.691725898 -0.021115307 0.033168512 0.721088952
3571.127548640 2.688876507 34.232307484 4.196198790 -0.681657989 0.003659991 0.049768723 0.729967166
3571.193148128 2.666643308 34.470960049 4.207132441 -0.682956480 -0.007620040 0.048337809 0.728818110
3571.224898336 2.292606219 35.716571670 4.261596301 -0.694525507 -0.033951652 0.032467289 0.717932783
3571.256175488 2.676135964 34.655456600 4.232155064 -0.687088971 -0.011619848 0.053389489 0.724515899
3571.319446208 2.650569670 34.866010814 4.235675256 -0.692349742 -0.012274877 0.062568269 0.718739433
3571.351008160 2.316481971 36.026894807 4.442882863 -0.702023203 -0.035243233 0.041965333 0.710042427
3571.382399136 2.632615887 35.066467636 4.257850229 -0.686576852 -0.031527353 0.047861325 0.724794830
3571.445529440 2.614958149 35.262981109 4.278572851 -0.691494243 -0.021646347 0.065051361 0.719121317
3571.477101824 2.397816723 36.373015151 4.525395446 -0.707714615 -0.026485779 0.060174169 0.703432723
3571.508516672 2.574505534 35.463034707 4.294677636 -0.678164256 -0.018845952 0.071684052 0.731163093
3571.572609920 2.532750404 35.670244625 4.316746845 -0.684409255 -0.037755079 0.052787654 0.726203821
3571.604514720 2.405682118 36.450945331 4.662402528 -0.715813074 -0.047227756 0.042153642 0.695416604
3571.635907872 2.512570192 35.879444772 4.336717761 -0.689243410 -0.029702176 0.073758985 0.720153397
3571.699645024 2.486078163 36.084440962 4.358186705 -0.682776465 -0.028721433 0.086158605 0.724960739
3571.731577792 2.390509259 36.783003796 4.680347100 -0.709866097 -0.045887482 0.055444497 0.700649963
3571.763617248 2.414439230 36.296353342 4.379416981 -0.684031803 -0.042731673 0.063498849 0.725425663
3571.828773568 2.414316043 36.505172390 4.414536265 -0.669819861 -0.015646006 0.085113712 0.737463363
3571.861124032 2.554344223 37.344488676 4.883780058 -0.697883355 -0.021139070 0.077834958 0.711655593
3571.892553344 2.370044035 36.715028124 4.432336317 -0.678877270 -0.032292643 0.062256603 0.730894625
3571.955254016 2.343323186 36.915871949 4.460694480 -0.677000915 -0.030832102 0.069685583 0.732026681
3571.986628192 2.567773394 37.647911168 4.965726100 -0.696510746 -0.020278706 0.085672028 0.712124889
3572.018086432 2.309746369 37.082653041 4.501633492 -0.677724411 -0.034734044 0.081921774 0.729912318
3572.081118976 2.277873434 37.275458835 4.518316623 -0.677470244 -0.049485172 0.076019631 0.729935820
3572.112789504 2.466758823 37.689359736 5.013308182 -0.697568961 -0.033966877 0.079339179 0.711300985
3572.144600576 2.247167883 37.484370179 4.546071287 -0.679822713 -0.042165280 0.077775242 0.728020728
3572.207213728 2.212234111 37.677081911 4.572194472 -0.673488543 -0.041382248 0.064761635 0.735191555
3572.239178304 2.391137773 38.164408726 5.165135558 -0.692932054 -0.033102063 0.066610460 0.717155819
3572.271047680 2.187999588 37.878435393 4.587996648 -0.676754665 -0.033129503 0.066578537 0.732443075
3572.333684608 2.165498672 38.078098843 4.616645769 -0.678301654 -0.028560704 0.068607426 0.731015851
3572.376972672 2.435434433 38.402374731 5.219869456 -0.694909303 -0.029760944 0.069627956 0.715099500
3572.409169344 2.129305880 38.316215697 4.629438584 -0.676286200 -0.026063047 0.065406867 0.733266415
3572.473412032 2.106098444 38.546006529 4.651730963 -0.681233585 -0.018698204 0.072413623 0.728235846
3572.505031872 2.459634589 39.083707919 5.295598103 -0.699418884 -0.023208099 0.077101673 0.710161912
3572.536522848 2.078622136 38.723615788 4.696003103 -0.681742358 -0.020194073 0.070911457 0.727867516
3572.599908928 2.051038256 38.929927544 4.718323529 -0.679134559 -0.023189099 0.066052134 0.730667936
3572.631422624 2.451588797 39.237512398 5.294503539 -0.696872862 -0.026755532 0.072362396 0.713032986
3572.662934240 2.036353473 39.107766749 4.709704471 -0.682922141 -0.024090016 0.069855649 0.726744252
3572.725568288 2.012442247 39.313303418 4.729643331 -0.683039275 -0.024133683 0.070947088 0.726526961
3572.757146016 2.423213647 39.553964942 5.381982491 -0.697730101 -0.026666783 0.073549584 0.712075872
3572.788718976 1.983879612 39.514611842 4.752449936 -0.682442184 -0.028624643 0.066487649 0.727346332
3572.852264032 1.961932602 39.718202978 4.773419107 -0.686094145 -0.024575845 0.073592940 0.723363623
3572.916186560 1.931936408 39.919225547 4.786569891 -0.678471059 -0.024736104 0.068114047 0.731044201
3572.979798720 1.898463658 40.134110010 4.813710637 -0.679974647 -0.021974938 0.068543761 0.729694001
3573.011339296 2.453251540 40.359347437 5.445454211 -0.695512495 -0.021662275 0.078473059 0.713887312
3573.044933408 1.870557602 40.340174609 4.836134242 -0.677723996 -0.022874111 0.070339268 0.731586870
3573.109241696 1.849569165 40.563386199 4.873987346 -0.683653221 -0.027573391 0.072727074 0.725650573
3573.141505184 2.302852351 40.665179768 5.534307675 -0.701935990 -0.024753147 0.079763655 0.707326592
3573.172950752 1.817867371 40.762992814 4.892377594 -0.683902611 -0.040906527 0.069819553 0.725071793
3573.236085248 1.786812871 40.977416062 4.911828805 -0.691313782 -0.045617980 0.069984103 0.717709189
3573.267610496 2.324530714 41.165478479 5.493582728 -0.705168784 -0.033023245 0.086065488 0.703021467
3573.299341760 1.772266231 41.092893094 4.914072086 -0.689049890 -0.045875360 0.068271222 0.720031070
3573.363962752 1.738809324 41.278829187 4.926897093 -0.687828371 -0.045039528 0.064100297 0.721633373
3573.395510912 2.183392108 41.546778023 5.503372025 -0.706825743 -0.027886720 0.077885218 0.702533695
3573.426977824 1.709320732 41.462908635 4.948779347 -0.690583966 -0.039999554 0.062495290 0.719436002
3573.491664608 1.689530699 41.663626542 4.971629096 -0.682047907 -0.036177451 0.061349142 0.727831112
3573.524960960 2.276816402 41.279799246 5.608136742 -0.700743567 -0.024751584 0.076717435 0.708844304
3573.557098880 1.659257929 41.841251942 4.976865344 -0.689618080 -0.039685729 0.056922657 0.720841007
3573.621799616 1.632600339 42.055726438 4.993381276 -0.690291900 -0.037749036 0.058462748 0.720176514
3573.654662848 2.323941642 41.409663752 5.624887464 -0.701815153 -0.023644144 0.078872697 0.707584301
3573.686164672 1.631322717 42.218981372 5.014086951 -0.692542993 -0.037701193 0.062553325 0.717669774
3573.749033376 1.606166131 42.413617613 5.026409782 -0.691779555 -0.042272909 0.056692443 0.718637611
3573.780887232 2.306555619 41.654398869 5.668343820 -0.701611846 -0.028379851 0.073676904 0.708171671
3573.812695520 1.628475945 42.474608628 5.044273971 -0.688362361 -0.043476913 0.051536857 0.722226398
3573.875368416 1.605904703 42.669611915 5.056365758 -0.689716017 -0.038219869 0.058953151 0.720663294
3573.906777440 2.345119698 41.641588603 5.644425746 -0.703073344 -0.023744678 0.081608305 0.706019934
3573.938522144 1.571484639 42.789243313 5.064743040 -0.696019693 -0.035497951 0.057652066 0.714823560
3574.012288800 1.552500221 42.937539057 5.063817198 -0.704025678 -0.031893696 0.054078663 0.707393904
3574.043995328 2.242489138 41.703446244 5.686955207 -0.712150012 -0.019317525 0.077947998 0.697419030
3574.075672064 1.541776079 43.041212833 5.076964406 -0.708826558 -0.024793537 0.055205056 0.702782038
3574.139221952 1.527664400 43.150504213 5.087843681 -0.702656281 -0.023754525 0.052252853 0.709210485
3574.171231264 2.352965609 41.482412461 5.682690454 -0.706835125 -0.019183647 0.075742283 0.703049927
3574.202986848 1.515620582 43.248071278 5.090228733 -0.706428521 -0.024212734 0.054772164 0.705246409
3574.268252224 1.506444235 43.335620234 5.096353164 -0.702788861 -0.023635106 0.057709746 0.708659851
3574.299916768 2.119731954 41.684134870 5.768475344 -0.703961408 -0.015703300 0.076604824 0.705920281
3574.332147840 1.500358836 43.404755026 5.100294013 -0.705216336 -0.022490196 0.058051279 0.706253608
3574.396223136 1.493989092 43.466313948 5.102243515 -0.704712828 -0.023505909 0.057474372 0.706770117
3574.427981952 2.131954529 41.769335496 5.784404298 -0.703615212 -0.017048002 0.076316229 0.706265413
3574.462127232 1.493203766 43.518865836 5.104820009 -0.705617452 -0.023445976 0.061706415 0.705511599
3574.525787136 1.488015317 43.568107654 5.106512725 -0.705912063 -0.022250302 0.064053169 0.705046292
3574.557418304 1.953972709 42.016797820 5.769212519 -0.703160012 -0.013004992 0.078387535 0.706577853
3574.588816864 1.483112708 43.600848140 5.107044263 -0.705967187 -0.023586557 0.061253306 0.705196454
3574.651648960 1.476101366 43.641983477 5.107629492 -0.706823480 -0.025215632 0.060226846 0.704370263
3574.682976640 1.709546611 42.066699494 5.774842081 -0.704066655 -0.011522094 0.074953752 0.706073170
3574.714919904 1.478219026 43.651637377 5.114800706 -0.707190322 -0.024404330 0.062539249 0.703828900
3574.778020096 1.473490740 43.681203940 5.116183120 -0.705671231 -0.026056249 0.062224661 0.705320691
3574.809749792 1.630431829 41.936609264 5.897768046 -0.704410935 -0.012361913 0.073076655 0.705912332
3574.841593568 1.466734514 43.712717375 5.115445896 -0.706194930 -0.027887193 0.058361295 0.705056724
3574.904172736 1.461912329 43.741903051 5.117769516 -0.706182717 -0.029517566 0.059562476 0.704902117
3574.935330368 1.798204588 41.712745097 5.893019690 -0.704935396 -0.015920288 0.075409362 0.705071670
3574.966817824 1.460130326 43.767378770 5.119334787 -0.705768181 -0.029164766 0.062278191 0.705097240
3575.031266976 1.457218871 43.794386196 5.119818926 -0.706602938 -0.029055365 0.060898135 0.704385896
3575.062850464 1.656563728 41.651579009 5.931121532 -0.706574234 -0.013910600 0.072367748 0.703791344
3575.096000672 1.453516942 43.817822883 5.121257741 -0.706735605 -0.029020411 0.060513719 0.704287363
3575.159342272 1.451458406 43.841993824 5.121771253 -0.707105958 -0.028266555 0.060960946 0.703907614
3575.191158592 1.515715000 41.550159989 5.887196455 -0.706790076 -0.010935298 0.071840093 0.703681184
3575.222628128 1.449970592 43.864582377 5.122152782 -0.706822207 -0.027767774 0.061255290 0.704186842
3575.285241824 1.445394245 43.885621674 5.122910361 -0.707035720 -0.029549622 0.060238432 0.703987671
3575.317194304 1.854248554 41.677622886 5.981110559 -0.708489792 -0.015763224 0.073306780 0.701726336
3575.349829568 1.442298379 43.906187264 5.123558804 -0.706989946 -0.030097758 0.062064312 0.703851804
3575.446155232 1.860175077 41.711177653 5.982855397 -0.708606463 -0.016159237 0.075593842 0.701356778
3575.477635456 1.438747784 43.941787304 5.125483369 -0.706373454 -0.030069473 0.062124049 0.704466445
3575.540735232 1.435600325 43.957409446 5.126087727 -0.706430168 -0.030768861 0.061513427 0.704432959
3575.580672992 1.715429404 41.844056616 6.082804797 -0.708844962 -0.016568127 0.073308097 0.701348872
3575.612271200 1.433713772 43.971089284 5.127388802 -0.705859217 -0.031727325 0.062204490 0.704901939
3575.675304448 1.431848540 43.982726161 5.127484885 -0.705360960 -0.031478442 0.062621750 0.705374751
3575.706999616 1.848150434 41.765811145 5.987815925 -0.707423673 -0.017554253 0.075592648 0.702516438
3575.739768032 1.431152089 43.993761122 5.128214628 -0.705568421 -0.031027544 0.063677909 0.705092632
3575.804106272 1.430078900 44.005579231 5.128182107 -0.705447777 -0.030352954 0.063535126 0.705255570
3575.835675968 1.845281097 41.787822000 5.986994266 -0.707436699 -0.015975493 0.075899098 0.702507955
3575.867421376 1.430058961 44.015945857 5.128411200 -0.705410516 -0.029306475 0.062854745 0.705398055
3575.930733120 1.429201007 44.025156322 5.129213278 -0.705279033 -0.029032567 0.062555555 0.705567430
3575.962119808 1.855687637 41.995297873 6.193948434 -0.709066217 -0.017544127 0.074094732 0.701018741
3575.993815648 1.428268173 44.034329819 5.129244837 -0.705353819 -0.028839656 0.062274960 0.705525402
3576.057353856 1.427379057 44.044286662 5.128911932 -0.705456738 -0.028943862 0.062598125 0.705389621
3576.089046976 1.572568378 42.340576169 6.271953108 -0.709310920 -0.013981968 0.072202447 0.701048735
3576.120708128 1.426191890 44.054551224 5.129396833 -0.705846037 -0.029491146 0.062949098 0.704946136
