1169.610181152 0.000000000 -0.000000000 1.000000000 -0.707106781 0.000000000 0.000000000 0.707106781
1170.360079776 -0.043052289 0.675477879 1.009171501 -0.716713673 -0.012241603 -0.006661888 0.697228279
1170.859429856 -0.013542178 1.863639173 1.047138253 -0.693378302 -0.017178639 0.037774197 0.719377880
1171.359473856 -0.135558709 3.214075641 1.085532187 -0.708591023 -0.033305179 0.048892127 0.703135184
1171.860309600 -0.191691866 4.767439563 1.074396791 -0.717170748 0.011639047 0.047345196 0.695189962
1172.361552480 -0.243301265 6.429409984 1.276838226 -0.675184397 0.017315830 0.051217345 0.735664989
1172.862424096 -0.266619487 7.309322702 1.325366821 -0.719390119 -0.002149447 0.054200618 0.692485040
1173.362595776 -0.326981712 8.243503208 1.316423206 -0.722200715 -0.013750122 0.047285830 0.689928338
1173.862707680 -0.326981712 8.243503208 1.316423206 -0.722200715 -0.013750122 0.047285830 0.689928338
1174.362617056 -0.326981712 8.243503208 1.316423206 -0.722200715 -0.013750122 0.047285830 0.689928338
1174.862821568 -0.326981712 8.243503208 1.316423206 -0.722200715 -0.013750122 0.047285830 0.689928338
1175.362725056 -0.326981712 8.243503208 1.316423206 -0.722200715 -0.013750122 0.047285830 0.689928338
1175.862757056 -0.326981712 8.243503208 1.316423206 -0.722200715 -0.013750122 0.047285830 0.689928338
1176.362487584 -0.326981712 8.243503208 1.316423206 -0.722200715 -0.013750122 0.047285830 0.689928338
1176.612610688 -0.326981712 8.243503208 1.316423206 -0.722200715 -0.013750122 0.047285830 0.689928338
1176.863024896 -0.326981712 8.243503208 1.316423206 -0.722200715 -0.013750122 0.047285830 0.689928338
1177.113010176 -0.326981712 8.243503208 1.316423206 -0.722200715 -0.013750122 0.047285830 0.689928338
1177.363282944 -0.326981712 8.243503208 1.316423206 -0.722200715 -0.013750122 0.047285830 0.689928338
1177.612868832 -0.326981712 8.243503208 1.316423206 -0.722200715 -0.013750122 0.047285830 0.689928338
1178.112862336 -0.569435429 8.728753958 1.400910711 -0.684070006 -0.008403972 0.067298164 0.726256537
1178.613135648 -0.473440997 10.123544274 1.666490754 -0.682915384 0.006350678 0.083237446 0.725711909
1179.112705824 -0.648957673 11.442626649 1.898399299 -0.699104766 -0.000523799 0.073436463 0.711237891
1179.613076896 -0.478822066 11.158459994 1.897128136 -0.698911238 0.010704718 0.083637095 0.710220619
1180.112655360 -0.646925663 12.974434309 2.021748734 -0.683872358 0.013877570 0.101340016 0.722396160
1180.612271520 -0.898380366 14.689803511 2.175821748 -0.691668563 -0.006532601 0.104498906 0.714585127
1181.112782912 -1.192927607 15.842473104 2.028036415 -0.695250282 -0.029693509 0.126708657 0.706887726
1181.612857952 -1.410144868 16.430445614 2.001845780 -0.687908234 -0.040564079 0.138838564 0.711238828
1182.112667104 -1.817342876 18.273688833 2.098103395 -0.718265110 -0.030120668 0.143506853 0.680142455
1182.612841792 -2.119864232 19.444845512 2.117975582 -0.712773677 -0.037638908 0.147285691 0.684721785
1183.112639392 -2.228949578 19.868538614 2.132459220 -0.708621849 -0.037777543 0.151944166 0.687997749
1184.112659584 -2.300226987 20.134875009 2.142472362 -0.703348782 -0.043393243 0.152944448 0.692838736
