3179.969662144 0.000000000 -0.000000000 1.000000000 -0.707106781 0.000000000 0.000000000 0.707106781
3180.034302240 0.000108322 -0.000095304 1.000007085 -0.707106864 0.000025179 0.000037229 0.707106697
3180.065489120 0.000108477 -0.000095139 1.000006877 -0.707106840 0.000025238 0.000037243 0.707106721
3180.097023456 0.131888623 0.255752663 1.066946425 -0.707212632 -0.001443296 0.001070652 0.706998631
3180.160806272 0.133192414 0.273157504 1.067691438 -0.708601537 -0.000839512 0.002363692 0.705604401
3180.193244192 0.133230535 0.273172766 1.067669977 -0.708600772 -0.000840484 0.002365268 0.705605162
3180.225975808 0.419477620 0.953678622 1.213756269 -0.708573629 -0.003417607 0.004471979 0.705614437
3180.289325312 0.421662908 1.005285712 1.211761512 -0.710780908 -0.004718607 0.005357825 0.703377231
3180.321125856 0.421582185 1.005193778 1.211733007 -0.710780755 -0.004715890 0.005356763 0.703377412
3180.352902592 0.544259924 1.561314615 1.371790482 -0.711665873 -0.005790266 0.005487947 0.702472804
3180.415888832 0.545575651 1.648089584 1.371813785 -0.714748715 -0.009270285 0.006339500 0.699291174
3180.447172000 0.545545405 1.648072012 1.371806096 -0.714748665 -0.009269141 0.006339087 0.699291245
3180.478780896 0.907255247 2.269271589 1.480346594 -0.714310987 -0.013567883 0.010139818 0.699623406
3180.543912128 0.909999812 2.385162402 1.481514845 -0.713468060 -0.010562702 0.009719843 0.700540706
3180.577270144 0.909658738 2.384863278 1.481468887 -0.713469876 -0.010550370 0.009712512 0.700539145
3180.609391392 1.343799426 2.833638000 1.494945584 -0.711946798 -0.015993687 0.015193255 0.701886832
3180.672939296 1.344263523 2.976085043 1.493969592 -0.713617281 -0.012806048 0.015468487 0.700247890
3180.735828096 1.342314731 3.125705835 1.493867673 -0.710999967 -0.016836562 0.010933214 0.702905429
3180.798631168 1.343036088 3.281237134 1.492748129 -0.712022884 -0.015526737 0.015000842 0.701824272
3180.862934528 1.338119118 3.443658383 1.493213720 -0.715192995 -0.020029452 0.012983425 0.698519314
3180.929248000 1.336122492 3.625495631 1.491719316 -0.719456185 -0.020241900 0.013921095 0.694103210
3180.960889952 1.336122412 3.625495770 1.491719611 -0.719456393 -0.020241885 0.013921078 0.694102996
3180.992543744 1.657331788 4.092206006 1.594189587 -0.719489015 -0.024368128 0.017636223 0.693852084
3181.055880576 1.654339435 4.267299131 1.592043573 -0.720312119 -0.023871589 0.020805080 0.692926942
3181.087232160 1.654332727 4.267278471 1.592037549 -0.720320455 -0.023872728 0.020820649 0.692917769
3181.118461952 1.646595448 4.323185321 1.656170504 -0.721414326 -0.023919014 0.020348615 0.691791288
3181.182398880 1.634888114 4.500054480 1.653724144 -0.718555536 -0.033705285 0.013522993 0.694520716
3181.213500928 1.634377414 4.500034391 1.653760460 -0.718605484 -0.033569293 0.013348612 0.694478995
3181.244813568 1.778270829 4.941857528 1.723378645 -0.718491358 -0.034717066 0.014700374 0.694513349
3181.307328352 1.772095874 5.122554546 1.722986239 -0.716444888 -0.034538675 0.013948329 0.696648582
3181.338739264 1.771754361 5.121035785 1.723280329 -0.716408440 -0.034536782 0.013845775 0.696688203
3181.370208032 1.853146735 5.211285392 1.762551002 -0.716865589 -0.035958154 0.014567823 0.696131106
3181.442660960 1.838482602 5.426038824 1.769659051 -0.711318785 -0.044033543 0.008313529 0.701439605
3181.474707424 1.838478148 5.426129527 1.769515406 -0.711294984 -0.044047588 0.008299021 0.701463029
3181.516124768 2.026189288 5.637957648 1.880507931 -0.712473083 -0.047149915 0.010519926 0.700034516
3181.579554592 2.017206985 5.833232498 1.877903609 -0.716798614 -0.048983333 0.016210278 0.695368684
3181.611079712 2.017151789 5.833331438 1.877851932 -0.716795965 -0.049018388 0.016188492 0.695369452
3181.644941408 2.100844168 5.914001636 1.883096087 -0.716895700 -0.050462126 0.017551360 0.695130261
3181.707644448 2.087207124 6.124480857 1.884529554 -0.717650054 -0.049625552 0.011944348 0.694530804
3181.739132064 2.086947235 6.124411624 1.884421639 -0.717583875 -0.049355919 0.011899449 0.694619161
3181.770573088 2.190418748 6.342314067 1.963103011 -0.718691534 -0.051901592 0.013019587 0.693267044
3181.833851264 2.178852247 6.546868251 1.958448267 -0.718219185 -0.051592573 0.012505350 0.693788891
3181.865185920 2.178849370 6.546698332 1.958545559 -0.718216883 -0.051609233 0.012479573 0.693790499
3181.896204480 2.283123493 6.717779565 1.986928972 -0.717964699 -0.052935371 0.013930940 0.693923963
3181.959052448 2.271836358 6.921087288 1.992413454 -0.712188706 -0.053025782 0.014895730 0.699824000
3181.990504544 2.271834669 6.921104456 1.992333321 -0.712162530 -0.052998137 0.014895874 0.699852728
3182.024062496 2.378293766 7.311513734 2.099134531 -0.712856948 -0.054738158 0.016084477 0.698984975
3182.087102496 2.365277906 7.532764810 2.104388894 -0.712691869 -0.050894783 0.017935118 0.699398565
3182.150089696 2.346616523 7.746743392 2.112972292 -0.708985901 -0.055266980 0.012603479 0.702940755
3182.212976224 2.336209448 7.968641380 2.110375391 -0.714592169 -0.048579891 0.020613370 0.697547931
3182.276009920 2.319653606 8.190351559 2.109854832 -0.712176072 -0.053135583 0.017953966 0.699756749
3182.339064704 2.294045943 8.413184370 2.116660182 -0.715470609 -0.062594616 0.004682685 0.695817357
3182.402909952 2.279473173 8.638364607 2.120147318 -0.709224127 -0.058800067 0.013831191 0.702390481
3182.466213760 2.260807592 8.857718426 2.125727296 -0.708206077 -0.065319684 0.017140844 0.702768584
3182.497625056 2.260807557 8.857718500 2.125727192 -0.708206065 -0.065319670 0.017140844 0.702768598
3182.529389408 2.351126660 9.203037760 2.195979014 -0.708733831 -0.066510556 0.016689301 0.702135435
3182.592672448 2.339886086 9.433761767 2.196153423 -0.707475326 -0.050953190 0.026135744 0.704414195
3182.656377184 2.309528966 9.676339595 2.196084219 -0.716648531 -0.062922310 0.003009240 0.694583767
3182.719312704 2.295199821 9.901146397 2.213262639 -0.708503684 -0.052044082 0.010348989 0.703709344
3182.783220352 2.279599469 10.130808644 2.211450679 -0.703593105 -0.054276833 0.009005798 0.708469945
3182.845975584 2.261579239 10.370368928 2.216748020 -0.704363630 -0.052103491 0.011180722 0.707836206
3182.909466496 2.241147175 10.598895079 2.222575117 -0.707180368 -0.050615147 0.002410202 0.705215020
3182.983541184 2.223078707 10.879379697 2.232638675 -0.708365767 -0.049140526 -0.004317208 0.704119671
3183.024023840 2.223078703 10.879379673 2.232638670 -0.708365765 -0.049140523 -0.004317216 0.704119673
3183.055656512 2.262652375 11.122838889 2.286015921 -0.708982911 -0.049392024 -0.004800575 0.703477515
3183.118858688 2.255804235 11.345943764 2.297929306 -0.704404542 -0.044387352 -0.012747910 0.708294780
3183.151263488 2.255830917 11.345919772 2.297934646 -0.704399498 -0.044378549 -0.012738205 0.708300522
3183.183101376 2.325973995 11.356526533 2.300464386 -0.704108801 -0.045138270 -0.009777666 0.708588548
3183.248541696 2.320215805 11.597727419 2.316498901 -0.699218934 -0.045401656 -0.013768174 0.713331627
3183.280014944 2.320241739 11.597683044 2.316383877 -0.699168962 -0.045390096 -0.013776296 0.713381185
3183.311597248 2.326204231 11.701636375 2.347082678 -0.699704720 -0.045600210 -0.014390546 0.712830160
3183.374674496 2.313394758 11.943119402 2.349858642 -0.706951814 -0.057983470 -0.029085149 0.704280558
3183.406086112 2.313501947 11.942171043 2.350005530 -0.706862275 -0.058034104 -0.029156622 0.704363300
3183.437544768 2.346139945 11.981794942 2.372260672 -0.707254939 -0.058855718 -0.028014917 0.703947171
3183.500826016 2.339672518 12.223265510 2.367917531 -0.716682955 -0.064727318 -0.028710170 0.693795101
3183.532473120 2.339591137 12.223377873 2.367766489 -0.716649844 -0.064766330 -0.028740708 0.693824398
3183.563899072 2.403538021 12.261049471 2.390990466 -0.716947757 -0.067535713 -0.027566796 0.693300016
3183.626756064 2.391652473 12.494602513 2.400592434 -0.717607421 -0.060346119 -0.021326522 0.693500624
3183.658435936 2.391675268 12.493984410 2.400617937 -0.717508893 -0.060344981 -0.021332657 0.693602472
3183.690344512 2.412687252 12.563926136 2.421240496 -0.717753992 -0.061185074 -0.020785795 0.693291818
3183.754364128 2.395188257 12.796020245 2.433826232 -0.700534569 -0.064352796 -0.022177992 0.710364816
3183.785799296 2.394049529 12.795432885 2.433828268 -0.700607938 -0.064300321 -0.022495793 0.710287213
3183.817110624 2.421410427 12.733665203 2.459998908 -0.701795149 -0.065787786 -0.021496042 0.709008784
3183.880537120 2.404003793 12.989216696 2.438952024 -0.723801703 -0.070570064 -0.028172229 0.685811407
3183.911945632 2.404491933 12.991666020 2.438328695 -0.723801855 -0.070486281 -0.028235343 0.685817268
3183.943389696 2.401991564 13.039333544 2.460555346 -0.724188357 -0.070107651 -0.028322854 0.685444350
3184.006029760 2.397170855 13.283790510 2.469079560 -0.707061986 -0.060171460 -0.024184786 0.704171740
3184.037299136 2.397077376 13.283772693 2.468902035 -0.707043625 -0.060208197 -0.024176090 0.704187335
3184.069014784 2.462563454 13.365940794 2.519881065 -0.708017380 -0.063048761 -0.023395274 0.702985708
3184.132742240 2.455072606 13.614938784 2.532351142 -0.700479734 -0.065832955 -0.034597068 0.709786734
3184.164526368 2.455225268 13.614908676 2.532293168 -0.700434649 -0.065838745 -0.034573795 0.709831821
3184.196073632 2.455697492 13.579694464 2.548208438 -0.701471730 -0.065740639 -0.034345190 0.708827192
3184.259539072 2.449111615 13.817365379 2.556227161 -0.696276360 -0.071671226 -0.052783546 0.712233362
3184.291222464 2.448770814 13.825480166 2.556369790 -0.696217483 -0.071654660 -0.052814436 0.712290293
3184.322777056 2.450245339 13.877892900 2.585792217 -0.696877848 -0.072764312 -0.053131531 0.711508019
3184.385284672 2.447635554 14.135113376 2.585175293 -0.710054238 -0.076329413 -0.065465829 0.696929714
3184.448576064 2.450839724 14.377956953 2.597172099 -0.706725018 -0.073440295 -0.059548503 0.701142103
3184.514345376 2.450421378 14.634206786 2.603796151 -0.704493756 -0.075913620 -0.055044322 0.703488304
3184.577088448 2.450733968 14.883038993 2.610178833 -0.705990263 -0.077627583 -0.052905180 0.701963496
3184.648625952 2.454846608 15.171590463 2.619582121 -0.712311422 -0.064490036 -0.040969117 0.697692629
3184.711483968 2.453864542 15.424837550 2.621274260 -0.708931726 -0.063636600 -0.050437190 0.700587098
3184.774777568 2.456210698 15.680108972 2.633295929 -0.707956918 -0.055918037 -0.048611249 0.702358257
3184.837383200 2.445061292 15.923527341 2.637524382 -0.694055038 -0.073773765 -0.060590555 0.713564167
3184.902229824 2.448796523 16.177345585 2.657820819 -0.694436933 -0.062393432 -0.037852031 0.715843300
3184.965511744 2.437874885 16.428277255 2.671803025 -0.688618210 -0.070354999 -0.057960405 0.719371758
3185.028629632 2.433194825 16.680440474 2.669060018 -0.706151840 -0.069662197 -0.081365266 0.699911745
3185.093317856 2.465986804 16.933727150 2.692314285 -0.720991738 -0.022991471 -0.029450058 0.691935691
3185.157242944 2.461998131 17.174163195 2.699905477 -0.701975536 -0.046307485 -0.051977151 0.708790758
3185.220409344 2.470574099 17.395294081 2.720049629 -0.671126285 -0.046970083 -0.050208956 0.738147940
3185.284396672 2.496327970 17.653596945 2.724006819 -0.693748278 -0.030722317 -0.030392356 0.718919864
3185.347055744 2.503587314 17.908325196 2.737723546 -0.714271840 -0.037787443 -0.038670420 0.697776788
3185.413554400 2.509237061 18.152639832 2.750776739 -0.711050731 -0.043399044 -0.045188850 0.700343736
3185.483145792 2.516129506 18.440497277 2.750810500 -0.710608085 -0.045896026 -0.041794264 0.700844451
3185.546007392 2.513168909 18.693325631 2.759762969 -0.708316130 -0.053596770 -0.045583369 0.702380099
3185.609093664 2.510124471 18.944455384 2.769412286 -0.703913730 -0.058316536 -0.043007081 0.706579814
3185.675702976 2.501012412 19.211278603 2.782321731 -0.697070955 -0.068746182 -0.037148067 0.712731413
3185.738541056 2.485795774 19.466549667 2.792746622 -0.698939834 -0.077891292 -0.028852469 0.710340475
3185.801660544 2.462798645 19.722886877 2.806155660 -0.697509626 -0.090043326 -0.025526967 0.710437116
3185.864876768 2.436744530 19.980084574 2.818182267 -0.695414516 -0.097726663 -0.021357662 0.711612255
3185.927778880 2.410187209 20.245739779 2.828881354 -0.698015351 -0.101773962 -0.019350726 0.708549349
3185.990941504 2.378173958 20.509755093 2.837082135 -0.700717223 -0.106470560 -0.019904925 0.705168907
3186.055092928 2.348491312 20.784055915 2.840619530 -0.705247667 -0.104468078 -0.016431074 0.701029363
3186.118383584 2.317442684 21.053086756 2.844971125 -0.709185813 -0.106756836 -0.019407177 0.696621721
3186.187798688 2.290112085 21.349420430 2.848931296 -0.705842813 -0.102409743 -0.014942604 0.700767355
3186.261074112 2.255865600 21.664954678 2.860627927 -0.702448055 -0.101276417 -0.017730396 0.704269444
3186.326031232 2.226549677 21.942201050 2.865545809 -0.701893757 -0.104080254 -0.020015153 0.704352077
3186.388941632 2.199521070 22.214389753 2.877626107 -0.698428169 -0.103300290 -0.016241341 0.707999549
3186.453349088 2.169443099 22.483060972 2.886850431 -0.693761372 -0.107553969 -0.018512522 0.711888046
3186.516190688 2.140131529 22.757853788 2.901930616 -0.693161723 -0.107591837 -0.016964524 0.712504756
3186.580529376 2.110313883 23.037763335 2.915181621 -0.695913281 -0.107372472 -0.017956376 0.709826335
3186.643255744 2.054469019 23.244732778 2.912195286 -0.694288397 -0.106814527 -0.020312259 0.711436357
3186.705730720 2.032109439 23.526150383 2.922451854 -0.694674843 -0.104450675 -0.022482159 0.711344833
3186.768786464 2.003342466 23.800828088 2.943465495 -0.691059598 -0.101661002 -0.027331401 0.715090670
3186.832651360 1.979154264 24.078680856 2.953735274 -0.689293417 -0.099808837 -0.032996639 0.716815180
3186.896395936 1.954091852 24.363752158 2.978584687 -0.687743460 -0.099003234 -0.033722283 0.718380192
3186.959233152 1.931607162 24.639390644 2.992958917 -0.687207541 -0.099187515 -0.037836729 0.718662657
3187.022902272 1.909279899 24.914295025 3.016073898 -0.685845326 -0.096863522 -0.038093496 0.720265599
3187.086117664 1.886072924 25.195274720 3.037471495 -0.684658629 -0.099066395 -0.039098943 0.721040695
3187.149306432 1.862521338 25.472883331 3.057900873 -0.686202447 -0.100061904 -0.039468573 0.719413684
3187.212249568 1.840807098 25.750254365 3.077392094 -0.685590859 -0.099843653 -0.038259146 0.720092117
3187.283816512 1.815667650 26.062424283 3.102403762 -0.683925516 -0.102641875 -0.037714658 0.721310016
3187.346648448 1.791625152 26.338712713 3.120498313 -0.683161778 -0.102323761 -0.036532147 0.722139346
3187.409846528 1.768294592 26.621088712 3.139286665 -0.686895358 -0.104035362 -0.037895051 0.718272494
3187.473898720 1.744738581 26.892727657 3.161024381 -0.687066115 -0.101348216 -0.036390570 0.718571095
3187.537157824 1.717937110 27.175043155 3.182516969 -0.683539724 -0.102324366 -0.037329196 0.721740743
3187.599955616 1.695069287 27.449947337 3.207419122 -0.680953586 -0.099983103 -0.035223966 0.724613597
3187.664411648 1.667737033 27.727074132 3.228950872 -0.681294501 -0.100186007 -0.036147038 0.724219552
3187.727347296 1.642100583 28.009842182 3.253953772 -0.681950271 -0.099468004 -0.035525036 0.723731936
3187.790675136 1.618789120 28.285232852 3.277348535 -0.682146260 -0.099474928 -0.035995903 0.723522988
3187.863544864 1.593336152 28.603184767 3.303402186 -0.683224575 -0.099621259 -0.034555649 0.722554975
3187.926977152 1.569461286 28.877895347 3.326506173 -0.683245201 -0.100412179 -0.034383873 0.722434176
3187.991017440 1.542031148 29.157098133 3.350669924 -0.681063092 -0.102179246 -0.035355866 0.724197784
3188.054585024 1.516332481 29.434417042 3.370785794 -0.683765192 -0.101948048 -0.035454318 0.721674961
3188.117952480 1.488121635 29.709082172 3.393553798 -0.684082192 -0.101194318 -0.037727693 0.721365293
3188.184963776 1.462161007 29.995194349 3.414425196 -0.683413012 -0.100261237 -0.038884670 0.722068086
3188.249933504 1.436805206 30.288520093 3.440066163 -0.683714086 -0.099873866 -0.038834739 0.721839402
3188.313209568 1.414254196 30.561307351 3.460619242 -0.680663817 -0.100699178 -0.039154411 0.724584968
3188.375876512 1.390194061 30.835526858 3.486377804 -0.682226742 -0.100077452 -0.039082579 0.723203794
3188.441360512 1.368991766 31.114246492 3.506394131 -0.684071055 -0.097612350 -0.039490531 0.721774978
3188.504268032 1.346215048 31.391606820 3.533490640 -0.682527546 -0.097095034 -0.040342592 0.723257339
3188.567017024 1.328871353 31.664986608 3.555277383 -0.681684233 -0.094993969 -0.038550143 0.724428491
3188.631727776 1.305490094 31.943620633 3.581605454 -0.681668805 -0.095315796 -0.040806305 0.724277146
3188.698032384 1.286960879 32.231129566 3.607941978 -0.678359320 -0.091630065 -0.039008236 0.727949807
3188.765194496 1.266955960 32.521310223 3.638928219 -0.675062070 -0.089565632 -0.039870765 0.731217834
3188.828185696 1.251699136 32.796869182 3.665665917 -0.676397348 -0.085698659 -0.040767555 0.730397408
3188.891911552 1.238432945 33.071228220 3.698404189 -0.675293799 -0.081496571 -0.043331478 0.731750625
3188.955990816 1.229497957 33.347661439 3.728590615 -0.675226149 -0.075662503 -0.044143186 0.732390751
3189.019970336 1.221949908 33.624133375 3.759092187 -0.675798640 -0.071944426 -0.044977185 0.732186623
3189.083909632 1.213421099 33.899169508 3.791599175 -0.674260506 -0.068928781 -0.046355796 0.733807014
3189.146679008 1.208896940 34.166611392 3.823017259 -0.672933270 -0.066800290 -0.046418651 0.735216869
3189.210633344 1.203475958 34.438521925 3.857075185 -0.672331408 -0.065392841 -0.049682127 0.735680597
3189.274389216 1.201757703 34.705297967 3.887928290 -0.672374237 -0.061451976 -0.050700357 0.735911689
3189.337353824 1.198934077 34.972133862 3.929314660 -0.667280104 -0.061421034 -0.053105964 0.740367798
3189.402176800 1.199330073 35.239042966 3.962710259 -0.664983995 -0.057560473 -0.050831941 0.742899180
3189.473816960 1.200093590 35.534879006 4.009428293 -0.666654220 -0.057270789 -0.050710801 0.741431469
3189.536786272 1.200733533 35.793797801 4.042509221 -0.661535944 -0.057572268 -0.055018233 0.745673268
3189.600071168 1.200732522 36.049562536 4.086568398 -0.658306187 -0.060100331 -0.056512483 0.748216047
3189.663056896 1.205103857 36.305006357 4.124959173 -0.659020636 -0.057935946 -0.052842475 0.748026003
3189.694965088 1.204913731 36.304984567 4.125036466 -0.659039957 -0.057900984 -0.052860653 0.748010403
3189.726494848 1.151855262 35.927251004 4.001435312 -0.658299783 -0.056036935 -0.055760950 0.748593330
3189.790929920 1.150546912 36.194998099 4.037651346 -0.673570758 -0.056547415 -0.060196806 0.734493818
3189.854928448 1.155011154 36.439818850 4.078357842 -0.659782760 -0.055160187 -0.054137019 0.747471235
3189.919002848 1.154051754 36.694429701 4.114282193 -0.660442375 -0.061642101 -0.061016298 0.745850610
3189.983152992 1.157217355 36.947598332 4.152787046 -0.664797085 -0.060933610 -0.057073975 0.742343917
3190.045853120 1.153826030 37.190417415 4.193075980 -0.663100662 -0.065990267 -0.059982253 0.743199116
3190.108972576 1.154819104 37.433777997 4.227067226 -0.659498125 -0.065146798 -0.057379311 0.746676457
3190.172194784 1.154047242 37.669335774 4.275806751 -0.648803171 -0.061724946 -0.055249798 0.756433696
3190.235188064 1.173862268 37.852758477 4.322499255 -0.641781444 -0.063660229 -0.063385058 0.761607699
3190.298337248 1.215624371 38.028405361 4.367879880 -0.656389164 -0.061820810 -0.062042635 0.749321136
3190.361873472 1.169145210 38.199428009 4.368914691 -0.682702252 -0.063857190 -0.069356211 0.724589270
3190.393324608 1.169042108 38.199259988 4.368872196 -0.682667771 -0.063892147 -0.069432824 0.724611337
3190.425592384 1.120333063 39.036032865 4.562212702 -0.681882670 -0.065903832 -0.067849122 0.725320071
3190.490436096 1.090656868 39.178673739 4.591946941 -0.678084356 -0.039803521 -0.056346760 0.731739249
3190.523115968 1.095532898 39.123625860 4.579831775 -0.678140162 -0.039634437 -0.056423431 0.731690801
3190.555707008 0.414346945 39.875964713 4.808871815 -0.677963008 -0.030063585 -0.064169947 0.731672439
3190.618959488 0.385596445 40.060627093 4.847546735 -0.675435881 -0.020251810 -0.054318863 0.735136515
3190.650949696 0.382788111 40.056530167 4.847759396 -0.675433190 -0.020196211 -0.054410301 0.735133755
3190.682866816 0.530658586 41.174871866 5.181973632 -0.674791863 -0.025784844 -0.050900346 0.735799048
3190.745899136 0.483993522 41.352083400 5.219328487 -0.684887773 -0.019832041 -0.060002721 0.725902956
3190.777390208 0.483063304 41.350899312 5.219429714 -0.684898330 -0.019804920 -0.059944519 0.725898545
3190.808926272 -0.086206331 41.332880113 5.313103022 -0.686257735 -0.013279444 -0.063680933 0.724443729
3190.876038208 -0.050718892 41.560037000 5.333422793 -0.676286580 -0.000318884 -0.054110945 0.734648464
3190.910197888 -0.072798096 41.564192491 5.355877693 -0.676474596 -0.000107818 -0.054461474 0.734449492
3190.942511840 -0.250538452 42.436644770 5.562411390 -0.676054110 0.000663730 -0.054764137 0.734813779
3191.005425280 -0.322245722 42.684457880 5.637810766 -0.642325600 0.018852066 -0.046506298 0.764787283
3191.048144032 -0.329184462 42.687934720 5.634675965 -0.642304586 0.018972379 -0.046562368 0.764798544
3191.079733568 -0.639754527 43.022633803 5.791579945 -0.642885175 0.021732123 -0.048835954 0.764095161
3191.143135968 -0.639514846 43.099632228 5.816486296 -0.661140279 0.028487484 -0.054191711 0.747760158
3191.175074528 -0.639153369 43.100104582 5.816407495 -0.661211231 0.028479595 -0.054137731 0.747701629
3191.206525376 -0.877463325 43.425582848 6.021554663 -0.662570814 0.029541009 -0.054804988 0.746407167
3191.269532448 -0.849430443 43.656478480 6.060443887 -0.650391943 0.031952469 -0.069728698 0.755716395
3191.301289120 -0.852835839 43.645287141 6.059211643 -0.650442144 0.035281357 -0.072429456 0.755270956
3191.332837888 -0.925077876 44.002922323 6.217261469 -0.650848034 0.036548932 -0.073603309 0.754747352
3191.395927584 -0.884107562 44.231857238 6.264327957 -0.646490899 0.046833749 -0.086511327 0.756552647
3191.427593024 -0.884205331 44.232235817 6.264212317 -0.646476058 0.046824217 -0.086556233 0.756560783
3191.523048448 -0.884057311 44.231855641 6.264276640 -0.646469239 0.046819634 -0.086507564 0.756572459
3191.554613280 -0.884170890 44.231799473 6.264291047 -0.646466009 0.046846827 -0.086532165 0.756570722
3191.585919104 -1.143971801 44.111930878 6.284274549 -0.647403926 0.048850877 -0.088058565 0.755465047
3191.649311040 -1.103790491 44.321580796 6.336117653 -0.642572563 0.046238652 -0.101233413 0.758099126
3191.681072768 -1.102711212 44.326908104 6.336070981 -0.642773419 0.046193878 -0.100770011 0.757993312
3191.713173984 -1.150240290 44.033977677 6.327771209 -0.643657248 0.046073091 -0.101524491 0.757149520
3191.776405568 -1.091266219 44.270190444 6.355684856 -0.667909035 0.059941405 -0.109288591 0.733730572
3191.807596000 -1.097070524 44.235813813 6.351868945 -0.668340200 0.062776157 -0.111388541 0.732784501
3191.839030464 -1.493165491 43.777320690 6.380159106 -0.670143290 0.061886802 -0.111045986 0.731263827
3191.901820800 -1.431138879 43.993954220 6.406357766 -0.680569304 0.071704148 -0.116990065 0.719720266
3191.964836832 -1.365547868 44.203873032 6.426472538 -0.671849772 0.075386621 -0.128778711 0.725500368
3192.027392192 -1.289346974 44.418782482 6.450629740 -0.678295677 0.087757004 -0.133505333 0.717209878
3192.090489600 -1.209615230 44.615852370 6.483684831 -0.663435697 0.104584953 -0.132301103 0.728979754
3192.154739840 -1.214142981 44.747270413 6.525207923 -0.656301491 0.120362385 -0.139719117 0.731614528
3192.186247584 -1.213290745 44.749141474 6.525027724 -0.656381754 0.120402380 -0.139742082 0.731531552
3192.217585728 -1.228632108 44.493645960 6.542121676 -0.657857723 0.119361824 -0.137806137 0.730743074
3192.280807616 -1.136296384 44.676689579 6.590301212 -0.643499589 0.137653119 -0.118166340 0.743637421
3192.344551296 -1.070256839 44.862399499 6.633841115 -0.632442483 0.110868431 -0.149911062 0.751832009
3192.407520544 -0.973873488 45.048771731 6.663371348 -0.630531760 0.134906935 -0.127769249 0.753594611
3192.470497472 -0.885397169 45.257815119 6.676014910 -0.661150247 0.135827260 -0.130927349 0.726146910
3192.533889856 -0.807945720 45.439947174 6.724568517 -0.659025980 0.135158156 -0.140755631 0.726364153
3192.565237952 -0.807922244 45.440031084 6.724546214 -0.659028325 0.135186433 -0.140752249 0.726357419
3192.669407680 -0.782967059 45.441032286 6.846948096 -0.660318585 0.135328160 -0.140379277 0.725230524
3192.732382816 -0.698537467 45.619011306 6.883850052 -0.658351588 0.139230683 -0.125823595 0.728941991
3192.795141664 -0.619353247 45.804029796 6.908622045 -0.655554505 0.134596816 -0.127831404 0.731977541
3192.857876928 -0.545396090 45.995313503 6.931473532 -0.664002888 0.127057325 -0.139073628 0.723612553
3192.921004928 -0.469058271 46.180246327 6.956658927 -0.661966041 0.124909936 -0.135805543 0.726467703
3192.985239808 -0.382633493 46.371749076 6.983943228 -0.665157991 0.130213492 -0.114258420 0.726329338
3193.048453536 -0.324076122 46.554327655 7.012751056 -0.657452315 0.107697211 -0.137398653 0.732993434
3193.080271712 -0.323936961 46.553729048 7.012817265 -0.657454053 0.107699630 -0.137379600 0.732995091
3193.175605024 -0.001184349 46.761228117 7.203276650 -0.650896333 0.113320582 -0.103676943 0.743467215
3193.238735744 0.058807521 46.959632229 7.230344274 -0.665071248 0.100847575 -0.108347472 0.731963678
3193.302055200 0.125820982 47.135621416 7.259562238 -0.650824215 0.103034535 -0.096996526 0.745924527
3193.365237408 0.192902811 47.326974256 7.294026175 -0.649337934 0.109211330 -0.093788067 0.746750916
3193.427967392 0.233346812 47.514667209 7.322569675 -0.633354558 0.090035575 -0.111443146 0.760484073
3193.459769408 0.233369177 47.514666879 7.322558695 -0.633353986 0.090036237 -0.111439592 0.760484991
3193.564171072 0.234575788 47.519329268 7.322659336 -0.633717409 0.090100008 -0.111125889 0.760220541
3193.595321984 0.233362406 47.514688533 7.322555302 -0.633353797 0.090036452 -0.111439989 0.760485065
3193.627059008 0.655194208 47.763346188 7.789719078 -0.637202637 0.088113418 -0.109843118 0.757722452
3193.690202496 0.707825801 47.950702697 7.858763910 -0.614702373 0.088877883 -0.116861515 0.774974258
3193.721969248 0.705517024 47.946384041 7.860744247 -0.614822176 0.088839563 -0.116861359 0.774883634
3193.753506432 0.753092462 48.641824744 8.465586062 -0.617400858 0.093214340 -0.119139411 0.771967012
3193.816139584 0.784916088 48.808531814 8.556968666 -0.612362604 0.092733933 -0.107443168 0.777732875
3193.847636320 0.808132123 48.809453220 8.552539376 -0.612478422 0.092581116 -0.107146444 0.777700816
3193.879201888 1.257851603 49.775112224 9.453590779 -0.615939645 0.094461526 -0.107749801 0.774651763
3193.943164800 1.217500195 49.976820082 9.556973510 -0.619501170 0.096487957 -0.097799807 0.772880050
3193.974503072 1.223664051 49.973560775 9.558178196 -0.619460216 0.096384064 -0.097808799 0.772924700
3194.005663776 0.531623922 50.330568406 9.876652106 -0.620962513 0.105100779 -0.102203367 0.770008997
3194.068903168 0.544440077 50.515357973 9.958097297 -0.632207035 0.101979991 -0.093444854 0.762353203
3194.100729600 0.561283871 50.506457883 9.959300265 -0.632311706 0.101803398 -0.093351061 0.762301485
3194.132776928 1.401042969 51.107610406 10.744731108 -0.638957611 0.096963137 -0.090020616 0.757778075
3194.195733408 1.480930787 51.281870310 10.806358209 -0.646218675 0.117918571 -0.065415709 0.751144074
3194.239527168 1.494944911 51.278618980 10.808487126 -0.646391876 0.117635749 -0.065198279 0.751058291
3194.271260160 1.763021907 51.321189365 10.697381384 -0.645009440 0.114836921 -0.063817823 0.752796513
3194.334795104 1.872480273 51.479780484 10.760679478 -0.645623319 0.094092371 -0.092259949 0.752200277
3194.366684480 1.974910222 51.219356206 10.681153036 -0.646092958 0.092336520 -0.091264082 0.752136107
3194.398107456 2.595210763 51.332372964 10.856657866 -0.647570404 0.086528947 -0.087878611 0.751959216
3194.461563520 2.640760542 51.471845325 10.884109437 -0.638377410 0.067010544 -0.100077205 0.760242345
3194.493166528 2.642689170 51.478045115 10.884522643 -0.638641221 0.068014879 -0.100877902 0.759825648
3194.525069088 3.241682940 51.911452822 11.273488623 -0.641255306 0.065938715 -0.099437354 0.757994678
3194.589017760 3.368428523 52.068067671 11.313964120 -0.662075930 0.075016688 -0.089212209 0.740316919
3194.623354784 3.367032847 52.059247935 11.312797142 -0.662062605 0.074774335 -0.089132294 0.740362978
3194.655088288 4.609192742 52.423600258 11.857891514 -0.665224212 0.067270862 -0.086214553 0.738592194
3194.744237728 4.592365026 52.565575562 11.898710560 -0.672460828 0.060596104 -0.089039832 0.732254365
3194.782504992 4.569480069 52.510338767 11.866922091 -0.672594985 0.060631096 -0.088928867 0.732141730
3194.814518208 3.615715486 53.213250487 12.347871022 -0.675763212 0.075939857 -0.097253589 0.726717936
3194.878215520 3.633330392 53.275954358 12.358972827 -0.668730190 0.060387974 -0.114480809 0.732152559
3194.914643040 3.679796470 53.122252667 12.285110365 -0.668494678 0.059166087 -0.114048922 0.732534698
3194.946689888 4.378086451 53.208440921 12.685846361 -0.672527612 0.052629737 -0.110187125 0.729928435
3195.020025248 4.381943308 53.248268984 12.686346693 -0.667227463 0.055168598 -0.105171441 0.735325035
3195.051297056 4.380087539 53.236580384 12.686439692 -0.671300117 0.058128930 -0.106806849 0.731142584
3195.083211776 3.520142436 53.147582215 12.906325258 -0.669227834 0.064408294 -0.109099645 0.732176854
3195.146148608 3.525318245 53.170459891 12.910000698 -0.669117404 0.067868227 -0.107345071 0.732224582
3195.178556416 3.529457825 53.155237863 12.901712391 -0.669403694 0.067803604 -0.107384495 0.731963070
3195.273282528 3.526409203 53.165214808 12.906252884 -0.669345160 0.067807212 -0.107255062 0.732035239
3195.304679840 3.524881561 53.169275785 12.910254961 -0.669393777 0.067963152 -0.107370932 0.731959333
3195.400022240 2.220391384 52.996995719 13.098251489 -0.672048567 0.081349891 -0.114284364 0.727098345
3195.463197280 2.223506945 52.998835392 13.102366288 -0.671905950 0.082220118 -0.113460980 0.727261199
3195.525867936 2.223692046 52.987497360 13.095175011 -0.671946007 0.081652513 -0.113870288 0.727224166
3195.557155392 2.222348452 52.985667984 13.096416581 -0.672205821 0.081720166 -0.113984431 0.726958526
3195.588618208 2.983425345 53.487778530 13.794406819 -0.678486261 0.077270732 -0.110660914 0.722107880
3195.651748384 2.982050211 53.466922856 13.790226717 -0.679361412 0.078402040 -0.111017018 0.721107768
3195.683306016 3.106213785 53.735993348 14.131383107 -0.683133691 0.082355485 -0.113457118 0.716710134
