754.655562688 0.000000000 -0.000000000 1.000000000 -0.707106781 0.000000000 0.000000000 0.707106781
755.407196448 0.037930776 0.860587032 1.048033716 -0.695840813 0.012758050 -0.009970139 0.718013504
755.907386912 0.084025143 2.201280038 1.125268027 -0.704440864 0.007492452 -0.009015051 0.709665880
756.407745920 0.164130960 3.815306027 1.184087291 -0.711764934 0.004143240 -0.016016919 0.702222878
756.907393920 0.292204916 5.659928547 1.209787186 -0.704753837 0.000399494 -0.019747741 0.709176914
757.406699488 0.423431410 7.571084657 1.268127230 -0.705298603 0.020631502 -0.042997491 0.707304345
757.907478112 0.734871371 9.464272311 1.341772286 -0.719892023 0.022788077 -0.068337151 0.690337752
758.407312672 1.221248541 11.161601963 1.423497853 -0.718067200 0.046427657 -0.056336541 0.692134498
758.907997504 1.561166066 13.321198869 1.436839810 -0.738088827 0.054492098 -0.031312128 0.671770084
759.409166208 1.736159537 14.487966581 1.442809349 -0.698689059 0.068067417 -0.043142873 0.710872083
759.908896320 1.879861000 15.228149656 1.459406215 -0.719832708 0.041618577 -0.009179369 0.692838009
760.409216608 2.236219352 17.893625060 1.372050679 -0.721534004 0.074150129 -0.046446733 0.686828320
760.909442432 2.661600217 20.007883240 1.382126720 -0.711694945 0.080377247 -0.065975836 0.694749590
761.409283008 2.645753837 20.035836654 1.371473867 -0.711614480 0.083441281 -0.062138385 0.694824586
761.909321632 2.891517529 21.017906858 1.397262293 -0.707015031 0.090017945 -0.061337841 0.698759032
762.409224096 2.891517529 21.017906858 1.397262293 -0.707015031 0.090017945 -0.061337841 0.698759032
762.909443328 2.891517529 21.017906858 1.397262293 -0.707015031 0.090017945 -0.061337841 0.698759032
763.159288832 2.891517529 21.017906858 1.397262293 -0.707015031 0.090017945 -0.061337841 0.698759032
763.409375680 2.891517529 21.017906858 1.397262293 -0.707015031 0.090017945 -0.061337841 0.698759032
763.659387680 2.891517529 21.017906858 1.397262293 -0.707015031 0.090017945 -0.061337841 0.698759032
764.159356992 2.960793367 21.302351503 1.429202441 -0.703275412 0.129097780 -0.093765825 0.692780938
764.658362976 3.388747206 21.639690776 1.332991314 -0.709775650 0.169219424 -0.115982784 0.673892652
765.159174944 4.320621104 22.887058495 1.136767763 -0.699470415 0.181287785 -0.148818288 0.675077029
765.657116384 4.585909505 23.289732747 1.160923376 -0.709866676 0.192084068 -0.149193715 0.661010021
766.159414912 5.154326438 24.108459447 1.009773885 -0.730204610 0.190081600 -0.199346745 0.625244822
766.656584992 5.646289130 25.064079424 0.989450387 -0.720049712 0.232062535 -0.241613328 0.607699261
767.159171008 5.850537425 25.542213635 0.943219658 -0.701746309 0.255292958 -0.237125016 0.621409165
767.656520064 5.643429430 25.279022169 1.213315247 -0.726060973 0.241455915 -0.233267880 0.600100492
768.159480448 5.850136861 25.468708318 1.179422962 -0.715685242 0.263615193 -0.230946882 0.604123499
768.655764640 5.877370013 25.505371586 1.172264671 -0.716179125 0.262158025 -0.237072960 0.601794851
