3534.201222752 0.000000000 -0.000000000 1.000000000 -0.707106781 0.000000000 0.000000000 0.707106781
3534.265550208 -0.000000496 0.000255228 0.999829638 -0.707116081 0.000004955 0.000011373 0.707097481
3534.328357472 0.000108326 -0.000197268 0.999965754 -0.707109802 -0.000028850 -0.000016663 0.707103760
3534.359717664 0.000108485 -0.000197003 0.999965506 -0.707109784 -0.000028811 -0.000016611 0.707103778
3534.391763680 0.302106024 0.702131653 1.102923550 -0.706375661 -0.003083311 0.002718898 0.707825209
3534.455768160 0.305334949 0.716001292 1.102386931 -0.706847555 -0.000101441 0.003958335 0.707354830
3534.488698464 0.305242530 0.715820026 1.102323907 -0.706846554 -0.000098359 0.003957301 0.707355836
3534.520926848 0.328032507 1.556109773 1.203159671 -0.705658853 0.001118326 0.003425363 0.708542589
3534.585306400 0.330446382 1.607486553 1.199523056 -0.706875124 -0.005635701 -0.003046428 0.707309351
3534.617994688 0.330303058 1.607556406 1.199342569 -0.706869243 -0.005631271 -0.003050533 0.707315246
3534.649567040 1.133226173 2.364044419 1.416969864 -0.707534797 -0.016767346 0.004607957 0.706464531
3534.713063552 1.138612047 2.448541220 1.417908451 -0.704080675 -0.009635168 -0.000028787 0.710054621
3534.776617376 1.145998095 2.548608187 1.424475499 -0.704971062 -0.003918374 0.002503200 0.709220828
3534.840288864 1.150851081 2.660901627 1.426985623 -0.700459927 -0.006099989 -0.000451532 0.713665522
3534.914440448 1.155207405 2.810071772 1.433958309 -0.698245577 -0.008843119 0.001903070 0.715801154
3534.980057824 1.162039042 2.963022604 1.437254869 -0.695876315 -0.010910629 0.001145710 0.718077851
3535.044025728 1.165007339 3.120413867 1.445858041 -0.697205034 -0.012676632 0.002209002 0.716756279
3535.107298400 1.167084040 3.286802813 1.450747591 -0.699752099 -0.015510402 0.004835998 0.714200981
3535.173051328 1.167347984 3.464407564 1.455676695 -0.705815614 -0.019668832 0.004374113 0.708108977
3535.236451168 1.165798386 3.649460819 1.461409473 -0.707366712 -0.022734289 0.004719124 0.706465297
3535.301324256 1.162193081 3.834956632 1.468843946 -0.703523075 -0.027204529 0.005483520 0.710130359
3535.372667264 1.160150958 4.048958832 1.475131485 -0.707719968 -0.027262517 0.010051051 0.705895303
3535.437382528 1.154698563 4.244696530 1.481360161 -0.702414736 -0.030027773 0.005991283 0.711108976
3535.500890336 1.148684733 4.440014406 1.489648884 -0.705186609 -0.034199065 0.003590036 0.708187392
3535.564628896 1.146497719 4.641997330 1.491957557 -0.707640540 -0.032978379 0.006017816 0.705776933
3535.627895040 1.139522538 4.847752766 1.496811972 -0.714364041 -0.034936697 0.001457074 0.698900079
3535.693059872 1.135831956 5.054554704 1.502045395 -0.712811562 -0.031686381 0.003340220 0.700631496
3535.756897984 1.127752188 5.268531133 1.501958455 -0.713617403 -0.038630744 -0.000277072 0.699469650
3535.822604896 1.122085165 5.487662710 1.504540626 -0.715272423 -0.037144755 0.001593222 0.697856067
3535.885858592 1.118105058 5.703954295 1.508369600 -0.712553885 -0.032551229 0.001876099 0.700859372
3535.951882336 1.113705124 5.925582278 1.514289949 -0.713139750 -0.029691315 0.002784220 0.700387301
3536.026070592 1.106785836 6.192656064 1.509137705 -0.712255440 -0.032702674 -0.002515160 0.701153619
3536.090072160 1.102288987 6.420770569 1.517510476 -0.717763972 -0.032999604 -0.002453891 0.695499738
3536.153523328 1.099297272 6.645930772 1.516065503 -0.714748501 -0.031665064 -0.000971642 0.698663695
3536.216515488 1.097089314 6.874410178 1.518890068 -0.715578480 -0.030307757 0.000260831 0.697874495
3536.279760256 1.095721926 7.111703945 1.520949387 -0.714959869 -0.028457701 -0.001357043 0.698584786
3536.346379552 1.099613820 7.347695918 1.521377054 -0.720193126 -0.018658269 -0.000492564 0.693522522
3536.409620064 1.104793109 7.592148719 1.523007373 -0.716915082 -0.014052438 -0.009999788 0.696947127
3536.473538304 1.119357118 7.831532121 1.523661180 -0.719809403 0.002587392 -0.008718391 0.694112180
3536.538552928 1.130326682 8.083901042 1.529224524 -0.712601696 -0.001892567 -0.027894991 0.701011491
3536.603823072 1.150817696 8.325296167 1.524836359 -0.720627180 0.008692797 -0.027803106 0.692710538
3536.667843392 1.167295309 8.569009514 1.528778416 -0.714443953 0.002303909 -0.041499588 0.698457095
3536.699673344 1.167295376 8.569162796 1.528908679 -0.714465071 0.002299228 -0.041487224 0.698436244
3536.731227584 1.299009227 8.790411827 1.568216887 -0.714527332 0.000972858 -0.039227731 0.698506213
3536.797276576 1.318275848 9.056931397 1.555147800 -0.725809335 -0.006209019 -0.059324309 0.685304957
3536.860861952 1.342674160 9.299635729 1.567703464 -0.714923340 0.003174246 -0.056688106 0.696893823
3536.924301728 1.369167583 9.541883221 1.570404305 -0.705907588 0.002425117 -0.058904703 0.705846181
3536.998743520 1.402864963 9.838474994 1.563504557 -0.718171166 0.011841757 -0.052031488 0.693817464
3537.062646336 1.424333829 10.084991910 1.575310805 -0.712572767 0.006755168 -0.060425922 0.698958602
3537.125323936 1.449822665 10.331606263 1.584230054 -0.709495501 0.011031699 -0.060994288 0.701978727
3537.188095520 1.476424026 10.571009994 1.581345931 -0.708069078 0.010850699 -0.063459195 0.703202228
3537.219904896 1.476821417 10.570807034 1.581609353 -0.708095886 0.010851875 -0.063413665 0.703179323
3537.251436288 1.595656295 10.791867978 1.647175145 -0.708681415 0.009546200 -0.062201590 0.702716503
3537.314597088 1.627328120 11.038086279 1.653636094 -0.709855617 0.013711432 -0.055327500 0.702036941
3537.346374144 1.627308762 11.038118532 1.653598167 -0.709837734 0.013704362 -0.055329708 0.702054987
3537.379752640 1.636458801 11.053239839 1.679683810 -0.710729787 0.013386011 -0.055723369 0.701126872
3537.442645824 1.666224510 11.299433074 1.682524830 -0.710258121 0.017536813 -0.047809629 0.702096931
3537.474302880 1.666175823 11.299470374 1.682482062 -0.710279718 0.017577213 -0.047803565 0.702074485
3537.505858464 1.684079040 11.275254202 1.687081860 -0.710398562 0.017254400 -0.046807784 0.702029344
3537.571105184 1.710686952 11.531345077 1.699240551 -0.713618641 0.021028355 -0.042553907 0.698924466
3537.603838912 1.710807230 11.531511332 1.699072665 -0.713589356 0.021034737 -0.042527749 0.698955765
3537.635603552 1.751838434 11.634650997 1.734720689 -0.714048351 0.019957457 -0.042508249 0.698519650
3537.698440064 1.780934711 11.881606477 1.741030401 -0.712695440 0.029024951 -0.043278024 0.699535399
3537.729877344 1.780972111 11.881371684 1.740982620 -0.712618968 0.029031021 -0.043273692 0.699613317
3537.761597568 1.785530991 11.968173480 1.748815671 -0.712369174 0.029403600 -0.044054873 0.699803370
3537.824364896 1.816949733 12.209853130 1.752798868 -0.703620771 0.043412959 -0.029996580 0.708613668
3537.855794784 1.816905403 12.209912167 1.752714079 -0.703612285 0.043400846 -0.029990540 0.708623092
3537.887161056 1.817430975 12.245119151 1.773104410 -0.704144738 0.043613347 -0.030355645 0.708065391
3537.950535136 1.853866774 12.496815728 1.788898938 -0.706749112 0.054884592 -0.017095427 0.705124897
3537.982345376 1.854019731 12.497577079 1.788385873 -0.706769376 0.054909728 -0.017084938 0.705102883
3538.014816448 1.870284468 12.516354244 1.791992355 -0.706945413 0.054728273 -0.015710815 0.704972460
3538.077718784 1.919315056 12.762616278 1.808127742 -0.698574160 0.082942553 -0.001566872 0.710712474
3538.109306336 1.919685748 12.763195589 1.808052730 -0.698541222 0.082991032 -0.001576379 0.710739168
3538.141142560 1.940174887 12.850594880 1.815647925 -0.698039512 0.082615359 -0.001750576 0.711275247
3538.204940224 1.983279497 13.096768424 1.835270443 -0.688865445 0.089477654 0.009135598 0.719287626
3538.236115232 1.983537959 13.096702909 1.835506308 -0.688860324 0.089435747 0.009166550 0.719297349
3538.267315040 1.969755886 13.100137751 1.832296916 -0.688560273 0.090016060 0.008847967 0.719516207
3538.330310080 2.013552963 13.351871980 1.847823118 -0.699853067 0.099846787 0.021640235 0.706942717
3538.361555200 2.013242916 13.351479841 1.847815665 -0.699848837 0.099870480 0.021630945 0.706943841
3538.393515488 2.031009163 13.412511564 1.845655742 -0.699566542 0.099600475 0.021753830 0.707257499
3538.456318720 2.070392661 13.659705002 1.858976928 -0.694898220 0.105252754 0.021165601 0.711048760
3538.520086976 2.105362156 13.914626020 1.866494021 -0.702477591 0.097552918 0.015017616 0.704828443
3538.592256000 2.150365096 14.205437499 1.869806691 -0.703061692 0.102024260 0.029641163 0.703147715
3538.686928096 2.182366296 14.600641002 1.869192949 -0.711224219 0.097268320 0.026005303 0.695717406
3538.750396096 2.292981492 14.842870740 1.870339271 -0.717669921 0.102579183 0.037001378 0.687792333
3538.814850944 2.276168515 15.070191554 1.871903332 -0.698774152 0.095891613 0.027246371 0.708362279
3538.877671808 2.319894607 15.311593378 1.904216826 -0.660573644 0.092381253 0.040987680 0.743927533
3538.940603936 2.328106500 15.575004509 1.906422893 -0.674904915 0.093700866 0.052294848 0.730060787
3539.003594592 2.335231173 15.814695815 1.894300403 -0.727920373 0.078538120 0.028200986 0.680564764
3539.066644384 2.329810825 16.091186015 1.958185674 -0.702153029 0.108631490 0.049115013 0.701974387
3539.129517472 2.334090487 16.312871706 1.964025034 -0.698098470 0.108606777 0.048652241 0.706042530
3539.192792160 2.361529398 16.569436058 1.974361664 -0.706355481 0.090904947 0.057252899 0.699657295
3539.255429120 2.375437272 16.794672694 1.999968832 -0.671122428 0.079062220 0.055596918 0.735018935
3539.321843712 2.332520809 17.050491043 1.975052890 -0.688978181 0.077320984 0.046716248 0.719130116
3539.385098464 2.369369174 17.278791758 1.983492944 -0.710537019 0.082746113 0.062645476 0.695963914
3539.448059616 2.394742869 17.536556665 1.990831090 -0.698807821 0.077622314 0.057757746 0.708735810
3539.511430464 2.396819070 17.791969820 2.001126596 -0.704924086 0.070779045 0.060351284 0.703157224
3539.577050336 2.407455732 18.063156516 2.014545859 -0.702205914 0.062502689 0.058732868 0.706789019
3539.640623904 2.396378650 18.329067507 2.029919101 -0.697659552 0.057403266 0.057499602 0.711807425
3539.704027808 2.428276769 18.561284970 2.040783109 -0.691528399 0.053689815 0.062213200 0.717659665
3539.766706592 2.451272128 18.875318174 2.070949620 -0.694147041 0.049216813 0.067856103 0.714935759
3539.829629632 2.464254805 19.122648815 2.075579345 -0.691396871 0.043777115 0.073097147 0.717433438
3539.897185344 2.420910899 19.436456275 2.096986305 -0.691081246 0.041902092 0.073708735 0.717786841
3539.963363456 2.335503517 19.544973392 2.153387159 -0.693006143 0.041291862 0.071459146 0.716192054
3540.026463936 2.356743009 19.842436566 2.147006234 -0.702470333 0.040675290 0.068806364 0.707210461
3540.092440096 2.337082804 20.112611659 2.159007790 -0.705266788 0.039731500 0.062886076 0.705028727
3540.163521952 2.331681535 20.375386531 2.210973804 -0.703950097 0.049447746 0.070946645 0.704965073
3540.226695488 2.328194180 20.672918202 2.211569025 -0.707070266 0.044860074 0.057389078 0.703381623
3540.289795840 2.338310213 20.950653465 2.255201214 -0.711723564 0.060285565 0.055478382 0.697665656
3540.353333760 2.328714648 21.203169484 2.217204318 -0.705427219 0.053729239 0.031778095 0.706028158
3540.420506144 2.343385814 21.347158565 2.222226805 -0.705679834 0.059226199 0.027009150 0.705534362
3540.483865728 2.360084832 21.498709459 2.226198072 -0.704800550 0.065573541 0.022958866 0.705995174
3540.546993344 2.412982175 21.675758626 2.217732561 -0.700907480 0.068917726 0.021820248 0.709579402
3540.613310848 2.424926511 21.815148775 2.218714589 -0.701138270 0.073634807 0.017705071 0.708991941
3540.677080096 2.449517530 21.964457955 2.225033666 -0.705371794 0.077051318 0.015856776 0.704458863
3540.740295008 2.466370217 22.104475065 2.227746744 -0.702883493 0.079381385 0.018217884 0.706626846
3540.803385664 2.477908382 22.250802834 2.242302699 -0.700422593 0.077113019 0.017300328 0.709339462
3540.866202464 2.595575934 22.184068271 2.309876793 -0.707392844 0.065489508 0.019276995 0.703516088
3540.929217056 2.606003805 22.337045159 2.315809285 -0.705606369 0.063981981 0.022469207 0.705351751
3540.993183680 2.612827161 22.474719101 2.315810366 -0.704546405 0.062589913 0.025329866 0.706438435
3541.058248256 2.596916241 22.820697861 2.290755047 -0.704298252 0.085155037 0.052904065 0.702789977
3541.121318080 2.605585475 22.959950255 2.292966688 -0.701583425 0.085790339 0.057592305 0.705055914
3541.184438528 2.612879988 23.099842674 2.301415595 -0.698694088 0.081525362 0.057141201 0.708459646
3541.247668832 2.619778305 23.239230078 2.301915227 -0.701036181 0.081955035 0.058873915 0.705950075
3541.310331840 2.625287220 23.384207858 2.306986404 -0.701755446 0.078990927 0.057026359 0.705724962
3541.374448672 2.665898940 23.612751532 2.319106975 -0.703225934 0.078500858 0.058930826 0.704157695
3541.439470336 2.676306275 23.756745308 2.326572079 -0.702260785 0.076583625 0.057999387 0.705408257
3541.502824544 2.685765236 23.900434615 2.329197561 -0.705584868 0.075973048 0.057930507 0.702155357
3541.565667200 2.680859290 24.050597148 2.331692498 -0.707978361 0.075888986 0.056165827 0.699894923
3541.628465472 2.688166124 24.184798306 2.333468616 -0.702495135 0.077043881 0.056280071 0.705264050
3541.692886880 2.695403652 24.334253701 2.344674116 -0.704252861 0.076190483 0.056000000 0.703624132
3541.757175584 2.699616718 24.478299037 2.346347147 -0.706432786 0.076591129 0.055671976 0.701417956
3541.819977888 2.691069108 24.718017044 2.383650173 -0.712569620 0.071891886 0.042098440 0.696637506
3541.884201504 2.747031039 24.460129621 2.389469729 -0.713953808 0.077748102 0.058429851 0.693405469
3541.951027040 2.786591165 24.775732021 2.385443628 -0.714978073 0.069546487 0.059264569 0.693150310
3542.015908704 2.789410124 24.916292944 2.384542330 -0.713271507 0.071542658 0.060252019 0.694618672
3542.079184608 2.762980668 25.211661582 2.383696096 -0.715865217 0.075585503 0.056298595 0.691848459
3542.142551456 2.778848856 24.703955116 2.394410591 -0.717412923 0.085162083 0.056857962 0.689081483
3542.205530528 2.842048993 25.055922376 2.408446876 -0.717957701 0.082986874 0.056090932 0.688842308
3542.268759040 2.834856649 25.204683878 2.407082792 -0.720066284 0.081712593 0.053688464 0.686982640
3542.333512096 2.799800560 25.503704253 2.385520344 -0.723033262 0.094243194 0.053992458 0.682221325
3542.396564608 2.873355915 25.651542925 2.382622594 -0.717924253 0.088920153 0.050752340 0.688550777
3542.460181568 2.902796359 25.915315538 2.379149818 -0.721682963 0.092129563 0.053529264 0.683974022
3542.523694592 2.952905082 26.166040694 2.365909570 -0.722418429 0.089702860 0.056681566 0.683265842
3542.589234496 2.958570088 26.439252763 2.369878726 -0.724112511 0.093119895 0.056528491 0.681024439
3542.653205216 3.030907332 26.624261358 2.360626530 -0.719237365 0.091604986 0.059809367 0.686096917
3542.716039744 3.031015872 26.905414380 2.365251439 -0.719531689 0.096748445 0.055432186 0.685449604
3542.782541152 3.096505458 27.126197678 2.366719233 -0.719379515 0.093844777 0.054427711 0.686093211
3542.853187008 3.107720439 27.445827048 2.368625153 -0.720426520 0.098956521 0.050152817 0.684600563
3542.916170816 3.120081366 27.722955543 2.347797034 -0.722397633 0.099309423 0.047798890 0.682637945
3542.982682752 3.147727849 28.027272746 2.347473341 -0.723016507 0.105649531 0.048062703 0.681010487
3543.056551712 3.170667872 28.292513737 2.407173306 -0.722620042 0.108379844 0.050502158 0.680825687
3543.119793920 3.196294923 28.577172744 2.409804614 -0.725660234 0.115081563 0.050191734 0.676501477
3543.183066848 3.185245061 28.833599499 2.399024185 -0.726896053 0.117101189 0.040912012 0.675452180
3543.246293824 3.202350224 28.964050363 2.394464071 -0.725762871 0.118527833 0.040497663 0.676446116
3543.309264512 3.218602744 29.090824064 2.385555888 -0.723057942 0.117350491 0.040620282 0.679533714
3543.383398848 3.235803828 29.221385502 2.380664275 -0.722020495 0.117681557 0.041208001 0.680543427
3543.415727968 3.159909443 29.059775421 2.395872168 -0.722180971 0.118441710 0.040106685 0.680307034
3543.478603648 3.193546039 29.324462396 2.384158981 -0.724784601 0.117838837 0.039670852 0.677663274
3543.513345824 3.193571522 29.324488293 2.384232070 -0.724791580 0.117841963 0.039678767 0.677654804
3543.545138720 3.093036285 29.208292418 2.410501260 -0.724987048 0.118833712 0.038158665 0.677359761
3543.609090112 3.129339375 29.461664325 2.398635785 -0.717536693 0.118117697 0.044501910 0.684988237
3543.642522496 3.129233929 29.462312972 2.398634281 -0.717565891 0.118119089 0.044498890 0.684957605
3543.673959456 3.017320372 29.350691454 2.420888091 -0.717725509 0.118957573 0.042684358 0.684760714
3543.737187968 3.049018693 29.612116286 2.412142427 -0.726332110 0.119293377 0.043490381 0.675514133
3543.769866208 3.048899396 29.612176645 2.412123974 -0.726322033 0.119276682 0.043487144 0.675528124
3543.801582784 2.703024704 29.216187283 2.522980977 -0.727218913 0.122983944 0.038482348 0.674200795
3543.864506304 2.733626936 29.472746955 2.505691868 -0.734114724 0.115972499 0.031907461 0.668287262
3543.927284544 2.768991001 29.715126933 2.483364915 -0.727708490 0.119084304 0.034993737 0.674562614
3544.056407424 2.840453372 30.194421936 2.455013097 -0.729687498 0.115419293 0.032403216 0.673189849
3544.119875232 2.882434404 30.434897180 2.447446908 -0.719173254 0.124762513 0.034233636 0.682680162
3544.184732768 2.915059446 30.681130578 2.443218567 -0.711281640 0.117404026 0.018613964 0.692782970
3544.248230752 2.957809484 30.934474966 2.419928532 -0.727921634 0.124405122 0.030150940 0.673605508
3544.311747712 2.992307657 31.187201734 2.397129458 -0.747470390 0.116670608 0.022535146 0.653581022
3544.344203584 2.992307948 31.187201450 2.397129495 -0.747470395 0.116670612 0.022535236 0.653581013
3544.440510752 2.992313920 31.187213154 2.397136563 -0.747471711 0.116648361 0.022542186 0.653583239
3544.472502720 2.992307658 31.187201736 2.397129457 -0.747470390 0.116670608 0.022535146 0.653581022
3544.503809568 2.249870052 31.124300665 3.077449331 -0.752912578 0.124855355 0.014273394 0.646010883
3544.566977600 2.351334770 31.246362820 3.047000564 -0.754236319 0.144493101 0.018194946 0.640248594
3544.598216512 2.370626680 31.215522002 3.019360197 -0.754062004 0.144333434 0.018475448 0.640481859
3544.629818240 2.453887895 33.120266911 2.971739315 -0.751321430 0.141143780 0.021752611 0.644299128
3544.693187936 2.393228165 33.316076890 3.031796127 -0.767219437 0.143137324 0.007146208 0.625167956
3544.724835008 2.408760317 33.290129120 3.021519101 -0.767206276 0.142975016 0.007352973 0.625218849
3544.757985760 2.988165985 33.293504739 2.889030722 -0.767267741 0.136016837 0.012196619 0.626618605
3544.821657568 3.039034276 33.480419132 2.894075996 -0.756478798 0.143291048 -0.001698731 0.638125864
3544.853313984 3.017715454 33.484972302 2.897293282 -0.756406627 0.143580439 -0.001877523 0.638145867
3544.884992896 2.540667908 34.953173403 3.062426429 -0.755368107 0.150027277 -0.006421781 0.637863308
3544.949372032 2.626792145 35.100814831 3.083847155 -0.721343025 0.159836549 -0.033205042 0.673063105
3544.991420800 2.612231316 35.108358125 3.088729949 -0.721285583 0.159966167 -0.033421401 0.673083162
3545.025578496 3.354266310 34.833402114 3.131766521 -0.723854733 0.152653208 -0.026948694 0.672313239
3545.088614240 3.358683434 35.119027236 3.155536122 -0.747686861 0.157913182 -0.033126701 0.644150919
3545.120113696 3.358953848 35.120421356 3.158253972 -0.747742877 0.157854197 -0.033130535 0.644100155
3545.151569152 3.246308384 35.398269911 3.332956236 -0.749200487 0.159746058 -0.034875698 0.641843838
3545.216644064 3.330159502 35.616423344 3.301467098 -0.749808786 0.177541017 -0.027219968 0.636808484
3545.248053312 3.329641035 35.616080561 3.301841543 -0.749826015 0.177532533 -0.027231289 0.636790078
3545.279585536 3.480897828 35.401499626 3.292364101 -0.750259856 0.175460082 -0.025422940 0.636928240
3545.343106336 3.501222412 35.626842612 3.293982767 -0.748637661 0.207344862 -0.017003474 0.629492369
3545.374510624 3.506717924 35.624449156 3.294500710 -0.748683400 0.207271010 -0.016955916 0.629463574
3545.405885824 3.417870296 36.203143817 3.387982256 -0.749229062 0.210266141 -0.020256240 0.627720995
3545.469091008 3.470727183 36.366669347 3.361849428 -0.750922298 0.222640604 -0.028628307 0.621069468
3545.500805056 3.470064662 36.366210713 3.362380937 -0.750933442 0.222651809 -0.028641833 0.621051353
3545.533003488 3.524411249 35.997559989 3.346935045 -0.751194570 0.220506281 -0.026380441 0.621600974
3545.605970048 3.612345161 36.228979742 3.294777984 -0.739980373 0.235732127 -0.040725403 0.628650025
3545.637520896 3.611915876 36.228823746 3.294965481 -0.739975349 0.235724285 -0.040753385 0.628657066
3545.668950624 3.464630318 35.863353851 3.343052713 -0.740535164 0.234742599 -0.040910385 0.628354935
3545.734633216 3.563873631 36.073235742 3.303206672 -0.726751786 0.256786932 -0.046531134 0.635395283
3545.797759712 3.645701317 36.271695452 3.255224437 -0.744492925 0.250909850 -0.049913560 0.616671037
3545.861253408 3.735333537 36.465536888 3.215979005 -0.745751846 0.251416047 -0.046168158 0.615233822
3545.892749760 3.735378026 36.465539391 3.215978030 -0.745766499 0.251407166 -0.046153196 0.615220813
3545.988959840 3.735378556 36.465540203 3.215977115 -0.745766499 0.251407184 -0.046153333 0.615220795
3546.021683104 3.735408903 36.465536776 3.215973041 -0.745779012 0.251384932 -0.046143525 0.615215455
3546.124296448 3.735378579 36.465540322 3.215977084 -0.745766498 0.251407185 -0.046153336 0.615220795
3546.155573920 3.848664223 36.456209598 3.160580106 -0.739295404 0.256237127 -0.036320947 0.621663598
3546.249868736 3.735378579 36.465540322 3.215977084 -0.745766498 0.251407185 -0.046153336 0.615220795
3546.281879328 3.735380416 36.465524509 3.215955934 -0.745750798 0.251400570 -0.046155979 0.615242331
3546.313427808 3.902400955 36.780396329 3.349031787 -0.741456055 0.261527068 -0.034947210 0.616948299
3546.376590464 3.997004598 36.969058491 3.307025593 -0.732408410 0.264141304 -0.035898254 0.626513055
3546.439533952 4.088260520 37.165619715 3.259673429 -0.741502161 0.267375331 -0.040826729 0.614018042
3546.505475264 4.173720315 37.359813679 3.212585599 -0.740785213 0.261839319 -0.040059241 0.617310859
3546.537191104 3.679736767 37.254709693 3.453984956 -0.754617835 0.252857821 -0.049800738 0.603435773
3546.643036960 4.173720464 37.359813681 3.212585582 -0.740785226 0.261839290 -0.040059174 0.617310860
3546.674782688 4.173754699 37.359796054 3.212583391 -0.740797601 0.261811464 -0.040047801 0.617308550
3546.769644512 3.731546672 36.811726180 3.602823793 -0.736555782 0.269695496 -0.009456470 0.620210040
3546.833068192 3.814499173 37.009166767 3.558536376 -0.742115352 0.265085062 -0.002803275 0.615619084
3546.895770464 3.890628388 37.205333999 3.512053841 -0.736776421 0.259765421 -0.002044040 0.624242143
3546.927136064 3.890539290 37.205406625 3.512085777 -0.736775989 0.259778128 -0.002068310 0.624237285
3546.958578464 4.099462301 37.068338710 3.526169928 -0.737899682 0.257470197 -0.000065794 0.623869499
3547.023144800 4.173190053 37.268709142 3.491227640 -0.737779357 0.242989241 -0.009264671 0.629723760
3547.054819296 4.173223855 37.268760999 3.491212339 -0.737757951 0.243002424 -0.009284354 0.629743462
3547.149401920 4.173161740 37.268752987 3.491201264 -0.737755488 0.243006794 -0.009288555 0.629744600
3547.181062432 4.173175265 37.268708674 3.491204830 -0.737764004 0.242985024 -0.009282191 0.629743117
3547.212858688 4.362578167 37.378319049 3.540968027 -0.738716966 0.242216601 -0.008436014 0.628933379
3547.278593824 4.449573160 37.587083051 3.497446251 -0.739042016 0.248851492 -0.004435031 0.625995339
3547.310210208 4.449577878 37.587052146 3.497562069 -0.739049078 0.248865983 -0.004437466 0.625981223
3547.341858720 4.965381279 37.628250489 3.556178881 -0.741301131 0.245183578 -0.000935227 0.624785380
3547.404664096 5.021953208 37.830697933 3.507635126 -0.752242143 0.225305822 -0.018866337 0.618880526
3547.436492096 5.022009028 37.830770246 3.507725304 -0.752233457 0.225313902 -0.018873036 0.618887938
3547.471671744 4.740312396 37.471512865 3.745258226 -0.754126882 0.226160801 -0.018913973 0.616267961
3547.536109952 4.817080330 37.687806292 3.690855746 -0.768673097 0.211297682 -0.019532860 0.603418119
3547.601040800 4.892252701 37.878512723 3.652178601 -0.764595243 0.218092434 -0.018847535 0.606196811
3547.665122240 4.939344425 38.066927827 3.577475365 -0.748018030 0.228089297 -0.020442612 0.622917650
3547.699176864 4.947964801 38.062940243 3.576828433 -0.748052824 0.227975214 -0.020372461 0.622919929
3547.731132992 5.489363996 38.078881404 3.591178054 -0.749849245 0.223636539 -0.016933130 0.622435601
3547.795017472 5.552407479 38.299913337 3.580335657 -0.746908370 0.234235958 0.000761213 0.622302838
3547.826314272 5.561545027 38.297515435 3.581722605 -0.746948259 0.234146777 0.000831549 0.622288432
3547.857732480 7.169401072 38.468000556 3.698141160 -0.751927669 0.225334435 0.007300375 0.619496471
3547.921789632 7.227750567 38.644616713 3.622172808 -0.747358123 0.228774744 0.011475778 0.623687629
3547.953145632 7.063074993 38.631118280 3.597059390 -0.746707971 0.229829933 0.010516015 0.624095202
3547.984624800 7.198347098 40.105421760 4.096881241 -0.750173869 0.237732120 0.004965807 0.617007250
3548.048538784 7.269391774 40.315868495 4.097237774 -0.749798427 0.233862195 0.002489026 0.618954439
3548.080047488 7.179079494 40.298199141 4.079117786 -0.749318620 0.234334284 0.002040994 0.619358445
3548.112111008 8.350666695 40.003098001 4.705365068 -0.759464130 0.224749262 0.011418640 0.610386451
3548.175478112 8.364986830 40.226417519 4.646235962 -0.768276367 0.200523673 -0.009224432 0.607829409
3548.217643584 8.372506133 40.230725041 4.640674416 -0.768276449 0.200444736 -0.009197924 0.607855743
3548.249396064 9.475993202 40.709008801 4.634782882 -0.770889781 0.193983590 -0.003600283 0.606701204
3548.314975232 9.526068904 40.867492562 4.626025227 -0.763782990 0.204685862 0.003348017 0.612150335
3548.347034528 9.549915393 40.855310325 4.622430515 -0.764022750 0.204217320 0.003779866 0.612005095
3548.378817024 10.107302211 41.270679840 4.576060295 -0.764837837 0.201686882 0.005872084 0.611809614
3548.442926464 10.203170880 41.338678156 4.530272726 -0.752330101 0.236588742 0.035876859 0.613789897
3548.474608256 10.181069985 41.321947705 4.547733794 -0.752470390 0.236677297 0.035861140 0.613584671
3548.505946464 10.557609636 42.025378239 5.753238008 -0.764031308 0.239255064 0.036670341 0.598053895
3548.569018720 10.561142341 42.094908765 5.728059329 -0.761210502 0.253712644 0.042881902 0.595272717
3548.600681088 10.545988515 42.054392465 5.717428790 -0.765083901 0.254451815 0.043172771 0.589946617
3548.631991872 11.232377130 41.404567171 5.600578579 -0.763006436 0.244870654 0.050357995 0.596090273
3548.694531328 11.227905943 41.458413345 5.584058726 -0.757647126 0.274716628 0.078839456 0.586758849
3548.725895680 11.195834071 41.415038626 5.585192718 -0.757398460 0.274856284 0.078689061 0.587034605
3548.757088800 11.418410718 41.678681843 6.089465267 -0.762547270 0.275543723 0.079435627 0.579902837
3548.821084512 11.403174653 41.712287831 6.088119274 -0.765088832 0.258392336 0.051086362 0.587590558
3548.853584320 11.403122695 41.711236989 6.089462964 -0.765223833 0.258342533 0.051281631 0.587419625
3548.953642016 11.402766271 41.712181972 6.088062571 -0.765097396 0.258388881 0.051092296 0.587580410
3548.985602912 11.403259210 41.712097090 6.088184408 -0.765170103 0.258282963 0.051366112 0.587508423
3549.017736192 11.493567615 41.865724734 6.602331901 -0.770568341 0.259490401 0.051439199 0.579864788
3549.080983008 11.494314367 41.874790072 6.599324099 -0.770927609 0.260155576 0.051825006 0.579054286
3549.113465440 11.101264428 41.665878622 6.808167663 -0.752289224 0.276078356 0.066039065 0.594542267
3549.145098720 12.393778050 42.409902092 6.388714563 -0.771632477 0.254580293 0.057078372 0.580098487
3549.207944096 12.399576994 42.414156968 6.387020738 -0.770445407 0.255742522 0.059207279 0.580951060
3549.239525120 12.395654452 42.407780089 6.389185915 -0.770295555 0.255891802 0.059126621 0.581092236
3549.271240768 11.630182589 43.120430697 6.661785033 -0.769660006 0.265863225 0.050272339 0.578284457
3549.333750624 11.628437087 43.115125659 6.668496286 -0.770179063 0.264768092 0.050034741 0.578116418
3549.365150048 11.628293735 43.069274743 6.669025264 -0.770325603 0.264677691 0.049985078 0.577966848
3549.396525664 11.628230009 43.095513257 6.668621303 -0.770212730 0.264689932 0.050107853 0.578101024
