873.655321408 0.000000000 -0.000000000 1.000000000 -0.707106781 0.000000000 0.000000000 0.707106781
874.158695648 0.039942481 0.764346503 1.035144967 -0.716391158 -0.006192173 -0.037030889 0.696687935
874.655440192 0.106975722 1.995727316 1.098482048 -0.705848049 -0.027199221 0.023281706 0.707457911
875.158878272 0.026853682 3.380257527 1.124572014 -0.711350227 -0.024080691 0.019373536 0.702157846
875.655062976 0.057069795 4.889929515 1.167803033 -0.673774881 0.010903837 0.010825293 0.738776915
876.159545696 0.097157028 6.570002520 1.336595151 -0.675114385 0.004536708 0.005676736 0.737677274
876.659264512 0.089265557 8.387083971 1.382410398 -0.707279183 -0.014479520 0.016738543 0.706587802
877.159171200 0.063671788 8.422328126 1.382881233 -0.707465768 -0.008842198 0.018997876 0.706436893
877.659052928 0.066138567 8.436826476 1.341914637 -0.700635682 -0.008149099 0.012985387 0.713354479
878.159233984 0.066138567 8.436826476 1.341914637 -0.700635682 -0.008149099 0.012985387 0.713354479
878.659222720 0.066138567 8.436826476 1.341914637 -0.700635682 -0.008149099 0.012985387 0.713354479
879.159482656 0.000610899 8.773511059 1.413442105 -0.703324858 -0.018010704 0.025313570 0.710189399
879.659320416 0.000610899 8.773511059 1.413442105 -0.703324858 -0.018010704 0.025313570 0.710189399
880.159579296 0.000610899 8.773511059 1.413442105 -0.703324858 -0.018010704 0.025313570 0.710189399
880.409279488 0.116351670 8.410948332 1.412071597 -0.704577324 -0.020347916 0.025655486 0.708871323
880.909370528 0.066346077 10.256270208 1.597980787 -0.702006109 -0.044765728 0.012483396 0.710652952
881.159554400 0.046064667 10.322204604 1.589479270 -0.701411359 -0.044131619 0.013352262 0.711263821
881.409302208 0.045788678 10.322098716 1.589088822 -0.701404084 -0.044123171 0.013353498 0.711271495
881.909199424 0.298610665 9.818957211 1.445815534 -0.700078168 -0.048012118 0.019828241 0.712174302
882.409295104 0.180449216 11.747815896 1.564544426 -0.697836515 -0.050462322 0.016007256 0.714297922
882.909246976 -0.031426340 13.588455034 1.656024386 -0.710461492 -0.055180426 0.034558295 0.700717713
883.409229504 -0.007975822 14.728142412 1.831275848 -0.715825280 -0.065368985 0.044580783 0.693782112
883.909405408 -0.361308221 16.388471407 1.855976203 -0.705355381 -0.094669190 0.095433231 0.695991400
884.409806592 -0.812881995 18.125205403 1.865829105 -0.711153823 -0.085663205 0.094336633 0.691391825
884.909502272 -1.193740434 19.603620577 1.768036673 -0.714284224 -0.078226673 0.092873355 0.689241013
885.409477024 -1.574959640 21.259196766 1.731414967 -0.722475441 -0.083331231 0.088519575 0.680624293
885.909368832 -2.053609338 22.601858760 1.679490140 -0.726232890 -0.071105792 0.084677425 0.678497965
886.409479424 -2.429901767 24.007774096 1.597062524 -0.739926530 -0.086088801 0.088075500 0.661316985
886.909373536 -2.606075052 24.734569607 1.554598080 -0.733488405 -0.086904499 0.092348180 0.667768059
887.409290144 -2.652866658 24.920631997 1.547812818 -0.728244236 -0.089068527 0.092691543 0.673153332
888.409567424 -2.664414541 24.967922879 1.546500231 -0.726801266 -0.089072479 0.094061198 0.674520944
