3165.005373696 0.000000000 -0.000000000 1.000000000 -0.707106781 0.000000000 0.000000000 0.707106781
3165.193111008 0.000465962 0.003229740 1.001052703 -0.705561052 0.001556555 0.000324154 0.708647355
3165.443541056 0.006102130 0.202160669 1.013861409 -0.701648237 -0.003983292 0.015798549 0.712337203
3165.566223392 0.003415405 0.399947380 1.025150279 -0.698393532 -0.004040605 0.029201546 0.715106577
3165.694904640 -0.002795093 0.668336647 1.033765931 -0.689278408 -0.007642434 0.015025667 0.724300420
3165.816986016 0.003293258 0.975824396 1.055985296 -0.696955164 -0.006208562 0.011468852 0.716996107
3165.941583968 0.004863802 1.315109657 1.072170093 -0.701265568 -0.012202697 0.008327838 0.712747041
3166.070518880 0.009382180 1.688313542 1.091098393 -0.703605260 -0.007533824 0.004852049 0.710534544
3166.195140000 0.023479507 2.067519792 1.110048887 -0.702109206 0.006388895 0.009616376 0.711975680
3166.321380800 0.033038592 2.458837977 1.126463992 -0.703143742 0.007351489 -0.000144944 0.711009713
3166.445717344 0.042871656 2.856950662 1.138992489 -0.702850378 -0.006514735 0.004809489 0.711291623
3166.569462560 0.044488605 3.270849824 1.147969243 -0.711514145 -0.011899255 -0.002448992 0.702566745
3166.694928064 0.058983520 3.692436477 1.160789346 -0.706451837 0.004425213 -0.004900607 0.707730319
3166.822607328 0.078177395 4.126526400 1.171358926 -0.709564819 0.006783247 0.001367735 0.704606191
3167.008393056 0.096406209 4.802362733 1.181246659 -0.713366480 -0.003503409 0.002772643 0.700776928
3167.130228992 0.097518748 5.254759757 1.186956296 -0.715116132 -0.008636587 -0.000943491 0.698951670
3167.258788160 0.104392750 5.704601140 1.199919215 -0.707983184 -0.014073257 -0.006574989 0.706058442
3167.380312128 0.114090777 6.166302493 1.206274055 -0.707031388 -0.005867429 -0.005781089 0.707134194
3167.508467776 0.125871236 6.637584079 1.221101385 -0.713011580 0.006664678 -0.010459382 0.701042559
3167.630186848 0.136682990 7.097472919 1.237896993 -0.707836839 0.006238224 -0.021192981 0.706030418
3167.758576224 0.180326819 7.574198251 1.250612877 -0.708390338 0.009450409 -0.012404586 0.705648599
3167.880278720 0.212544814 8.046085495 1.279317979 -0.701982956 0.010556292 -0.005138165 0.712096969
3168.008949696 0.246573098 8.526149090 1.308133447 -0.699125515 0.008916831 -0.007773161 0.714901099
3168.130231776 0.265392553 9.006327900 1.314193796 -0.707611030 -0.002165139 0.000276212 0.706598801
3168.258523072 0.269861512 9.496684098 1.331620754 -0.707994915 -0.019141065 -0.009801364 0.705890043
3168.380463008 0.270319131 9.994653352 1.325995160 -0.732004173 -0.018425564 -0.006838664 0.681016609
3168.508931872 0.267305025 10.486894418 1.317761379 -0.725067960 -0.020730423 -0.031240820 0.687655956
3168.630644928 0.252819665 10.969302114 1.316070954 -0.710832901 -0.041218623 -0.043368634 0.700811511
3168.758869248 0.268109758 11.487881073 1.323651932 -0.717956196 -0.016027780 -0.048569035 0.694206784
3168.880677472 0.322929102 11.980104022 1.348871653 -0.703808180 0.022924411 -0.042176500 0.708766295
3169.008417632 0.381267719 12.494251192 1.368706823 -0.706831675 0.028392429 -0.039809414 0.705689779
3169.140469920 0.447986005 13.038925070 1.380215339 -0.713002818 0.028497281 -0.046735543 0.699021227
3169.268001536 0.507189482 13.559108590 1.385336383 -0.714959769 0.024084811 -0.052432960 0.696780622
3169.390109632 0.569337675 14.073702016 1.379121291 -0.724460589 0.020122610 -0.047202655 0.687403699
3169.516769344 0.643350881 14.598008616 1.378215036 -0.710807235 0.041413573 -0.026719577 0.701658076
3169.641487968 0.702482979 15.116100810 1.392015818 -0.706079387 0.026314308 -0.025216343 0.707194169
3169.767267040 0.746410709 15.647462361 1.405058117 -0.709408988 0.006365701 -0.063708340 0.701882905
3169.891305760 0.839507851 16.152356058 1.425339265 -0.723004429 0.043724682 0.003078408 0.689451428
3170.016863744 0.907484870 16.622026918 1.448931656 -0.690663348 0.050851560 0.005645961 0.721364251
3170.141651584 0.961295295 17.145487001 1.453201176 -0.721251999 0.051227247 -0.012526276 0.690662302
3170.266666688 1.012603599 17.659607857 1.446214117 -0.719946052 0.042853316 -0.017414459 0.692486832
3170.393082752 1.067099277 18.184418453 1.454494483 -0.708577077 0.038701303 -0.022707738 0.704205292
3170.517512384 1.125790986 18.723846356 1.468425337 -0.709890474 0.034380715 -0.026631629 0.702968163
3170.641382784 1.191045255 19.260318009 1.482259328 -0.709517202 0.037664841 -0.039066094 0.702595574
3170.829573760 1.306025375 20.063022568 1.497852006 -0.713393637 0.040996346 -0.038355566 0.698511037
3170.954192992 1.378893620 20.618825840 1.503106031 -0.712471732 0.044315906 -0.041976208 0.699040864
3171.079322912 1.458730549 21.174309524 1.517165410 -0.707311905 0.044674664 -0.043938942 0.704118891
3171.203893568 1.509842233 21.674797092 1.518654392 -0.701718815 0.045441928 -0.045116114 0.709570484
3171.329954112 1.545381724 21.989096470 1.531332753 -0.708361778 0.042351969 -0.049940575 0.702805693
3171.454126272 1.568894539 22.292739760 1.537984151 -0.702090188 0.040886799 -0.052642247 0.708961516
3171.579052064 1.637879890 22.682820529 1.570737810 -0.699326829 0.034873688 -0.058133276 0.711580167
3171.704714784 1.721518573 23.237914254 1.596740036 -0.700040834 0.031863771 -0.058811989 0.710963206
3171.830594304 1.805392583 23.807996798 1.632923627 -0.697931192 0.028500628 -0.059133500 0.713150051
3171.956302656 1.894635426 24.342447959 1.672376760 -0.701797761 0.026235535 -0.057997947 0.709526488
3172.080002656 1.972040786 24.903944464 1.702957103 -0.699903603 0.025722224 -0.057831793 0.711427296
3172.205506624 2.050485808 25.473696021 1.738616786 -0.696643962 0.027060760 -0.056669892 0.714663158
3172.330368352 2.130729777 26.037660450 1.777620575 -0.695378730 0.027587228 -0.054176233 0.716067247
3172.455611456 2.172224548 26.517035957 1.816321287 -0.698209671 0.028147315 -0.054642337 0.713249746
3172.580999424 2.149022199 26.946173774 1.847964097 -0.697483177 0.027541445 -0.061962167 0.713385854
3172.706886560 2.207565104 27.463170649 1.884559203 -0.699610880 0.040404683 -0.076928217 0.709220789
3172.830465856 2.316964444 28.017533017 1.917539949 -0.696396570 0.047497856 -0.084023706 0.711136968
3172.955210016 2.368062598 28.502263680 1.971885812 -0.698518944 0.048050404 -0.082336835 0.709213007
3173.080624416 2.481232060 29.063047095 2.005105139 -0.699961826 0.049686247 -0.080552239 0.707881385
3173.204798592 2.594870648 29.615661830 2.033732838 -0.696886682 0.048702630 -0.076397314 0.711435490
3173.331249856 2.706374233 30.174479974 2.062079769 -0.691636663 0.045252495 -0.069511756 0.717467110
3173.454912864 2.813715810 30.717030330 2.101127376 -0.692521820 0.048934666 -0.067221162 0.716589313
3173.582029088 2.918893078 31.267289222 2.142027495 -0.691030915 0.052894376 -0.065908241 0.717868069
3173.704968896 3.027628510 31.809758981 2.185697556 -0.686661293 0.052032035 -0.068252784 0.721893686
3173.831423552 3.139234191 32.356848482 2.230348281 -0.684823519 0.053961456 -0.068937978 0.723431036
3173.955906336 3.246286714 32.890187646 2.280767818 -0.679122967 0.055232294 -0.068387123 0.728741787
3174.079917920 3.355531715 33.410670299 2.341083827 -0.671120380 0.053218798 -0.070908196 0.736028004
3174.205270560 3.460179523 33.943140546 2.397577998 -0.684368362 0.052466880 -0.073287358 0.723544148
3174.330471680 3.565180761 34.435640687 2.443497008 -0.682160761 0.048332640 -0.072134072 0.726028462
3174.456239008 3.682743723 34.819206868 2.491689530 -0.684950515 0.041346110 -0.074337465 0.723607098
3174.580353408 3.771652329 35.255092719 2.536866935 -0.686865601 0.038651459 -0.075044149 0.721865699
3174.703782432 3.855164794 35.750323137 2.600772622 -0.665254698 0.039486620 -0.076508931 0.741635609
3174.829291584 3.959289718 36.264014788 2.631750773 -0.706573196 0.040751498 -0.065263247 0.703444626
3174.953452480 4.027011272 36.731758506 2.635135273 -0.722644858 0.038001160 -0.064726176 0.687132333
3175.078897120 4.144420530 37.241256419 2.641493747 -0.710571108 0.057878419 -0.102352670 0.693731014
3175.203018944 4.332536305 37.753483022 2.631173794 -0.724935432 0.097624159 -0.143837284 0.666520051
3175.330401600 4.568479027 38.224215710 2.628845886 -0.699714244 0.135835419 -0.176056457 0.678935077
3175.458146528 4.833261615 38.632674938 2.697706391 -0.627466484 0.172826644 -0.193655399 0.734107859
3175.585455296 5.098663304 38.997738332 2.752774161 -0.665161929 0.188407687 -0.173535088 0.701389852
3175.714974304 5.348304501 39.308500151 2.797976357 -0.668943012 0.174414843 -0.190348206 0.697038212
3175.839326144 5.608640838 39.650238924 2.831812021 -0.678670081 0.174527887 -0.198139407 0.685337663
3175.963961568 5.882830061 40.071904360 2.868645597 -0.668725307 0.193682430 -0.210370581 0.686321936
3176.088604256 6.150277081 40.451122073 2.920953794 -0.649145525 0.203277084 -0.221991684 0.698575842
3176.215195936 6.431003133 40.842180183 2.956671657 -0.661774864 0.207912345 -0.201323963 0.691588858
3176.339262112 6.713702997 41.234165792 2.979728281 -0.670316603 0.219113044 -0.208300723 0.677699000
3176.464134368 6.991116030 41.619457091 2.997166619 -0.668136245 0.222135398 -0.220691067 0.674940943
3176.588737504 7.274043376 41.981072936 3.029194376 -0.656535661 0.234400069 -0.224342764 0.680946295
3176.714911392 7.559641593 42.328076813 3.078146218 -0.643442158 0.227271517 -0.219801743 0.697149224
3176.839209504 7.862389994 42.707394286 3.091110751 -0.664250859 0.227084256 -0.214724064 0.679041320
3176.964250240 8.137990365 43.016155079 3.136785778 -0.653090701 0.223732062 -0.212482938 0.691568870
3177.089086688 8.415463469 43.380675844 3.171248081 -0.648192928 0.216922164 -0.223282806 0.694935603
3177.214159104 8.709372560 43.739184167 3.200611420 -0.648057743 0.232799293 -0.249811568 0.680749463
3177.340436832 9.032876802 44.079553746 3.231573490 -0.651566859 0.262138758 -0.211500457 0.679714247
3177.464739648 9.322903657 44.420695570 3.249852840 -0.644766967 0.244435254 -0.238527097 0.683836083
3177.589204032 9.628044743 44.755595485 3.288153505 -0.643722592 0.245710658 -0.241480462 0.683326191
3177.714612256 9.922781252 45.104212061 3.316161834 -0.653700209 0.229553773 -0.253125832 0.675209905
3177.839368128 10.223774437 45.448710654 3.334703444 -0.659399871 0.232151016 -0.259277886 0.666387795
3177.964132160 10.538785917 45.777013435 3.366419330 -0.651354025 0.255224810 -0.272370407 0.660615314
3178.089116256 10.867958965 46.083047017 3.393706854 -0.637271127 0.280859575 -0.274842337 0.662921639
3178.215096064 11.186057423 46.381612725 3.430198574 -0.634869229 0.280399783 -0.294344257 0.657022436
3178.339390464 11.518213011 46.670010624 3.444171812 -0.628777522 0.282583220 -0.291441103 0.663210098
3178.464519680 11.845130712 46.928503060 3.485506712 -0.624285320 0.305248491 -0.287030616 0.659321335
3178.589971328 12.097347147 47.111121567 3.519417546 -0.612041705 0.325002400 -0.297560766 0.656685604
3178.777393344 12.349419411 47.328681393 3.525064448 -0.637020255 0.306358471 -0.291926749 0.644304629
3178.964397472 12.488061037 47.429596200 3.530349941 -0.637940520 0.314431176 -0.267192415 0.650210075
