3687.321508672 0.000000000 -0.000000000 1.000000000 -0.707106781 0.000000000 0.000000000 0.707106781
3687.696961120 0.002029997 0.244188528 1.015798794 -0.690190438 -0.005699044 -0.018198193 0.723376462
3687.884310464 -0.006056350 0.624424605 1.026597649 -0.714023620 -0.005672400 -0.011625375 0.700002104
3688.009285664 -0.000333988 0.909338422 1.026452336 -0.712839516 -0.009799018 -0.025243503 0.700804230
3688.134207264 0.025224424 1.219199940 1.051058521 -0.697591511 0.020838395 -0.000686011 0.716192274
3688.259674944 0.021651926 1.554210708 1.047452610 -0.694454891 0.008601410 -0.013287937 0.719362114
3688.386080736 0.039170702 1.898862021 1.072453788 -0.692509857 0.026037312 0.006003995 0.720913385
3688.509441984 0.050210574 2.250297506 1.100859916 -0.704117436 0.035944645 -0.003905435 0.709162440
3688.634883520 0.056033132 2.614931470 1.105230816 -0.707370959 0.032013303 -0.026654494 0.705613926
3688.761035360 0.077364032 2.992153018 1.122967463 -0.707518934 0.033737719 -0.022400080 0.705533104
3688.887232992 0.106687981 3.381406982 1.139918719 -0.706111237 0.034507007 -0.009176705 0.707200096
3689.011497216 0.142569663 3.787854622 1.147193912 -0.706486149 0.046977528 -0.007575110 0.706125379
3689.136496512 0.189244797 4.203453604 1.160805115 -0.711046385 0.055927220 0.008789005 0.700862281
3689.261995712 0.220360449 4.652711877 1.141304474 -0.737557053 0.049910424 0.010776951 0.673351618
3689.386671872 0.252617024 5.076372573 1.160746465 -0.698869562 0.050184315 0.023204859 0.713108971
3689.511968096 0.269317943 5.494020384 1.215192595 -0.642629676 0.037142621 0.024660010 0.764878689
3689.637952544 0.261106242 5.944958445 1.284305267 -0.668118435 0.002665336 0.049602635 0.742394930
3689.761926880 0.221144298 6.393654835 1.337673352 -0.683274953 -0.016969865 0.055118239 0.727880033
3689.887524992 0.194258182 6.838197976 1.390449044 -0.676276404 -0.003909890 0.067379325 0.733549565
3690.074435168 0.148530820 7.539498874 1.445026236 -0.707082769 -0.007151363 0.067569233 0.703858803
3690.200074208 0.106407254 8.020640493 1.450246318 -0.722923791 -0.014505983 0.077482946 0.686416172
3690.324056064 0.047149111 8.491610969 1.457276268 -0.700328536 -0.019841184 0.077924568 0.709277119
3690.449396960 -0.023097958 8.990932806 1.481474730 -0.704207045 -0.034213506 0.077113507 0.704964808
3690.574530592 -0.092999611 9.504179338 1.506559225 -0.703403263 -0.036982504 0.073448716 0.706018009
3690.699414880 -0.163584931 10.030096321 1.516221713 -0.711095050 -0.037323411 0.077333937 0.697832541
3690.824484608 -0.238511530 10.549961952 1.530803691 -0.705897042 -0.036909294 0.077058556 0.703142268
3690.949151648 -0.326045731 11.091549410 1.550658987 -0.710791956 -0.039453601 0.071668976 0.698628489
3691.074555296 -0.410391358 11.631831443 1.565751929 -0.702381747 -0.039044535 0.071716355 0.707101245
3691.199596064 -0.385771711 12.017430432 1.596033381 -0.702331752 -0.039205403 0.079610551 0.706296826
3691.324883360 -0.426161306 12.550460976 1.615145981 -0.702265124 -0.028997960 0.076993949 0.707145491
3691.449255456 -0.456262254 13.070991156 1.646492474 -0.702237629 -0.019958748 0.077330843 0.707448868
3691.574213824 -0.517015441 13.636362073 1.676059531 -0.703109010 -0.017496770 0.078596008 0.706508493
3691.699908384 -0.583280280 14.228506862 1.717163553 -0.695617732 -0.014508971 0.080269604 0.713766244
3691.824728800 -0.739477498 14.548951351 1.743812282 -0.699577749 -0.013597768 0.070454413 0.710944617
3691.949287104 -0.935148046 14.879376410 1.772919936 -0.696681363 -0.010674861 0.051821310 0.715426920
3692.074031168 -0.989835581 15.465945437 1.812282880 -0.700841349 -0.013338978 0.052860755 0.711230775
3692.200215488 -1.062604703 16.015619984 1.841871796 -0.698367408 -0.014062716 0.048553775 0.713952194
3692.324165536 -1.108315655 16.616493458 1.878142575 -0.699623429 -0.017410870 0.051706252 0.712425703
3692.449195360 -1.146473519 17.132554763 1.896650048 -0.701441880 -0.028486869 0.056676236 0.709898297
3692.574978176 -1.091046770 17.609192662 1.914152166 -0.698936971 -0.035957740 0.064758535 0.711337109
3692.699405280 -1.128506570 18.176642687 1.957514057 -0.697173243 -0.034287415 0.069037910 0.712746525
3692.824156576 -1.202904905 18.790455310 1.993414929 -0.696365061 -0.033089865 0.068122587 0.713680654
3692.949979904 -1.276635175 19.402149072 2.025465066 -0.695246598 -0.035403588 0.068206089 0.714651442
3693.074244416 -1.352003653 20.020110858 2.063313049 -0.692860446 -0.035648295 0.067863551 0.716985453
3693.199475808 -1.428566065 20.645537579 2.109159357 -0.690105339 -0.038786126 0.068679581 0.719397924
3693.324206144 -1.501568595 21.255845557 2.162527867 -0.687033369 -0.043807847 0.069106012 0.722004419
3693.449128928 -1.579281047 21.872525869 2.216785928 -0.688233011 -0.047248664 0.072814084 0.720278415
3693.574327552 -1.663283283 22.489812169 2.269311725 -0.686447602 -0.045088565 0.065509757 0.722817531
3693.699462240 -1.732109723 23.096302843 2.328702125 -0.681186016 -0.039953977 0.060093719 0.728545150
3693.824451584 -1.805150394 23.695351832 2.401292974 -0.678386528 -0.035876690 0.065251167 0.730921929
3693.949727808 -1.949537081 24.170006032 2.478089947 -0.682259944 -0.035610798 0.069261000 0.726949897
3694.074503712 -2.105077622 24.626842246 2.615618477 -0.688409986 -0.041153313 0.067407807 0.721009212
3694.199475616 -2.195432061 24.999723680 2.660710752 -0.689486029 -0.048103430 0.064716724 0.719796375
3694.324483200 -2.237455513 25.424244765 2.709004389 -0.679242418 -0.057553375 0.066106507 0.728661291
3694.449347328 -2.314513428 25.933345806 2.776267648 -0.673808875 -0.072360461 0.064631199 0.732508274
3694.575334624 -2.209571711 26.100307308 2.767600300 -0.697685711 -0.085385739 0.064807112 0.708338876
3694.698953632 -2.312483196 26.631475655 2.824239801 -0.666358874 -0.072167975 0.087039713 0.737008631
3694.824410656 -2.351769794 26.772719084 2.856236440 -0.674045232 -0.061517100 0.098630382 0.729486613
3694.949293568 -2.497501363 27.495456149 2.870036157 -0.715180836 -0.070202543 0.075177850 0.691329347
3695.074351488 -2.619110227 28.217006999 2.937792697 -0.655107388 -0.074339133 0.068087267 0.748780427
3695.199565408 -2.909642566 28.691583529 3.031924290 -0.683551117 -0.057622692 0.078131927 0.723417513
3695.323851360 -2.973523484 29.295859489 3.140496864 -0.687541653 -0.053925874 0.068633402 0.720879971
3695.449143392 -3.080412488 29.857094758 3.188256393 -0.695415091 -0.061737477 0.066000738 0.712902685
3695.574082496 -3.170371689 30.417993959 3.217033022 -0.691838576 -0.056056201 0.067111635 0.716737829
3695.699155168 -3.274973487 30.980584515 3.282435797 -0.671687950 -0.050821301 0.069169021 0.735845187
3695.825074464 -3.361065203 31.537713170 3.324333524 -0.695107837 -0.051318854 0.071831165 0.713464613
3695.949490144 -3.463573371 32.048677383 3.372374391 -0.677296428 -0.049317314 0.064860262 0.731184312
3696.074293600 -3.547042640 32.597940906 3.434825973 -0.678427242 -0.062369653 0.060305006 0.729527114
3696.199271168 -3.632048329 33.156446652 3.461751928 -0.690622037 -0.062821717 0.060553987 0.717933039
3696.325333056 -3.740294202 33.666931363 3.493113794 -0.699202945 -0.060737490 0.068214194 0.709064894
3696.449164192 -3.825010023 34.187823230 3.523225059 -0.695421061 -0.058757383 0.057103616 0.713916168
3696.574497696 -3.920143983 34.706658831 3.563276094 -0.693241384 -0.062835699 0.059990412 0.715450354
3696.699747136 -4.004517333 35.215173087 3.596197047 -0.695821866 -0.059859355 0.068980836 0.712383628
3696.825355616 -4.096242778 35.731547981 3.635337228 -0.689212956 -0.057435045 0.062793403 0.719544095
3696.950425312 -4.174342315 36.234402881 3.682894327 -0.684310035 -0.050194764 0.074800000 0.723605709
3697.073874528 -4.247026578 36.758480481 3.726185399 -0.685541463 -0.039568605 0.085379063 0.721926342
3697.199584704 -4.331389437 37.280386601 3.765114059 -0.687306620 -0.036443231 0.085705198 0.720372209
3697.324153312 -4.410430384 37.813190206 3.798113029 -0.691719976 -0.042094255 0.085628715 0.715834667
3697.449379008 -4.498041276 38.337758873 3.843317079 -0.691464921 -0.050893956 0.080508195 0.716103693
3697.575069856 -4.583210980 38.845701647 3.877081024 -0.694180038 -0.046561597 0.083973085 0.713368497
3697.699870784 -4.663264692 39.352210927 3.918042193 -0.689416039 -0.037007663 0.082690168 0.718678158
3697.824365600 -4.747370338 39.864231261 3.951877677 -0.691681801 -0.045195643 0.096988237 0.714231700
3697.949032096 -4.850052675 40.376949336 3.976676057 -0.696193819 -0.061240341 0.095933796 0.708773937
3698.074621248 -4.955635839 40.882299393 3.998446618 -0.692624790 -0.065923046 0.091957156 0.712368538
3698.199503072 -5.071745017 41.395309030 4.036291082 -0.694358118 -0.073548500 0.103955072 0.708273086
3698.324480576 -5.210625010 41.900866542 4.069520629 -0.699877917 -0.084145248 0.103937888 0.701631950
3698.449354080 -5.349857609 42.411011887 4.092970454 -0.690852482 -0.085579549 0.103722077 0.710380686
3698.574191200 -5.489572129 42.918331596 4.113955335 -0.706455705 -0.087490988 0.102167479 0.694857877
3698.699738464 -5.627235841 43.445998259 4.130047480 -0.707285719 -0.085863427 0.102182066 0.694214094
3698.824251200 -5.767452994 43.977208924 4.139650999 -0.711921112 -0.083286949 0.111421956 0.688343492
3698.949658720 -5.922509860 44.525578443 4.142990667 -0.715523286 -0.083651819 0.114313199 0.684076964
3699.075044736 -6.065508817 45.049021213 4.143367576 -0.715842755 -0.085510601 0.116443831 0.683152926
3699.199318208 -6.198879709 45.503307555 4.149214579 -0.711700760 -0.090587343 0.113237678 0.687352304
3699.326045280 -6.306158035 45.879711694 4.153329444 -0.714047114 -0.088702848 0.117203824 0.684493819
3699.449082464 -6.396548118 46.181621604 4.161435558 -0.711584841 -0.081631063 0.114836875 0.688328320
3699.636868864 -6.499550746 46.506643761 4.166586393 -0.710537221 -0.085171624 0.104185489 0.690672162
3699.887191488 -6.568066608 46.764451919 4.177624959 -0.706010114 -0.083345073 0.112151961 0.694280387
3700.386942912 -6.622167034 46.954895948 4.181356161 -0.707146855 -0.086689264 0.112333966 0.692682739
