1303.862984032 0.000000000 -0.000000000 1.000000000 -0.707106781 0.000000000 0.000000000 0.707106781
1304.613065440 0.062671894 1.044826623 1.056787131 -0.696914265 0.005262076 -0.008988360 0.717078816
1305.112497952 0.151478174 2.467223042 1.124145640 -0.702068850 0.021970801 -0.013011761 0.711651114
1305.612709504 0.214252027 4.055680861 1.172349600 -0.711509645 -0.005149991 -0.003072638 0.702650739
1306.112597184 0.265982700 5.801703374 1.206780127 -0.707561055 -0.010693936 -0.007261302 0.706533981
1306.612902592 0.344621839 7.626435792 1.207856324 -0.703055002 0.028123263 -0.005977393 0.710554021
1307.112648928 0.499076397 9.451699601 1.282635060 -0.710912789 0.014272564 -0.014317461 0.702989552
1307.612502496 0.645486187 11.344430688 1.283693067 -0.719752109 0.007107765 -0.024732840 0.693754040
1308.112604896 0.830300808 13.258245425 1.324511842 -0.711632037 0.017999794 -0.031256141 0.701625901
1308.612761792 1.043717217 15.235748178 1.351155966 -0.720067834 0.009307546 -0.048463994 0.692146607
1309.112679008 1.269518061 17.119341588 1.396957200 -0.718333722 0.028098659 -0.003483404 0.695122287
1309.612658016 1.359994564 17.851350293 1.415130054 -0.707430796 0.025748931 -0.021982017 0.705971283
1310.112284000 1.379552792 18.850276041 1.466366059 -0.704071150 0.048180804 -0.032593005 0.707742978
1310.613004864 1.379552792 18.850276041 1.466366059 -0.704071150 0.048180804 -0.032593005 0.707742978
1311.113378624 1.611214692 19.480811377 1.522409859 -0.705268285 0.045837469 -0.024280926 0.707040317
1311.612695648 1.611214692 19.480811377 1.522409859 -0.705268285 0.045837469 -0.024280926 0.707040317
1312.112602048 1.611214692 19.480811377 1.522409859 -0.705268285 0.045837469 -0.024280926 0.707040317
1312.612800736 1.611214692 19.480811377 1.522409859 -0.705268285 0.045837469 -0.024280926 0.707040317
1313.112629824 1.611214692 19.480811377 1.522409859 -0.705268285 0.045837469 -0.024280926 0.707040317
1314.613346048 1.611214692 19.480811377 1.522409859 -0.705268285 0.045837469 -0.024280926 0.707040317
1315.113395904 1.611214692 19.480811377 1.522409859 -0.705268285 0.045837469 -0.024280926 0.707040317
1315.612668384 2.639333871 20.750837292 1.739249157 -0.707854631 0.094664179 -0.021471130 0.699656705
1316.112605824 2.689239692 20.641827697 1.730208487 -0.710766946 0.057291692 -0.057756761 0.698707498
1316.612729664 3.109154489 21.571688613 1.683434282 -0.713032822 0.103111747 -0.082808607 0.688545493
1317.112661632 3.191299688 21.622866458 1.800124415 -0.700433453 0.135625144 -0.104887983 0.692818381
1317.612723808 3.490493547 22.758269163 1.740044311 -0.704952414 0.121600402 -0.111815344 0.689748335
1318.113048672 3.719539356 23.292767208 1.751080798 -0.708866450 0.129627002 -0.126729839 0.681648549
