3862.096574752 0.000000000 -0.000000000 1.000000000 -0.707106781 0.000000000 0.000000000 0.707106781
3862.457321728 0.018849876 0.196190023 1.011780345 -0.701549292 0.010181029 -0.002238207 0.712544685
3862.645668672 0.035114488 0.508001011 1.022446703 -0.697605951 0.010237240 -0.005972527 0.716383601
3862.822937760 0.050005962 0.888510279 1.037369167 -0.698883879 0.008068486 -0.004683358 0.715174307
3862.977098976 0.058310921 1.255624995 1.057283634 -0.701722389 -0.002109688 -0.005061517 0.712429378
3863.067958240 0.067382769 1.486640565 1.067011167 -0.700346269 0.000494182 -0.001945797 0.713800443
3863.199290144 0.081868576 1.840107923 1.082563116 -0.704864109 0.005770134 -0.006153865 0.709292199
3863.358978016 0.103338859 2.267883190 1.100811258 -0.702471672 0.009054719 -0.011821285 0.711555915
3863.437094976 0.116659382 2.488410332 1.110513955 -0.703802781 0.013503246 -0.011004011 0.710181822
3863.560376640 0.128517943 2.822270039 1.123788792 -0.702164253 -0.004821989 -0.011900719 0.711899209
3863.637788704 0.136979450 3.060412658 1.126021239 -0.710000247 -0.006999107 -0.000657628 0.704166337
3863.756480384 0.132416058 3.399667438 1.131586038 -0.714019518 -0.020273507 -0.012746055 0.699716122
3863.884289120 0.140541932 3.783848100 1.141572851 -0.706844597 -0.011249378 -0.005480278 0.707258180
3864.033620416 0.149906170 4.242612900 1.151864370 -0.711491939 -0.006762079 0.002430593 0.702657517
3864.125518048 0.150252646 4.523509705 1.158214551 -0.709693173 -0.008285243 -0.001461015 0.704460659
3864.229262816 0.156070129 4.854557224 1.164424549 -0.709032907 -0.005164119 0.001876513 0.705153988
3864.317075296 0.157825600 5.138718839 1.165829196 -0.713424853 -0.011455666 -0.001139809 0.700637172
3864.398350656 0.157879783 5.418720001 1.166513567 -0.720265193 -0.015544160 -0.002608711 0.693519736
3864.490262080 0.161597540 5.710544115 1.168042460 -0.713903538 -0.012259100 0.001170088 0.700135761
3864.601331840 0.163391760 6.093331091 1.170183462 -0.718211716 -0.011305300 -0.002349017 0.695728829
3864.684398720 0.170446998 6.361558513 1.181109273 -0.710097892 -0.002449924 -0.003770452 0.704088606
3864.768095296 0.181353798 6.653924429 1.180063971 -0.712554934 0.004572016 -0.005885399 0.701576742
3864.885884992 0.199939669 7.045324590 1.192167690 -0.710182658 0.016002290 -0.003210886 0.703828253
3864.962454496 0.213626458 7.300144588 1.198212795 -0.701528621 0.016872286 0.004650249 0.712426344
3865.059073600 0.217812478 7.633510475 1.208684935 -0.711117818 -0.001150191 -0.005108238 0.703053364
3865.147543712 0.237638247 7.931538007 1.225244465 -0.703753529 0.005132282 -0.003563353 0.710416732
3865.240280032 0.254667907 8.236003706 1.236935108 -0.700850407 0.010853243 -0.003732867 0.713215942
3865.322066432 0.265105166 8.530442078 1.253012888 -0.702000133 0.010900438 -0.012025892 0.711991834
3865.418830848 0.277387064 8.848407841 1.264213214 -0.704164896 0.006154863 -0.008963669 0.709953216
3865.532314208 0.280111891 9.245147951 1.274159588 -0.704946741 -0.014553521 -0.012104566 0.709007593
3865.613657952 0.278346069 9.513499931 1.279226136 -0.715734212 -0.027455677 -0.021326286 0.697506927
3865.694759808 0.279617872 9.792755093 1.276996664 -0.716795725 -0.027392889 -0.015947071 0.696562423
3865.783864640 0.280193005 10.098027131 1.269242927 -0.735765867 -0.021427954 -0.009649229 0.676828135
3865.863663904 0.268962644 10.378388598 1.268638516 -0.721903997 -0.035270162 -0.033083551 0.690301466
3865.952559104 0.267409229 10.686528918 1.255014772 -0.717423832 -0.028725679 -0.023772084 0.695638389
3866.032380448 0.249075453 10.966099857 1.252788950 -0.710176306 -0.057707830 -0.039045239 0.700567548
3866.119538656 0.242497428 11.273140489 1.250598576 -0.717399624 -0.047129291 -0.028819743 0.694468165
3866.202858464 0.238545579 11.581163234 1.258682871 -0.718184282 -0.035291512 -0.036621902 0.693991847
3866.295294656 0.249389011 11.897534365 1.265560929 -0.705511722 -0.013880713 -0.024634908 0.708133926
3866.409149568 0.269179348 12.280993117 1.289858419 -0.697860710 -0.016125375 -0.021183666 0.715738538
3866.505088672 0.281544883 12.637023287 1.296390106 -0.702191689 -0.002671131 -0.017783804 0.711760798
3866.578530112 0.295375082 12.919976353 1.311238060 -0.708201993 0.007830997 -0.034840662 0.705106191
3866.661091680 0.324131981 13.216314318 1.303020894 -0.715793590 0.016585683 -0.042316891 0.696831208
3866.734683360 0.352215119 13.493416758 1.305223261 -0.717851457 0.022046476 -0.031966111 0.695112513
3866.826709184 0.380724397 13.813497470 1.294765687 -0.722889504 0.008923604 -0.034485303 0.690044852
3866.898068768 0.407328523 14.081440051 1.300551955 -0.721051343 0.016685957 -0.027718826 0.692125861
3866.973500672 0.426771670 14.337144399 1.300752488 -0.712201732 0.013025584 -0.037156506 0.700869761
3867.102068768 0.480659971 14.806855010 1.311360437 -0.713244711 0.024919912 -0.040621878 0.699293103
3867.178461760 0.508040421 15.078208052 1.315087392 -0.707430410 0.021584359 -0.051887328 0.704545269
3867.255911040 0.557677884 15.362338696 1.330968975 -0.693707494 0.034116896 -0.041000155 0.718279150
3867.337937536 0.590114063 15.655079784 1.346282760 -0.696212992 0.030084865 -0.070491461 0.713731970
3867.418254688 0.663812483 15.974978917 1.332102653 -0.735429366 0.067147501 -0.033844408 0.673416228
3867.522289920 0.737704222 16.320488624 1.356535609 -0.679684345 0.074129823 -0.033060269 0.728999986
3867.647280000 0.831365476 16.788167537 1.353502102 -0.703112956 0.086397294 -0.041155657 0.704609034
3867.718126048 0.881163438 17.047598714 1.368568819 -0.722579282 0.073236296 -0.045731914 0.685874783
3867.815709312 0.964064872 17.409297670 1.354338947 -0.717769067 0.076797052 -0.035727554 0.691110210
3867.899183072 1.017821953 17.718319271 1.355425266 -0.719095299 0.068211089 -0.042997971 0.690217627
3868.007809312 1.078172771 18.123606874 1.359162362 -0.712175934 0.055236229 -0.037008856 0.698845293
3868.111572864 1.128004186 18.531839358 1.369236265 -0.707756112 0.042513110 -0.035349670 0.704289941
3868.190324672 1.165351813 18.841291689 1.380172517 -0.707830913 0.039592392 -0.038221772 0.704235002
3868.268165696 1.201551196 19.151572237 1.387277623 -0.708699483 0.034104150 -0.039352564 0.703586047
3868.398521856 1.261116365 19.681041594 1.396896045 -0.714515462 0.029755000 -0.039420935 0.697874118
3868.523008128 1.326123868 20.187254858 1.405984135 -0.712715083 0.031797263 -0.037855436 0.699709305
3868.607176384 1.366309612 20.522346226 1.401934599 -0.712100427 0.031130245 -0.042841990 0.700077463
3868.717632384 1.427844714 20.986245534 1.411260125 -0.710296207 0.034382217 -0.041470499 0.701838557
3868.797686784 1.466886956 21.306331523 1.424564593 -0.706281766 0.034571438 -0.042453935 0.705810559
3868.866887104 1.504896038 21.596010474 1.433146548 -0.704263827 0.034293256 -0.040548115 0.707949352
3868.939835648 1.506488438 21.771881740 1.457098671 -0.702374794 0.030999010 -0.046557291 0.709606319
3869.023356288 1.560473695 21.927636506 1.478006093 -0.703995981 0.028113048 -0.047287892 0.708070032
3869.126252576 1.578591244 22.195893889 1.521379363 -0.709304150 0.026969140 -0.052567626 0.702422190
3869.226103904 1.637817843 22.551745220 1.550721862 -0.704770700 0.016285115 -0.062498840 0.706489172
3869.289822464 1.659106567 22.840753769 1.562240831 -0.706137352 0.017484154 -0.061750920 0.705160385
3869.365749632 1.693916027 23.041938266 1.615343841 -0.704891463 0.006161075 -0.072647498 0.705558224
3869.438297824 1.722699560 23.382394211 1.631840469 -0.706324949 0.006145318 -0.072598100 0.704128409
3869.523060544 1.772176697 23.708415820 1.643781704 -0.704419171 0.002451281 -0.074106238 0.705900764
3869.595515968 1.818889680 24.049639731 1.647483186 -0.703280629 0.006955294 -0.069067252 0.707515156
3869.685508928 1.863089024 24.320508400 1.667466808 -0.703873461 -0.000381194 -0.077869971 0.706044101
3869.762757952 1.903138241 24.718966263 1.676570624 -0.702485505 0.002568699 -0.071887898 0.708053421
3869.836664064 1.925843566 24.984831657 1.675855678 -0.702007165 0.001216691 -0.081575723 0.707481351
3869.901352992 1.871441836 25.133017666 1.666939025 -0.698651470 0.003167290 -0.081812463 0.710762135
3869.983047744 1.896342639 25.291566983 1.674480278 -0.696234307 0.005328358 -0.085097979 0.712732582
3870.052369216 1.917959451 25.432672365 1.687923338 -0.694344618 0.006975888 -0.086109738 0.714438242
3870.131699552 1.939767829 25.602267055 1.692496254 -0.698868799 0.006628776 -0.086674091 0.709947929
3870.202345792 1.963283279 25.758279066 1.705032916 -0.701278576 0.006153548 -0.087127255 0.707516314
3870.277941280 1.988814993 25.906171974 1.707895630 -0.702248262 0.005405272 -0.085831543 0.706718549
3870.347100544 2.004626262 26.064971032 1.718121286 -0.702335621 0.005711556 -0.087457120 0.706429972
3870.427447040 2.027472986 26.241204622 1.729261644 -0.701922175 0.004237682 -0.086893597 0.706920649
3870.497268160 2.013604770 26.337142640 1.721024830 -0.699091668 0.003846305 -0.091193438 0.709182489
3870.576238080 2.032353180 26.476621679 1.729156868 -0.699974543 0.004629586 -0.090600628 0.708382476
3870.648174816 2.070433667 26.769185296 1.750699552 -0.699692477 0.004870428 -0.091121777 0.708592646
3870.745471584 2.676083915 29.314643126 0.601369673 -0.699251234 0.015622532 -0.014835130 0.714551305
3870.816218880 2.407768204 26.929717102 1.869486350 -0.709117911 0.002710024 -0.052478826 0.703129019
3870.898292864 1.323076276 29.949934242 1.228415818 -0.706348694 0.030339033 -0.033059945 0.706440447
3870.981603808 0.714933548 28.846192205 0.752453080 -0.706421056 0.042164570 -0.033897770 0.705721178
3871.082959968 0.684912715 29.353215758 0.805042151 -0.706723913 0.036832024 -0.040044374 0.705394330
3871.152458080 0.939314732 28.995012947 0.568171113 -0.699409245 0.036313525 -0.034661087 0.712956271
3871.220829152 0.818966083 29.926413049 0.910382317 -0.699975309 0.038744072 -0.037184117 0.712145213
3871.286061248 0.864035090 30.195869040 0.681501693 -0.694941687 0.042606559 -0.032421356 0.717070142
3871.355541152 0.830995592 30.510150643 1.015830520 -0.696864645 0.046637458 -0.028596951 0.715113157
3871.433471584 0.903995587 30.650254376 0.838437167 -0.700422824 0.048057750 -0.027573772 0.711574316
3871.511455296 0.931586057 31.081176322 0.827669155 -0.696595397 0.048976932 -0.029569279 0.715179537
3871.584886432 0.976356589 31.318321470 0.759465196 -0.693014971 0.061800557 -0.015770580 0.718096254
3871.661623296 1.162296219 31.624024526 0.901188158 -0.693208485 0.052252999 -0.031703055 0.718141029
3871.737807360 1.161774999 31.916963481 0.898074879 -0.691016005 0.055514650 -0.035546506 0.719827375
3871.814703488 1.222446087 32.237701849 0.926760244 -0.688732645 0.059995627 -0.035846748 0.721639022
3871.890614144 1.252330934 32.521254319 0.945289176 -0.684996581 0.058806696 -0.037342789 0.725208227
3871.962530336 1.221523257 32.783216899 0.792606131 -0.680003471 0.067108744 -0.032936231 0.729388032
3872.060973952 1.430870785 33.114872964 1.079051118 -0.679540421 0.055848439 -0.040455885 0.730389683
3872.155428256 1.440020535 33.579909637 1.042726648 -0.669621760 0.053996914 -0.036026656 0.739860198
3872.241455264 1.038529130 33.555767904 0.517899715 -0.677977795 0.051219879 -0.047735084 0.731740388
3872.324883936 1.417345158 34.123766723 1.078582377 -0.694559747 0.051168271 -0.042648466 0.716344661
3872.432468320 1.741789513 34.017163440 0.713003973 -0.685514967 0.045564288 -0.048061922 0.725040121
3872.505314080 2.009974720 34.147992369 0.851474281 -0.685824641 0.044439881 -0.044784591 0.725026895
3872.584492736 2.460670548 35.752297516 1.629295286 -0.693848603 0.030447705 -0.035360204 0.718607479
3872.666456032 2.115598364 34.653889214 0.940961780 -0.680708337 0.040241022 -0.047165400 0.729926192
3872.755384224 2.188648567 34.978270364 0.909473558 -0.664062444 0.048456150 -0.063226377 0.743421480
3872.836429600 2.256787002 35.259697952 1.054263964 -0.675668881 0.058546994 -0.070220770 0.731514085
3872.930434720 2.338651785 35.613706991 1.006510738 -0.702991306 0.066397657 -0.094445586 0.701765350
3873.010549344 2.449621373 35.844410452 1.067247577 -0.717882319 0.086761761 -0.102637438 0.683068759
3873.126604128 2.557027886 36.319093809 1.020809270 -0.704055281 0.109371432 -0.134817602 0.688598769
3873.207624736 2.705679841 36.489453061 1.064706331 -0.699243408 0.125849355 -0.128405838 0.691905005
3873.332404640 2.866535297 36.935248651 1.082431586 -0.717217316 0.128101972 -0.134814052 0.671576040
3873.422439008 3.002898929 37.228335799 1.076269544 -0.717093784 0.129120599 -0.138338462 0.670795682
3873.511895392 3.135362668 37.538003163 1.067727041 -0.696966365 0.141357163 -0.138666739 0.689222442
3873.611355904 3.307298958 37.838123349 1.097128661 -0.637969642 0.167892294 -0.151223050 0.736164725
3873.701737184 3.450621119 38.132854402 1.128366933 -0.653573753 0.184023855 -0.151665187 0.718313470
3873.794841952 3.610066913 38.433500047 1.178786788 -0.676004845 0.186200663 -0.146871545 0.697692993
3873.891043392 3.789955705 38.718739639 1.204188219 -0.660431090 0.192884878 -0.137221335 0.712598417
3874.014577280 3.980882523 39.112173719 1.215613401 -0.665648830 0.181305687 -0.153461666 0.707452755
3874.107495712 4.139150519 39.393969130 1.241378794 -0.681213683 0.188829063 -0.148621799 0.691522280
3874.192920512 4.291464255 39.627025842 1.270429314 -0.676208374 0.167586152 -0.174400832 0.695874605
3874.275827680 4.436949851 39.867529820 1.292843116 -0.657220986 0.183468610 -0.162146543 0.712817188
3874.370087392 4.594119622 40.160882413 1.327848655 -0.655775746 0.193932090 -0.176160868 0.708036626
3874.493370464 4.837975860 40.554518078 1.342817488 -0.669953386 0.221763548 -0.187454542 0.683259968
3874.584869312 5.056196240 40.814165643 1.364126134 -0.670676421 0.245745271 -0.208900422 0.667954350
3874.668708896 5.222720817 41.062602500 1.363433972 -0.655039010 0.253586551 -0.220544933 0.676740488
3874.757666144 5.460370369 41.322693116 1.358526980 -0.654869125 0.262055793 -0.207677838 0.677748556
3874.836971968 5.619198519 41.531067742 1.383873991 -0.659505724 0.245465170 -0.223455071 0.674438196
3874.929622080 5.832967986 41.763750732 1.394258754 -0.649463730 0.255147332 -0.213033038 0.683895918
3875.063496640 6.132257292 42.092092256 1.434643249 -0.653736813 0.261278481 -0.199977332 0.681447578
3875.194423360 6.402570256 42.418456705 1.442917435 -0.652087903 0.244548836 -0.213692671 0.685063994
3875.284683296 6.631537365 42.650739239 1.447093527 -0.650468460 0.247352273 -0.219763741 0.683675021
3875.423676480 6.924082389 43.011013448 1.497182434 -0.659211314 0.236199652 -0.197836401 0.685937990
3875.509398304 7.054012005 43.245444797 1.511525479 -0.657692923 0.232211014 -0.190123871 0.690920384
3875.593919328 7.227588432 43.467587439 1.533592701 -0.661333395 0.223513014 -0.197597573 0.688211648
3875.729016512 7.517312750 43.814182155 1.559764365 -0.668979403 0.214527098 -0.204653575 0.681587556
3875.835687680 7.740693249 44.118610389 1.575795336 -0.670724888 0.234573830 -0.204320639 0.673317399
3875.953831840 8.006655476 44.389018364 1.623601522 -0.643064504 0.236126762 -0.236226061 0.689136738
3876.082582208 8.292448627 44.704379085 1.628336632 -0.656958588 0.237388330 -0.225527133 0.679109496
3876.207804832 8.493817231 45.017871555 1.629089978 -0.669050801 0.228009840 -0.232298214 0.668146749
3876.318082944 8.748187642 45.268165663 1.697708084 -0.661349038 0.245370687 -0.219287032 0.674035514
3876.407668544 8.937237582 45.468921810 1.685841462 -0.663925689 0.234058149 -0.208979558 0.678783475
3876.529127264 9.169322107 45.742192777 1.742919893 -0.642507688 0.239925022 -0.211602501 0.696307573
3876.656904832 9.387262948 46.040686089 1.717206041 -0.647070477 0.260668759 -0.213382341 0.683973371
3876.743385696 9.572884259 46.250573957 1.738924757 -0.663276561 0.241608893 -0.214676181 0.674984062
3876.831766368 9.704742601 46.425241238 1.754108271 -0.651201884 0.228360144 -0.211127075 0.692252200
3876.922911168 9.859147706 46.629862457 1.766189958 -0.653438424 0.234686746 -0.216454743 0.686358290
3877.015404192 10.027499475 46.820686485 1.788675163 -0.650321610 0.242103154 -0.218945366 0.685952471
3877.119046080 10.176342483 47.034378161 1.802891794 -0.660657826 0.250538143 -0.229375213 0.669439234
3877.207785632 10.323046406 47.162940876 1.792681374 -0.669152835 0.230307229 -0.242206777 0.663723542
3877.297434944 10.422995205 47.290905594 1.811496857 -0.677454865 0.245493533 -0.207946525 0.661472655
3877.470349696 10.574923120 47.446580598 1.802831541 -0.657537707 0.247295423 -0.217520257 0.677623845
3877.566207904 10.640645671 47.526515314 1.818236816 -0.669702638 0.242859973 -0.229097565 0.663348865
3877.814693824 10.770799318 47.650606079 1.846357482 -0.654813772 0.254594011 -0.210411560 0.679799816
3877.989689632 10.813249232 47.725095728 1.840737037 -0.657443508 0.247225587 -0.219914658 0.676967567
3878.587670848 10.867343772 47.795504895 1.850311747 -0.658058300 0.244933281 -0.212614296 0.679530811
3878.900203456 10.878549275 47.836215687 1.850116916 -0.658693724 0.248070727 -0.212445139 0.677827821
