252.404368704 0.000000000 -0.000000000 1.000000000 -0.707106781 0.000000000 0.000000000 0.707106781
252.754500640 -0.000265619 0.210916399 1.001057967 -0.707525778 -0.004431881 0.001309487 0.706672425
252.882351008 -0.017632015 0.411801246 1.020986801 -0.702783818 -0.021992624 0.019066970 0.710807766
252.988144064 -0.012103811 0.615688161 1.029824593 -0.692697053 -0.016780591 0.011908886 0.720935075
253.117235616 -0.002763874 0.924245438 1.046342529 -0.695960264 -0.005266140 0.004318151 0.718048001
253.222506400 0.004853807 1.193723847 1.059328965 -0.700444394 -0.008063777 0.000462400 0.713661273
253.352884064 0.015302227 1.537910119 1.080517271 -0.701123739 -0.009047687 -0.000701143 0.712981872
253.447821696 0.023558530 1.810757596 1.096403085 -0.702175797 -0.005433673 -0.009478296 0.711919790
253.544956736 0.041750411 2.097326410 1.112016003 -0.700758590 0.008763246 -0.003478051 0.713336181
253.651039808 0.056657345 2.420172039 1.122419976 -0.706223655 0.007823431 -0.012309299 0.707838558
253.748871808 0.071367704 2.717743855 1.134746341 -0.711152639 -0.001659820 -0.009241656 0.702974937
253.845886528 0.076112979 3.024225961 1.142643618 -0.710656090 -0.012459196 -0.001001867 0.703428523
253.943874624 0.075406470 3.338246347 1.147724798 -0.711497699 -0.019017023 -0.006988433 0.702396283
254.007359872 0.085369958 3.547745939 1.155142656 -0.711985544 -0.008482245 -0.003269537 0.702135277
254.104590592 0.090045256 3.873146443 1.158061820 -0.707811304 -0.006117460 -0.013761081 0.706241012
254.199493696 0.104780218 4.198141452 1.167789531 -0.710521549 0.000359021 -0.006950801 0.703641021
254.306216064 0.112946610 4.565534732 1.174169655 -0.709352421 -0.004529472 -0.006903828 0.704805621
254.368373344 0.118627306 4.792139230 1.177349433 -0.713656136 -0.005381946 -0.003013971 0.700469036
254.432952544 0.120468747 5.016088000 1.184648169 -0.710170814 -0.013677045 -0.005327120 0.703876392
254.496944160 0.123587673 5.254650328 1.183001480 -0.715928970 -0.015235670 -0.005839602 0.697982438
254.572192064 0.122925849 5.532398075 1.181226504 -0.718620818 -0.021954683 -0.011383020 0.694962257
254.634226080 0.124391017 5.752632646 1.188950719 -0.709191235 -0.021113939 -0.010100520 0.704627542
254.697996256 0.130667215 5.992390749 1.186657790 -0.717276920 -0.016268169 -0.005129663 0.696579394
254.761730432 0.134909621 6.228566675 1.195801700 -0.709533960 -0.014818695 -0.009361466 0.704453213
254.826207136 0.143394808 6.474187487 1.198732482 -0.715521335 -0.005139641 -0.012462287 0.698460804
254.889953792 0.148508023 6.714880384 1.201260154 -0.716261545 -0.002545713 -0.012619496 0.697713170
254.953908704 0.160551698 6.950608836 1.215523749 -0.711818697 0.002113091 -0.008959788 0.702302926
255.025335616 0.168771680 7.202050532 1.217821797 -0.708234611 0.002050124 -0.023044498 0.705597962
255.087034912 0.190025258 7.453638426 1.227875856 -0.706372851 0.011532153 -0.024385830 0.707325763
255.151156544 0.206442905 7.697406344 1.237677918 -0.705072699 0.010862406 -0.030167560 0.708409780
255.215493760 0.228290757 7.934864700 1.254524035 -0.696749512 0.010892893 -0.029704066 0.716616446
255.286228704 0.258436597 8.211751378 1.254555354 -0.705162246 0.019648977 -0.020924241 0.708464749
255.352517216 0.276072887 8.457051674 1.270217507 -0.707602082 0.013987761 -0.030479436 0.705814877
255.417292480 0.304756357 8.706571439 1.289013873 -0.698920456 0.021190993 -0.019729116 0.714613112
255.483233664 0.322348566 8.954457619 1.289823930 -0.703941151 0.009288246 -0.025994375 0.709721690
255.589846912 0.344316492 9.356731454 1.309040464 -0.707875716 -0.000097214 -0.028862500 0.705747064
255.685534784 0.363186867 9.727181653 1.305363365 -0.719411251 -0.009386200 -0.032690317 0.693751176
255.753995104 0.382870738 9.999401168 1.306060111 -0.729984229 -0.003009078 -0.028558450 0.682860444
255.821112672 0.395714000 10.261653784 1.301957188 -0.724192667 -0.006503071 -0.034980499 0.688679211
255.917331264 0.417491252 10.629116134 1.300737201 -0.711366842 -0.009698773 -0.030951594 0.702072039
255.983344640 0.410290947 10.894634702 1.289928345 -0.717186771 -0.038336849 -0.050101855 0.694019615
256.056827232 0.429563741 11.190543163 1.299359001 -0.715912525 -0.020951771 -0.033668234 0.697062931
256.121201056 0.432689223 11.456775806 1.290069222 -0.724535846 -0.025823357 -0.051082697 0.686856259
256.184355232 0.450852677 11.715134198 1.298336191 -0.713178139 -0.007625640 -0.043337649 0.699600343
256.247563616 0.470910814 11.966398761 1.312858520 -0.703098208 0.002802450 -0.033601842 0.710292878
256.313446464 0.488075410 12.231484519 1.319324316 -0.702778278 0.004977041 -0.029853550 0.710764860
256.383318912 0.502627366 12.519217859 1.329310354 -0.710018878 -0.000413692 -0.034223307 0.703350402
256.486298016 0.536663539 12.949287926 1.343661527 -0.712743240 0.008527932 -0.029886608 0.700736141
256.557394432 0.559178886 13.251052140 1.334901145 -0.723572679 0.009643227 -0.034664125 0.689309788
256.625238336 0.577870949 13.521335997 1.337473899 -0.720498705 0.005177963 -0.038806288 0.692350255
256.691115200 0.605022391 13.801781038 1.336513230 -0.714789335 0.008627522 -0.027434612 0.698748248
256.756692096 0.620499097 14.081675322 1.328532466 -0.723360070 0.001072641 -0.034803231 0.689592483
256.826193408 0.648753564 14.351656922 1.336011335 -0.719436590 0.017303774 -0.024767581 0.693900670
256.900123648 0.684078006 14.674763430 1.334912937 -0.714320622 0.031852673 -0.029300895 0.698479000
256.971715040 0.699041378 14.980732881 1.339347482 -0.711223299 0.007008488 -0.058444153 0.700497381
257.034450816 0.740207009 15.237381732 1.356773522 -0.702067955 0.029891621 -0.026684278 0.710981735
257.098892416 0.766492570 15.502367921 1.367472484 -0.693787743 0.021066206 -0.052765807 0.717934922
257.162890272 0.807399266 15.778601063 1.365588116 -0.713751038 0.040539332 -0.058993023 0.696732259
257.226247008 0.862677913 16.052125929 1.363132056 -0.736125146 0.064575930 -0.035500647 0.672821984
257.290067552 0.898673328 16.280453930 1.387874345 -0.687483742 0.062003966 -0.037147689 0.722593705
257.353492544 0.931420822 16.530143059 1.392850374 -0.676834839 0.052242376 -0.056877498 0.732072596
257.417206400 0.987596360 16.812940177 1.386234859 -0.721710218 0.069208888 -0.038084085 0.687672956
257.481305600 1.033747308 17.073501621 1.395575616 -0.722500095 0.066162400 -0.043574681 0.686816858
257.576346400 1.109275107 17.465743611 1.383851921 -0.721275215 0.067972010 -0.042963155 0.687965143
257.671787232 1.179392402 17.866298425 1.383421015 -0.714127787 0.060587378 -0.055590930 0.695169276
257.766974400 1.252153770 18.268198383 1.392622141 -0.707320129 0.057220809 -0.057367801 0.702234255
257.862012576 1.326282806 18.677710429 1.406862916 -0.706469794 0.054947489 -0.059966053 0.703054248
257.929440192 1.374859787 18.965232919 1.414333214 -0.707708956 0.048731044 -0.060025912 0.702260784
257.992401824 1.418625990 19.252755356 1.422447070 -0.708558936 0.042217256 -0.058145948 0.701983608
258.059700768 1.464908951 19.551183279 1.428218543 -0.712068267 0.039901731 -0.058140170 0.698560202
258.125864960 1.511129125 19.842992726 1.427398731 -0.714049286 0.037145610 -0.062632711 0.696298043
258.224256736 1.586750080 20.283617311 1.435278251 -0.713191507 0.040879336 -0.060270245 0.697175911
258.319819680 1.657374154 20.704975804 1.442351716 -0.711310197 0.042708672 -0.060928649 0.698928803
258.416132224 1.730800930 21.135129687 1.453898346 -0.705424953 0.041197130 -0.056666093 0.705313680
258.479144160 1.771421317 21.422862048 1.464735252 -0.703946645 0.035085281 -0.059711047 0.706868259
258.550650528 1.823253862 21.742442989 1.478972761 -0.702849362 0.034674736 -0.058361881 0.708092033
258.612334976 1.865116351 22.024053230 1.491930293 -0.704214608 0.034584662 -0.060638976 0.706546956
258.675366336 1.908924501 22.312861380 1.504857827 -0.705801025 0.033313710 -0.061088582 0.704984606
258.743738720 1.955280064 22.612978137 1.518076131 -0.703518130 0.032514252 -0.059492653 0.707435996
258.810190016 1.993266459 22.927257219 1.535907338 -0.701824403 0.022656142 -0.058569952 0.709576470
258.875073152 2.032913206 23.223854679 1.547593076 -0.701416822 0.021954555 -0.055940040 0.710213455
258.935189024 2.066161553 23.500777682 1.567819662 -0.700044118 0.018759670 -0.056993458 0.711574349
259.023478144 2.117692451 23.904322057 1.586742372 -0.698072673 0.017361830 -0.056628542 0.713572924
259.109735040 2.166027858 24.301269983 1.611615717 -0.698088451 0.013827539 -0.057464168 0.713567924
259.166999264 2.199877614 24.567256681 1.625245655 -0.696901607 0.013201463 -0.056145698 0.714843712
259.224584128 2.229343528 24.834511127 1.640731904 -0.700629254 0.012392489 -0.057499943 0.711096921
259.284294496 2.259379673 25.103549991 1.657638793 -0.697187022 0.010675029 -0.057050739 0.714535873
259.357193536 2.301792858 25.448463819 1.677995156 -0.696757934 0.014586476 -0.062263383 0.714450060
259.416631424 2.341934939 25.721539467 1.694882953 -0.696844217 0.020807864 -0.067443590 0.713741223
259.474765664 2.381806571 25.992345139 1.711550219 -0.699878511 0.025042348 -0.068958546 0.710484109
259.532944704 2.420019425 26.257401184 1.729894018 -0.695781020 0.023755573 -0.067098052 0.714718333
259.592106112 2.461461502 26.526965141 1.750499042 -0.692990502 0.022510100 -0.064524081 0.717700566
259.654599552 2.502898680 26.793207568 1.767324286 -0.693440361 0.021900507 -0.063320789 0.717392021
259.713169632 2.541711487 27.071071363 1.787102742 -0.694889604 0.022342462 -0.063069533 0.715996848
259.771557280 2.578231602 27.337120284 1.806380786 -0.695006160 0.022619214 -0.062330503 0.715939744
259.829942208 2.616179719 27.598151788 1.824318381 -0.696930354 0.020789364 -0.061604970 0.714185348
259.887440640 2.651469594 27.861942349 1.839878125 -0.695310615 0.019906383 -0.062271864 0.715729767
259.949529888 2.686956652 28.138515619 1.861853692 -0.694525932 0.019341400 -0.059896443 0.716709185
260.008704288 2.725132529 28.408854399 1.878515547 -0.697216944 0.018837608 -0.059522095 0.714136400
260.077827072 2.764346407 28.726907770 1.898801727 -0.697410879 0.018696533 -0.059121870 0.713983970
260.138175968 2.799346867 28.998822688 1.914074105 -0.694826096 0.016560757 -0.058923216 0.716568554
260.204302368 2.831518016 29.289813546 1.933373219 -0.698514339 0.015267429 -0.057170289 0.713145274
260.268879392 2.865743400 29.593444193 1.953433420 -0.694586358 0.013536085 -0.057684109 0.716965208
260.334863200 2.899274018 29.890250384 1.971444377 -0.692244926 0.012543973 -0.057085889 0.719291883
260.403294016 2.936763686 30.201149857 1.991869123 -0.696793217 0.014848588 -0.055501803 0.714967329
260.468481216 2.966265413 30.500339634 2.008738047 -0.698923200 0.011648681 -0.056960332 0.712829706
260.533828448 3.000518239 30.791088977 2.027586438 -0.695030185 0.011790849 -0.054689264 0.716800601
260.633775744 3.076245457 31.196711084 2.064530466 -0.690836612 0.016513604 -0.060839641 0.720257325
260.697721760 3.119675818 31.487975024 2.089574566 -0.686518391 0.024413697 -0.061771506 0.724072338
260.760934720 3.161895987 31.770984754 2.114049658 -0.688657243 0.025090923 -0.061847715 0.722008662
260.836389056 3.210599418 32.105578822 2.143292689 -0.690330230 0.028299772 -0.057416764 0.720657069
260.901672128 3.253319736 32.399340083 2.167989686 -0.685402965 0.028303294 -0.057804536 0.725313956
260.964950144 3.297082522 32.678039029 2.195073567 -0.681987808 0.030365388 -0.055480475 0.728623696
261.029099072 3.337802698 32.967122499 2.217010548 -0.684919461 0.030280654 -0.057004329 0.725754036
261.092837024 3.380029683 33.247252804 2.242663923 -0.683137304 0.030310730 -0.054892354 0.727592958
261.160173632 3.422496317 33.538897430 2.269642406 -0.681519585 0.030012139 -0.054183508 0.729173830
261.225507296 3.466336351 33.822295901 2.305307624 -0.676649481 0.027913790 -0.053832571 0.733804030
261.289696640 3.507044009 34.099919734 2.333400386 -0.674937108 0.028507786 -0.052915273 0.735423130
261.353757312 3.546024101 34.372005415 2.368443953 -0.675623740 0.029874269 -0.050641778 0.734898292
261.418426272 3.582597899 34.651943929 2.401133485 -0.669356034 0.024993637 -0.056631790 0.740358466
261.493391520 3.624759075 34.958893724 2.447241769 -0.664698073 0.022623480 -0.053185660 0.744873101
261.556554496 3.657284900 35.234496427 2.477482532 -0.675814855 0.020083531 -0.054675865 0.734766278
261.653370208 3.706808186 35.643140202 2.524488672 -0.690546935 0.018672999 -0.056398981 0.720843537
261.724625568 3.743294657 35.933008398 2.559227386 -0.676095255 0.018599962 -0.052009669 0.734740935
261.819271008 3.782179354 36.325287162 2.595979908 -0.679954282 0.011720933 -0.056650554 0.730968884
261.923334560 3.824408713 36.749843820 2.638025945 -0.679098285 0.005629118 -0.054679409 0.731986335
262.048348704 3.881748947 37.199722398 2.709532266 -0.657602235 0.002737293 -0.055061450 0.751345489
262.144000032 3.923670422 37.606557557 2.740797780 -0.684071336 0.002327479 -0.049787994 0.727710207
262.241711104 3.957773546 37.996394174 2.763664194 -0.715321795 -0.008504984 -0.062043937 0.695983437
262.309692864 4.009887085 38.269419581 2.772301219 -0.708180271 0.021835465 -0.064779030 0.702714447
262.374117408 4.066898884 38.529291144 2.782452532 -0.702235479 0.042864050 -0.103306132 0.703104437
262.478587328 4.209419013 38.939772531 2.804378890 -0.699397494 0.085841271 -0.109339760 0.701084330
262.572449728 4.337178310 39.316941445 2.805119212 -0.713744152 0.093233113 -0.124633696 0.682893340
262.636778432 4.426061974 39.579848912 2.801816221 -0.723160702 0.090836033 -0.128856300 0.672445885
262.700482112 4.518448567 39.822928523 2.808835892 -0.703245922 0.092197606 -0.128174152 0.693192730
262.764917792 4.602642517 40.051790635 2.842532151 -0.662606515 0.092491269 -0.139898465 0.729949581
262.842970304 4.679037062 40.191238120 2.877940811 -0.632325322 0.104469127 -0.157089172 0.751381315
262.916198592 4.802359211 40.478075665 2.921065606 -0.654444184 0.118064574 -0.164657225 0.728458348
262.990173184 4.934235691 40.757465065 2.970986558 -0.667630282 0.133923819 -0.173073148 0.711603754
263.066283296 5.083416865 41.026708340 3.003781224 -0.663809350 0.168426461 -0.173130291 0.707824538
263.140094912 5.217291939 41.280973374 3.026044402 -0.657013107 0.175741967 -0.210338223 0.702286530
263.218098144 5.387534813 41.534823390 3.064671744 -0.649602276 0.213846785 -0.201797929 0.701116275
263.289282688 5.533213342 41.763679155 3.081590371 -0.649257912 0.222980079 -0.227651465 0.690593121
263.359926560 5.693540042 41.972826380 3.116448353 -0.636720222 0.240383302 -0.224190332 0.697525571
263.442117120 5.871915214 42.217722739 3.142094119 -0.637552215 0.232350134 -0.230025057 0.697588031
263.511074368 6.030194552 42.413743707 3.181711269 -0.632130299 0.229690778 -0.230057996 0.703368147
263.584824288 6.205886609 42.626527411 3.203361875 -0.633386625 0.229959077 -0.234859867 0.700557670
263.657842528 6.384183216 42.833637453 3.235204845 -0.643936359 0.234950366 -0.233758269 0.689566068
263.729307104 6.563284511 43.043886223 3.251719377 -0.660540126 0.236287600 -0.227392455 0.675386988
263.800225824 6.737989218 43.240094688 3.270764961 -0.648624380 0.241224438 -0.225408483 0.685775619
263.872471712 6.912008062 43.450806949 3.291216144 -0.645164761 0.238062059 -0.240310675 0.685083694
263.943655456 7.096340709 43.647750401 3.315355214 -0.638424161 0.252371479 -0.229714748 0.689894456
264.014864128 7.271425961 43.848575617 3.342046381 -0.633887500 0.252531112 -0.232145405 0.693197797
264.086590176 7.454674987 44.047126579 3.364142113 -0.631633510 0.257409514 -0.232344176 0.693394285
264.158855584 7.636593417 44.243783313 3.396555575 -0.627060530 0.259319022 -0.232394981 0.696807943
264.233117728 7.819024072 44.448132779 3.407919810 -0.639684045 0.254634670 -0.236475744 0.685598082
264.309061664 8.009807329 44.656870887 3.434568857 -0.641695213 0.248415930 -0.237366083 0.685692440
264.382904032 8.190819726 44.846601698 3.466614228 -0.626205899 0.251434027 -0.241094680 0.697510184
264.456435744 8.371559990 45.054643831 3.490894471 -0.635976534 0.243608907 -0.249492114 0.688434626
264.537932768 8.576032881 45.257243698 3.533239282 -0.617960943 0.255441269 -0.233450871 0.705956600
264.613001344 8.755186965 45.471405743 3.556685415 -0.640362433 0.247585622 -0.263399080 0.677685944
264.696817568 8.978294124 45.672794224 3.570317432 -0.639601114 0.273403093 -0.232310723 0.679847697
264.765303456 9.136338455 45.844431825 3.592210004 -0.642735995 0.247807195 -0.252294776 0.679580297
264.850596512 9.345397773 46.056600766 3.619427455 -0.636916232 0.246247212 -0.250744769 0.686168408
264.934739200 9.554245866 46.275903659 3.643169033 -0.642151608 0.252570200 -0.250813501 0.678927238
265.015905664 9.752046885 46.481839846 3.675581516 -0.631838521 0.253952137 -0.256445896 0.685947445
265.097092064 9.943794524 46.692762234 3.705903098 -0.628565600 0.241209567 -0.268819774 0.688809960
265.178581664 10.152916098 46.902848299 3.727796633 -0.640510038 0.254327601 -0.241970420 0.683018798
265.272025440 10.359888420 47.152515465 3.761857888 -0.651722625 0.223287161 -0.268028571 0.673469486
265.339702464 10.528404908 47.304720837 3.795240447 -0.624548990 0.247777451 -0.244809299 0.699008799
265.404480096 10.686422231 47.480467824 3.798680759 -0.643209247 0.245481767 -0.245501267 0.682458567
265.470208256 10.843967325 47.648572444 3.814934787 -0.648886384 0.255949305 -0.236193927 0.676497481
265.536730848 10.991492480 47.807318976 3.857896040 -0.626607165 0.246676303 -0.241788530 0.698607593
265.609616128 11.141064764 47.994390356 3.876188198 -0.631838327 0.224819838 -0.273431585 0.689544442
265.704517984 11.396466786 48.230172072 3.873942254 -0.669525353 0.278438159 -0.200112984 0.658910302
265.768170720 11.510103307 48.357285163 3.912106001 -0.635593236 0.245197057 -0.230938367 0.694670506
265.844355616 11.664156966 48.531622896 3.936283689 -0.623900599 0.224853174 -0.255631991 0.703449627
265.906911904 11.818897230 48.674727788 3.944646935 -0.631902407 0.259373870 -0.224634233 0.694956117
265.970202368 11.933830039 48.833609284 3.969188707 -0.631776174 0.232870740 -0.264732118 0.690323830
266.044926432 12.096429723 48.995465182 4.002971784 -0.625723814 0.254018071 -0.237575991 0.698213561
266.108832960 12.211894475 49.152425385 4.008391366 -0.659338621 0.233177713 -0.257446191 0.666799967
266.176662208 12.328016050 49.267071770 4.031482196 -0.649653538 0.243628360 -0.231723405 0.681835586
266.241324640 12.417657357 49.374714267 4.033014707 -0.660390032 0.235594288 -0.234825819 0.673228915
266.306325280 12.492258389 49.442668191 4.052089752 -0.639058201 0.243027666 -0.225880328 0.693916600
266.438514016 12.604205690 49.578684990 4.069999434 -0.641293732 0.246229030 -0.248786259 0.682802322
266.566699712 12.675605893 49.658774752 4.076787437 -0.644952882 0.247100731 -0.252231109 0.677758421
266.755524000 12.732495457 49.726436488 4.077754629 -0.641281667 0.239417680 -0.261388382 0.680524145
