1137.112581344 0.000000000 -0.000000000 1.000000000 -0.707106781 0.000000000 0.000000000 0.707106781
1137.862921792 0.047108467 1.064980000 1.053104742 -0.698315342 0.001018749 0.003232433 0.715782227
1138.362841824 0.034712170 2.484325162 1.118337135 -0.706313254 -0.000852333 -0.009531881 0.707834729
1138.862495744 0.118339817 4.092349673 1.174153879 -0.712946701 0.006762797 -0.003844074 0.701175077
1139.362702048 0.223328464 5.963376009 1.227565494 -0.704689499 -0.003043443 -0.021736813 0.709176253
1139.862485856 0.381850857 7.797862208 1.386863593 -0.704879748 0.024019564 -0.032898613 0.708156256
1140.362418912 0.605800991 9.730394044 1.366908540 -0.730882893 0.012555149 -0.054873086 0.680177557
1140.862758720 0.828481328 11.762641006 1.382803621 -0.701987018 0.064396966 -0.071056543 0.705704064
1141.362541664 1.285769816 13.824018077 1.376477779 -0.729245671 0.102209921 -0.045695058 0.675030255
1141.862766496 1.528973486 14.752504164 1.393688864 -0.712370089 0.103762261 -0.051608832 0.692169617
1142.362632672 1.757403337 15.752242167 1.289386250 -0.751924102 0.072792733 -0.033391761 0.654367139
1142.862792320 1.933415415 16.798952510 1.229094665 -0.763384724 0.066493640 -0.036940989 0.641449704
1143.362680704 1.967940115 17.210235274 1.169350791 -0.759263177 0.068866725 -0.054155124 0.644859694
1143.863145696 1.967940115 17.210235274 1.169350791 -0.759263177 0.068866725 -0.054155124 0.644859694
1144.362303360 1.967940115 17.210235274 1.169350791 -0.759263177 0.068866725 -0.054155124 0.644859694
1144.863372096 1.809242624 17.474693161 1.284901190 -0.757705825 0.050009150 -0.144410761 0.634449762
1145.362518080 1.967940115 17.210235274 1.169350791 -0.759263177 0.068866725 -0.054155124 0.644859694
1145.613216352 1.502552324 17.701518254 1.426521400 -0.778947383 0.122364380 -0.089876879 0.608432478
1145.862943456 1.967940115 17.210235274 1.169350791 -0.759263177 0.068866725 -0.054155124 0.644859694
1146.112889280 1.967940115 17.210235274 1.169350791 -0.759263177 0.068866725 -0.054155124 0.644859694
1147.363794688 1.967940115 17.210235274 1.169350791 -0.759263177 0.068866725 -0.054155124 0.644859694
1147.862777088 3.402425454 17.941392018 0.892583882 -0.764486140 0.113140412 -0.075497074 0.630127273
1148.362602560 4.284213884 19.534217747 1.130424308 -0.763515328 0.166583249 -0.094162154 0.616788338
1148.863160448 4.680895678 20.058363128 0.891991313 -0.750314611 0.192860164 -0.118195865 0.621178460
1149.362633152 3.872775280 19.566166905 1.060079813 -0.761608787 0.209161891 -0.104621513 0.604365533
1149.862681120 4.990962664 20.737989180 0.678526765 -0.765413821 0.185688578 -0.087322230 0.609947753
1150.363327680 5.691777636 21.615701831 0.389584286 -0.757685620 0.204474854 -0.097392136 0.612059888
1150.862849984 6.010049533 22.241584719 0.237186330 -0.763093022 0.178155449 -0.061230270 0.618223689
1151.362686112 6.039699557 22.260392421 0.235597302 -0.747781090 0.202144582 -0.081057810 0.627208610
1152.112586560 5.975369631 22.170321725 0.249081748 -0.771051355 0.175369332 -0.086116697 0.606060492
