2025.313337440 0.000000000 -0.000000000 1.000000000 -0.707106781 0.000000000 0.000000000 0.707106781
2026.064501280 0.033300461 0.538915827 1.026136852 -0.694535871 0.004036084 0.004498199 0.719432693
2026.313925472 0.038732618 1.116389048 1.054659203 -0.699271756 -0.004534058 0.001691149 0.714839558
2026.563709920 0.048788001 1.766255820 1.078051142 -0.700957270 -0.008972526 0.000597206 0.713146579
2026.814216128 0.060421278 2.455641882 1.101172251 -0.705142825 0.004818539 -0.005848023 0.709024809
2027.063541120 0.069000256 3.156950194 1.135723181 -0.713900129 -0.014431734 -0.005305834 0.700078694
2027.314436192 0.106703250 3.919850147 1.137551446 -0.713466506 0.009881190 -0.009235356 0.700558787
2027.563788224 0.130239349 4.741146151 1.157592540 -0.714118137 -0.002358731 -0.002314246 0.700017405
2027.813610880 0.142439390 5.536622932 1.173191631 -0.717464311 -0.020414091 -0.016032175 0.696111483
2028.064351904 0.158098380 6.391636609 1.178075944 -0.716547599 -0.001257743 -0.018668516 0.697287202
2028.313905472 0.200331176 7.219289842 1.206162889 -0.707759965 0.012152453 -0.022847147 0.705978865
2028.563770208 0.282859224 8.056333157 1.237098018 -0.708856707 0.028085690 -0.016682708 0.704595665
2028.813710656 0.360182652 8.882696851 1.289034413 -0.707195419 0.013405518 -0.029445197 0.706277504
2029.064391584 0.421157520 9.757188089 1.299961582 -0.727989868 0.011017226 -0.034186300 0.684646383
2029.315048224 0.492376923 10.635466781 1.261123781 -0.720950422 -0.005524690 -0.044345024 0.691544276
2029.563907936 0.568867492 11.536650680 1.272991897 -0.716717316 0.015664846 -0.042817774 0.695871784
2029.813693536 0.671110901 12.443402521 1.301710326 -0.707340945 0.026252094 -0.042638539 0.705096851
2030.063921696 0.796442570 13.378221731 1.313387430 -0.726384826 0.031689695 -0.037046918 0.685556981
2030.314363200 0.935235443 14.314372992 1.299644528 -0.717187000 0.053408682 -0.045894588 0.693313786
2030.563836736 1.076832880 15.256744155 1.312833322 -0.722224703 0.048077041 -0.059279896 0.687434339
2030.814276352 1.222082556 16.127911209 1.336189720 -0.678787808 0.062086469 -0.024932453 0.731280216
2031.063665024 1.360611982 17.066706136 1.326613852 -0.719501571 0.053818500 -0.023602652 0.691999980
2031.313750304 1.455291072 17.984452142 1.336971092 -0.708794567 0.025241638 -0.018742636 0.704714009
2031.563697184 1.533448588 18.946387497 1.365488833 -0.711352920 0.019584706 -0.027051277 0.702041089
2031.813857536 1.540357228 19.788612554 1.355957802 -0.716411565 0.039306089 -0.049446062 0.694812628
2032.064139520 1.661531313 20.585000759 1.378238990 -0.708605767 0.042542189 -0.048756351 0.702631373
2032.313428736 1.804729718 21.637018610 1.391472058 -0.707730925 0.040230839 -0.051472505 0.703455043
2032.563965312 1.959180380 22.668513505 1.455591580 -0.703923135 0.030343182 -0.053072812 0.707640296
2032.813908288 2.108401950 23.636394007 1.519377959 -0.703457496 0.024291006 -0.051973424 0.708418140
2033.063753056 2.255675601 24.616882038 1.572327995 -0.701673528 0.020067426 -0.048805307 0.710541766
2033.314146528 2.101036821 24.749491921 1.536759574 -0.691364443 0.035102090 -0.095601797 0.715292490
2033.563752864 2.279770546 25.712434138 1.572981585 -0.694632884 0.034457209 -0.093955907 0.712369388
2033.813785792 2.415764766 26.671936666 1.625213678 -0.693920044 0.031362046 -0.100234459 0.712351351
2034.063286208 2.292924487 26.806503391 1.681995429 -0.688569187 0.040341909 -0.145775219 0.709221116
2034.313947936 2.564312018 27.786240841 1.773324782 -0.688439860 0.043104080 -0.144567698 0.709431306
2034.564769792 2.836427062 28.729853611 1.856082958 -0.680360125 0.044087671 -0.141118767 0.717810471
2034.814623872 3.083834038 29.728888216 1.939065267 -0.670199556 0.054146721 -0.149659055 0.724915757
2035.064704480 3.221017941 30.194847810 2.005422071 -0.667651340 0.060364059 -0.151761709 0.726337561
2035.314068832 3.182645444 30.342098894 2.064095513 -0.666073665 0.063117808 -0.155479131 0.726765612
2035.565816352 3.329466940 30.754953147 2.154099526 -0.658534692 0.057488784 -0.155842126 0.733989326
2035.813917120 3.329466940 30.754953147 2.154099526 -0.658534692 0.057488784 -0.155842126 0.733989326
2036.063594176 2.834910889 30.294935870 2.167673419 -0.658166742 0.058772164 -0.158486415 0.733651436
2036.313755040 2.829543901 30.457452937 2.226675890 -0.713809363 0.069300251 -0.144741106 0.681706448
2036.563521216 2.579194132 31.271666985 2.346306622 -0.696784377 0.140761201 -0.199847014 0.674343375
2036.813866784 3.009260892 31.760045462 2.411080042 -0.678402845 0.166825665 -0.252863638 0.669327094
2037.063700544 3.465008272 32.256901344 2.530590464 -0.632339961 0.214469792 -0.295302268 0.683334071
2037.313875232 3.981578128 32.721483048 2.644597753 -0.618063817 0.278143680 -0.322758294 0.660651417
2037.564121792 4.570959220 33.215867457 2.736195133 -0.619163499 0.269108309 -0.335872663 0.656815677
2037.813403680 5.091037034 33.490091202 2.822973337 -0.611502466 0.278572863 -0.329989927 0.662999655
2038.064453088 5.705253873 33.943169216 2.897613325 -0.618031378 0.296205800 -0.331516567 0.648379600
2038.314122208 6.367778287 34.437286012 2.975167193 -0.625157454 0.287118977 -0.335460173 0.643589405
2038.563105568 6.959023834 34.913158671 3.072137820 -0.619333819 0.264395349 -0.314207508 0.669174388
2038.813331008 7.523131329 35.386599812 3.153965278 -0.617632445 0.273324386 -0.314439069 0.667047236
2039.063420672 8.130010753 35.866872224 3.233731898 -0.625911816 0.269606331 -0.326083291 0.655146176
2039.313737408 8.617867879 36.217195167 3.306613228 -0.635830403 0.266248263 -0.316068625 0.651868226
2039.564280704 9.190219235 36.686015834 3.380863678 -0.633910267 0.264024855 -0.332004154 0.646700774
2039.813752672 9.791423567 37.179449354 3.472176654 -0.625167958 0.265021324 -0.341784090 0.649701745
2040.063762656 10.348373917 37.599383252 3.550984978 -0.618724190 0.292124657 -0.357747818 0.635499851
2040.313667584 10.953355125 38.001330930 3.630938866 -0.603137588 0.299530511 -0.343400690 0.654662118
2040.564372160 11.530591883 38.389303219 3.725035160 -0.607972806 0.308515516 -0.366160712 0.633335280
2040.814279360 11.976826865 38.643595758 3.784216668 -0.592961164 0.327262698 -0.360998550 0.641074279
2041.063807392 12.179643270 38.789527459 3.806677937 -0.611639308 0.298425241 -0.370829363 0.631921922
2041.689180032 12.301663920 38.848742934 3.826159593 -0.610685783 0.300049545 -0.353467168 0.641945563
