3277.560888544 0.000000000 -0.000000000 1.000000000 -0.707106781 0.000000000 0.000000000 0.707106781
3278.060587328 -0.012710831 0.327343932 1.007437007 -0.692860439 -0.011317141 -0.008976856 0.720927008
3278.248250624 -0.001272643 0.747502375 1.027025165 -0.712932921 0.001232151 0.012282995 0.701123569
3278.371875968 0.001677783 1.065546835 1.023910838 -0.717830977 0.003930281 -0.008128817 0.696158864
3278.498301056 0.023737845 1.402434232 1.037829214 -0.706627126 0.024434363 0.012160891 0.707059530
3278.621948032 0.025292445 1.745061471 1.060551743 -0.699412990 0.015889976 0.006394707 0.714512481
3278.752674048 0.026834500 2.109457265 1.074949717 -0.687723704 0.007352306 0.003351735 0.725927556
3278.874252064 0.027954586 2.459804776 1.086767810 -0.696717684 0.024854157 -0.006392149 0.716886239
3279.001592448 0.037244100 2.834723224 1.105601078 -0.705111602 0.019704158 -0.003202174 0.708815294
3279.124704160 0.054783074 3.222951505 1.114240606 -0.704432197 0.021995393 -0.007991337 0.709385382
3279.251026272 0.077842509 3.619134497 1.131660056 -0.705924811 0.028199345 0.004536874 0.707710658
3279.374797056 0.113663682 4.034662695 1.145980191 -0.708854650 0.052948055 0.027744592 0.702817065
3279.501842240 0.124564751 4.465472056 1.137841254 -0.722122184 0.045437766 0.025255193 0.689809492
3279.625022816 0.137043171 4.901832142 1.144153967 -0.722282492 0.040803946 0.029089659 0.689780278
3279.754396480 0.147053203 5.321004214 1.179616374 -0.657343162 0.034519915 0.023013346 0.752448489
3279.879255328 0.155824469 5.764916172 1.246159997 -0.656559415 0.015099008 0.045859663 0.752727471
3280.002861856 0.125655970 6.221403245 1.309600325 -0.680594449 -0.010539377 0.048933606 0.730948438
3280.128368320 0.093896412 6.666136762 1.356741921 -0.678550766 -0.007991214 0.071778144 0.730994458
3280.252851744 0.061377052 7.117598696 1.407148453 -0.679750777 0.002590525 0.071323177 0.729962447
3280.384387488 0.018843484 7.620137693 1.433274908 -0.716257959 -0.015648376 0.068971434 0.694242469
3280.502809728 -0.016397901 8.077093062 1.435085820 -0.722716878 -0.012426715 0.069653376 0.687513126
3280.628650400 -0.055358773 8.563644176 1.437456626 -0.704038886 -0.006194248 0.064984955 0.707154746
3280.754820512 -0.095898976 9.072459844 1.454200990 -0.710272346 -0.012792025 0.062110014 0.701064836
3280.878466016 -0.143171227 9.572606926 1.476028426 -0.705134000 -0.020537310 0.056731703 0.706502494
3281.002629152 -0.185434622 10.106452338 1.482947573 -0.715785316 -0.022606892 0.063369836 0.695071632
3281.128861056 -0.239424433 10.651643202 1.486455374 -0.711307859 -0.022243831 0.066403200 0.699383269
3281.253206304 -0.300630712 11.199314140 1.498934296 -0.714046349 -0.023449826 0.056980327 0.697381645
3281.378206048 -0.353097333 11.748192233 1.513408925 -0.704995586 -0.026310849 0.057880651 0.706355997
3281.503200480 -0.401470153 12.310897642 1.541021081 -0.705264396 -0.026205860 0.060324213 0.705886941
3281.627893152 -0.452589522 12.871621311 1.570505789 -0.702481128 -0.025686461 0.061058613 0.708612952
3281.753544672 -0.492635893 13.448397222 1.589685992 -0.706631896 -0.021390385 0.068641970 0.703919097
3281.879093312 -0.555180693 14.051783004 1.611570737 -0.699967787 -0.015476511 0.072466619 0.710319762
3282.002883680 -0.609548232 14.649990962 1.654248109 -0.695304141 -0.016142868 0.072697634 0.714847266
3282.130959296 -0.670286794 15.245097052 1.686489158 -0.697851620 -0.017724422 0.072499777 0.712343136
3282.253740256 -0.750928123 15.864185924 1.741114089 -0.698719271 -0.011596443 0.075936772 0.711259805
3282.378096576 -0.863733724 16.372009551 1.803667325 -0.698834584 -0.011517508 0.072442747 0.711512206
3282.503625664 -0.911852834 16.999304382 1.833876369 -0.699718680 -0.012674731 0.073978333 0.710464866
3282.627740512 -0.860874869 17.235848349 1.832100020 -0.699333108 -0.011807377 0.084247241 0.709715572
3282.752697280 -0.849309230 17.741352296 1.905088127 -0.705655992 -0.003917279 0.106993257 0.700418959
3282.878280480 -0.801464303 17.861823333 1.900016380 -0.706965160 -0.005888899 0.110319546 0.698566519
3283.002927296 -0.905278005 18.471655372 1.970951416 -0.707151584 0.005363937 0.109220730 0.698554721
3283.127993440 -0.608974670 18.624352358 1.925569529 -0.706243846 0.001882729 0.138702372 0.694246165
3283.253346240 -0.719456510 19.240397873 1.951735956 -0.709510359 -0.000574979 0.139954634 0.690657238
3283.380413888 -0.784585530 19.565798185 1.961642748 -0.707354651 -0.004140132 0.139043731 0.693036145
3283.505730336 -0.854153201 20.131223011 1.949362928 -0.704527499 -0.011259197 0.140807576 0.695476427
3283.629538656 -0.921895699 20.434541029 1.959177887 -0.701447274 -0.015781506 0.139513422 0.698755087
3283.755159840 -0.990595656 21.093121878 1.977760361 -0.703703193 -0.027620446 0.145160361 0.694958558
3283.881607360 -1.082233923 21.319792289 1.953318979 -0.701194311 -0.031090739 0.148780300 0.696580452
3284.004692992 -1.121748116 21.709108673 2.004238422 -0.695494858 -0.017868262 0.141062115 0.704321736
3284.129576128 -1.290102865 22.457371543 2.093665732 -0.694633310 -0.003067299 0.127917662 0.707892808
3284.254558784 -1.219044218 22.334570235 2.029334304 -0.699735143 -0.007734314 0.148184864 0.698821978
3284.318788960 -1.009642234 22.311697955 1.978908335 -0.698996540 -0.010276287 0.151716409 0.698770610
3284.444092064 -1.061296601 22.800307609 2.024456889 -0.701154873 -0.021546965 0.148145199 0.697115896
3284.567036704 -1.177708102 23.359039837 2.067107733 -0.689027930 -0.028047945 0.147957306 0.708916398
3284.693154816 -1.308059823 23.955390911 2.125675568 -0.683564442 -0.038742667 0.145947896 0.714099342
3284.817742272 -1.453308913 24.536750711 2.168884732 -0.698096441 -0.050145600 0.144570126 0.699461404
3284.943238720 -1.609067933 25.077382774 2.224116210 -0.683419912 -0.039092337 0.159452077 0.711325557
3285.068375008 -1.835822535 25.573160960 2.295385794 -0.710839650 -0.008164997 0.182015572 0.679345756
3285.191982496 -2.002848064 26.128247011 2.332921538 -0.706107325 -0.025619785 0.129856391 0.695624461
3285.322996032 -2.118158215 26.657326973 2.362505008 -0.679935806 -0.003827840 0.140453611 0.719684257
3285.442026624 -2.223212112 27.207984685 2.409306476 -0.688197343 0.013517814 0.158543681 0.707859864
3285.567508128 -2.329042797 27.762851409 2.447748731 -0.691105024 0.001023719 0.153986645 0.706159268
3285.691637696 -2.446701356 28.298203252 2.475330015 -0.704528533 -0.014624373 0.156154888 0.692128113
3285.818688256 -2.578636212 28.832358099 2.497786762 -0.700711837 -0.030716499 0.187531324 0.687671012
3285.943011328 -2.699458159 29.353416596 2.532335203 -0.690494926 -0.006849380 0.198453149 0.695547404
3286.067155552 -2.837417684 29.870601048 2.578277390 -0.693453604 0.012367001 0.195777312 0.693282338
3286.192190720 -2.972064815 30.368564214 2.628130404 -0.685679093 0.003241221 0.199912687 0.699906132
3286.317728672 -3.077101938 30.889618110 2.672364012 -0.671568145 0.005767477 0.193882800 0.715103085
3286.442951744 -3.191284119 31.311743143 2.713748713 -0.696218815 -0.012858790 0.193817358 0.691049090
3286.568210592 -3.336380172 31.783753740 2.749168956 -0.694638009 -0.047540472 0.194367338 0.690969809
3286.692082368 -3.494321493 32.276251796 2.777896740 -0.696845122 -0.052854325 0.191455305 0.689172084
3286.816840160 -3.648142124 32.753611955 2.799001573 -0.697153743 -0.048755286 0.195149118 0.688125281
3286.942563872 -3.789953338 33.215540925 2.837392709 -0.686258711 -0.048076524 0.210803196 0.694477963
3287.067620608 -3.957800470 33.691777198 2.869049121 -0.692601060 -0.050671397 0.207915853 0.688844815
3287.191626272 -4.124358727 34.164522200 2.915343520 -0.681498806 -0.047148751 0.213833938 0.698291787
3287.316799424 -4.284577840 34.626460908 2.956415203 -0.694605579 -0.051262402 0.213620832 0.685026566
3287.442697760 -4.441435190 35.103118184 2.987939118 -0.689330684 -0.039845740 0.203627900 0.694097402
3287.567835552 -4.603178680 35.576230495 3.026997068 -0.689753917 -0.045460239 0.197492722 0.695103967
3287.694859840 -4.775790793 36.066321979 3.071684129 -0.687266570 -0.056941975 0.186045885 0.699863703
3287.816865760 -4.930402017 36.537965439 3.105567210 -0.692654014 -0.050141941 0.188552023 0.694380542
3287.942094784 -5.090080227 37.022842225 3.148378779 -0.689069331 -0.044120391 0.191062827 0.697661698
3288.066999104 -5.244884242 37.497069430 3.179960588 -0.690331616 -0.042451230 0.187586409 0.697460746
3288.199437216 -5.409730322 38.008460117 3.213105869 -0.692505273 -0.059047255 0.193978265 0.692331063
3288.322519232 -5.571056183 38.486095697 3.246894335 -0.695354536 -0.059646208 0.190992704 0.690250814
3288.447882080 -5.742103814 38.979476903 3.269916786 -0.696971640 -0.054260309 0.186276202 0.690353191
3288.572384864 -5.919546596 39.476446337 3.295960189 -0.701051274 -0.063381625 0.187332927 0.685139588
3288.698285120 -6.101258576 39.970946951 3.322024613 -0.692658769 -0.065360793 0.182928453 0.694614265
3288.823532448 -6.270891382 40.481783373 3.339270608 -0.689948421 -0.065691145 0.181784825 0.697574460
3288.950539008 -6.441697569 40.985806610 3.360651717 -0.705284166 -0.063635868 0.181748196 0.682269972
3289.072641504 -6.613882277 41.490092658 3.372996430 -0.709407926 -0.060176962 0.177593611 0.679396524
3289.197568224 -6.791291561 41.993894137 3.373662768 -0.722661602 -0.061713946 0.176911690 0.665322367
3289.323200928 -6.940903720 42.416930719 3.372694709 -0.725119832 -0.054328514 0.166728813 0.665921276
3289.447900832 -7.058949843 42.760473982 3.372748257 -0.723755446 -0.041311707 0.162145968 0.669462532
3289.573204128 -7.156059874 43.032135721 3.373573074 -0.723613543 -0.039957164 0.162135638 0.669700605
3289.759645600 -7.258307564 43.320919042 3.376075897 -0.718374768 -0.048183996 0.160177412 0.675247505
3289.881135040 -7.298946561 43.455512054 3.379231501 -0.717537880 -0.047245005 0.166099209 0.674772816
3290.072435488 -7.344977558 43.592558696 3.379254758 -0.715562791 -0.051518194 0.170195839 0.675536191
3290.324121696 -7.379878570 43.693846640 3.380414353 -0.714292229 -0.051758481 0.170326862 0.676828214
3290.447706688 -7.389296547 43.723126617 3.380505026 -0.714879108 -0.052097052 0.170054618 0.676250830
3290.576205056 -7.397104377 43.746032617 3.381143838 -0.714920045 -0.052269736 0.170031054 0.676200152
3290.698382912 -7.402571726 43.763093251 3.381283808 -0.714974828 -0.052717939 0.170448477 0.676002315
3290.821723552 -7.406398864 43.774596252 3.381745200 -0.714741298 -0.052845441 0.170575800 0.676207167
