514.950319744 0.000000000 -0.000000000 1.000000000 -0.707106781 0.000000000 0.000000000 0.707106781
515.255477024 -0.038157067 0.242633148 1.012011118 -0.694723750 -0.032786032 -0.016192947 0.718346557
515.410309856 -0.050229065 0.554930232 1.023512933 -0.696294451 -0.026480283 -0.004845854 0.717251246
515.522504800 -0.060001825 0.835439001 1.033762477 -0.704463983 -0.025146853 -0.002661231 0.709289116
515.634572672 -0.068709960 1.134459994 1.045200102 -0.701302210 -0.014732210 0.005516945 0.712690490
515.705709536 -0.066372669 1.330295497 1.057695480 -0.698485126 -0.004841746 0.020187005 0.715323403
515.777829120 -0.095144740 1.529691975 1.059769273 -0.688311356 -0.036398774 -0.024657322 0.724081918
515.849952960 -0.086471562 1.734063370 1.081905224 -0.691150996 -0.009038870 -0.003839720 0.722643658
515.921932960 -0.075072914 1.943657462 1.091347702 -0.687800119 0.004918886 0.007511774 0.725844594
515.994608416 -0.092332054 2.159642883 1.108968432 -0.698658505 -0.002642434 -0.033508113 0.714665318
516.072233664 -0.075934884 2.369353293 1.134074704 -0.685911268 0.031816533 -0.000265571 0.726989250
516.146952000 -0.091849553 2.594686854 1.132372422 -0.700980628 0.005815814 -0.026637837 0.712658937
516.231285600 -0.087707360 2.845321631 1.154217541 -0.707057402 0.006124278 -0.019526750 0.706859979
516.317481664 -0.075543654 3.089483553 1.158557541 -0.705723729 0.016581466 -0.012169721 0.708188513
516.402188192 -0.062869847 3.366181496 1.173319609 -0.701734398 0.016654124 -0.007905957 0.712200092
516.487271968 -0.042837468 3.629878510 1.192712918 -0.698587372 0.031474285 0.005956344 0.714807369
516.569892448 -0.021163292 3.895150028 1.202796274 -0.692862699 0.038586008 0.012241175 0.719932326
516.698629792 0.011206462 4.317774672 1.219649440 -0.707836356 0.036993408 0.016362403 0.705217309
516.776275488 0.021510156 4.603505008 1.207141644 -0.729404184 0.022515715 0.014293044 0.683562937
516.848824704 0.043666407 4.855130252 1.220436087 -0.720807114 0.035740169 0.022621978 0.691843906
516.911810496 0.044776773 5.055465166 1.240070754 -0.682604381 0.027960351 0.009656246 0.730189178
516.975786976 0.047072209 5.257760751 1.263639139 -0.647230950 0.019222815 0.018963857 0.761815563
517.103724416 0.039679088 5.711258563 1.341089922 -0.656479028 0.002351460 0.024703997 0.753935985
517.199465216 0.041732576 6.058340718 1.390704970 -0.674535586 0.004611498 0.025048124 0.737802866
517.295724320 0.042176893 6.409577521 1.431950866 -0.677762680 0.008726672 0.031758388 0.734542715
517.423788480 0.042025675 6.865607862 1.493088609 -0.669629577 0.012185088 0.017318898 0.742393298
517.556796800 0.052517360 7.363487923 1.540599934 -0.698135146 0.005497574 0.026774194 0.715444084
517.653728736 0.051345590 7.743429843 1.537969889 -0.722293677 -0.001139525 0.037084161 0.690590552
517.717383872 0.043665469 7.983681597 1.551897994 -0.718757990 -0.001435961 0.031025682 0.694566265
517.861746528 0.027641292 8.536159303 1.567355416 -0.698335299 -0.002459773 0.040755147 0.714605330
517.961212256 -0.002857887 8.935900431 1.585098118 -0.703878112 -0.019822393 0.042802375 0.708752872
518.023156544 -0.020079795 9.182632530 1.596727012 -0.702251678 -0.020236531 0.042589788 0.710365521
518.087115264 -0.041533449 9.444614864 1.610398034 -0.702371632 -0.024657258 0.036069587 0.710468222
518.150887776 -0.058449623 9.705971325 1.617326258 -0.697579845 -0.021400329 0.042868202 0.714903282
518.253169824 -0.095751977 10.132929489 1.630209682 -0.714353133 -0.028145725 0.035043419 0.698340446
518.324545664 -0.118415709 10.438806168 1.639457131 -0.707426542 -0.028400333 0.041663585 0.704985996
518.387589600 -0.143160452 10.710748987 1.642243564 -0.707371985 -0.033999116 0.038935515 0.704948906
518.451498016 -0.168301824 10.989173240 1.653526088 -0.707198062 -0.032606833 0.036558758 0.705316349
518.515460448 -0.189553245 11.266424728 1.663563032 -0.703775398 -0.031848590 0.036404172 0.708774006
518.611267072 -0.148193490 11.531541937 1.699454053 -0.700813083 -0.037176820 0.044815906 0.710964445
518.674070432 -0.174936962 11.815111520 1.711600793 -0.700731271 -0.036108889 0.046612928 0.710984577
518.768295744 -0.210326705 12.234142274 1.729978455 -0.699956929 -0.031517867 0.041274215 0.712294434
518.871636512 -0.237491281 12.696240001 1.758369556 -0.697498859 -0.021196463 0.038284780 0.715248437
518.971145952 -0.272325518 13.162566338 1.783958497 -0.698379976 -0.017907110 0.039655787 0.714403361
519.069985152 -0.301019075 13.623907339 1.807926580 -0.699644139 -0.015057111 0.040324959 0.713193704
519.133617824 -0.313935641 13.921988215 1.828421690 -0.694564984 -0.013401346 0.043396564 0.717994865
519.196642624 -0.333998644 14.222789407 1.848865946 -0.694264254 -0.013919453 0.043557467 0.718266066
519.304714624 -0.363094357 14.725294092 1.889060387 -0.692350668 -0.014047114 0.045238773 0.720004642
519.365594368 -0.379073237 15.017404628 1.906923610 -0.693837784 -0.014959819 0.045610806 0.718529740
519.461322944 -0.470114447 15.289597276 1.928582802 -0.695402191 -0.011425312 0.037337387 0.717559179
519.521760064 -0.524239038 15.518692314 1.942808523 -0.698177176 -0.013180958 0.029903767 0.715178760
519.581036608 -0.535664151 15.802961336 1.967783687 -0.694727077 -0.013435296 0.032614606 0.718408010
519.668370080 -0.557469417 16.230047348 1.997223610 -0.692452470 -0.013366001 0.030580763 0.720691157
519.727386624 -0.571041777 16.514617913 2.013309116 -0.693285999 -0.013781382 0.030201222 0.719897550
519.784938336 -0.579976867 16.795010407 2.034249692 -0.697488818 -0.012348509 0.029309694 0.715889520
519.871226048 -0.603179650 17.209784175 2.062400505 -0.693472898 -0.012391341 0.028938957 0.719794646
519.932783968 -0.612620058 17.511378174 2.085198597 -0.695353041 -0.012890742 0.030032527 0.717924805
519.999684160 -0.627211885 17.845525454 2.104282246 -0.693811408 -0.012860512 0.028196931 0.719489590
520.089731840 -0.583808290 18.217388064 2.136448388 -0.697406194 -0.014392512 0.035515757 0.715650813
520.149877216 -0.600796952 18.521338927 2.156264196 -0.695917841 -0.014864391 0.036530473 0.717037609
520.209532576 -0.615926490 18.809541334 2.175779528 -0.692216153 -0.016031408 0.038434457 0.720487740
520.270941760 -0.633201756 19.127444186 2.199146537 -0.691093305 -0.015154031 0.037670038 0.721624117
520.328570720 -0.644004219 19.413611396 2.220386372 -0.691473836 -0.014613604 0.040166967 0.721135904
520.386981920 -0.659132348 19.705694320 2.239672057 -0.691057805 -0.015632889 0.038302551 0.721614604
520.454329312 -0.677789796 20.041242359 2.266945403 -0.689838966 -0.017797565 0.041673118 0.722543285
520.528572832 -0.703971403 20.417552679 2.293345934 -0.691006672 -0.025988243 0.042915505 0.721105159
520.594483456 -0.732642898 20.747145405 2.318713744 -0.689164107 -0.028785102 0.043881293 0.722702347
520.659511936 -0.758652668 21.072898042 2.345665749 -0.690134506 -0.031938467 0.043172448 0.721685831
520.726823040 -0.787716093 21.410036148 2.374803822 -0.684895114 -0.033347470 0.041161143 0.726713416
520.790093536 -0.817148815 21.726763173 2.403795084 -0.684532851 -0.037032149 0.042679391 0.726788735
520.853842816 -0.846219912 22.041756572 2.438077612 -0.682883352 -0.038563782 0.042983964 0.728241403
520.916920032 -0.881816298 22.359446063 2.470100275 -0.680890774 -0.043383564 0.040591063 0.729971222
520.983265248 -0.912846279 22.680320576 2.502200072 -0.682409000 -0.042751532 0.043720298 0.728408401
521.051725504 -0.953909882 23.031925677 2.537940464 -0.680800467 -0.046524846 0.039809078 0.729905062
521.117283776 -0.988208029 23.343532475 2.566358139 -0.680718077 -0.048669559 0.042146941 0.729710770
521.189383168 -1.025181417 23.709691784 2.606635359 -0.676491528 -0.048029645 0.043127975 0.733615937
521.255497600 -1.058033191 24.036691012 2.646937899 -0.671618207 -0.047923002 0.041563883 0.738176682
521.320999136 -1.083031832 24.359287999 2.687260622 -0.673773148 -0.040426697 0.039657858 0.736765011
521.415295616 -1.118432844 24.829958353 2.753205836 -0.668756519 -0.032638296 0.029719892 0.742169918
521.513370464 -1.145544453 25.306443464 2.814548877 -0.673753318 -0.035976746 0.031858447 0.737392148
521.578694848 -1.174097769 25.624395133 2.854679545 -0.677919699 -0.039790028 0.035548731 0.733197056
521.646867104 -1.204801722 25.946731751 2.889942510 -0.675838300 -0.046376614 0.031982662 0.734893809
521.714193280 -1.229736552 26.266807306 2.930907422 -0.678690550 -0.049174845 0.031028039 0.732119002
521.778164352 -1.262528731 26.575791981 2.967470001 -0.674759228 -0.052237897 0.028904051 0.735619291
521.845325504 -1.295856311 26.881754561 3.009333938 -0.666831458 -0.056462479 0.027757905 0.742547839
521.916205600 -1.334406551 27.236062403 3.063142940 -0.660487918 -0.057772137 0.024539711 0.748208455
521.979778752 -1.368872596 27.541673974 3.111065915 -0.659852253 -0.061117898 0.023558603 0.748534968
522.043116032 -1.402779917 27.840903473 3.159311403 -0.661373805 -0.064594659 0.026754662 0.746790739
522.108955712 -1.445039348 28.147598335 3.191878454 -0.678024600 -0.073177083 0.021725143 0.731064822
522.171967712 -1.480360497 28.471203492 3.211024987 -0.702869198 -0.069224931 0.031217874 0.707254016
522.238769088 -1.494793064 28.684200472 3.273669024 -0.656507075 -0.063220040 0.037488104 0.750730530
522.302790336 -1.548887380 28.992715099 3.304713396 -0.657759448 -0.068599825 0.028065548 0.749572477
522.368354080 -1.562097613 29.306649208 3.345598586 -0.695776114 -0.032685494 0.064442369 0.714614888
522.433671232 -1.609536758 29.584670312 3.382289374 -0.686495812 -0.052585000 0.024996225 0.724798942
522.500971488 -1.619842076 29.863101733 3.427586883 -0.663659522 -0.027952684 0.058741143 0.745200754
522.567068128 -1.676184895 30.155015701 3.455184666 -0.663605792 -0.053991676 0.028813198 0.745574980
522.631561504 -1.708484807 30.433591594 3.505053112 -0.658481536 -0.039585186 0.042532817 0.750350611
522.696135616 -1.740790878 30.713985158 3.547906917 -0.668551673 -0.037006779 0.051919256 0.740927493
522.759463072 -1.772967736 30.988274234 3.591909965 -0.666491650 -0.046365196 0.050496067 0.742353889
522.838369568 -1.809933646 31.308824706 3.637674440 -0.663359438 -0.044224579 0.059066290 0.744654024
522.910203328 -1.844246213 31.645033560 3.673077339 -0.673644646 -0.044809586 0.062901520 0.735009110
522.973985280 -1.893479053 31.925407635 3.712005398 -0.679086491 -0.063171525 0.058020739 0.729029828
523.038806432 -1.931380037 32.200140120 3.739030632 -0.678795109 -0.065415390 0.074706381 0.727582973
523.102210880 -1.977977838 32.475040017 3.765639873 -0.685143205 -0.070684835 0.067907517 0.721783216
523.162540160 -2.011092445 32.719022392 3.795820494 -0.675270403 -0.053562260 0.073604628 0.731931230
523.225688000 -2.043660747 32.985024165 3.831537150 -0.668542458 -0.039578846 0.081305647 0.738155734
523.288984544 -2.065961842 33.251175135 3.866257003 -0.667100072 -0.018477405 0.095198901 0.738629304
523.351850528 -2.104551441 33.522733070 3.895343166 -0.676906223 -0.023127081 0.086464915 0.730607228
523.416153312 -2.128911566 33.788345074 3.939139727 -0.671575152 -0.016548524 0.094666820 0.734677585
523.479177280 -2.170881140 34.045142367 3.970247211 -0.662647244 -0.033584446 0.076277273 0.744279848
523.541959648 -2.202050348 34.287590484 4.013724348 -0.659207405 -0.029113718 0.089757467 0.746017149
523.605728704 -2.243110793 34.526559957 4.058902399 -0.658137003 -0.039892903 0.075272158 0.748063062
523.669763968 -2.275850690 34.795660010 4.092629543 -0.673345002 -0.037260586 0.080029489 0.734039126
523.732686240 -2.308443919 35.046882918 4.126982862 -0.676763130 -0.042631518 0.081208619 0.730465180
523.795917088 -2.348798949 35.307410397 4.150549013 -0.685904154 -0.055371239 0.078700850 0.721301389
523.859682208 -2.390236571 35.556249270 4.172010596 -0.677393849 -0.062337184 0.082313212 0.728337960
523.922477312 -2.433817457 35.814473678 4.201099245 -0.681990319 -0.068481588 0.082983634 0.723403894
523.985843744 -2.479417700 36.071500305 4.220051156 -0.682239064 -0.070059169 0.082061092 0.723123468
524.054407328 -2.530158689 36.315253822 4.254470896 -0.687385779 -0.069124574 0.080964628 0.718447850
524.124378144 -2.588329845 36.604099703 4.281424896 -0.679532167 -0.074816829 0.077384611 0.725706620
524.188057056 -2.634234975 36.855002153 4.317669731 -0.673635960 -0.068433908 0.089880929 0.730378540
524.252673792 -2.698799704 37.123399783 4.329088681 -0.681620985 -0.083992793 0.072669675 0.723226909
524.318255264 -2.750876844 37.387706086 4.362936387 -0.683173933 -0.072815770 0.083886967 0.721757728
524.381052000 -2.798275502 37.617606450 4.386686131 -0.674667879 -0.077879082 0.077054690 0.729945667
524.453705792 -2.851679533 37.901367629 4.421088860 -0.670164910 -0.067594678 0.093357851 0.733208200
524.516883712 -2.911221247 38.151619639 4.441379826 -0.677221187 -0.080108068 0.078342392 0.727197794
524.581162880 -2.953537763 38.408753251 4.478634975 -0.682628423 -0.068327656 0.091360051 0.721805450
524.648828512 -3.008090867 38.670798369 4.501181245 -0.670403903 -0.075106506 0.077838366 0.734070030
524.712758496 -3.053997757 38.920159497 4.532914167 -0.669118830 -0.064707487 0.073510443 0.736674384
524.772877024 -3.104911681 39.170832898 4.560781264 -0.676367997 -0.067641434 0.059679255 0.731019395
524.837031296 -3.145757411 39.421735046 4.587649080 -0.672200139 -0.061766007 0.070723119 0.734391022
524.941163552 -3.231537480 39.832138632 4.638729851 -0.674468353 -0.072371538 0.065940730 0.731783179
525.032799520 -3.295621595 40.193862019 4.685856894 -0.674615459 -0.068681514 0.065650809 0.732029237
525.095560320 -3.337123116 40.447780264 4.713640191 -0.674737153 -0.063719867 0.071037291 0.731862867
525.159426048 -3.386216088 40.701506816 4.737892434 -0.677499204 -0.068599271 0.066110191 0.729327369
525.225777024 -3.429926661 40.974864016 4.776880691 -0.676215909 -0.060774796 0.077769314 0.730061917
525.323741504 -3.501105896 41.342328153 4.804842346 -0.680178023 -0.063790218 0.068523869 0.727044114
525.420219904 -3.567409504 41.734763490 4.854698549 -0.680797175 -0.065664136 0.067886388 0.726357257
525.516062432 -3.638474563 42.126880877 4.882094669 -0.688083138 -0.076100286 0.062581569 0.718911600
525.590203776 -3.694017450 42.427353649 4.915142518 -0.688425481 -0.076466965 0.076727027 0.717172311
525.684956896 -3.775556237 42.798720832 4.945941818 -0.678985617 -0.087906580 0.073755909 0.725128286
525.780433536 -3.857202264 43.177877633 4.978855467 -0.679327734 -0.088499833 0.076800598 0.724419270
525.877244864 -3.952213676 43.567099548 5.013028198 -0.684607823 -0.096111020 0.069435073 0.719203428
525.940345984 -4.012628498 43.822716918 5.036188129 -0.683539138 -0.096670268 0.073431528 0.719747815
526.006006304 -4.079828146 44.088082925 5.057909389 -0.677874219 -0.100369666 0.075117260 0.724410016
526.073496736 -4.149851166 44.363631586 5.083707720 -0.677298027 -0.103196787 0.079066414 0.724131416
526.138839168 -4.218784813 44.635332220 5.105361760 -0.686526931 -0.104249194 0.080641676 0.715059297
526.202288192 -4.284669860 44.900266333 5.116827488 -0.694766639 -0.102818774 0.082405841 0.707062158
526.266895744 -4.357299992 45.162284130 5.136501531 -0.694348924 -0.102957367 0.081194579 0.707592250
526.363992224 -4.462272522 45.571385952 5.148703134 -0.696401410 -0.101802553 0.081868047 0.705662057
526.426142656 -4.528231965 45.832397023 5.163438671 -0.703316255 -0.098521845 0.081817261 0.699246471
526.489401088 -4.594589356 46.080681475 5.167639615 -0.702985089 -0.098138256 0.075144076 0.700381479
526.583579488 -4.677346582 46.407299025 5.180152063 -0.704496693 -0.090027095 0.077923721 0.699648073
526.680532064 -4.755897708 46.698216463 5.189983238 -0.706172496 -0.087108725 0.073094874 0.698848779
526.777855104 -4.817856143 46.940852385 5.199723040 -0.705433902 -0.080353356 0.076899905 0.699994824
526.872435104 -4.876573688 47.139426552 5.204943793 -0.705716597 -0.087781735 0.068284942 0.699711096
527.041309504 -4.942996564 47.402582984 5.221637257 -0.703421337 -0.085079285 0.076213286 0.701535083
527.272553344 -5.005030264 47.628904138 5.227830271 -0.701515831 -0.089934866 0.076823378 0.702769825
527.753271968 -5.054554715 47.822136538 5.238855613 -0.698372126 -0.092731087 0.077479949 0.705460259
