4188.613342912 0.000000000 -0.000000000 1.000000000 -0.707106781 0.000000000 0.000000000 0.707106781
4188.869201856 0.011970195 0.083545749 1.004569376 -0.705731807 0.005165611 -0.010081199 0.708388525
4189.040532576 0.022162742 0.275028681 1.004573445 -0.708306456 -0.005358544 -0.000853722 0.705884213
4189.213891520 0.021918399 0.600576092 1.001957476 -0.716566162 0.000039782 -0.000893839 0.697518556
4189.301744640 0.028264503 0.790499014 1.003215338 -0.721634708 -0.000656935 -0.018027410 0.692038965
4189.401231616 0.054689891 1.025861147 1.014734673 -0.715448861 0.020485565 -0.008740111 0.698310017
4189.484725312 0.059971142 1.227655003 0.995913939 -0.704766166 0.006527035 -0.007826138 0.709366479
4189.571419520 0.075709618 1.451076530 1.017467428 -0.699041381 0.017287088 0.029263513 0.714273023
4189.654017536 0.059287474 1.662827853 1.011889491 -0.722894343 -0.016120208 0.015899628 0.690587510
4189.741277568 0.054684983 1.873718960 1.015402386 -0.695900211 -0.017660890 0.030457783 0.717274921
4189.818732896 0.053006517 2.082096613 1.042123594 -0.698953056 -0.014893640 0.053825449 0.712983608
4189.910130816 0.022097756 2.315628433 1.029575049 -0.694202798 -0.045125373 0.032636692 0.717621782
4190.020288480 0.013622149 2.620090894 1.047813352 -0.709823642 -0.024174233 0.046071150 0.702455303
4190.105452704 -0.008520772 2.844794951 1.046473791 -0.714611043 -0.035548463 0.032861801 0.697844872
4190.181529088 -0.018177281 3.073460586 1.048610181 -0.707768644 -0.028877256 0.034632802 0.705003702
4190.270218016 -0.028579163 3.332663923 1.047704382 -0.714446806 -0.024048705 0.032914402 0.698501298
4190.372465056 -0.039041087 3.641317320 1.053989143 -0.717096663 -0.009752584 0.045104144 0.695444375
4190.461078528 -0.045111141 3.896650230 1.063716858 -0.705156308 0.003165973 0.048456638 0.707387102
4190.543881184 -0.048481243 4.158936361 1.071205786 -0.709512853 0.006908737 0.045255259 0.703203913
4190.637416672 -0.049332561 4.463324089 1.054356603 -0.728711109 0.013905981 0.049174637 0.682911852
4190.719694784 -0.054650644 4.733536650 1.049041391 -0.741006736 0.008240037 0.051652252 0.669457365
4190.807731072 -0.061740667 4.986179584 1.059679372 -0.709161961 0.011201581 0.045087257 0.703513310
4190.887840544 -0.067882997 5.233519241 1.083052871 -0.667513747 0.010013810 0.043462439 0.743260478
4190.981272288 -0.070494835 5.530682868 1.117030657 -0.658308980 0.010232284 0.050974403 0.750950196
4191.062033696 -0.081291894 5.806575848 1.153480526 -0.674015507 0.004102668 0.044127043 0.737386648
4191.146201856 -0.091215795 6.089215879 1.180258463 -0.686979106 0.006144328 0.041524706 0.725463751
4191.250306720 -0.096807893 6.438095773 1.210963172 -0.687523427 0.013772319 0.047325950 0.724487485
4191.352879584 -0.099747585 6.779151951 1.248463264 -0.679137604 0.017049156 0.036863071 0.732886454
4191.491721376 -0.096152186 7.252132229 1.280047960 -0.700770197 0.016393319 0.043949976 0.711843234
4191.568039584 -0.109740130 7.499372985 1.275655362 -0.719907227 0.000381976 0.039485427 0.692946131
4191.657503712 -0.111875807 7.848895365 1.271099981 -0.733095839 0.004071208 0.052237708 0.678104076
4191.794863904 -0.130798348 8.324028370 1.261513975 -0.711722927 0.011343524 0.041607493 0.701135234
4191.899482400 -0.141449398 8.705549734 1.273935853 -0.712637523 0.005242726 0.039323335 0.700409844
4192.040967552 -0.159081603 9.236821094 1.279196446 -0.715622802 0.000652189 0.039875366 0.697347499
4192.111198528 -0.172922960 9.489108468 1.279635008 -0.713483920 -0.005991735 0.034972571 0.699772617
4192.212937760 -0.188667941 9.910675221 1.275743315 -0.722701623 -0.006536669 0.038900298 0.690033625
4192.287552320 -0.203218210 10.201950295 1.270719266 -0.729076178 -0.008988160 0.031985813 0.683625663
4192.359014752 -0.208716893 10.486233001 1.272538007 -0.719355512 -0.005355473 0.039539816 0.693495184
4192.423806272 -0.227024633 10.764730994 1.265999506 -0.718657382 -0.014946437 0.033066429 0.694416865
4192.537934112 -0.246438830 11.236658234 1.267017819 -0.720725520 -0.009309753 0.025479132 0.692689589
4192.633398976 -0.257522359 11.627215349 1.271641800 -0.714538634 -0.006692241 0.028736072 0.698973528
4192.702799648 -0.266817987 11.914433182 1.274526618 -0.712976386 -0.006379250 0.031141031 0.700467140
4192.805004128 -0.277700777 12.352215128 1.286256013 -0.715137172 -0.002930704 0.035146840 0.698093787
4192.881477184 -0.292685672 12.681058397 1.291891864 -0.713045531 -0.002465536 0.029724703 0.700483001
4192.985677600 -0.295566548 13.119224633 1.304329100 -0.710151419 -0.000220165 0.032180466 0.703313110
4193.054200832 -0.304089012 13.421726152 1.312300160 -0.712035562 0.003783234 0.034783401 0.701271104
4193.125843264 -0.313159798 13.739052593 1.318844813 -0.708228729 0.006389248 0.031251296 0.705262080
4193.203504896 -0.315608734 14.081351912 1.328141513 -0.707014747 0.010255886 0.034719688 0.706271554
4193.274363648 -0.320694958 14.400494366 1.339396227 -0.706399588 0.011141699 0.034303484 0.706893737
4193.346170016 -0.326695787 14.718727736 1.351694334 -0.703628785 0.010464628 0.035785867 0.709588892
4193.419158560 -0.329927487 15.048632200 1.366852425 -0.704198076 0.009042563 0.039732512 0.708833288
4193.508732448 -0.338507811 15.451223449 1.377358617 -0.704048495 0.006063637 0.041907705 0.708888350
4193.585848256 -0.352244690 15.802730947 1.394082222 -0.702392218 0.004136396 0.048023850 0.710156160
4193.688146528 -0.377694896 16.271438018 1.412701794 -0.704494048 -0.004110720 0.050827077 0.707875587
4193.757225792 -0.394791093 16.567793662 1.426975382 -0.700907661 -0.005273923 0.049087777 0.711541303
4193.828928608 -0.413190822 16.902755847 1.438006263 -0.704630937 -0.003228062 0.050956986 0.707734560
4193.900891328 -0.437534829 17.225268371 1.451485390 -0.706240568 -0.009687927 0.054689588 0.705789950
4193.969648960 -0.464880271 17.541166394 1.464112667 -0.703141868 -0.014611816 0.058772541 0.708465805
4194.039414240 -0.489533002 17.868571356 1.477930145 -0.702896968 -0.016975588 0.056659429 0.708828182
4194.118334496 -0.519795305 18.233422360 1.492085484 -0.704601636 -0.016740730 0.057714094 0.707054005
4194.187422368 -0.548723065 18.552783689 1.502143872 -0.706289177 -0.019910424 0.058065268 0.705257114
4194.283515840 -0.588789214 18.997276190 1.519575739 -0.704538266 -0.019435479 0.060523998 0.706813228
4194.351541312 -0.615713863 19.312247367 1.532990766 -0.702178218 -0.017098702 0.061500307 0.709134047
4194.428115648 -0.644962221 19.668705221 1.551928610 -0.701111783 -0.016336146 0.059633847 0.710365541
4194.498388896 -0.670923072 19.989979447 1.566602774 -0.699333974 -0.014424107 0.063265107 0.711843708
4194.569883840 -0.699727298 20.330728538 1.584381058 -0.700439467 -0.013827351 0.062832727 0.710806166
4194.641109696 -0.729716441 20.645015154 1.596980421 -0.700322596 -0.017896037 0.061921296 0.710910505
4194.716621344 -0.763609841 21.014235739 1.617440312 -0.700678569 -0.018279485 0.062409597 0.710507174
4194.784929120 -0.793593167 21.337959147 1.632281238 -0.700552174 -0.019316739 0.062814161 0.710568713
4194.861240864 -0.827442585 21.694084158 1.649653696 -0.703911430 -0.022019896 0.063842558 0.707069975
4194.955014080 -0.871566603 22.135432703 1.677357450 -0.699763147 -0.026040766 0.061933588 0.711208582
4195.021771616 -0.906025975 22.446554745 1.692145313 -0.698149032 -0.028099141 0.061926087 0.712715601
4195.090386016 -0.940517202 22.754563940 1.718718255 -0.693928735 -0.029951030 0.060723671 0.716853180
4195.156728224 -0.973748964 23.073647507 1.733177838 -0.693650748 -0.030453373 0.060885116 0.717087327
4195.221228096 -1.007018322 23.382673713 1.757788246 -0.697609562 -0.031873818 0.059559015 0.713286536
4195.285733568 -1.041436774 23.679615050 1.773374014 -0.694362338 -0.032120849 0.057661383 0.716592185
4195.357657024 -1.078158536 24.016114806 1.799423578 -0.693880758 -0.032775586 0.057605748 0.717033355
4195.427821536 -1.110948667 24.340083551 1.824091928 -0.688140398 -0.030408293 0.050724172 0.723163320
4195.494524224 -1.133505594 24.651650553 1.852377567 -0.684830073 -0.020427493 0.049198499 0.726753050
4195.577726592 -1.156971300 25.036939597 1.886539664 -0.687012827 -0.014215533 0.047241012 0.724968676
4195.644518624 -1.181832224 25.351854506 1.918157815 -0.683260013 -0.016825060 0.042832588 0.728723570
4195.733007872 -1.207074995 25.763741599 1.951597408 -0.687399119 -0.015974825 0.048363999 0.724491670
4195.801551456 -1.229324837 26.075765455 1.982381718 -0.690512871 -0.020510764 0.045570317 0.721591734
4195.894125152 -1.264967041 26.495470793 2.011386512 -0.690069529 -0.027312412 0.045873886 0.721771199
4195.978923296 -1.300209755 26.881758799 2.041355589 -0.691684856 -0.030046439 0.044549755 0.720197606
4196.081928512 -1.340242704 27.331177436 2.083777175 -0.685480210 -0.034362534 0.041656566 0.726085965
4196.176873024 -1.380362264 27.740889103 2.125867061 -0.676267323 -0.036958054 0.040210844 0.734628953
4196.267358560 -1.423219904 28.149450679 2.172706307 -0.674175485 -0.045199253 0.034445217 0.736381674
4196.354533728 -1.461877620 28.526572839 2.216095432 -0.676737615 -0.050172475 0.033395862 0.733753119
4196.438534400 -1.505462284 28.914541030 2.226260294 -0.708277798 -0.057457066 0.029048519 0.702991771
4196.537172608 -1.543513702 29.313986245 2.280521568 -0.678470469 -0.042731810 0.051190973 0.731595038
4196.617568896 -1.598711375 29.654362685 2.298693729 -0.667623880 -0.058024721 0.032990221 0.741500594
4196.706908992 -1.612093242 30.039994634 2.349353926 -0.692858035 -0.009639442 0.063198564 0.718234478
4196.791872480 -1.659131605 30.397315485 2.369899206 -0.705073884 -0.022204454 0.016453584 0.708595131
4196.884246688 -1.690349936 30.740378381 2.398382154 -0.673671536 -0.029734482 0.031141993 0.737775506
4196.961735840 -1.715796537 31.057585437 2.435007473 -0.669707877 -0.025206501 0.050096600 0.740504100
4197.050565408 -1.745196859 31.403362754 2.478986197 -0.675852802 -0.014626837 0.051180743 0.735111949
4197.134320480 -1.774345516 31.738117348 2.514081412 -0.681492088 -0.015280364 0.048928441 0.730028118
4197.220756480 -1.803847035 32.064960432 2.551214185 -0.676202434 -0.020062432 0.053395408 0.734504389
4197.308090752 -1.836015203 32.407215169 2.574254144 -0.687584433 -0.020917482 0.050205557 0.724064574
4197.399890112 -1.870162557 32.753349416 2.609901797 -0.690872633 -0.025287324 0.046569329 0.721031798
4197.486388256 -1.897099355 33.076938669 2.621682101 -0.691441097 -0.025051824 0.048658963 0.720356801
4197.577276832 -1.922196683 33.426097971 2.654480783 -0.689181269 -0.013133741 0.056277014 0.722280818
4197.662027648 -1.939233247 33.745453589 2.680913282 -0.683233460 0.002636460 0.058340352 0.727860902
4197.755240640 -1.942742612 34.087288128 2.721869509 -0.682222968 0.030951920 0.081362920 0.725943438
4197.838688416 -1.962143140 34.402524703 2.745259039 -0.693806412 0.022296892 0.073741427 0.716029129
4197.930445760 -1.971957385 34.729303520 2.784086149 -0.680321389 0.016235692 0.082398184 0.728086361
4198.011874816 -1.987121312 35.027668910 2.809956854 -0.675581178 0.011352308 0.082670819 0.732548109
4198.102332736 -2.009744114 35.338219664 2.858166499 -0.666212017 0.003162567 0.081167170 0.741325460
4198.180656224 -2.038885289 35.629468138 2.878370375 -0.678144042 -0.008352872 0.090521046 0.729285149
4198.269082560 -2.089446489 35.938622874 2.912254609 -0.692167788 -0.034629325 0.089554118 0.715321343
4198.378028672 -2.152959434 36.316248382 2.935081518 -0.692723480 -0.053069110 0.076349259 0.715184340
4198.469516864 -2.197883999 36.624754183 2.963432723 -0.693439317 -0.043998531 0.090510638 0.713452077
4198.551762208 -2.258868706 36.900118065 2.977559913 -0.691563464 -0.063562401 0.078950594 0.715168931
4198.639676416 -2.307952855 37.205895914 2.997881735 -0.696000503 -0.059232367 0.094169525 0.709370796
4198.730144736 -2.366711057 37.502199694 3.019471786 -0.690939586 -0.063521536 0.093032403 0.714081561
4198.821457696 -2.425731513 37.812777703 3.046529044 -0.685640310 -0.058592326 0.102076036 0.718362574
4198.905721600 -2.488573492 38.098679870 3.057084031 -0.688544536 -0.062210969 0.090764317 0.716797082
4199.025557344 -2.565575359 38.484409841 3.099088179 -0.684820393 -0.065786294 0.089310759 0.720219954
4199.113993824 -2.621634481 38.779397219 3.126537432 -0.679340358 -0.059435254 0.098340418 0.724771199
4199.202593056 -2.686319802 39.079005469 3.148546333 -0.686031260 -0.063734206 0.089783923 0.719192540
4199.323767040 -2.770544184 39.484601581 3.179247786 -0.676928162 -0.070354563 0.090749387 0.727037171
4199.403345312 -2.818745185 39.760602139 3.205208847 -0.682474282 -0.062589661 0.098468087 0.721536849
4199.502701728 -2.894240384 40.085255144 3.232935266 -0.686655051 -0.067869991 0.089979421 0.718193713
4199.618268864 -2.984876350 40.475576479 3.274100826 -0.684004558 -0.073985625 0.084859227 0.720737680
4199.764276640 -3.096323422 40.962312090 3.319890490 -0.679754686 -0.072312894 0.085372696 0.724855789
4199.847419648 -3.154854988 41.245713018 3.341012483 -0.686131499 -0.066684997 0.086066687 0.719283813
4199.919180960 -3.201805924 41.492120494 3.360711798 -0.692263830 -0.062643819 0.077292286 0.714753415
4200.041819264 -3.265946968 41.915759819 3.396476936 -0.685382550 -0.042862222 0.074034282 0.723140730
4200.132579008 -3.310144688 42.210542926 3.418676209 -0.691364385 -0.041461884 0.065444547 0.718340595
4200.210151936 -3.353673717 42.491581365 3.438671118 -0.690751476 -0.046338878 0.068815946 0.718317112
4200.288806816 -3.393317458 42.746228267 3.454741079 -0.691827615 -0.059185282 0.069379149 0.716280802
4200.370840640 -3.443936319 43.050212846 3.471166221 -0.698432374 -0.060298376 0.066613859 0.710013323
4200.442681216 -3.478985003 43.308332418 3.490718377 -0.696720810 -0.052066458 0.067901060 0.712220923
4200.552584576 -3.552646648 43.685896261 3.509661705 -0.692496097 -0.063457098 0.070039928 0.715204000
4200.628233952 -3.603347929 43.945225927 3.528827766 -0.688818265 -0.077172808 0.082455182 0.716083025
4200.776188864 -3.718648993 44.463214303 3.558159933 -0.695716698 -0.083729426 0.083994512 0.708457890
4200.862673024 -3.792382410 44.763118484 3.573020229 -0.688982750 -0.087864706 0.084467941 0.714456248
4200.932430976 -3.848877138 45.003665672 3.593659125 -0.689865732 -0.087823659 0.089137884 0.713040472
4201.038851744 -3.939652026 45.376979070 3.620050848 -0.689900025 -0.087004749 0.087783964 0.713275616
4201.110081280 -4.005453803 45.641822030 3.628520401 -0.699274166 -0.089148097 0.083531006 0.704337155
4201.228497600 -4.111130505 46.076822134 3.643175088 -0.704826262 -0.087911658 0.086952365 0.698520413
4201.302841376 -4.170986805 46.323802926 3.646978354 -0.710711094 -0.088452953 0.090660301 0.691987374
4201.390584000 -4.254306383 46.650780365 3.654335719 -0.709373333 -0.090258512 0.083967272 0.693968567
4201.458649568 -4.305652906 46.873245442 3.658209236 -0.709721715 -0.083045831 0.089473545 0.693824878
4201.553924864 -4.371951299 47.142373819 3.658858886 -0.714910823 -0.082949375 0.089587284 0.688473700
4201.630156832 -4.417850537 47.319900272 3.658801932 -0.719859800 -0.082045582 0.086288514 0.683830887
4201.719395616 -4.464549540 47.503421410 3.660366618 -0.715732058 -0.077941028 0.083727427 0.688943057
4201.791545600 -4.495178618 47.628781187 3.662531013 -0.713656390 -0.078462685 0.085013902 0.690876834
4201.890273120 -4.528736901 47.767518539 3.664062017 -0.712736959 -0.079001701 0.086539390 0.691574792
4202.122436736 -4.584041403 47.992475628 3.668106716 -0.712264445 -0.082203219 0.089197147 0.691350750
4202.282704896 -4.610607980 48.085366675 3.669717680 -0.709287995 -0.085263184 0.086150280 0.694419800
4202.561500960 -4.644065052 48.221603972 3.672179930 -0.707785771 -0.086793217 0.089980206 0.695276781
4202.906210400 -4.679179591 48.361000445 3.674490151 -0.708620042 -0.087842191 0.092982102 0.693898923
4203.334729440 -4.715910811 48.499411530 3.675747243 -0.708367980 -0.088242768 0.094308623 0.693926439
