1967.061096608 0.000000000 -0.000000000 1.000000000 -0.707106781 0.000000000 0.000000000 0.707106781
1967.686033120 -0.059212775 0.541195608 1.027304459 -0.703331621 -0.047686268 0.013430463 0.709133467
1967.936021344 -0.037335799 1.071603688 1.051463205 -0.705170233 -0.004531808 0.020514371 0.708726722
1968.185972256 -0.006768656 1.681403847 1.067485711 -0.697537795 0.024987166 0.033485913 0.715328848
1968.436093120 -0.022495297 2.332483958 1.095752179 -0.686675409 0.011196400 0.003690920 0.726868558
1968.686297408 -0.020420829 3.049731247 1.132722388 -0.707763798 0.017301988 0.011932143 0.706136440
1968.936849856 0.016219254 3.789435386 1.157707614 -0.703661454 0.032760196 0.015797928 0.709603941
1969.189613344 0.038701650 4.612187616 1.159324229 -0.733617456 0.030934837 0.030683557 0.678164422
1969.438478976 0.035393439 5.403231514 1.236803579 -0.649282373 0.019443032 0.034720690 0.759505656
1969.688420672 -0.010227791 6.260357385 1.354625909 -0.678023983 -0.018298936 0.058446636 0.732483869
1969.938841056 -0.064589586 7.105458313 1.452892712 -0.675858406 0.002689985 0.075759536 0.733122549
1970.188606976 -0.146288890 8.002742389 1.485598849 -0.719893733 -0.022015271 0.071548041 0.690035665
1970.438905696 -0.240385196 8.933838033 1.512464530 -0.703477098 -0.023753461 0.068274624 0.707032051
1970.688743904 -0.347386048 9.904739478 1.548568753 -0.708493215 -0.026416276 0.071886463 0.701549628
1970.938445728 -0.485050198 10.914668943 1.573549237 -0.705141137 -0.035351230 0.065633090 0.705137266
1971.188297248 -0.594555844 11.924411504 1.630381730 -0.700464680 -0.037405540 0.069237005 0.709335107
1971.438513664 -0.637309933 12.793180824 1.685580546 -0.702055974 -0.035520515 0.073317511 0.707446284
1971.688513632 -0.744245640 13.808763793 1.746842564 -0.701704475 -0.027746767 0.080270591 0.707387856
1971.938426208 -1.087809555 14.457520360 1.753362297 -0.697529257 -0.016582403 0.065841859 0.713332187
1972.188406176 -1.201031307 15.542787402 1.847319887 -0.695210763 -0.018703486 0.054136974 0.716520315
1972.438981024 -1.251902063 16.660491603 1.906213547 -0.698394364 -0.018881999 0.055978347 0.713270781
1972.688814848 -1.148169718 17.534872935 1.858652208 -0.691066049 -0.024474415 0.072046945 0.718775317
1972.938344320 -1.273772671 18.726492053 1.965306611 -0.686606065 -0.025645778 0.074990366 0.722696929
1973.188152096 -1.451495263 19.926757215 2.071423768 -0.689261994 -0.039261773 0.079892504 0.719022674
1973.438822496 -1.539103587 20.773585763 2.191088880 -0.690761135 -0.059015053 0.084083945 0.715748677
1973.688975776 -1.632352735 21.326660353 2.238513178 -0.687451556 -0.062371742 0.085143280 0.718519829
1973.939445376 -1.744684017 21.909590216 2.288424027 -0.681932519 -0.065319453 0.084983076 0.723518683
1974.188768832 -1.866347347 22.447341406 2.347747525 -0.678485732 -0.060402113 0.082352693 0.727479711
1974.438470240 -2.008273344 23.018666447 2.388242433 -0.672203146 -0.049946595 0.059363290 0.736290885
1974.689219104 -2.008273344 23.018666447 2.388242433 -0.672203146 -0.049946595 0.059363290 0.736290885
1974.939191456 -2.164846795 22.719039102 2.688292179 -0.667962651 -0.043458332 0.074913154 0.739138208
1975.188796896 -2.201194618 24.070896945 2.999339017 -0.716785119 -0.007394222 0.056983319 0.694922528
1975.438819776 -2.284788863 25.148431979 3.096378151 -0.687078316 -0.003492624 0.057942092 0.724260936
1975.688616320 -2.318352045 26.230405452 3.188849730 -0.699365414 -0.011445987 0.075117555 0.710713979
1975.939160544 -2.454633043 27.149815922 3.280123573 -0.695087830 -0.014017127 0.088774743 0.713284988
1976.188600800 -2.550331571 28.146571821 3.360929394 -0.687859164 -0.004655044 0.122158592 0.715475632
1976.563545952 -2.816878187 29.624978768 3.490133389 -0.695806919 -0.027205398 0.126039427 0.706559736
1976.814013152 -3.055105247 30.589122565 3.530998489 -0.697359560 -0.074456981 0.127730002 0.701306530
1977.063420832 -3.297417029 31.450343492 3.564589866 -0.698672904 -0.081922518 0.130514539 0.698649289
1977.313591616 -3.499509051 32.355272356 3.633305404 -0.683387099 -0.076306879 0.112575552 0.717276849
1977.563597600 -3.719619632 33.187761421 3.674578172 -0.683565865 -0.064047537 0.121308284 0.716882084
1977.813676000 -3.940515531 34.018494179 3.734852292 -0.690922499 -0.061557407 0.119145135 0.710381041
1978.063933312 -4.154507500 34.924409896 3.799498499 -0.694631676 -0.054148370 0.119304442 0.707333895
1978.313576064 -4.349177233 35.795396347 3.856079383 -0.690139106 -0.044662106 0.120378962 0.712195350
1978.564099968 -4.546204807 36.679570884 3.891774465 -0.704855154 -0.060313496 0.114895567 0.697381175
1978.813577600 -4.758023087 37.596310710 3.935693332 -0.702681205 -0.064736466 0.108808952 0.700149217
1979.063932096 -4.974243059 38.513769964 3.978379867 -0.700346006 -0.058701059 0.107788809 0.703172262
1979.313705696 -5.199259002 39.432346747 4.019720823 -0.706405687 -0.071703997 0.109758074 0.695559277
1979.563781600 -5.431871626 40.386579551 4.021203423 -0.720941088 -0.056047388 0.102552343 0.683070754
1979.813597216 -5.636988145 41.317588444 4.013831121 -0.724543412 -0.063140472 0.115421658 0.676555959
1980.063828864 -5.793151838 41.944921035 4.006834775 -0.724499525 -0.064452605 0.114173117 0.676691066
1980.439472352 -5.912801873 42.445720504 4.007937756 -0.718522255 -0.057307779 0.110938717 0.684203324
1980.938678752 -5.971123959 42.680179380 4.009454095 -0.712588943 -0.061215055 0.109790088 0.690228841
1981.939512256 -6.020156690 42.877738899 4.011644673 -0.712259430 -0.064405911 0.112908483 0.689775367
