2 1384016140384 1384.016140384
3 1384266497920 1384.2664979200001
4 1384515960736 1384.5159607360001
5 1384762343168 1384.7623431680001
6 1385016344096 1385.016344096
7 1385266383680 1385.26638368
8 1385517051808 1385.5170518080001
9 1385761908896 1385.761908896
11 1386266368160 1386.2663681600002
18 1388266117088 1388.266117088
28 1390762507424 1390.762507424
34 1392266640672 1392.266640672
37 1393015873728 1393.015873728
38 1393266271456 1393.2662714560001
39 1393516055712 1393.516055712
40 1393762766688 1393.762766688
41 1394016582240 1394.0165822400002
42 1394266353472 1394.266353472
43 1394516218336 1394.516218336
45 1395016305056 1395.0163050560002
46 1395266773440 1395.2667734400002
47 1395516152032 1395.516152032
48 1395762043296 1395.762043296
49 1396016451712 1396.0164517120002
50 1396266289600 1396.2662896000002
51 1396515748832 1396.515748832
53 1397016168704 1397.0161687040002
54 1397266370784 1397.2663707840002
55 1397516214368 1397.5162143680002
57 1398016399584 1398.016399584
58 1398266375904 1398.2663759040001
59 1398516294752 1398.516294752
