1 1326515949472 1326.515949472
4 1327266064576 1327.2660645760002
8 1328265983808 1328.265983808
28 1333266017984 1333.266017984
29 1333516308576 1333.516308576
31 1334015765344 1334.015765344
32 1334266130208 1334.266130208
33 1334515876192 1334.5158761920002
34 1334761558048 1334.761558048
35 1335015902080 1335.0159020800002
36 1335266070848 1335.266070848
37 1335516103136 1335.516103136
39 1336016323872 1336.0163238720002
40 1336266161504 1336.2661615040001
44 1337265708000 1337.2657080000001
48 1338266085056 1338.266085056
49 1338515828928 1338.515828928
52 1339266096512 1339.266096512
56 1340266138048 1340.2661380480001
