67 1652138071360 1652.1380713600001
75 1652938544448 1652.9385444480001
79 1653338134016 1653.3381340160001
83 1653738779520 1653.7387795200002
87 1654138308736 1654.138308736
91 1654537752128 1654.5377521280002
95 1654938785952 1654.9387859520002
99 1655338059968 1655.3380599680002
103 1655738437440 1655.73843744
107 1656138246176 1656.1382461760002
184 1663936360192 1663.9363601920002
194 1664937923104 1664.937923104
198 1665337735808 1665.3377358080002
202 1665738273664 1665.7382736640002
206 1666138052320 1666.13805232
210 1666538153312 1666.538153312
214 1666938204000 1666.938204
218 1667338148224 1667.3381482240002
222 1667738115968 1667.738115968
226 1668139629024 1668.1396290240002
