4 2198898131680 2198.89813168
5 2199150631328 2199.150631328
36 2206900555648 2206.900555648
38 2207400146176 2207.4001461760004
39 2207649966816 2207.649966816
40 2207900137440 2207.90013744
41 2208150198752 2208.150198752
42 2208400443008 2208.400443008
43 2208648586720 2208.64858672
44 2208899783104 2208.899783104
45 2209150967648 2209.150967648
46 2209398946368 2209.398946368
47 2209647631808 2209.647631808
48 2209898571328 2209.8985713280003
49 2210150552416 2210.150552416
50 2210398606272 2210.398606272
53 2211150214432 2211.150214432
