1 1625762260576 1625.762260576
2 1626016519456 1626.0165194560002
3 1626266001280 1626.2660012800002
4 1626516320992 1626.5163209920001
5 1626762631104 1626.762631104
6 1627016474816 1627.016474816
7 1627266479392 1627.266479392
31 1633266303296 1633.2663032960002
32 1633515898624 1633.515898624
33 1633761998048 1633.7619980480001
34 1634016691648 1634.016691648
35 1634266337024 1634.266337024
36 1634516168640 1634.5161686400002
38 1635016274528 1635.0162745280002
39 1635266761760 1635.26676176
40 1635516999872 1635.516999872
41 1635762017792 1635.762017792
42 1636017093568 1636.017093568
43 1636266439616 1636.266439616
44 1636516213376 1636.516213376
45 1636762208384 1636.7622083840001
46 1637016310592 1637.016310592
47 1637266357280 1637.2663572800002
48 1637516444576 1637.5164445760001
