3098.605595680 0.000000000 0.000000000 0.000000000 -0.000000000 -0.000000000 -0.000000000 1.000000000
3098.855718464 0.014866438 -0.009233108 0.274323642 0.001962598 -0.006100980 -0.005321255 0.999965310
3099.105177152 0.027639275 -0.012264383 0.430473715 0.001738193 -0.009112306 -0.001568576 0.999955773
3099.354775040 0.029949881 -0.011551202 0.511303961 0.003272011 -0.010445219 -0.006319094 0.999920130
3099.605297216 0.032890480 -0.011874414 0.555752039 0.003069127 -0.011946454 -0.006850533 0.999900520
3099.855283296 0.035293952 -0.012384898 0.575224221 0.003041871 -0.012995432 -0.005324027 0.999896824
3100.105376064 0.036946803 -0.012182522 0.594451547 0.002634738 -0.013381242 -0.004828316 0.999895334
3100.355685600 0.038228799 -0.012184182 0.609134197 0.002378663 -0.013973693 -0.004662992 0.999888659
3100.605202752 0.037926748 -0.012696117 0.614335179 0.002539788 -0.013915561 -0.004720898 0.999888837
3100.855222080 0.038309157 -0.012088154 0.614116907 0.002628817 -0.014000177 -0.004668245 0.999887705
