302.111117728 0.000000000 0.000000000 0.000000000 -0.000000000 -0.000000000 -0.000000000 1.000000000
302.139690208 0.051591288 -0.009749245 0.373919785 0.001929288 0.005310957 -0.000085789 0.999984026
302.168600864 0.089640453 -0.032073092 0.615533412 0.001714926 0.008846269 0.000063780 0.999959409
302.197146496 0.126415238 -0.055166513 0.891112626 0.000839939 0.010614220 -0.000235546 0.999943316
302.226329184 0.158959806 -0.065939546 1.083025813 -0.001728148 0.010565740 0.003262276 0.999937356
302.255229632 0.189329758 -0.075517081 1.281609297 -0.000255935 0.010077141 0.004895786 0.999937236
302.284562048 0.207675904 -0.082555510 1.474350572 0.000317795 0.010020664 0.003471783 0.999943733
302.313161344 0.233878702 -0.079697281 1.665844917 -0.002864814 0.008782051 0.003213679 0.999952197
302.342118272 0.255239785 -0.087065622 1.850991130 0.000983694 0.008149035 0.004547033 0.999956012
302.370713376 0.284023196 -0.096443333 2.045790195 0.002624353 0.007090726 0.006297694 0.999951601
302.399253632 0.308004409 -0.101286821 2.239510059 -0.000493571 0.007232117 0.005276870 0.999959826
302.436504832 0.338112175 -0.098049358 2.489019394 0.000559603 0.006670818 0.004964986 0.999965250
302.465136992 0.364236981 -0.110136598 2.681030273 0.003507624 0.005941591 0.005775930 0.999959528
302.493803392 0.389208883 -0.114976235 2.874635458 0.000165493 0.005386787 0.007541268 0.999957025
302.522903712 0.409487337 -0.119752765 3.062984228 0.002207577 0.005402182 0.006408151 0.999962449
302.551517440 0.426974624 -0.124341808 3.249880314 0.006685256 0.005986331 0.005677639 0.999943614
302.581536416 0.454822958 -0.136832297 3.451210022 0.004679954 0.004848604 0.007029082 0.999952614
302.610408192 0.474674612 -0.137755647 3.646660805 0.004888570 0.004598475 0.006034715 0.999959290
302.641307200 0.495330185 -0.139512852 3.833906412 0.004925748 0.004719380 0.007385176 0.999949455
302.670423168 0.519859791 -0.148204744 4.039464474 0.003908181 0.004564577 0.006885689 0.999958217
302.699338624 0.539836407 -0.153060377 4.230803967 0.003775521 0.003479662 0.005063091 0.999974012
302.728387200 0.560875177 -0.158745870 4.419115543 0.008130268 0.002124083 0.003643568 0.999958038
302.757645088 0.580394924 -0.170343712 4.619760513 0.005586792 0.001630202 0.008445154 0.999947429
302.786317440 0.600043058 -0.175740778 4.803890705 0.006183107 0.001402257 0.008240221 0.999945939
302.815041440 0.618004799 -0.184168905 4.985538006 0.006346078 0.001170564 0.006606637 0.999957383
302.844888768 0.636370182 -0.184294105 5.173253536 0.002928036 0.000430697 0.006687818 0.999973297
302.873488000 0.656933427 -0.189049765 5.367688179 0.004913744 0.000020751 0.007111630 0.999962628
302.902243488 0.678793252 -0.200165540 5.550538063 0.005164651 0.000219800 0.010315321 0.999933422
302.931003872 0.699603617 -0.203728721 5.735563278 0.002905343 0.000778469 0.010182116 0.999943674
302.959445952 0.718812644 -0.200436845 5.921784401 0.001316214 0.000218540 0.009200659 0.999956787
302.988310208 0.735767782 -0.206465572 6.100532055 0.004316808 0.000662661 0.009039379 0.999949634
303.017199200 0.752800941 -0.213460535 6.281691074 0.001946910 0.001292356 0.011077155 0.999935925
303.046019808 0.771616518 -0.219000608 6.463818073 0.000269869 0.001874422 0.010646538 0.999941528
303.075099520 0.792319119 -0.223059386 6.641014576 0.004354383 0.002567709 0.010892065 0.999927878
303.103839648 0.811021268 -0.226117417 6.819381237 0.006906176 0.002380912 0.011864334 0.999902964
303.132574752 0.828406692 -0.232025981 6.994446278 0.006138642 0.002413463 0.011838764 0.999908149
303.163430464 0.844411254 -0.238094553 7.169076920 0.005691499 0.003004178 0.012565288 0.999900401
303.192578528 0.861907959 -0.242304131 7.356058121 0.006706169 0.004059401 0.011090309 0.999907792
303.222490240 0.880313694 -0.248123050 7.534515381 0.004181154 0.003529148 0.010692543 0.999927878
303.261646976 0.904495358 -0.257858396 7.783867836 0.007549515 0.002382012 0.011100870 0.999907076
303.290787648 0.925504029 -0.265730411 7.960925579 0.006865984 0.000551053 0.013333800 0.999887407
303.323091872 0.941955268 -0.269832850 8.155409813 0.007456278 -0.001716693 0.010996811 0.999910295
303.354629728 0.955672503 -0.276192993 8.347690582 0.008481408 -0.006294611 0.009807921 0.999896109
303.386208352 0.967509031 -0.282751948 8.537322044 0.007645929 -0.010080518 0.009693698 0.999872983
303.417771264 0.982053220 -0.288715333 8.727451324 0.005565909 -0.012579896 0.011278284 0.999841809
303.449303264 0.990069866 -0.294471443 8.923299789 0.011112364 -0.012277580 0.009270336 0.999819875
303.480775680 1.009177566 -0.295434177 9.121613503 0.008116517 -0.014895626 0.008762889 0.999817729
303.512171136 1.026266932 -0.299851626 9.303940773 0.011893517 -0.017013619 0.008175046 0.999751151
303.543699872 1.049555898 -0.301939547 9.491705894 0.012355845 -0.020508166 0.007991265 0.999681413
303.575095584 1.071514964 -0.302476197 9.679396629 0.008768522 -0.024865657 0.005835000 0.999635398
303.606465760 1.088927984 -0.313554168 9.856644630 0.009084870 -0.030225744 0.005708737 0.999485552
303.637797856 1.104353189 -0.321345925 10.032663345 0.020292688 -0.034689020 0.002650171 0.999188602
303.669192864 1.120205522 -0.329179704 10.212248802 0.026395652 -0.037022412 0.003152873 0.998960793
303.700498272 1.137440920 -0.337621927 10.392634392 0.030982362 -0.040930863 0.006044602 0.998663306
303.731833824 1.150653839 -0.345729679 10.570039749 0.035999645 -0.044805266 0.000543493 0.998346746
303.763250016 1.149547100 -0.355528831 10.750092506 0.037654385 -0.048366953 -0.003909663 0.998112023
303.794611616 1.146269917 -0.376234859 10.932763100 0.036770638 -0.052131031 0.003450797 0.997957110
303.826036544 1.148042917 -0.392356306 11.115661621 0.033774637 -0.056907110 0.007570716 0.997779310
303.857454528 1.143715143 -0.401855648 11.306582451 0.027653886 -0.059974562 -0.001871467 0.997815013
303.888852576 1.142330527 -0.415846467 11.488523483 0.033910390 -0.063998878 -0.006669233 0.997351348
303.920531616 1.142340302 -0.429899275 11.675711632 0.029612146 -0.065102234 0.002410001 0.997436225
303.960131552 1.144744277 -0.444860071 11.906196594 0.031705238 -0.068200201 -0.002886962 0.997163594
303.990462784 1.142592549 -0.453900456 12.106198311 0.035081338 -0.070145547 -0.008360352 0.996884644
304.022689280 1.138282061 -0.466547132 12.300978661 0.032088153 -0.072051026 -0.008690348 0.996846795
304.054631424 1.133854628 -0.477951169 12.493782043 0.033010773 -0.074721627 -0.009096412 0.996616364
304.085865440 1.123095512 -0.493010938 12.676869392 0.033321459 -0.075231113 -0.011555940 0.996542275
304.118039104 1.115511775 -0.507551312 12.870131493 0.037460428 -0.076880783 -0.011047469 0.996275067
304.149731520 1.115567207 -0.573014796 13.033355713 0.056059089 -0.077161558 -0.015350741 0.995323002
304.149731520 1.115567207 -0.573014796 13.033355713 0.056059089 -0.077161558 -0.015350741 0.995323002
304.149731520 1.115567207 -0.573014796 13.033355713 0.056059089 -0.077161558 -0.015350741 0.995323002
304.149731520 1.115567207 -0.573014796 13.033355713 0.056059089 -0.077161558 -0.015350741 0.995323002
304.149731520 1.115567207 -0.573014796 13.033355713 0.056059089 -0.077161558 -0.015350741 0.995323002
304.149731520 1.115567207 -0.573014796 13.033355713 0.056059089 -0.077161558 -0.015350741 0.995323002
304.149731520 1.115567207 -0.573014796 13.033355713 0.056059089 -0.077161558 -0.015350741 0.995323002
304.149731520 1.115567207 -0.573014796 13.033355713 0.056059089 -0.077161558 -0.015350741 0.995323002
304.149731520 1.115567207 -0.573014796 13.033355713 0.056059089 -0.077161558 -0.015350741 0.995323002
304.149731520 1.115567207 -0.573014796 13.033355713 0.056059089 -0.077161558 -0.015350741 0.995323002
304.149731520 1.115567207 -0.573014796 13.033355713 0.056059089 -0.077161558 -0.015350741 0.995323002
304.149731520 1.115567207 -0.573014796 13.033355713 0.056059089 -0.077161558 -0.015350741 0.995323002
304.149731520 1.115567207 -0.573014796 13.033355713 0.056059089 -0.077161558 -0.015350741 0.995323002
304.149731520 1.115567207 -0.573014796 13.033355713 0.056059089 -0.077161558 -0.015350741 0.995323002
304.149731520 1.115567207 -0.573014796 13.033355713 0.056059089 -0.077161558 -0.015350741 0.995323002
304.149731520 1.115567207 -0.573014796 13.033355713 0.056059089 -0.077161558 -0.015350741 0.995323002
304.149731520 1.115567207 -0.573014796 13.033355713 0.056059089 -0.077161558 -0.015350741 0.995323002
304.149731520 1.115567207 -0.573014796 13.033355713 0.056059089 -0.077161558 -0.015350741 0.995323002
304.149731520 1.115567207 -0.573014796 13.033355713 0.056059089 -0.077161558 -0.015350741 0.995323002
304.149731520 1.115567207 -0.573014796 13.033355713 0.056059089 -0.077161558 -0.015350741 0.995323002
304.149731520 1.115567207 -0.573014796 13.033355713 0.056059089 -0.077161558 -0.015350741 0.995323002
304.149731520 1.115567207 -0.573014796 13.033355713 0.056059089 -0.077161558 -0.015350741 0.995323002
304.149731520 1.115567207 -0.573014796 13.033355713 0.056059089 -0.077161558 -0.015350741 0.995323002
304.149731520 1.115567207 -0.573014796 13.033355713 0.056059089 -0.077161558 -0.015350741 0.995323002
304.149731520 1.115567207 -0.573014796 13.033355713 0.056059089 -0.077161558 -0.015350741 0.995323002
304.149731520 1.115567207 -0.573014796 13.033355713 0.056059089 -0.077161558 -0.015350741 0.995323002
304.149731520 1.115567207 -0.573014796 13.033355713 0.056059089 -0.077161558 -0.015350741 0.995323002
304.149731520 1.115567207 -0.573014796 13.033355713 0.056059089 -0.077161558 -0.015350741 0.995323002
304.149731520 1.115567207 -0.573014796 13.033355713 0.056059089 -0.077161558 -0.015350741 0.995323002
304.149731520 1.115567207 -0.573014796 13.033355713 0.056059089 -0.077161558 -0.015350741 0.995323002
304.149731520 1.115567207 -0.573014796 13.033355713 0.056059089 -0.077161558 -0.015350741 0.995323002
304.149731520 1.115567207 -0.573014796 13.033355713 0.056059089 -0.077161558 -0.015350741 0.995323002
304.149731520 1.115567207 -0.573014796 13.033355713 0.056059089 -0.077161558 -0.015350741 0.995323002
304.149731520 1.115567207 -0.573014796 13.033355713 0.056059089 -0.077161558 -0.015350741 0.995323002
304.149731520 1.115567207 -0.573014796 13.033355713 0.056059089 -0.077161558 -0.015350741 0.995323002
304.149731520 1.115567207 -0.573014796 13.033355713 0.056059089 -0.077161558 -0.015350741 0.995323002
304.149731520 1.115567207 -0.573014796 13.033355713 0.056059089 -0.077161558 -0.015350741 0.995323002
304.149731520 1.115567207 -0.573014796 13.033355713 0.056059089 -0.077161558 -0.015350741 0.995323002
304.149731520 1.115567207 -0.573014796 13.033355713 0.056059089 -0.077161558 -0.015350741 0.995323002
304.149731520 1.115567207 -0.573014796 13.033355713 0.056059089 -0.077161558 -0.015350741 0.995323002
304.149731520 1.115567207 -0.573014796 13.033355713 0.056059089 -0.077161558 -0.015350741 0.995323002
304.149731520 1.115567207 -0.573014796 13.033355713 0.056059089 -0.077161558 -0.015350741 0.995323002
304.149731520 1.115567207 -0.573014796 13.033355713 0.056059089 -0.077161558 -0.015350741 0.995323002
304.149731520 1.115567207 -0.573014796 13.033355713 0.056059089 -0.077161558 -0.015350741 0.995323002
304.149731520 1.115567207 -0.573014796 13.033355713 0.056059089 -0.077161558 -0.015350741 0.995323002
304.149731520 1.115567207 -0.573014796 13.033355713 0.056059089 -0.077161558 -0.015350741 0.995323002
304.149731520 1.115567207 -0.573014796 13.033355713 0.056059089 -0.077161558 -0.015350741 0.995323002
304.149731520 1.115567207 -0.573014796 13.033355713 0.056059089 -0.077161558 -0.015350741 0.995323002
304.149731520 1.115567207 -0.573014796 13.033355713 0.056059089 -0.077161558 -0.015350741 0.995323002
304.149731520 1.115567207 -0.573014796 13.033355713 0.056059089 -0.077161558 -0.015350741 0.995323002
304.149731520 1.115567207 -0.573014796 13.033355713 0.056059089 -0.077161558 -0.015350741 0.995323002
304.149731520 1.115567207 -0.573014796 13.033355713 0.056059089 -0.077161558 -0.015350741 0.995323002
304.149731520 1.115567207 -0.573014796 13.033355713 0.056059089 -0.077161558 -0.015350741 0.995323002
304.149731520 1.115567207 -0.573014796 13.033355713 0.056059089 -0.077161558 -0.015350741 0.995323002
304.149731520 1.115567207 -0.573014796 13.033355713 0.056059089 -0.077161558 -0.015350741 0.995323002
304.149731520 1.115567207 -0.573014796 13.033355713 0.056059089 -0.077161558 -0.015350741 0.995323002
304.149731520 1.115567207 -0.573014796 13.033355713 0.056059089 -0.077161558 -0.015350741 0.995323002
304.149731520 1.115567207 -0.573014796 13.033355713 0.056059089 -0.077161558 -0.015350741 0.995323002
304.149731520 1.115567207 -0.573014796 13.033355713 0.056059089 -0.077161558 -0.015350741 0.995323002
304.149731520 1.115567207 -0.573014796 13.033355713 0.056059089 -0.077161558 -0.015350741 0.995323002
304.149731520 1.115567207 -0.573014796 13.033355713 0.056059089 -0.077161558 -0.015350741 0.995323002
304.149731520 1.115567207 -0.573014796 13.033355713 0.056059089 -0.077161558 -0.015350741 0.995323002
304.149731520 1.115567207 -0.573014796 13.033355713 0.056059089 -0.077161558 -0.015350741 0.995323002
304.149731520 1.115567207 -0.573014796 13.033355713 0.056059089 -0.077161558 -0.015350741 0.995323002
304.149731520 1.115567207 -0.573014796 13.033355713 0.056059089 -0.077161558 -0.015350741 0.995323002
304.149731520 1.115567207 -0.573014796 13.033355713 0.056059089 -0.077161558 -0.015350741 0.995323002
304.149731520 1.115567207 -0.573014796 13.033355713 0.056059089 -0.077161558 -0.015350741 0.995323002
304.149731520 1.115567207 -0.573014796 13.033355713 0.056059089 -0.077161558 -0.015350741 0.995323002
304.149731520 1.115567207 -0.573014796 13.033355713 0.056059089 -0.077161558 -0.015350741 0.995323002
304.149731520 1.115567207 -0.573014796 13.033355713 0.056059089 -0.077161558 -0.015350741 0.995323002
304.149731520 1.115567207 -0.573014796 13.033355713 0.056059089 -0.077161558 -0.015350741 0.995323002
304.149731520 1.115567207 -0.573014796 13.033355713 0.056059089 -0.077161558 -0.015350741 0.995323002
304.149731520 1.115567207 -0.573014796 13.033355713 0.056059089 -0.077161558 -0.015350741 0.995323002
304.149731520 1.115567207 -0.573014796 13.033355713 0.056059089 -0.077161558 -0.015350741 0.995323002
304.149731520 1.115567207 -0.573014796 13.033355713 0.056059089 -0.077161558 -0.015350741 0.995323002
304.149731520 1.115567207 -0.573014796 13.033355713 0.056059089 -0.077161558 -0.015350741 0.995323002
304.149731520 1.115567207 -0.573014796 13.033355713 0.056059089 -0.077161558 -0.015350741 0.995323002
304.149731520 1.115567207 -0.573014796 13.033355713 0.056059089 -0.077161558 -0.015350741 0.995323002
304.149731520 1.115567207 -0.573014796 13.033355713 0.056059089 -0.077161558 -0.015350741 0.995323002
304.149731520 1.115567207 -0.573014796 13.033355713 0.056059089 -0.077161558 -0.015350741 0.995323002
304.149731520 1.115567207 -0.573014796 13.033355713 0.056059089 -0.077161558 -0.015350741 0.995323002
304.149731520 1.115567207 -0.573014796 13.033355713 0.056059089 -0.077161558 -0.015350741 0.995323002
304.149731520 1.115567207 -0.573014796 13.033355713 0.056059089 -0.077161558 -0.015350741 0.995323002
304.149731520 1.115567207 -0.573014796 13.033355713 0.056059089 -0.077161558 -0.015350741 0.995323002
304.149731520 1.115567207 -0.573014796 13.033355713 0.056059089 -0.077161558 -0.015350741 0.995323002
304.149731520 1.115567207 -0.573014796 13.033355713 0.056059089 -0.077161558 -0.015350741 0.995323002
304.149731520 1.115567207 -0.573014796 13.033355713 0.056059089 -0.077161558 -0.015350741 0.995323002
304.149731520 1.115567207 -0.573014796 13.033355713 0.056059089 -0.077161558 -0.015350741 0.995323002
304.149731520 1.115567207 -0.573014796 13.033355713 0.056059089 -0.077161558 -0.015350741 0.995323002
304.149731520 1.115567207 -0.573014796 13.033355713 0.056059089 -0.077161558 -0.015350741 0.995323002
304.149731520 1.115567207 -0.573014796 13.033355713 0.056059089 -0.077161558 -0.015350741 0.995323002
304.149731520 1.115567207 -0.573014796 13.033355713 0.056059089 -0.077161558 -0.015350741 0.995323002
304.149731520 1.115567207 -0.573014796 13.033355713 0.056059089 -0.077161558 -0.015350741 0.995323002
304.149731520 1.115567207 -0.573014796 13.033355713 0.056059089 -0.077161558 -0.015350741 0.995323002
