1 1575515834208 1575.5158342080001
24 1581265812032 1581.265812032
25 1581516149024 1581.516149024
27 1582016133696 1582.016133696
28 1582265842560 1582.26584256
29 1582515870304 1582.5158703040001
30 1582761676768 1582.7616767680001
31 1583015848800 1583.0158488000002
32 1583265885312 1583.2658853120001
33 1583516214880 1583.51621488
34 1583762048704 1583.762048704
35 1584015882912 1584.015882912
36 1584265943104 1584.2659431040001
40 1585266090592 1585.2660905920002
48 1587266048160 1587.26604816
52 1588266224640 1588.26622464
