1 1415516385760 1415.51638576
8 1417266295328 1417.266295328
24 1421266730112 1421.266730112
25 1421516464192 1421.516464192
27 1422016264480 1422.01626448
28 1422266313440 1422.26631344
29 1422516387712 1422.516387712
30 1422761994272 1422.761994272
31 1423016498400 1423.0164984
32 1423266645888 1423.266645888
33 1423516279488 1423.516279488
34 1423762580416 1423.762580416
35 1424016982496 1424.016982496
36 1424266502624 1424.2665026240002
37 1424516339040 1424.51633904
38 1424761824096 1424.761824096
40 1425266379072 1425.266379072
44 1426266528416 1426.266528416
45 1426516316480 1426.5163164800001
48 1427266628640 1427.2666286400001
49 1427516565184 1427.516565184
