166.495323776 0.000000000 0.000000000 0.000000000 0.000000000 0.000000000 0.000000000 1.000000000
166.545333920 0.017554253 -0.000493939 -0.033133611 -0.000469463 0.000598671 -0.002315436 0.999997020
166.585179968 0.023222163 -0.002887053 -0.046000242 -0.000036426 0.000482677 -0.002170832 0.999997497
166.625213696 0.094114758 -0.016500521 -0.135186896 0.004821212 0.001258203 -0.002372714 0.999984741
166.700598752 0.608641028 -0.447929561 -1.554018974 -0.009747553 -0.001085736 0.011278464 0.999888301
166.744096576 0.775623500 -0.540727258 -2.327770710 -0.009348138 0.005951474 0.007763918 0.999908447
166.788257760 -0.310351253 -1.323285341 -0.908781290 -0.009506167 0.012337104 0.004834796 0.999867022
166.828137664 -0.877089262 -1.107027411 -0.526568055 -0.002254202 0.017047025 0.005542091 0.999836802
166.871025600 -1.075493813 -1.112677693 -0.326114058 -0.003155052 0.018207975 0.005470267 0.999814272
166.920041408 -0.917276144 -1.207383990 -1.263890743 -0.007885908 0.023714887 0.005498580 0.999672532
166.966172672 -0.933231473 -1.205622911 -1.131355762 -0.015013528 0.024489973 0.001735684 0.999585807
167.008212256 -0.976634383 -1.212131977 -0.915137053 -0.011946468 0.022608113 0.001101125 0.999672413
167.058332384 -0.922639489 -1.225970864 -1.695157170 -0.017353250 0.019895967 0.000150859 0.999651432
167.106441984 -0.940594137 -1.594242096 -1.896683931 -0.007505006 0.029292136 -0.019705908 0.999348462
167.147630112 -0.846132517 -1.998199940 -2.196911097 -0.013840088 0.033351470 -0.029965036 0.998898506
167.194318624 -1.832011461 -1.129182339 -1.837716460 -0.003218033 0.041237004 -0.031895299 0.998634994
167.234328512 -3.376374722 -1.913084030 0.012986660 -0.014425739 0.039328553 -0.018521219 0.998950541
167.291555872 -0.754423141 -0.800420403 -0.672613382 -0.033069637 0.024084041 0.008795703 0.999124110
167.330114624 0.978295565 0.020253658 -1.174158812 -0.032676708 0.024006004 0.006975193 0.999153256
167.377075360 2.288815975 -0.355801731 -3.752720594 -0.019120859 0.034574576 -0.019758319 0.999023855
167.444124832 4.086723328 -1.454307437 -8.920586586 -0.012372406 0.050410889 -0.055014011 0.997135460
167.485155584 4.688962936 -2.439656973 -6.722749710 0.004228252 0.049660083 -0.079440534 0.995592892
167.530881376 4.754021645 -2.436438322 -6.829819202 0.002645331 0.051205274 -0.080381356 0.995444536
167.565741984 4.708074570 -2.430629492 -6.453154087 -0.000873801 0.054144494 -0.087837748 0.994661808
167.610267648 3.845610142 -2.097817421 -4.800615311 0.005629926 0.060193241 -0.093818836 0.993752062
167.659109024 2.491150618 -3.726291656 -1.948791981 0.000159664 0.059804793 -0.088739477 0.994257808
167.698249312 2.484864235 -3.741336823 -2.197962284 -0.015130688 0.056962565 -0.084134623 0.994709849
167.738921792 1.142935157 -4.390391350 -0.140071750 -0.021692330 0.052961584 -0.071169399 0.995820940
167.786032864 0.207146585 -3.907338858 1.478565931 -0.028703300 0.046450157 -0.059408378 0.996739268
167.834777120 0.885319829 -3.715251207 -0.117156625 -0.035575949 0.046467621 -0.062816195 0.996307790
167.876864288 1.034445047 -3.318399191 -0.551232100 -0.035988137 0.048992440 -0.066445179 0.995936513
167.915527744 1.146847725 -2.937678576 -0.882782698 -0.033819824 0.052694861 -0.067835562 0.995729804
167.958904896 0.974156082 -3.046125412 0.727254033 -0.032410443 0.055855468 -0.064958781 0.995796204
168.007868736 1.063917875 -2.800360680 0.640597403 -0.029253814 0.062815219 -0.071573421 0.995025456
168.048232384 1.057397723 -3.099308968 0.401372820 -0.029252745 0.066837013 -0.068701044 0.994965971
168.084903872 1.002143621 -2.985242128 1.194931507 -0.029600741 0.070103317 -0.075001605 0.994275689
168.126294880 1.368142843 -2.987146616 -0.614559650 -0.032267477 0.078806669 -0.082954243 0.992908299
168.178327072 1.779175758 -3.005373955 -2.875293255 -0.034684837 0.089572474 -0.093510091 0.990974069
168.226062880 1.196151495 -3.386107922 -0.142505378 -0.041927576 0.085200690 -0.078206979 0.992404461
168.266387360 1.676686287 -3.016432762 1.497892141 -0.028349267 0.084409028 -0.092804544 0.991694868
168.313021856 1.733723640 -2.845106840 3.348238468 -0.008333741 0.094859786 -0.121919647 0.987961411
168.360551136 0.917054832 -3.103015423 6.180333138 0.009011715 0.106005654 -0.142275169 0.984093189
168.400345248 0.944182336 -3.113826036 6.372111797 0.003596612 0.111086853 -0.147582725 0.982784867
168.435403584 0.969167650 -3.114388943 6.532812595 0.006291851 0.114879049 -0.147641331 0.982326448
168.478061760 0.998735428 -3.127858162 6.696165562 0.006223473 0.118662938 -0.149172604 0.981645525
168.525167200 1.193086267 -2.898243904 7.616794586 -0.009086170 0.110081747 -0.122097164 0.986352742
168.566008960 1.275354266 -2.888040304 7.407837391 -0.008469141 0.112944342 -0.123914115 0.985807836
168.604781760 1.351700306 -2.839848757 7.172509193 0.003404200 0.118712589 -0.128185868 0.984613717
168.647788480 1.398691535 -2.858844280 7.346833229 0.001251056 0.118838094 -0.129260540 0.984463155
168.696174080 1.456060290 -2.873791218 7.569302082 -0.007849735 0.120340861 -0.117422059 0.985732436
168.736609760 1.489315391 -2.869969368 7.756933689 0.002944110 0.125972062 -0.124303192 0.984210908
168.781169024 1.523486853 -2.887610674 7.953551292 0.006242915 0.132842049 -0.121473923 0.983645320
168.830361248 1.490561962 -3.106568575 7.445010185 -0.012386938 0.143173397 -0.105258547 0.984006405
168.880166624 1.534846306 -3.276527166 6.947801113 -0.010482977 0.145570040 -0.090041853 0.985186279
168.921132256 1.554861546 -3.386222363 6.570387840 -0.011531311 0.148791716 -0.091566063 0.984552562
168.964747648 1.594179392 -3.451835155 6.326063156 -0.003808825 0.154115006 -0.087473921 0.984165847
169.008306240 1.633772731 -3.371707439 6.630836487 -0.001775778 0.156778321 -0.109101094 0.981587648
169.054937280 1.717652440 -3.312691927 6.902081013 0.011772715 0.156483650 -0.113402709 0.981078029
169.094614272 1.760672808 -3.330698013 7.092100620 0.018717725 0.154833704 -0.127454534 0.979505777
169.129704768 1.801509857 -3.332180023 7.312890053 0.002351149 0.156027734 -0.133839771 0.978640258
169.173067136 1.859155536 -3.343522072 7.520746231 0.000532676 0.156350091 -0.122283049 0.980102658
169.220449440 1.939892411 -3.354246140 7.824364662 0.002592930 0.156212255 -0.107146673 0.981891334
169.264408320 1.990689635 -3.370721579 8.019813538 -0.001020455 0.160271600 -0.116927154 0.980122447
169.300871136 2.038716316 -3.378706932 8.209416389 0.006030491 0.163725212 -0.122824915 0.978811383
169.346363552 2.097759247 -3.377364635 8.432069778 -0.000764848 0.174333006 -0.115285113 0.977914512
169.405540352 2.156433105 -3.404538155 8.678814888 0.009193126 0.182475522 -0.129785821 0.974563420
169.447852096 2.221621275 -3.422480106 8.891015053 0.003125468 0.185360089 -0.133542165 0.973549366
169.495490176 2.305915117 -3.446593523 9.155070305 0.013736712 0.178654045 -0.134944469 0.974517345
169.532084736 2.349920273 -3.463648558 9.384689331 0.000070155 0.181528270 -0.131710425 0.974525452
169.580787840 2.424341679 -3.447878599 9.632830620 -0.005783511 0.179485962 -0.148733929 0.972434878
169.619006176 2.486145496 -3.463083744 9.822157860 -0.009162349 0.182355583 -0.145588920 0.972350955
169.659319104 2.546440840 -3.471514702 10.025865555 -0.013025331 0.184828460 -0.154575959 0.970450997
169.704759648 2.596803188 -3.478871346 10.218868256 -0.013973817 0.190231487 -0.154636726 0.969383419
169.754843328 2.642857075 -3.522136927 10.452603340 -0.036534246 0.200865433 -0.157181188 0.966236234
169.794825664 2.713360071 -3.536232948 10.647299767 -0.037916169 0.205441132 -0.158857748 0.964945853
169.857320992 2.831428051 -3.559252501 10.925351143 -0.032797489 0.210354283 -0.152525336 0.965096593
169.897226368 2.913111925 -3.569450378 11.097865105 -0.027544541 0.208171114 -0.163395226 0.963954389
169.968186848 3.045341253 -3.585454941 11.431387901 -0.020507216 0.208550259 -0.161290139 0.964402258
170.009422784 3.116306305 -3.583748102 11.631261826 -0.026141107 0.213765472 -0.184200972 0.959005177
170.056528512 3.210201979 -3.596440554 11.858019829 -0.030922072 0.221537918 -0.177546650 0.958353758
170.099164448 3.288985252 -3.608230352 12.055809021 -0.031000251 0.226129904 -0.168332741 0.958941281
170.150234464 3.397654057 -3.610736847 12.308682442 -0.032247905 0.230573162 -0.167130083 0.958051980
170.194284768 3.502353430 -3.616579294 12.518023491 -0.026774261 0.235588491 -0.158284798 0.958502531
170.231193696 3.581513882 -3.631988287 12.701456070 -0.017581834 0.240845665 -0.155291095 0.957898140
170.277212800 3.686656952 -3.660717249 12.924511909 -0.006021963 0.246610194 -0.150364429 0.957359731
170.344802752 3.922432423 -3.656369686 13.305680275 0.010671815 0.241911247 -0.148551390 0.958800077
170.387635744 4.028793335 -3.663028002 13.523783684 0.001073161 0.242305517 -0.141371593 0.959844232
170.425588000 4.127463341 -3.689238787 13.729204178 -0.003128014 0.244250700 -0.148204952 0.958314717
170.498088736 4.325091839 -3.744460344 14.088348389 -0.009318362 0.246701285 -0.158452064 0.956004500
170.541782720 4.443471909 -3.766031981 14.288887024 -0.010879174 0.251077652 -0.168791205 0.953074574
170.587800160 4.554937363 -3.749321222 14.511156082 -0.031424485 0.262561440 -0.168614745 0.949548841
170.626081984 4.670129299 -3.765001774 14.707174301 -0.032778893 0.261586994 -0.158089265 0.951580584
170.670557888 4.790090561 -3.769996166 14.934907913 -0.031919260 0.263039768 -0.151873171 0.952221513
170.713103008 4.902772903 -3.780148268 15.139274597 -0.027591825 0.262949973 -0.143854842 0.953625619
170.745129568 4.990579128 -3.781044245 15.291559219 -0.029048054 0.262862086 -0.132177487 0.955295146
170.791222624 5.117910385 -3.788668394 15.495778084 -0.032302015 0.264351100 -0.123579144 0.955930591
170.834695712 5.234159470 -3.791876793 15.691660881 -0.034488868 0.273567230 -0.119639903 0.953759789
170.868101504 5.343144894 -3.797266722 15.848204613 -0.035241775 0.282980114 -0.117182963 0.951287746
170.903635488 5.448419571 -3.807982683 15.996772766 -0.026405314 0.288819134 -0.115912765 0.949973941
170.950943680 5.601146221 -3.812439680 16.230762482 -0.018713154 0.291004956 -0.115691073 0.949516475
170.993534784 5.791865349 -3.715168715 16.430404663 0.041300870 0.274971366 -0.124864742 0.952414691
171.051200992 6.042776585 -3.631489754 16.731887817 0.121772103 0.252511770 -0.138729215 0.949822903
171.083536960 6.102999210 -3.823235750 16.899261475 0.098897204 0.254846096 -0.142784923 0.951254606
171.125442720 6.141588211 -4.171844959 17.185991287 0.022802969 0.269944906 -0.162664562 0.948762357
171.167368768 6.258849621 -4.242209911 17.451723099 -0.008822227 0.270768404 -0.189026237 0.943862140
171.205087552 6.349734783 -4.274515629 17.599205017 0.006952424 0.264293790 -0.190279365 0.945459783
171.239711808 6.444884300 -4.304172039 17.757780075 0.023207087 0.260812253 -0.159412041 0.951854110
171.283009184 6.567102909 -4.332429886 17.969064713 0.029514415 0.255797327 -0.171034768 0.951022446
171.324029952 6.715982914 -4.350152969 18.154953003 0.072286248 0.241185352 -0.184877783 0.949960291
171.356396992 6.801362038 -4.404156208 18.327245712 0.089997433 0.237560302 -0.174440011 0.951333940
171.399861280 6.899961472 -4.551652431 18.563110352 0.075955920 0.238251105 -0.169230193 0.953324854
171.442981440 6.994638920 -4.757520676 18.854284286 0.027287105 0.245589495 -0.166791916 0.954526961
171.487132256 7.096714973 -4.943954945 19.156740189 -0.024016317 0.252318770 -0.161474749 0.953773737
171.523788480 7.175815105 -4.968698502 19.317035675 -0.021993019 0.253797561 -0.160355270 0.953619063
171.560370976 7.289830208 -4.967858791 19.523096085 -0.007640378 0.250882030 -0.157888755 0.955024064
171.602605600 7.425183773 -4.983613014 19.803726196 -0.015528930 0.248763323 -0.159385458 0.955233991
171.643833376 7.540951729 -4.979593277 20.060977936 -0.016318128 0.249146298 -0.159436196 0.955112517
171.677220512 7.618655205 -4.986639500 20.235603333 -0.010600610 0.249718726 -0.160357758 0.954889297
171.712661568 7.720974922 -4.999209404 20.429843903 -0.010764327 0.247174829 -0.166364759 0.954521596
171.748868352 7.812160492 -5.029065132 20.576560974 -0.005613687 0.241612062 -0.171221480 0.955131054
171.821938144 7.988502502 -5.060949326 20.996810913 -0.002505452 0.235764116 -0.177946493 0.955376387
171.855086208 8.070647240 -5.080933571 21.177162170 -0.004965030 0.234552830 -0.181610823 0.954975307
171.889461120 8.167872429 -5.104050159 21.373220444 -0.004455382 0.233125731 -0.184174448 0.954836309
171.924137632 8.240685463 -5.122477531 21.571989059 -0.004757287 0.233907461 -0.186697111 0.954153478
171.957468640 8.327301979 -5.142216206 21.776447296 -0.002503384 0.232838586 -0.189956143 0.953780174
171.994619456 8.414961815 -5.168316364 22.039327621 -0.007075624 0.233998358 -0.188257664 0.953810096
172.030739456 8.513316154 -5.177458763 22.276039124 -0.007344875 0.235781565 -0.194329619 0.952149749
172.069432384 8.619661331 -5.197123051 22.525428772 -0.007723310 0.241671726 -0.197877258 0.949936688
172.112893504 8.745964050 -5.222795963 22.785917282 -0.020552695 0.250795931 -0.191110417 0.948765397
172.146982560 8.876585007 -5.248493195 22.983850479 -0.012626832 0.258806527 -0.189814895 0.947011113
172.191355712 9.018963814 -5.268515110 23.209459305 -0.013230355 0.263602227 -0.194470868 0.944732726
172.229789216 9.152284622 -5.306336880 23.447660446 -0.011598080 0.265902132 -0.187527895 0.945513010
172.271788768 9.278689384 -5.324347973 23.685766220 -0.007688710 0.269621581 -0.184238076 0.945146263
172.306469952 9.401845932 -5.346318722 23.881160736 -0.009259088 0.269812047 -0.191771448 0.943578005
172.350599168 9.562339783 -5.400706768 24.116874695 -0.005626636 0.267855793 -0.183557466 0.945795059
172.393317888 9.687015533 -5.437186718 24.326665878 -0.010369386 0.265188396 -0.182088837 0.946789980
172.426804672 9.969718933 -5.498165131 24.553438187 -0.007264032 0.262000978 -0.196055248 0.944915354
172.461800352 10.264067650 -5.572453976 24.795076370 -0.004759392 0.258350283 -0.209825918 0.942976952
172.501719040 10.162730217 -5.751042366 24.933532715 -0.020901935 0.270383239 -0.217696294 0.937584281
172.539561952 8.618220329 -5.354608536 23.059801102 -0.019981137 0.271301597 -0.209039092 0.939307630
172.578434624 7.273104668 -4.854893684 21.430646896 -0.007564088 0.267151386 -0.186254144 0.945453465
172.611615872 5.977025032 -4.555734158 19.867727280 -0.004011204 0.264496595 -0.161945313 0.950683534
172.651337888 0.839095116 6.097546101 -2.877988815 0.094884172 0.147407979 0.140116334 0.974492311
172.685181600 -1.871926785 8.184285164 -16.823944092 0.118134066 0.081392527 0.316070408 0.937826812
172.724468160 -3.328188896 10.355304718 -33.545257568 0.110174991 0.030110164 0.409748256 0.905019999
172.782731296 -3.328188896 10.355304718 -33.545257568 0.110174991 0.030110164 0.409748256 0.905019999
172.814627456 -3.451025486 10.577117920 -33.797771454 0.114554487 0.026337063 0.413650006 0.902816296
172.854873024 -4.058254242 10.817883492 -35.883377075 0.114427291 0.025339991 0.418747932 0.900507867
172.895083776 -4.594740868 11.834630966 -40.087467194 0.119164534 0.006631590 0.441649437 0.889214039
172.935068896 -5.108712196 11.726481438 -41.318572998 0.111089937 0.008499245 0.440455288 0.890834391
172.981378272 -5.578952789 11.935324669 -42.803077698 0.118234701 -0.007638440 0.472920924 0.873102486
173.037028896 -5.499778748 11.820409775 -43.547458649 0.120201312 -0.012203233 0.465819895 0.876592577
173.085960192 -5.831941605 11.467516899 -43.129653931 0.116611063 -0.010005745 0.462115079 0.879062772
173.118314432 -7.193095207 10.158929825 -47.748764038 0.205618456 -0.108755454 0.814801455 0.531029105
173.155940768 0.205094337 21.435295105 -52.970520020 0.161270708 -0.256522834 0.620487630 0.723313868
173.192794720 -0.555421293 25.279075623 -55.057888031 0.191904128 -0.290131241 0.642688990 0.682603419
173.230640832 -0.775362730 24.868326187 -54.563964844 0.187589228 -0.294009060 0.647231638 0.677834928
173.264520288 -0.309176952 22.999902725 -51.165714264 0.182908282 -0.342377871 0.685970545 0.615439951
173.306640288 5.691836357 22.429534912 -50.446006775 0.146194726 -0.364395648 0.639663100 0.660813153
173.342787136 6.702363968 63.746398926 -105.839759827 0.068047017 -0.355391890 0.806218803 0.468057156
173.381217568 2.529184341 27.181728363 -63.449157715 0.066933244 -0.351292044 0.816403091 0.453431189
173.416658816 2.553587437 26.753934860 -63.131050110 0.052970484 -0.338488996 0.793190479 0.503456473
173.448711936 1.388223886 25.613548279 -62.409996033 0.065408975 -0.235228568 0.759826243 0.602538943
173.486390912 1.110894918 22.926721573 -60.939594269 0.065088511 -0.176644295 0.673067570 0.715220511
173.530649856 1.292968512 20.978876114 -57.232391357 0.062738962 -0.175090984 0.709636807 0.679575264
173.562813280 1.704171777 18.287246704 -52.788555145 0.025201699 -0.177340567 0.719271421 0.671240568
173.596456448 2.276219845 18.728752136 -54.397247314 -0.008921971 -0.193186074 0.666429520 0.720049322
173.635732096 5.947601795 21.361789703 -63.132232666 -0.014937416 -0.204420090 0.601718366 0.771961331
173.678999264 5.292690754 20.364444733 -60.784500122 -0.017646510 -0.199374750 0.609388590 0.767192185
173.714069792 4.749631405 19.488729477 -58.752830505 -0.029576669 -0.196583837 0.609797120 0.767220676
173.749748480 6.379321575 28.355411530 -68.866180420 0.041437656 -0.194455668 0.678932369 0.706767797
173.788285408 6.330205441 28.166191101 -68.839950562 0.042429816 -0.193874568 0.679194748 0.706616461
173.824477728 6.475759029 27.126741409 -67.920623779 0.017993426 -0.187177464 0.691899896 0.697076321
173.857255200 6.635056973 26.685375214 -67.674957275 -0.002166231 -0.184440643 0.695160389 0.694787145
173.893457056 6.820052624 26.362487793 -67.366661072 -0.020112349 -0.186280191 0.696019173 0.693146825
173.934041728 6.716076374 26.207899094 -68.611282349 -0.021096170 -0.184432670 0.697149038 0.692475855
173.966589600 6.274747372 25.015331268 -73.101837158 -0.037348215 -0.164802223 0.695796430 0.698077977
173.998755264 32.355552673 18.707429886 -189.896789551 -0.053691972 -0.211746857 0.376228958 0.900406718
174.061306528 59.382286072 3.409639359 -328.023498535 -0.075532168 -0.198154300 -0.452349007 0.866262138
174.092730304 61.227935791 3.603692055 -338.863403320 -0.091140747 -0.175139487 -0.411277384 0.889871061
174.134422848 60.558212280 3.742605925 -337.370574951 -0.092058137 -0.177456349 -0.405641764 0.891902089
174.167992736 60.000713348 3.864484549 -336.157257080 -0.093512021 -0.177713111 -0.395016104 0.896457374
174.210653888 59.333869934 3.871442556 -334.695831299 -0.102141008 -0.178950816 -0.393721133 0.895838976
174.244306272 59.184425354 3.941802263 -334.469451904 -0.103934787 -0.178978980 -0.390732795 0.896934807
174.312416544 58.502620697 4.348835468 -333.267425537 -0.106085524 -0.177261114 -0.385238200 0.899397492
174.344354272 58.177181244 4.536985874 -332.716949463 -0.105709255 -0.174351260 -0.384486347 0.900331855
174.378103264 57.851016998 4.746797562 -332.129333496 -0.104584955 -0.172002226 -0.379207432 0.903149486
174.412259104 57.752216339 4.675973415 -331.852966309 -0.105548620 -0.168587789 -0.381816626 0.902581692
174.450281184 57.467472076 4.607034206 -331.383209229 -0.109148644 -0.163164020 -0.392718464 0.898463249
174.483991456 57.223716736 4.526392937 -330.936492920 -0.116538271 -0.161843911 -0.398607105 0.895174682
174.517087456 57.026279449 4.558041096 -330.815673828 -0.121426776 -0.156704783 -0.401145667 0.894304931
174.549827488 57.050430298 4.595698357 -330.603363037 -0.119891956 -0.161285371 -0.397714734 0.895229578
174.587141472 56.864173889 4.565095901 -329.819793701 -0.124226667 -0.163081005 -0.397577852 0.894373596
174.625029184 56.681499481 4.575055599 -328.989654541 -0.126577333 -0.167104229 -0.400335848 0.892068148
174.666483616 56.607673645 4.616044998 -328.591644287 -0.125836119 -0.170811608 -0.395591646 0.893585980
174.698946496 56.552368164 4.617014885 -328.302032471 -0.132007152 -0.170099393 -0.396329075 0.892504036
174.733691968 56.404830933 4.713812828 -327.875976562 -0.133745864 -0.169159830 -0.396252006 0.892458022
174.770146784 56.257503510 4.826183796 -327.418060303 -0.134803623 -0.167636141 -0.392033845 0.894447088
174.809021216 56.084781647 4.840443134 -327.084075928 -0.148880780 -0.164414883 -0.385961890 0.895452738
174.845759872 56.082378387 4.947005749 -326.832031250 -0.144979894 -0.168747142 -0.377881169 0.898727417
174.883333504 55.947696686 5.173222542 -326.384857178 -0.143963978 -0.165154874 -0.381134540 0.898184121
174.915215392 55.884567261 5.353100777 -326.040466309 -0.136821285 -0.168558642 -0.376691908 0.900539339
174.949293216 55.790962219 5.461874485 -325.746520996 -0.135280699 -0.169778645 -0.377259374 0.900305331
174.995129216 55.742099762 5.520608902 -325.368743896 -0.143172219 -0.171132773 -0.375279129 0.899655938
175.061180384 55.700210571 5.823732853 -324.778747559 -0.135702714 -0.176006898 -0.372103840 0.901190937
175.093755936 55.652687073 5.935931683 -324.548248291 -0.133812889 -0.176988140 -0.371901155 0.901364982
175.126099264 55.591045380 6.012827396 -324.372344971 -0.130796030 -0.176999673 -0.371580899 0.901937425
175.164570272 55.618572235 5.979310036 -324.117889404 -0.130114973 -0.183223084 -0.371685207 0.900749445
175.212402592 55.556922913 6.200212002 -323.760375977 -0.120620891 -0.179779783 -0.372467488 0.902439892
175.247155680 55.504028320 6.322035789 -323.520599365 -0.117347799 -0.175053135 -0.368270040 0.905518115
175.304147840 55.417785645 6.483486652 -323.154205322 -0.111628376 -0.171086773 -0.371251285 0.905781925
175.342016320 55.406505585 6.483577251 -323.052185059 -0.110378653 -0.176911756 -0.372742772 0.904202163
175.383377408 55.350131989 6.584496975 -322.736602783 -0.098834321 -0.181278259 -0.374125451 0.904101789
175.425614976 55.312847137 6.740336895 -322.430572510 -0.085357197 -0.184616715 -0.369838059 0.906559765
175.459480256 55.264400482 6.807016373 -322.236755371 -0.080185100 -0.187715068 -0.365075886 0.908324242
175.498438848 55.238971710 6.914240360 -321.936126709 -0.096636102 -0.185901195 -0.369719446 0.905212522
175.543263680 55.176578522 7.042696953 -321.682922363 -0.088572793 -0.187257260 -0.386717290 0.898631930
175.580346656 55.132762909 7.143532276 -321.491241455 -0.088825665 -0.184283942 -0.385708541 0.899654567
175.615629184 55.089820862 7.251893044 -321.290466309 -0.090814628 -0.183925793 -0.382519007 0.900890231
175.652670880 55.146785736 7.274187088 -320.777221680 -0.091582716 -0.190404847 -0.370066136 0.904659986
175.699666976 55.154003143 7.429508686 -320.305725098 -0.081813350 -0.196575746 -0.385262489 0.897907257
175.743745024 55.165401459 7.583130836 -319.859283447 -0.069861986 -0.209002659 -0.395344824 0.891706049
175.784091040 55.146751404 7.679081440 -319.482513428 -0.070536174 -0.213322073 -0.394188911 0.891141653
175.822502080 54.477115631 7.869356155 -318.224334717 -0.107534759 -0.220928103 -0.385442674 0.889416099
175.875855872 53.959766388 8.597620964 -316.605377197 -0.116904505 -0.250179708 -0.376828462 0.884162724
175.927483744 54.973773956 6.668620110 -318.988769531 -0.096591063 -0.192850173 -0.384916455 0.897395313
175.972435488 55.639724731 5.183196068 -321.278228760 -0.075533144 -0.141824007 -0.388899624 0.907159209
176.045639936 56.671241760 2.923980236 -324.764038086 -0.051029570 -0.078586057 -0.422594517 0.901462138
176.081047584 57.067119598 1.909583569 -326.620666504 -0.037923586 -0.052725468 -0.436494976 0.897359431
176.130438624 57.467811584 0.608115673 -329.376678467 -0.016836274 -0.014754793 -0.456002563 0.889696896
176.175216608 57.310798645 0.132328093 -330.798858643 -0.023461472 0.040895250 -0.463918030 0.884622633
176.223696480 57.025726318 -0.297468990 -332.336364746 -0.024524754 0.099680893 -0.469276965 0.877064049
176.269090496 57.040546417 -0.331385285 -332.052825928 -0.008617410 0.097893432 -0.470588893 0.876862943
176.316765856 57.115337372 -0.354527146 -331.759216309 0.008219754 0.092229776 -0.483615279 0.870369077
176.361262944 57.125377655 -0.399853468 -331.479736328 0.009362827 0.094189979 -0.497906029 0.862049997
176.399415712 57.179065704 -0.433600962 -331.228240967 0.005160403 0.098396428 -0.496298403 0.862542450
176.444142112 57.234432220 -0.459583938 -330.962310791 -0.006332011 0.104682900 -0.499031693 0.860214353
176.493693472 57.308105469 -0.449357659 -330.675292969 0.002398799 0.106975541 -0.513977349 0.851103842
176.537290752 57.331855774 -0.484620124 -330.472503662 0.003445391 0.108331524 -0.517334342 0.848891973
176.573430208 52.509922028 4.239101887 -332.133117676 0.002483184 0.113285929 -0.507054508 0.854433060
176.614573440 28.744663239 22.718416214 -354.870086670 0.068898782 0.113008447 -0.413313836 0.900918245
176.658936544 2.133346558 40.050033569 -378.132019043 0.139956936 0.112463936 -0.303244084 0.935845554
176.706851648 -28.711183548 56.796188354 -403.939361572 0.208025575 0.108240686 -0.188356787 0.953693330
176.749234240 -57.545257568 69.634567261 -427.604614258 0.266903907 0.106622405 -0.081856817 0.954302549
176.792642368 -88.481201172 81.935958862 -454.664855957 0.327487141 0.096958496 0.024973886 0.939535797
176.837220960 -121.120170593 93.926315308 -484.752166748 0.388477802 0.085508272 0.136182427 0.907318950
176.876317952 -150.815795898 104.439666748 -513.826171875 0.438610852 0.078653231 0.236762628 0.863352597
176.931515936 -195.180816650 120.333511353 -559.464477539 0.505121231 0.064313851 0.378569007 0.772917688
176.975332928 -233.443298340 135.023742676 -598.970092773 0.559089065 0.050712693 0.489168197 0.667504430
177.016374464 -269.622497559 151.155776978 -627.514404297 0.625086784 0.060208123 0.476851463 0.615023792
177.059934624 -303.831512451 167.963867188 -651.751403809 0.666558743 0.042553846 0.493177474 0.557372808
177.105401248 -326.738677979 178.278854370 -666.705505371 0.681037903 0.051689710 0.510398209 0.522502959
177.153728640 -350.811645508 188.573822021 -679.752624512 0.706263125 0.066906057 0.506608427 0.489963084
177.195736832 -371.443969727 196.690322876 -689.294921875 0.725386858 0.078665845 0.503429234 0.462800771
177.242274432 -390.134216309 203.855407715 -696.860900879 0.741944313 0.087442420 0.491987020 0.447013766
177.283088576 -405.759765625 209.683990479 -702.378234863 0.752868831 0.097447723 0.479899585 0.439759970
177.326382464 -423.421752930 216.285507202 -707.369628906 0.765404165 0.113532133 0.463101566 0.432208091
177.370072736 -442.469970703 223.407745361 -711.426391602 0.777334094 0.126517370 0.449484885 0.421554655
177.413129440 -461.810028076 230.442367554 -714.138305664 0.789388835 0.142513379 0.434734434 0.409342289
177.455753568 -482.499481201 237.516830444 -715.678833008 0.799860179 0.162377834 0.420201004 0.396595836
177.499417344 -504.977844238 245.061431885 -716.611206055 0.813356161 0.145696029 0.437302262 0.354952425
177.542286080 -527.740356445 252.805297852 -715.727600098 0.831210792 0.142702788 0.434847265 0.315646082
177.585621856 -552.348571777 261.212127686 -713.463806152 0.845738947 0.112083249 0.453562170 0.257768184
177.637817248 -580.077575684 271.112884521 -706.642700195 0.876609385 0.092063971 0.428231686 0.199243098
177.673819424 -595.780334473 277.235321045 -700.298583984 0.900254190 0.069597341 0.395715117 0.167654872
177.720205408 -616.739807129 285.116973877 -688.966857910 0.923981190 0.060196489 0.355544388 0.127370700
177.762673216 -625.700561523 288.057434082 -684.215026855 0.922445357 0.067631461 0.364317387 0.108597174
177.805313248 -634.213378906 290.525665283 -679.676879883 0.920443058 0.079812042 0.370629787 0.095121935
177.885263264 -648.566528320 294.058197021 -671.899780273 0.916536748 0.082985044 0.386288553 0.062088948
177.921674400 -654.680541992 295.048645020 -668.899353027 0.906541467 0.091946624 0.410047591 0.039865561
177.964135072 -662.076599121 295.801818848 -665.385253906 0.896571159 0.104819365 0.430161953 0.011562021
178.006358336 -668.741455078 296.358734131 -662.306457520 0.888575137 0.097312927 0.447870791 -0.019395111
178.049858400 -674.782836914 296.413177490 -659.528930664 0.879162967 0.086544834 0.463708401 -0.067505896
178.092720768 -680.107910156 296.364288330 -657.133178711 0.872346759 0.063246176 0.474353403 -0.099999920
178.135639360 -685.811523438 295.937957764 -654.336914062 0.863830328 0.042137861 0.481577843 -0.141789570
178.181365504 -690.182922363 295.299377441 -651.612243652 0.864186287 0.033671558 0.468683124 -0.179956496
178.228773376 -694.067871094 294.442504883 -648.624511719 0.869660199 0.034327950 0.447952956 -0.204575032
178.302120288 -699.120483398 292.812042236 -643.795776367 0.879526675 0.032296181 0.410007864 -0.239339337
178.336130080 -700.697021484 292.154052734 -642.320068359 0.879854083 0.023151742 0.397599727 -0.259297609
178.382889664 -701.374938965 291.981872559 -641.545166016 0.882734001 0.044098157 0.389059365 -0.259747714
178.426500736 -701.292724609 292.043334961 -641.647399902 0.887427509 0.040080406 0.376605213 -0.262744188
178.468491840 -701.239685059 292.124664307 -641.725036621 0.891215086 0.037970241 0.369085044 -0.260902584
178.511759712 -701.153564453 292.198608398 -641.823791504 0.893798947 0.059403837 0.358419985 -0.262925357
178.556007264 -701.055175781 292.286926270 -641.940185547 0.896858811 0.062218536 0.341303557 -0.274381310
178.604353984 -700.954162598 292.397277832 -642.075744629 0.902603865 0.059245590 0.326321006 -0.274428248
178.649802304 -700.875061035 292.505462646 -642.201843262 0.907330692 0.050594695 0.317270309 -0.271165580
178.698982688 -700.783508301 292.597808838 -642.331726074 0.907505333 0.067267537 0.307261199 -0.278387755
178.740500832 -700.714538574 292.673797607 -642.449340820 0.912817538 0.071424171 0.304872423 -0.262136430
178.782586368 -700.659057617 292.739379883 -642.603576660 0.916841626 0.063990824 0.303115189 -0.251848638
178.826292704 -700.601074219 292.814361572 -642.706665039 0.919172943 0.068693809 0.290180981 -0.257288218
178.865981824 -700.608764648 292.891235352 -642.813110352 0.920258045 0.067869753 0.283089608 -0.261494040
178.907461824 -700.539245605 292.964355469 -642.928527832 0.926008582 0.077894971 0.271219462 -0.250759780
178.950529152 -700.532836914 293.050384521 -643.032531738 0.927451611 0.082301371 0.263262004 -0.252493709
178.998575520 -700.510925293 293.146331787 -643.158813477 0.927074194 0.087877452 0.252554029 -0.262730777
179.038551904 -700.452209473 293.221588135 -643.250671387 0.931427836 0.091277897 0.237114981 -0.260551363
179.079941344 -700.412902832 293.294281006 -643.359863281 0.937762260 0.079710446 0.217927396 -0.258371443
179.122859168 -700.389343262 293.356292725 -643.455932617 0.939629853 0.088327385 0.201963797 -0.261733890
179.163147488 -700.371276855 293.423736572 -643.558837891 0.940039873 0.103494532 0.188920781 -0.264429361
179.203236608 -700.359313965 293.493743896 -643.666625977 0.941728890 0.113752626 0.176765084 -0.262604594
179.250699424 -700.355895996 293.558807373 -643.822082520 0.945307791 0.115008019 0.164473236 -0.257128209
179.295096160 -700.361450195 293.613677979 -643.963989258 0.946633637 0.120577469 0.152044401 -0.257348686
179.340479904 -700.344299316 293.692413330 -644.054077148 0.947297812 0.126796216 0.126227781 -0.265736818
179.382612352 -700.351806641 293.765441895 -644.149230957 0.945220768 0.144820303 0.111373805 -0.270519376
179.424524288 -700.393432617 293.829223633 -644.266174316 0.946372747 0.141944200 0.103859968 -0.271004707
179.471793280 -700.402160645 293.897277832 -644.345703125 0.945585907 0.140956774 0.085847251 -0.280408114
179.518756384 -700.401367188 293.980712891 -644.453735352 0.944649100 0.150856584 0.071236402 -0.282499045
179.566568448 -700.386047363 294.041046143 -644.610961914 0.949710965 0.160250932 0.062622152 -0.261624128
179.615100064 -700.384155273 294.102478027 -644.749816895 0.948274732 0.170272529 0.055366177 -0.262138963
179.656822560 -700.402221680 294.161346436 -644.850830078 0.949962795 0.163218781 0.043409340 -0.262765944
179.700674336 -700.417236328 294.225738525 -644.966186523 0.950753868 0.168612629 0.033741929 -0.257872671
179.740196288 -700.434570312 294.267639160 -645.082336426 0.950362861 0.176386029 0.027868807 -0.254797369
179.783268064 -700.443786621 294.333496094 -645.184448242 0.951381326 0.166922659 0.014438575 -0.258460730
179.828458528 -700.457336426 294.388977051 -645.320312500 0.950159550 0.176301569 0.010175282 -0.256926149
179.872063296 -700.477905273 294.435455322 -645.465515137 0.953747094 0.167075545 0.005691074 -0.249839723
179.918081344 -700.505859375 294.488433838 -645.624694824 0.953222930 0.168838114 0.004855767 -0.250671268
179.960959776 -700.523681641 294.526031494 -645.756530762 0.951463044 0.181421533 0.008071152 -0.248473793
180.003382304 -700.552551270 294.600891113 -645.868103027 0.952567756 0.180358335 0.009345226 -0.244945168
180.047748576 -700.588378906 294.668212891 -645.976379395 0.952114999 0.183741465 0.007058393 -0.244266942
180.089788384 -700.621765137 294.719360352 -646.079162598 0.952995539 0.180263832 0.000154899 -0.243525073
180.131555936 -700.672119141 294.791931152 -646.175537109 0.951177001 0.182496130 -0.004780840 -0.248866618
180.179156800 -700.690307617 294.852630615 -646.324157715 0.948983669 0.193536147 -0.010060129 -0.248741969
180.223629824 -700.717468262 294.927093506 -646.445739746 0.948489666 0.191067412 -0.015952801 -0.252202362
180.268322048 -700.751770020 294.997589111 -646.584472656 0.946852803 0.192437813 -0.019777033 -0.256994814
180.307321856 -700.789672852 295.051788330 -646.706176758 0.946105957 0.197252333 -0.022853080 -0.255837440
180.347821792 -700.825744629 295.098327637 -646.827636719 0.945878088 0.197820425 -0.029081527 -0.255608916
180.394795456 -700.881713867 295.170166016 -646.938171387 0.944172621 0.193222031 -0.041899834 -0.263529301
180.437731584 -700.937194824 295.226776123 -647.064086914 0.942318678 0.200938836 -0.049673915 -0.263042957
180.506269216 -700.999816895 295.309509277 -647.272949219 0.944737792 0.199808344 -0.054902941 -0.254033089
180.541111584 -701.037353516 295.364471436 -647.372131348 0.942712486 0.204157472 -0.054307852 -0.258192837
180.583019872 -701.083862305 295.423614502 -647.484985352 0.939385474 0.211837232 -0.054137696 -0.264100373
180.625345952 -701.154479980 295.470886230 -647.614807129 0.938557088 0.214120045 -0.056253951 -0.264761537
180.669201376 -701.225158691 295.527313232 -647.734313965 0.936790466 0.218352243 -0.060924102 -0.266522408
180.713395776 -701.296936035 295.582702637 -647.850830078 0.935596704 0.217213243 -0.068293072 -0.269839197
180.757399456 -701.379394531 295.623046875 -647.985595703 0.938960910 0.215759292 -0.072474383 -0.257968783
180.796930016 -701.447937012 295.678466797 -648.136047363 0.940547526 0.214827001 -0.077903725 -0.251298040
180.841785472 -701.510131836 295.741973877 -648.260437012 0.939049423 0.219399288 -0.081718929 -0.251738280
180.885026752 -701.568176270 295.793518066 -648.382507324 0.937498212 0.224878192 -0.083285175 -0.252171457
180.936806112 -701.641845703 295.848327637 -648.523620605 0.934315681 0.232902229 -0.086475708 -0.255602717
180.983693088 -701.689758301 295.910186768 -648.608093262 0.933617294 0.221828088 -0.106583506 -0.260367125
181.021088384 -701.754455566 295.949737549 -648.726013184 0.933520198 0.226758525 -0.117964946 -0.251405865
181.065718176 -701.838745117 295.973114014 -648.832153320 0.932752550 0.230450332 -0.126877144 -0.246510595
181.109284160 -701.907287598 296.025268555 -648.937438965 0.933413327 0.225311652 -0.143460751 -0.239568904
181.150145280 -701.971069336 296.076629639 -649.041198730 0.931818426 0.222361088 -0.156588197 -0.240312591
181.192827424 -702.065551758 296.117736816 -649.190429688 0.925392389 0.235968247 -0.166678220 -0.245328873
181.233250208 -702.136474609 296.116821289 -649.320678711 0.923161328 0.246693343 -0.170531288 -0.240488365
181.278778848 -702.212646484 296.191040039 -649.443115234 0.928187966 0.228006020 -0.185930222 -0.227838472
181.321435616 -702.300903320 296.250610352 -649.518554688 0.927669883 0.224799439 -0.192787871 -0.227434888
181.366590720 -702.393554688 296.268707275 -649.640075684 0.925957859 0.222674355 -0.203605011 -0.227075189
181.405542592 -702.473144531 296.285156250 -649.771789551 0.923637509 0.225783944 -0.211107969 -0.226602629
181.446145952 -702.515930176 296.348632812 -649.847167969 0.920557678 0.225709781 -0.221980810 -0.228808179
181.487997472 -702.595397949 296.395568848 -649.922302246 0.917982697 0.210113898 -0.237958968 -0.237771913
181.528176448 -702.702392578 296.433563232 -650.077331543 0.919129133 0.214104846 -0.247720703 -0.219078094
181.572092896 -702.789794922 296.394622803 -650.243041992 0.917460024 0.224490941 -0.252074897 -0.210544854
181.615786240 -702.885437012 296.419586182 -650.363769531 0.917611718 0.223466083 -0.260642588 -0.200292632
181.658479712 -702.964782715 296.460327148 -650.478027344 0.914232790 0.234316573 -0.260498971 -0.203505367
181.697599808 -703.054992676 296.499359131 -650.584167480 0.922313154 0.218255252 -0.260820448 -0.183509544
181.740040608 -703.145385742 296.534484863 -650.677917480 0.920670927 0.222521916 -0.260553271 -0.186978802
181.784552736 -703.247558594 296.571105957 -650.786193848 0.916042864 0.237028942 -0.260102332 -0.192430481
181.823961664 -703.332824707 296.589904785 -650.876892090 0.914817691 0.236438021 -0.261593610 -0.196912497
181.865863360 -703.428588867 296.610504150 -650.990417480 0.914464533 0.239007518 -0.265552789 -0.190030858
181.907577664 -703.515991211 296.658538818 -651.089233398 0.912985086 0.228268668 -0.278564394 -0.191712216
181.956439200 -703.623229980 296.692932129 -651.200744629 0.915881634 0.225113675 -0.280212998 -0.178788662
182.003395136 -703.738037109 296.714996338 -651.324157715 0.911767602 0.237710923 -0.279981703 -0.183803201
182.046706400 -703.849426270 296.750244141 -651.428405762 0.910460591 0.235246941 -0.283327788 -0.188270494
182.090040224 -703.961853027 296.747528076 -651.548828125 0.908384740 0.242165387 -0.283920825 -0.188631892
182.134748160 -704.084533691 296.770874023 -651.654602051 0.906098902 0.246600315 -0.289165914 -0.185892954
182.172631392 -704.177917480 296.801025391 -651.755310059 0.903396487 0.247580826 -0.294427872 -0.189448610
182.213572672 -704.285339355 296.819915771 -651.872070312 0.900246978 0.254978508 -0.295853317 -0.192385241
182.261298688 -704.419860840 296.856292725 -652.013977051 0.901107132 0.250014842 -0.297166884 -0.192847982
182.306931296 -704.539367676 296.887359619 -652.133056641 0.901339471 0.247007549 -0.296313345 -0.196908191
182.353356672 -704.662231445 296.921020508 -652.249267578 0.901376843 0.244639456 -0.295525551 -0.200838074
182.401182048 -704.805419922 296.953399658 -652.390258789 0.901368320 0.245166019 -0.294772208 -0.201340869
182.454145216 -704.971923828 297.008728027 -652.534912109 0.898200214 0.244693801 -0.301309198 -0.206334963
182.504608128 -705.121765137 297.012390137 -652.664611816 0.898516536 0.245314270 -0.306321979 -0.196610793
182.576239360 -705.334045410 297.065734863 -652.881530762 0.895023346 0.252729952 -0.316942632 -0.186032563
182.611271424 -705.427673340 297.068572998 -653.009094238 0.900335848 0.249105051 -0.313122034 -0.171162695
182.651459040 -705.553955078 297.114898682 -653.126281738 0.900315285 0.258366436 -0.305179894 -0.171885058
182.699946144 -705.707824707 297.146789551 -653.307373047 0.904801369 0.225214437 -0.310543299 -0.184866741
182.743361472 -705.829162598 297.210174561 -653.457763672 0.905299127 0.228654206 -0.311123729 -0.177067176
182.787120544 -705.954345703 297.234619141 -653.622436523 0.902025819 0.228169575 -0.316258460 -0.185117930
182.836549312 -706.128234863 297.264160156 -653.790100098 0.899841428 0.239805028 -0.315418750 -0.182455242
182.885831552 -706.330627441 297.281219482 -653.956542969 0.904875815 0.227920413 -0.315281391 -0.172770575
182.928753568 -706.498596191 297.308258057 -654.094238281 0.902828872 0.233893394 -0.312771767 -0.179910362
182.970177472 -706.641601562 297.337524414 -654.238037109 0.906107664 0.232152402 -0.310831666 -0.168694347
183.038702080 -706.845336914 297.373748779 -654.448669434 0.904787481 0.243743911 -0.305936694 -0.168378130
183.076771840 -706.956848145 297.403442383 -654.559082031 0.904801726 0.247380897 -0.302560508 -0.169096589
183.124598176 -707.109436035 297.445617676 -654.704467773 0.904399812 0.244830236 -0.302041262 -0.175756082
183.167420448 -707.239685059 297.484680176 -654.840332031 0.910039604 0.224730998 -0.305440933 -0.167420849
183.229166368 -707.460266113 297.532257080 -655.077331543 0.904974520 0.248661205 -0.294640124 -0.179933041
183.276636224 -707.661071777 297.577758789 -655.258605957 0.910334826 0.237833366 -0.288818121 -0.176946089
183.316404384 -707.791381836 297.618774414 -655.392456055 0.912134409 0.231852949 -0.286963195 -0.178625628
183.358215360 -707.937438965 297.638092041 -655.548461914 0.914065599 0.235990852 -0.281347454 -0.172151059
183.406990592 -708.105285645 297.677886963 -655.729309082 0.914460301 0.235861689 -0.278664351 -0.174578950
183.458314848 -708.265625000 297.718963623 -655.900451660 0.916606665 0.229010597 -0.276510358 -0.175864875
183.505852384 -708.407775879 297.761108398 -656.061523438 0.915991008 0.234735653 -0.274291098 -0.174997315
183.571265536 -708.610534668 297.815307617 -656.289489746 0.915054858 0.232815191 -0.276074260 -0.179595903
183.608218784 -708.746520996 297.845062256 -656.428222656 0.915441334 0.231243417 -0.275643945 -0.180316553
183.655674752 -708.903564453 297.887359619 -656.580993652 0.915853202 0.227290705 -0.276777148 -0.181511089
183.695780544 -709.047424316 297.925598145 -656.731750488 0.913052857 0.235482097 -0.277578980 -0.183936402
183.736538848 -709.202514648 297.952117920 -656.892578125 0.911663353 0.243462801 -0.276394337 -0.182214230
183.778981216 -709.344299316 297.996551514 -657.050048828 0.909004033 0.238344669 -0.280359775 -0.195708781
183.834224384 -709.529052734 298.054565430 -657.216552734 0.898741543 0.258632600 -0.277536362 -0.219878048
183.875642048 -709.666809082 298.089477539 -657.367980957 0.903823555 0.242585108 -0.278416008 -0.216194183
183.922582816 -709.847534180 298.139282227 -657.557434082 0.908082664 0.242053464 -0.276333481 -0.201086462
183.966170048 -709.982788086 298.178833008 -657.724243164 0.902877033 0.278404772 -0.269836098 -0.185721084
184.017983552 -710.153747559 298.246887207 -657.925598145 0.903552055 0.269462883 -0.272871315 -0.191114172
184.061351904 -710.291015625 298.281372070 -658.071899414 0.902472138 0.260707140 -0.277814418 -0.200984970
184.101417952 -710.437927246 298.303314209 -658.227600098 0.899452627 0.274567574 -0.276756167 -0.197493479
184.142036704 -710.569885254 298.342407227 -658.363403320 0.900660753 0.268642336 -0.279281586 -0.196579009
184.192155424 -710.735595703 298.389404297 -658.523437500 0.898320854 0.277733088 -0.277150631 -0.197665140
184.239201856 -710.884765625 298.422760010 -658.674194336 0.899531782 0.273389906 -0.279635936 -0.194690078
184.275169504 -711.022399902 298.454528809 -658.809387207 0.897404313 0.276294827 -0.282863855 -0.195741549
184.316808000 -711.175231934 298.488067627 -658.954345703 0.894300759 0.282408774 -0.283949107 -0.199610606
184.363891584 -711.336364746 298.536163330 -659.123779297 0.896991253 0.271256000 -0.287666470 -0.197673708
184.415936608 -711.498657227 298.574737549 -659.286499023 0.894795418 0.274811089 -0.288353503 -0.201673687
184.453426208 -711.634338379 298.607940674 -659.427185059 0.895664394 0.272934765 -0.287922978 -0.200978294
184.498223104 -711.787902832 298.640228271 -659.583251953 0.896529615 0.273140311 -0.287277222 -0.197739288
184.546137920 -711.943847656 298.681457520 -659.737670898 0.893716037 0.274576664 -0.293129742 -0.199885562
184.591498400 -712.111083984 298.725708008 -659.894470215 0.893883288 0.265568286 -0.301886350 -0.198269546
184.629193152 -712.287414551 298.757568359 -660.053771973 0.892937779 0.268850565 -0.304022610 -0.194812223
184.673617984 -712.435974121 298.781280518 -660.197692871 0.889387906 0.281197548 -0.307344973 -0.188297987
184.718894912 -712.542297363 298.842926025 -660.340148926 0.887690067 0.267750233 -0.326336890 -0.183903337
184.760795520 -712.694335938 298.873474121 -660.464233398 0.884817123 0.270335555 -0.333036751 -0.181944594
184.800661760 -712.839050293 298.893066406 -660.584960938 0.876686156 0.279668331 -0.340992004 -0.192175716
184.845928384 -713.009765625 298.921539307 -660.721618652 0.873849988 0.270923615 -0.355689704 -0.190974951
184.893666784 -713.208984375 298.952819824 -660.880920410 0.865983963 0.278242320 -0.367082596 -0.194687903
184.934387264 -713.372741699 298.971984863 -660.985473633 0.859591901 0.282613814 -0.377156228 -0.197444454
185.005314208 -713.691772461 298.966308594 -661.188232422 0.852013230 0.291023433 -0.390081435 -0.192912653
185.046584736 -713.864013672 298.953155518 -661.310485840 0.849456131 0.303527862 -0.389388651 -0.186203107
185.078976960 -713.984191895 298.975463867 -661.394409180 0.851558685 0.297721326 -0.390568733 -0.183482558
185.115122432 -714.122802734 298.984466553 -661.495422363 0.853627861 0.302354097 -0.384651214 -0.178731531
185.154742720 -714.294982910 299.003723145 -661.612792969 0.857566655 0.299330175 -0.379349738 -0.176280320
185.196665024 -714.460693359 299.005615234 -661.755432129 0.858581781 0.303723067 -0.373560399 -0.176187918
185.233013632 -714.596801758 299.002502441 -661.865173340 0.865605116 0.294715464 -0.367652893 -0.169416383
185.270419904 -714.738342285 299.014923096 -661.973937988 0.869020402 0.288369745 -0.365258962 -0.168024629
185.312408640 -714.896545410 299.037628174 -662.093688965 0.868414819 0.290441394 -0.363125652 -0.172160715
185.357409792 -715.095947266 299.019104004 -662.232788086 0.867747962 0.299124062 -0.355006933 -0.177505970
185.399048032 -715.245300293 299.069519043 -662.377319336 0.873492658 0.272643894 -0.360521853 -0.180830896
185.443381344 -715.427490234 299.107971191 -662.555603027 0.874573529 0.270599753 -0.361476451 -0.176725015
185.479069920 -715.588378906 299.144287109 -662.673522949 0.872233808 0.273657620 -0.360799670 -0.184779182
185.521995328 -715.745849609 299.179168701 -662.797241211 0.873161674 0.270512074 -0.360315800 -0.185968786
185.566491552 -715.920349121 299.216491699 -662.933471680 0.872433245 0.271573931 -0.360365301 -0.187735781
185.607441824 -716.095153809 299.251708984 -663.092102051 0.869649827 0.276935935 -0.363429517 -0.186908290
185.642349664 -716.230163574 299.263885498 -663.194580078 0.868196249 0.279321909 -0.365410119 -0.186252356
185.686284832 -716.397827148 299.281005859 -663.322570801 0.866186261 0.283298314 -0.366831243 -0.186810762
185.739860192 -716.594726562 299.255249023 -663.516540527 0.863726795 0.289361656 -0.371962965 -0.178576067
185.783208896 -716.804809570 299.249603271 -663.624755859 0.861345351 0.291872561 -0.376603812 -0.176250353
185.818080800 -716.959045410 299.225250244 -663.728881836 0.857292950 0.298820227 -0.379863292 -0.177367464
185.861522144 -717.138488770 299.240295410 -663.840881348 0.850919724 0.300778657 -0.390784115 -0.180985153
185.914040384 -717.350952148 299.260955811 -663.997985840 0.844049811 0.311153829 -0.399846375 -0.175744370
185.982704320 -717.649353027 299.207275391 -664.221374512 0.843161464 0.311559558 -0.402531952 -0.173139706
186.018185408 -717.792175293 299.223724365 -664.310852051 0.839721978 0.319153100 -0.401449263 -0.178456604
186.085996672 -718.067199707 299.255126953 -664.488220215 0.836362422 0.327521294 -0.399744630 -0.182843983
186.126079520 -718.216796875 299.252960205 -664.618286133 0.838103294 0.323877603 -0.399949670 -0.180904374
186.162798912 -718.344787598 299.269561768 -664.734558105 0.836543083 0.327926397 -0.399251193 -0.182368815
186.198057152 -718.476440430 299.291717529 -664.827453613 0.835182846 0.325261861 -0.402137160 -0.186976016
186.230509888 -718.608398438 299.319061279 -664.901733398 0.834205389 0.320862561 -0.405913502 -0.190742821
186.263295392 -718.729919434 299.334564209 -664.984924316 0.831394494 0.317124188 -0.413225472 -0.193546399
186.300597088 -718.869140625 299.354675293 -665.084289551 0.827422500 0.308655739 -0.424618274 -0.199506894
186.336630976 -719.027221680 299.315185547 -665.198120117 0.816324651 0.290182739 -0.440008759 -0.236220896
186.383134144 -719.346679688 299.392822266 -665.184814453 0.812552452 0.292047352 -0.438167900 -0.249951452
186.448868480 -719.654663086 299.318176270 -665.393676758 0.819771528 0.280189604 -0.441019356 -0.234457761
186.480595456 -719.776550293 299.295166016 -665.521362305 0.823842943 0.282459587 -0.443145603 -0.212417886
186.514243232 -719.939331055 299.318023682 -665.607543945 0.822583735 0.296881616 -0.441757977 -0.200167879
186.546074624 -720.078674316 299.337646484 -665.685058594 0.821180224 0.300171793 -0.442916870 -0.198455513
186.578060736 -720.216491699 299.350280762 -665.772094727 0.819585979 0.301658988 -0.445250034 -0.197567955
186.615375872 -720.363159180 299.363403320 -665.860717773 0.817296684 0.305721819 -0.445027381 -0.201273277
186.647655104 -720.489257812 299.377014160 -665.940246582 0.816363275 0.305608660 -0.446234345 -0.202556729
186.682338144 -720.619506836 299.392730713 -666.022033691 0.815058887 0.306029499 -0.449337929 -0.200300947
186.714256896 -720.753540039 299.409210205 -666.112670898 0.813645244 0.301176041 -0.455856174 -0.198669493
186.750057408 -720.887207031 299.420532227 -666.188781738 0.811200440 0.304000586 -0.458098710 -0.199206039
186.782803104 -721.038085938 299.430145264 -666.281677246 0.807979941 0.309141248 -0.459188998 -0.201855212
186.816557984 -721.175537109 299.439819336 -666.365478516 0.809076309 0.303797573 -0.461874485 -0.199435592
186.848897184 -721.304321289 299.454620361 -666.445983887 0.807977796 0.300992131 -0.465970248 -0.198613748
186.887026784 -721.463867188 299.459899902 -666.533508301 0.806841493 0.303786516 -0.467261851 -0.195925936
186.920287488 -721.621765137 299.475067139 -666.616455078 0.805756450 0.305498123 -0.468121022 -0.195678651
186.952572416 -721.785278320 299.479400635 -666.696105957 0.804900348 0.305694491 -0.468392432 -0.198229149
187.014311264 -722.093688965 299.481079102 -666.842834473 0.807439983 0.302668303 -0.469222248 -0.190428630
187.046052480 -722.237609863 299.490600586 -666.915710449 0.806072474 0.302618474 -0.470558524 -0.192986652
187.080924160 -722.392639160 299.492645264 -667.018005371 0.804026783 0.308061272 -0.470990866 -0.191850811
187.115952640 -722.560729980 299.494598389 -667.111389160 0.803883731 0.308052331 -0.471136540 -0.192106843
187.153457312 -722.739624023 299.503143311 -667.216064453 0.804178119 0.306729764 -0.474685520 -0.184087083
187.186170432 -722.890441895 299.501068115 -667.293762207 0.802095532 0.311101705 -0.475819558 -0.182905018
187.221527040 -723.041076660 299.504364014 -667.366882324 0.802699924 0.311791509 -0.476008832 -0.178534254
187.257173056 -723.203491211 299.503753662 -667.453430176 0.798277080 0.321109861 -0.476526558 -0.180456474
187.298118816 -723.420227051 299.487182617 -667.529235840 0.803005338 0.316704333 -0.475449443 -0.169789940
187.334152672 -723.601074219 299.477020264 -667.621520996 0.799450755 0.327659279 -0.475693524 -0.165025860
187.371077184 -723.785339355 299.463043213 -667.716369629 0.796261370 0.333249390 -0.478924066 -0.159826353
187.406561376 -723.962463379 299.451995850 -667.786315918 0.793166459 0.333921999 -0.483073801 -0.161315545
187.439269696 -724.145568848 299.442779541 -667.855895996 0.792771995 0.334111631 -0.485857517 -0.154351741
187.483106336 -724.350769043 299.432220459 -667.950744629 0.787172377 0.336952657 -0.491875052 -0.157738701
187.515118368 -724.530456543 299.416870117 -668.027221680 0.783671558 0.337438941 -0.495897591 -0.161491096
187.548010848 -724.698974609 299.399536133 -668.109619141 0.785540521 0.334928364 -0.496818811 -0.154661521
187.585071712 -724.898193359 299.388458252 -668.193542480 0.785094440 0.333219796 -0.499381304 -0.152347043
187.622501344 -725.109313965 299.384368896 -668.284301758 0.783507943 0.337041616 -0.501079440 -0.146416217
187.666164704 -725.335388184 299.364379883 -668.390075684 0.783153474 0.338181496 -0.501591682 -0.143908709
187.700575104 -725.513854980 299.344635010 -668.471130371 0.782614648 0.337457091 -0.502631903 -0.144907489
187.736064320 -725.698547363 299.329467773 -668.556457520 0.782438338 0.337153614 -0.503960729 -0.141920254
187.771234400 -725.880737305 299.315246582 -668.637084961 0.781255186 0.338628650 -0.505160987 -0.140653148
187.808671392 -726.111816406 299.293212891 -668.772338867 0.780769408 0.337963909 -0.506025314 -0.141837537
187.846858560 -726.339111328 299.269958496 -668.881591797 0.782109857 0.337503046 -0.504581630 -0.140688136
187.882015776 -726.533691406 299.251831055 -668.972900391 0.782454669 0.336378902 -0.504738331 -0.140900895
187.917695136 -726.743835449 299.231903076 -669.067077637 0.782540798 0.337210178 -0.504929066 -0.137716487
187.959582976 -726.975158691 299.210998535 -669.163818359 0.782882452 0.334448606 -0.506252646 -0.137650043
187.992045408 -727.174377441 299.197174072 -669.255981445 0.783182502 0.332852304 -0.506626785 -0.138433203
188.026615520 -727.375732422 299.180816650 -669.355224609 0.783340991 0.335096061 -0.505773008 -0.135207787
188.066936032 -727.596862793 299.156585693 -669.469848633 0.782357097 0.334722996 -0.507368028 -0.135851160
188.099638464 -727.796325684 299.131347656 -669.545959473 0.783053696 0.335113406 -0.506730080 -0.133231208
188.134481472 -728.037536621 299.132965088 -669.666381836 0.782475889 0.333179235 -0.509700239 -0.130110651
188.192089568 -728.362609863 299.089782715 -669.812011719 0.781703353 0.334219903 -0.511471808 -0.125033855
188.229108800 -728.557250977 299.060699463 -669.885498047 0.780776978 0.334457099 -0.512676418 -0.125254408
188.270366720 -728.803283691 299.023132324 -669.983581543 0.780989766 0.334648579 -0.512798667 -0.122893348
188.332959488 -729.201538086 298.937164307 -670.094055176 0.781402469 0.337157935 -0.510723114 -0.122051924
188.364436256 -729.361145020 298.902465820 -670.146911621 0.781515598 0.338356107 -0.510511696 -0.118854247
188.403549760 -729.609191895 298.871429443 -670.286682129 0.781369686 0.338478029 -0.511148810 -0.116708741
188.444570816 -729.852111816 298.837951660 -670.413024902 0.780616760 0.338169456 -0.512483001 -0.116790570
188.484781696 -730.060607910 298.785736084 -670.504150391 0.779578567 0.341581613 -0.511899889 -0.116351902
188.524710976 -730.275329590 298.771545410 -670.571899414 0.779815853 0.349649519 -0.507717133 -0.108884089
188.564173856 -730.545104980 298.764739990 -670.733093262 0.778111637 0.349231422 -0.512191832 -0.101189852
188.610996864 -730.758605957 298.682769775 -670.830627441 0.777022004 0.353120446 -0.511748493 -0.098266326
188.643842944 -731.477844238 298.852600098 -671.258117676 0.774825931 0.353639185 -0.514829338 -0.097646497
188.680058880 -732.260620117 299.003295898 -671.654907227 0.773789704 0.355223209 -0.515195608 -0.098180681
188.719444768 -731.951293945 299.167968750 -671.393798828 0.772684753 0.346059740 -0.524525523 -0.089855023
188.760884064 -731.644592285 299.442016602 -670.972106934 0.774862409 0.327792436 -0.535447121 -0.073733807
188.799510560 -732.516235352 299.289825439 -671.162841797 0.771023095 0.335871547 -0.534867883 -0.081424899
188.837772192 -733.551696777 299.116058350 -671.757690430 0.765940905 0.342905968 -0.538251102 -0.077689953
188.878989344 -733.356628418 298.786041260 -672.045776367 0.767683029 0.325501204 -0.548193276 -0.064775594
188.943186720 -732.710937500 299.093902588 -671.440795898 0.771267951 0.321938246 -0.546251118 -0.055778574
188.974883296 -728.150451660 299.953613281 -670.694641113 0.763764977 0.331370831 -0.550605595 -0.060744654
189.009018496 -730.028869629 296.572814941 -669.858276367 0.768703520 0.324185014 -0.547994316 -0.060838234
189.042674080 -637.505920410 317.860015869 -618.555603027 0.775087893 0.335051864 -0.530400336 -0.075196899
189.083013376 -635.268859863 317.776550293 -617.621337891 0.775473475 0.322711527 -0.538104713 -0.070295304
189.121863712 -635.205078125 318.517395020 -615.043395996 0.779038668 0.320597321 -0.536204934 -0.052919373
189.153705952 -637.272644043 318.148529053 -616.347473145 0.772876561 0.322521836 -0.543866515 -0.053391445
189.196010624 -635.499328613 318.328796387 -615.356323242 0.774075270 0.326833934 -0.538819730 -0.060500763
189.239314592 -634.395141602 318.414398193 -615.449523926 0.772435784 0.328283906 -0.540340602 -0.060038362
189.273976192 -635.095031738 318.339080811 -615.753540039 0.771535337 0.326529741 -0.542902946 -0.058033291
189.307846112 -635.982727051 317.849822998 -615.871948242 0.765197039 0.345563740 -0.538426995 -0.071802855
189.344629440 -634.437377930 318.414581299 -614.854797363 0.769345284 0.345427424 -0.534414768 -0.056466825
189.385266368 -633.398437500 318.886047363 -613.933776855 0.770529687 0.345369548 -0.533651590 -0.047115900
189.424857696 -634.410278320 318.781646729 -612.858581543 0.784954548 0.322336525 -0.528555155 -0.023977263
189.456979552 -635.232727051 318.999084473 -612.913085938 0.788797438 0.317927063 -0.525866330 -0.013624274
189.495648128 -635.351196289 318.759399414 -612.010314941 0.819240630 0.283063352 -0.498710006 -0.002864966
189.534526784 -635.277465820 318.862823486 -611.592468262 0.823418081 0.273502797 -0.497169793 -0.001112034
189.573679456 -636.252624512 319.251373291 -611.975769043 0.826952457 0.253658056 -0.500360310 0.038036492
189.607613472 -637.964721680 318.602722168 -613.144592285 0.827337563 0.258688986 -0.497113466 0.038351126
189.644659200 -640.350891113 318.078063965 -614.939819336 0.820935786 0.277240634 -0.498249829 0.030808728
189.686988736 -639.290222168 318.062561035 -613.843872070 0.823266208 0.280681282 -0.492595583 0.028290253
189.727172096 -641.352966309 317.693725586 -615.346191406 0.823130846 0.275210649 -0.496067554 0.025133874
189.763081280 -643.097595215 317.525390625 -616.585083008 0.818496227 0.277089983 -0.502560496 0.026795907
189.794598720 -643.188842773 317.306945801 -616.242248535 0.820724547 0.282143921 -0.496256173 0.023149643
189.837238528 -643.064697266 317.111236572 -615.706420898 0.827386260 0.274632454 -0.489036739 0.029191272
189.875257568 -644.121032715 316.473114014 -616.576232910 0.825007141 0.279323518 -0.491016090 0.015645253
189.908337120 -645.105651855 315.878875732 -617.364990234 0.824167132 0.282820404 -0.490631729 -0.006451627
189.941719200 -644.942565918 315.437652588 -616.818298340 0.834071040 0.273097575 -0.479299009 -0.003964470
189.977945632 -645.057922363 314.902343750 -616.635437012 0.840799391 0.263464302 -0.472882360 -0.005020536
190.015893536 -645.730285645 314.474578857 -617.325927734 0.837688267 0.271502137 -0.473377615 -0.021877708
190.055744416 -646.435852051 314.075958252 -618.059143066 0.835997105 0.268433839 -0.477817953 -0.027241694
190.100084256 -646.780700684 314.268768311 -618.464294434 0.832130730 0.269691706 -0.484557599 -0.005366154
190.134591296 -646.617797852 314.133300781 -618.596313477 0.832058609 0.258697450 -0.490658939 0.002815799
190.172013504 -647.535339355 313.821624756 -619.047058105 0.833723485 0.252793849 -0.490886301 -0.005574780
190.210002912 -648.468261719 313.550567627 -619.523376465 0.834554374 0.246059775 -0.492795110 -0.011249952
190.243967200 -648.712158203 313.490386963 -619.756164551 0.833455920 0.241804287 -0.496751606 -0.010946268
190.281314272 -648.610778809 313.347412109 -619.632019043 0.834758878 0.246956065 -0.492001772 -0.011160244
190.321230144 -649.153015137 313.313232422 -620.015502930 0.835976481 0.238522530 -0.494094670 -0.010988721
190.362918976 -649.747924805 313.325347900 -620.424316406 0.834312916 0.235281006 -0.498543859 -0.004344560
190.397403840 -650.184387207 313.385437012 -620.964477539 0.827377081 0.233793527 -0.510568976 -0.010350524
190.431799552 -649.896179199 313.441619873 -620.790161133 0.827739835 0.249911562 -0.502305508 -0.008948755
190.464197664 -650.033447266 313.427612305 -621.068542480 0.827336013 0.244723007 -0.505507231 -0.009390804
190.496662048 -650.190246582 313.424499512 -621.388183594 0.824176550 0.235215187 -0.515152395 -0.004983235
190.532107552 -650.468139648 313.406524658 -621.631896973 0.822524607 0.233704001 -0.518493652 0.000096257
190.591172192 -650.756652832 313.035705566 -622.012390137 0.821292162 0.215351954 -0.528231025 -0.008649942
190.624397696 -651.105590820 312.957336426 -622.202758789 0.821104169 0.204808936 -0.532674015 -0.009978428
190.662622720 -651.496154785 312.894195557 -622.382751465 0.822956562 0.195393443 -0.533356488 -0.009733479
190.695052000 -651.760375977 312.799468994 -622.521545410 0.821791708 0.193192437 -0.535888731 -0.012583422
190.739653216 -652.048461914 312.698120117 -622.656616211 0.819785953 0.198886126 -0.536514580 -0.023397606
190.773789696 -652.292236328 312.643035889 -622.738525391 0.820498943 0.192249566 -0.537399709 -0.031985834
190.835285408 -652.748535156 312.601562500 -622.891418457 0.821775734 0.181228563 -0.539053738 -0.035523321
190.867357280 -652.941528320 312.568572998 -622.995117188 0.819394112 0.179145589 -0.543343246 -0.035752490
190.902036576 -653.161254883 312.533355713 -623.098144531 0.819732726 0.176495180 -0.543837905 -0.033586156
190.934234752 -653.369934082 312.497589111 -623.188659668 0.819841385 0.180074006 -0.542605877 -0.031816237
190.967270336 -653.561157227 312.472717285 -623.254943848 0.821120262 0.187153265 -0.538250089 -0.031970315
191.004852800 -653.775634766 312.436096191 -623.351257324 0.820615888 0.187372863 -0.539009035 -0.030825073
191.038702848 -653.984924316 312.403839111 -623.441650391 0.821503162 0.184807971 -0.538531780 -0.031016974
191.074938976 -654.187500000 312.368408203 -623.526062012 0.820274413 0.186819434 -0.539329469 -0.037041657
191.106681888 -654.456848145 312.340209961 -623.707458496 0.817651510 0.185324371 -0.544245243 -0.029967900
191.143435008 -654.698974609 312.309051514 -623.812316895 0.815575421 0.189216509 -0.545795858 -0.033776037
191.186176128 -654.896118164 312.278686523 -623.859680176 0.815590739 0.190385640 -0.545198083 -0.036388129
191.217835712 -655.129516602 312.262359619 -623.955505371 0.815807819 0.176583484 -0.548645198 -0.047584951
191.256586080 -655.403808594 312.254669189 -624.053344727 0.816012025 0.163062155 -0.549992800 -0.071014330
191.294080224 -655.766845703 312.317810059 -624.121459961 0.816365480 0.168310270 -0.545820713 -0.085433222
191.340528160 -657.415710449 310.937927246 -623.306091309 0.822592020 0.104516879 -0.555622041 -0.060850322
191.388764480 -657.548889160 310.857177734 -623.511413574 0.793433607 0.067536056 -0.604859948 -0.006814466
191.424608096 -657.765869141 310.854034424 -623.562683105 0.793542266 0.061054133 -0.605393529 -0.007860189
191.471568800 -658.042053223 310.876312256 -623.631652832 0.792702556 0.046227500 -0.607284904 -0.026281564
191.511843168 -658.304931641 310.885467529 -623.689941406 0.793004155 0.031897955 -0.607027411 -0.040553965
191.550291136 -658.604309082 310.865753174 -623.744750977 0.793060839 0.037589181 -0.607165277 -0.031494558
191.596654208 -658.940795898 310.804046631 -623.821044922 0.793009400 0.066791527 -0.605478406 0.008419643
191.637365728 -659.194641113 310.729705811 -623.862548828 0.787508726 0.085557558 -0.610256553 0.009840561
191.677011808 -659.404785156 310.774169922 -623.891357422 0.781492949 0.066532545 -0.620336115 -0.005030446
191.725597088 -659.639160156 310.839538574 -623.922241211 0.770935714 0.044430647 -0.634573579 -0.031629402
191.770290304 -659.899047852 310.925964355 -623.951721191 0.761891127 0.026140537 -0.645667017 -0.044190392
191.812057920 -660.171691895 310.956817627 -623.981201172 0.758516431 0.019515367 -0.649373531 -0.050852425
191.878895328 -660.594970703 310.997344971 -624.022949219 0.753955543 0.020055322 -0.654380918 -0.054171886
191.915421088 -660.815979004 311.006958008 -624.037048340 0.749985993 0.020808257 -0.659395337 -0.047810458
191.965590688 -661.093322754 311.030548096 -624.047729492 0.741813421 0.019414764 -0.669076920 -0.040888403
192.006052960 -661.326599121 311.045776367 -624.051208496 0.734469831 0.028622899 -0.676530957 -0.045173544
192.049845696 -661.574279785 311.046295166 -624.047607422 0.729329228 0.030949321 -0.682379603 -0.038457118
192.093241568 -661.817687988 311.055938721 -624.031555176 0.728242815 0.030748079 -0.683500111 -0.039301764
192.140380064 -662.069274902 311.050689697 -624.022644043 0.725945652 0.032304540 -0.685841382 -0.039761890
192.180878816 -662.279785156 311.063690186 -624.017639160 0.721256793 0.029057488 -0.690792799 -0.041827198
192.226798432 -662.520568848 311.066436768 -624.003723145 0.716138124 0.036236130 -0.696075916 -0.036212627
192.268508288 -662.739929199 311.074554443 -623.994140625 0.713848412 0.036874682 -0.698360026 -0.036796980
192.314311936 -662.960205078 311.085784912 -623.981689453 0.711025178 0.039075132 -0.701052427 -0.037971873
192.390401056 -663.337402344 311.100219727 -623.959655762 0.707035482 0.035061937 -0.705166399 -0.040147681
192.424300512 -663.545959473 311.097595215 -623.950439453 -0.700829268 -0.039608620 0.710763574 0.045657236
192.470598016 -663.811218262 311.095520020 -623.913024902 -0.698320806 -0.041297849 0.713803411 0.033573169
192.522433024 -664.099243164 311.075286865 -623.864379883 -0.697023511 -0.037619762 0.715466976 0.029155165
192.563961216 -664.340026855 311.048522949 -623.836853027 -0.696681082 -0.063473105 0.714383066 0.016228842
192.602894176 -664.509643555 310.950439453 -623.838073730 -0.692131102 -0.057670686 0.719187319 0.019955471
192.652715616 -664.707580566 311.039611816 -623.862915039 -0.684579134 -0.063138105 0.726111233 0.011288516
192.703131424 -664.929443359 311.045196533 -623.908264160 -0.668542802 -0.059291963 0.741115749 0.016803933
192.744142304 -665.126037598 311.043792725 -623.894165039 -0.658000112 -0.054838296 0.750810444 0.017667742
192.782173312 -665.374389648 311.025909424 -623.852905273 -0.645163238 -0.064198636 0.761318862 0.006042973
192.826129888 -665.568054199 310.979309082 -623.770812988 -0.631200969 -0.069603436 0.772486985 0.002124845
192.872865920 -665.804870605 310.925872803 -623.674194336 -0.617261231 -0.078187302 0.782863200 0.000693686
192.911958880 -665.985473633 310.905578613 -623.603820801 -0.603644371 -0.084736697 0.792727470 0.004037926
192.976483008 -666.232482910 310.873870850 -623.488220215 -0.585775018 -0.084583648 0.806047857 -0.000269203
193.013523520 -666.357299805 310.836181641 -623.415100098 -0.579157412 -0.088548325 0.810379505 -0.004572275
193.056187584 -666.521240234 310.800628662 -623.354187012 -0.564464092 -0.079662636 0.821601212 -0.002374012
193.095122144 -666.678466797 310.783172607 -623.275756836 -0.553762436 -0.078542128 0.828862369 -0.012863616
193.136224544 -666.852966309 310.753021240 -623.180847168 -0.539429247 -0.072737664 0.838788569 -0.012609649
193.184173600 -667.038208008 310.708648682 -623.047485352 -0.527416766 -0.063998073 0.847165465 -0.006822418
193.226074496 -667.200317383 310.686523438 -622.942199707 -0.513074160 -0.058455590 0.856351137 0.000795110
193.271560288 -667.364501953 310.665618896 -622.823486328 -0.499839157 -0.053628083 0.864440084 0.005307043
193.311933088 -667.492126465 310.604278564 -622.692871094 -0.488569409 -0.057148818 0.870632052 0.005816613
193.358930848 -667.635986328 310.517852783 -622.515930176 -0.481322914 -0.056967482 0.874664247 0.006736739
193.400260096 -667.793457031 310.435333252 -622.346679688 -0.476540506 -0.061118409 0.877005935 0.005857795
193.446379392 -667.929321289 310.377380371 -622.215454102 -0.462891430 -0.050120760 0.884913862 0.012118330
193.484548832 -668.067138672 310.356811523 -622.098083496 -0.449456811 -0.045828391 0.891977847 0.016241729
193.529933600 -668.222961426 310.347503662 -621.963439941 -0.432186365 -0.029774772 0.901026189 0.021912476
193.576843712 -668.373168945 310.350189209 -621.801391602 -0.423204750 -0.022596385 0.905463219 0.022880329
193.615617856 -668.533447266 310.349212646 -621.677001953 -0.411586076 -0.029388331 0.910458148 0.028268518
193.657140352 -668.690429688 310.308776855 -621.527221680 -0.405222267 -0.030592553 0.913275778 0.028042043
193.701457312 -668.835510254 310.309783936 -621.361694336 -0.400779516 -0.035067856 0.915225387 0.022550330
193.748831680 -668.992004395 310.315917969 -621.205810547 -0.387938976 -0.030747361 0.920703530 0.029376170
193.789916448 -669.122802734 310.316192627 -621.053283691 -0.379509777 -0.024914742 0.924340904 0.030749910
193.831145824 -669.261413574 310.306640625 -620.907226562 -0.369958341 -0.020812346 0.928042650 0.037874501
193.876693952 -669.404113770 310.305908203 -620.710144043 -0.361794978 -0.018382179 0.931415677 0.035090409
193.926315904 -669.577819824 310.338287354 -620.494079590 -0.349619210 -0.013428568 0.936095238 0.036218595
193.969648704 -669.707397461 310.333587646 -620.308593750 -0.338767380 -0.013150794 0.939823449 0.042374585
194.008915232 -669.832153320 310.307861328 -620.160705566 -0.331450462 -0.023705553 0.942090034 0.045221817
194.051587296 -669.878784180 310.511932373 -619.709655762 -0.320634097 -0.037899293 0.945366681 0.045158118
194.099579648 -669.923889160 310.674987793 -619.214538574 -0.302963942 -0.038134739 0.950730503 0.053573385
194.138796864 -670.108703613 310.727142334 -618.937805176 -0.285234392 -0.042127687 0.955384672 0.064084053
194.175786464 -670.186889648 310.716949463 -618.768371582 -0.269446194 -0.019861547 0.960848212 0.061440546
194.224895424 -670.389709473 310.672302246 -618.411560059 -0.252726346 -0.015864335 0.965262175 0.064394362
194.273265536 -670.462890625 310.658935547 -618.216674805 -0.238650784 -0.021253079 0.968491793 0.067954637
194.318555872 -670.531799316 310.657043457 -618.013732910 -0.223286584 -0.017758641 0.972094476 0.069714278
194.360720128 -670.589233398 310.654998779 -617.827819824 -0.212426677 -0.027284235 0.974539280 0.066360340
194.404683936 -670.704772949 310.605041504 -617.581420898 -0.196979374 -0.027723311 0.978043675 0.062138293
194.454100640 -670.810241699 310.503784180 -617.320251465 -0.180184066 -0.015648268 0.981181026 0.067621961
194.493912160 -670.806091309 310.583160400 -617.360900879 -0.168256149 -0.023771264 0.982968450 0.069984175
194.532335232 -670.836730957 310.583618164 -617.205383301 -0.151501551 -0.024299517 0.985407889 0.073675305
194.572542048 -670.891967773 310.572753906 -616.997863770 -0.132755101 -0.014191599 0.989140272 0.061450738
194.619076736 -670.928955078 310.627807617 -616.746826172 -0.110942841 -0.026262837 0.991354465 0.064948417
194.659885504 -670.961303711 310.490997314 -616.221191406 -0.098176248 -0.018383674 0.992442667 0.071281180
194.698163616 -670.986938477 310.431884766 -615.915222168 -0.098192886 -0.015276599 0.993531048 0.054961514
194.741759584 -670.997680664 310.431488037 -615.686828613 -0.101878680 -0.017428765 0.993216515 0.053272225
194.794690528 -670.986022949 310.573883057 -615.206970215 -0.111216016 -0.022045037 0.991861761 0.057924461
194.840884576 -671.070922852 310.558990479 -614.871887207 -0.117082849 -0.032334924 0.991632640 0.043712106
194.882888640 -671.134216309 310.531890869 -614.586425781 -0.117668115 -0.048834573 0.990993083 0.041256558
194.927674208 -671.271667480 310.428771973 -614.266479492 -0.112377368 -0.047273427 0.991989195 0.033076487
194.975364288 -671.380065918 310.309020996 -613.956726074 -0.106517710 -0.040560290 0.993058085 0.029060343
195.017962496 -671.419982910 310.270538330 -613.722290039 -0.103452355 -0.038676377 0.993039072 0.040928438
195.058471392 -671.443908691 310.245147705 -613.483215332 -0.109114341 -0.032991678 0.992706895 0.039225191
195.101162240 -671.457824707 310.229827881 -613.225830078 -0.120219916 -0.034559198 0.991266906 0.041746359
195.173146912 -671.340209961 310.064910889 -613.288330078 -0.150347263 -0.031205876 0.987969041 0.018413397
195.211470176 -671.282470703 309.968719482 -613.212585449 -0.165671453 -0.031418368 0.985343754 0.025760768
195.250675616 -671.213928223 310.081420898 -612.813110352 -0.174946904 -0.026915826 0.984015822 0.019545769
195.298269024 -671.178771973 310.119232178 -612.151977539 -0.187868804 -0.029830089 0.981251001 0.031015344
195.343450752 -671.152221680 310.189544678 -611.597045898 -0.198060811 -0.036502976 0.978593647 0.042354520
195.410913888 -671.122253418 310.223541260 -610.752746582 -0.218171775 -0.037927881 0.973915577 0.049506959
195.445006144 -671.119567871 310.258178711 -610.370727539 -0.229793757 -0.042001601 0.971113563 0.048674200
195.488269952 -671.200317383 310.162292480 -609.813964844 -0.244865075 -0.030766243 0.968164146 0.041865684
195.534727136 -671.229248047 310.097564697 -609.286193848 -0.268129855 -0.023135969 0.962336063 0.038477026
195.577952416 -671.297607422 310.075622559 -608.790771484 -0.289951801 -0.025546759 0.956200302 0.030924071
195.649895648 -671.732543945 310.294891357 -608.854675293 -0.302878678 -0.051035717 0.951471686 0.019014258
195.685631680 -671.966186523 310.362915039 -608.893920898 -0.305211574 -0.054797124 0.950575292 0.015806101
195.729864832 -672.262512207 310.435241699 -608.941284180 -0.307979017 -0.057212606 0.949608803 0.010896859
195.771287712 -672.429931641 310.380401611 -608.725280762 -0.314040989 -0.055792298 0.947438121 0.025028622
195.808470944 -672.546875000 310.314208984 -608.567993164 -0.324434549 -0.059206896 0.943391621 0.035341885
195.852658688 -672.697998047 310.246124268 -608.404785156 -0.331938565 -0.062052015 0.940511167 0.037483733
195.897863872 -672.841491699 310.180877686 -608.244567871 -0.336174399 -0.060023036 0.938762903 0.045914993
195.937066368 -672.963256836 310.144348145 -608.083251953 -0.342275977 -0.069308773 0.936228991 0.038971037
195.976098304 -673.097351074 310.099304199 -607.929931641 -0.350520790 -0.077538826 0.932414174 0.041553762
196.018902880 -673.237243652 310.090026855 -607.783386230 -0.358016044 -0.075051673 0.929935157 0.037581354
196.070866912 -673.396179199 310.085662842 -607.616760254 -0.361521482 -0.069669984 0.928824008 0.041644122
196.110122624 -673.540710449 310.061584473 -607.456848145 -0.365114152 -0.070296295 0.927165031 0.045990195
196.148316192 -673.699462891 310.015716553 -607.294067383 -0.366078168 -0.075106397 0.926333904 0.047447868
196.194949664 -673.854858398 309.971099854 -607.124755859 -0.367792666 -0.074810468 0.925724387 0.046544392
196.241126816 -674.037170410 309.912414551 -606.922790527 -0.371604204 -0.081650324 0.923800230 0.042855956
196.286995584 -674.228088379 309.875762939 -606.736816406 -0.372806013 -0.081865653 0.923379660 0.041033436
196.324526208 -674.368957520 309.861511230 -606.588012695 -0.374201536 -0.071681723 0.923453569 0.045480218
196.368163424 -674.554809570 309.817901611 -606.425659180 -0.369959891 -0.078431882 0.924203038 0.053168006
196.416634336 -674.726257324 309.782257080 -606.276794434 -0.364750922 -0.070809670 0.926235557 0.063485526
196.451367488 -674.867126465 309.758819580 -606.150085449 -0.362047166 -0.071762845 0.926887095 0.068207741
196.503725984 -675.092102051 309.727874756 -605.934143066 -0.361038893 -0.076297201 0.927384853 0.061537899
196.545761248 -675.261718750 309.717315674 -605.755065918 -0.359326452 -0.071775042 0.928624451 0.058219384
196.581508288 -675.432006836 309.685485840 -605.634948730 -0.353623867 -0.080351338 0.929905832 0.061392006
196.615867040 -675.568115234 309.657135010 -605.506042480 -0.351520002 -0.085764259 0.929844260 0.066842228
196.656766464 -675.749694824 309.656555176 -605.339721680 -0.347702414 -0.084261775 0.931893170 0.059817813
196.699018816 -675.894775391 309.630249023 -605.166198730 -0.348374099 -0.084958307 0.931402504 0.062505811
196.733217472 -675.993896484 309.594390869 -605.018737793 -0.357946068 -0.088557586 0.927983284 0.053657841
196.768947008 -676.117797852 309.578826904 -604.866943359 -0.363794357 -0.088043161 0.925178051 0.062830627
196.821900608 -676.322143555 309.561920166 -604.659545898 -0.367311656 -0.079700440 0.923702896 0.074181437
196.864699872 -676.478698730 309.530822754 -604.500183105 -0.371509671 -0.077359952 0.922977030 0.064104430
196.911367040 -676.665222168 309.493560791 -604.309570312 -0.374415308 -0.075828910 0.921894431 0.064605244
196.945098816 -676.800598145 309.456481934 -604.174865723 -0.374019057 -0.073914915 0.921832561 0.069792397
196.984219680 -676.974121094 309.438781738 -603.996337891 -0.374581754 -0.073401414 0.922049999 0.064223073
197.026090592 -677.172241211 309.423492432 -603.821655273 -0.378382951 -0.066720024 0.922380090 0.039871473
197.073251136 -677.321594238 309.445770264 -603.707275391 -0.385327637 -0.059010115 0.919764340 0.045540832
197.110705952 -677.461975098 309.435760498 -603.563964844 -0.396866322 -0.039293084 0.915700853 0.049448088
197.155467520 -677.652221680 309.438140869 -603.407958984 -0.404099405 -0.012775941 0.913907468 0.036242515
197.193760288 -677.849670410 309.444732666 -603.251037598 -0.404444307 -0.018803896 0.913443625 0.041133281
197.243197792 -678.105895996 309.389251709 -603.081481934 -0.403492838 -0.021721285 0.913570344 0.045945115
197.277378880 -678.271972656 309.378295898 -602.940612793 -0.407264858 -0.020277511 0.912396133 0.035461240
197.351068320 -678.607360840 309.369750977 -602.655395508 -0.418219417 -0.031677157 0.906449020 0.049389303
197.392572544 -678.775939941 309.372589111 -602.511657715 -0.418730676 -0.016913392 0.906780303 0.046130113
197.431781472 -678.955871582 309.330780029 -602.369628906 -0.418357432 -0.005330483 0.907610238 0.034529053
197.475878528 -679.142944336 309.315734863 -602.213745117 -0.422858715 -0.016697938 0.905115902 0.040949278
197.560059232 -679.428771973 309.339935303 -601.942749023 -0.428244025 -0.032799922 0.902184308 0.039933871
197.601464928 -679.598022461 309.346862793 -601.817504883 -0.428291976 -0.008675038 0.903192759 0.027084386
197.640178976 -679.763366699 309.334686279 -601.685852051 -0.430172682 -0.005916235 0.902304292 0.027630331
197.671998944 -679.895629883 309.332794189 -601.580444336 -0.435696304 -0.010463301 0.899149060 0.039877269
197.717038848 -679.861450195 309.398590088 -601.562622070 -0.433268934 -0.006298850 0.898513615 0.070082895
197.758509024 -680.028747559 309.422637939 -601.421875000 -0.438583136 0.019235948 0.895662665 0.071155928
197.796263296 -680.183654785 309.446197510 -601.294799805 -0.440289736 0.042328376 0.894497752 0.065015092
197.834873792 -680.348205566 309.479980469 -601.148498535 -0.443536490 0.050092354 0.891886413 0.072833978
197.883019072 -680.691284180 309.380004883 -600.996398926 -0.444000632 0.049154982 0.891696692 0.072967485
197.955174592 -681.093933105 309.359191895 -600.737121582 -0.451521128 0.037089668 0.890233219 0.047305629
197.987236640 -681.250122070 309.375457764 -600.652221680 -0.457471460 0.032899313 0.887444377 0.045607347
198.026152704 -681.409606934 309.417816162 -600.528015137 -0.475265563 0.032134034 0.877642214 0.053237405
198.072380768 -681.621459961 309.442413330 -600.394409180 -0.486378342 0.029613592 0.871731460 0.051414177
198.113637728 -681.819274902 309.456512451 -600.262756348 -0.499069989 0.020356677 0.865390062 0.040184706
198.146383744 -681.955444336 309.488525391 -600.179138184 -0.510610938 0.016052093 0.858273804 0.048835825
198.183089120 -682.109191895 309.548706055 -600.135925293 -0.515939415 0.024619328 0.853913248 0.063502632
198.222978048 -682.297607422 309.573608398 -600.047241211 -0.523570001 0.016278258 0.850029707 0.055308323
198.267122752 -682.487915039 309.597106934 -600.007446289 -0.534119010 0.015173481 0.843249083 0.058460038
198.302952032 -682.643554688 309.642822266 -599.951232910 -0.544786394 0.023274619 0.836569726 0.053077266
198.340227584 -682.846008301 309.648406982 -599.917297363 -0.550072610 0.020895651 0.833204865 0.052470636
198.414861216 -683.275024414 309.645507812 -599.882568359 -0.550256670 0.022514718 0.833010316 0.052957427
198.456355872 -683.441955566 309.666595459 -599.824157715 -0.566823423 0.031395551 0.821457326 0.054160494
198.488504768 -683.572631836 309.693206787 -599.794128418 -0.575392723 0.036980037 0.815301716 0.053280573
198.527031968 -683.765686035 309.734649658 -599.845031738 -0.575996339 0.037593514 0.814851046 0.053223245
198.569717856 -683.964355469 309.804046631 -599.792419434 -0.593371630 0.031779971 0.802740157 0.050083589
198.611116256 -684.170654297 309.855560303 -599.712585449 -0.613098741 0.033435218 0.788070679 0.044007730
198.651690176 -684.352783203 309.913543701 -599.647644043 -0.629619420 0.028818591 0.775238395 0.041884441
198.692751136 -684.779052734 309.919952393 -599.666931152 -0.644345641 0.031458233 0.762994647 0.040842939
198.730803968 -685.776000977 310.679840088 -600.735534668 -0.651341498 0.027780998 0.757287920 0.038696293
198.770124992 -686.369628906 310.674530029 -601.585266113 -0.662868917 0.035897128 0.746940315 0.037366737
198.814308384 -686.969604492 310.674346924 -602.567260742 -0.673641562 0.042840254 0.737052321 0.033551320
198.856140832 -686.774963379 310.140319824 -603.499084473 -0.691555083 0.039210759 0.719960451 0.043253865
198.891834624 -686.417907715 309.721496582 -604.332763672 -0.702092588 0.025448928 0.709706604 0.052296426
198.936368736 -687.293457031 309.921020508 -604.192321777 0.713299930 -0.033263266 -0.698348343 -0.049055871
198.980457280 -686.697265625 309.791717529 -604.186767578 0.718766630 -0.037317555 -0.692768753 -0.045314249
199.026439360 -687.881103516 310.320373535 -604.237426758 0.724637270 -0.032248747 -0.686931074 -0.044571750
199.064632128 -687.114318848 309.969177246 -604.363281250 0.723575175 -0.021679677 -0.688582957 -0.042690575
199.115872640 -689.113281250 310.748138428 -604.667175293 0.715710044 -0.027683090 -0.696820617 -0.037865501
199.167625664 -689.207397461 310.775268555 -604.701232910 0.709797859 -0.023955455 -0.703668177 -0.021548107
199.236155968 -689.895446777 311.095123291 -604.526672363 -0.703553021 0.027655970 0.709627390 0.026024925
199.270260352 -690.321228027 311.265106201 -604.589050293 -0.703992367 0.019877553 0.709635139 0.020433359
199.312706208 -691.150512695 311.623016357 -604.435241699 -0.702624083 0.024963556 0.710862696 0.019246792
199.362123968 -692.433471680 312.104675293 -604.213073730 -0.704780161 0.018360427 0.709069848 0.012950726
199.402000224 -694.205383301 312.778594971 -604.197265625 -0.703141332 0.022935191 0.710590959 0.011249950
199.442077600 -694.856628418 313.018646240 -604.150207520 -0.701599300 0.026102750 0.712023795 0.009958990
199.483153216 -694.913879395 312.929870605 -604.142578125 -0.701266229 0.017456969 0.712532103 0.014787933
199.556946432 -695.685363770 313.113464355 -604.082519531 -0.698452055 0.010174967 0.715549290 0.007111182
199.595847584 -695.994689941 313.114959717 -604.088012695 -0.697477639 0.007418758 0.716490269 0.010566653
199.636913856 -696.609191895 313.430267334 -603.968078613 -0.694765747 0.017381864 0.719018996 -0.003167029
199.681613920 -696.836914062 313.486938477 -603.960144043 -0.696917892 0.008139943 0.717102587 -0.001742937
199.736224384 -697.100219727 313.644683838 -603.863220215 -0.698841751 0.018518168 0.715023100 -0.004382926
199.780271328 -697.243347168 313.641357422 -603.866149902 -0.702619374 0.010475823 0.711480081 0.003518958
199.820472544 -697.373535156 313.693786621 -603.858764648 -0.704883754 0.015879937 0.709116578 -0.006352619
199.871100736 -697.628479004 313.762176514 -603.805053711 0.707210004 -0.014914307 -0.706834018 0.004151019
199.917004928 -697.809020996 313.834930420 -603.790832520 0.707846582 -0.012903254 -0.706236839 0.004026659
199.956174912 -697.967285156 313.884094238 -603.775024414 -0.706690907 0.010447334 0.707419932 -0.005981456
199.993512224 -698.071777344 313.911895752 -603.772888184 -0.704856575 0.011420382 0.709230125 -0.006280871
200.032033952 -698.157836914 313.938507080 -603.717651367 -0.703068435 0.011663719 0.710896015 -0.013619308
200.078576000 -698.239868164 313.938446045 -603.713317871 -0.702331245 0.010044365 0.711634934 -0.014345977
200.121296512 -698.321533203 313.946655273 -603.722961426 -0.701138973 0.005983396 0.712818205 -0.016078979
200.158693248 -698.384155273 313.956329346 -603.726196289 -0.700481951 0.003942344 0.713493884 -0.015362777
200.203863136 -698.391357422 313.980865479 -603.724914551 -0.699418783 0.001904226 0.714460492 -0.018867273
200.251823040 -698.408813477 313.995635986 -603.711181641 -0.699449003 -0.001034980 0.714488566 -0.016618123
200.296129760 -698.661865234 314.082489014 -603.749938965 -0.699060142 -0.001521484 0.714905620 -0.014915367
200.341278400 -698.733154297 314.111175537 -603.777648926 -0.698247850 -0.001797955 0.715699494 -0.014868655
200.388730080 -698.920959473 314.183349609 -603.770446777 -0.697924137 -0.001183416 0.715983391 -0.016374847
200.463130688 -699.103576660 314.247833252 -603.803100586 -0.698364973 -0.004102860 0.715573370 -0.014979043
200.502458400 -699.089050293 314.251220703 -603.792907715 -0.697878599 -0.004990265 0.716042578 -0.014950708
200.540443712 -699.030883789 314.214782715 -603.778686523 -0.697358608 -0.005003365 0.716527820 -0.015927499
200.587581888 -698.997741699 314.188201904 -603.769775391 -0.696403861 -0.003437569 0.717406571 -0.018373694
200.633296448 -698.992309570 314.162322998 -603.745178223 -0.697145164 -0.004262348 0.716701925 -0.017572902
200.675986720 -699.091491699 314.225555420 -603.783569336 -0.697192729 -0.005460290 0.716651201 -0.017420614
200.711876608 -699.107543945 314.221008301 -603.766357422 -0.697219372 -0.005602300 0.716624498 -0.017405020
200.757515328 -699.146118164 314.193725586 -603.778198242 -0.696852684 -0.005585209 0.716959476 -0.018283134
200.804919168 -699.195800781 314.203399658 -603.764709473 -0.696928024 -0.006079222 0.716890633 -0.017950384
200.846731488 -699.185729980 314.207611084 -603.742919922 -0.697078526 -0.006158496 0.716749668 -0.017706595
200.885123776 -699.139282227 314.215606689 -603.719238281 -0.697082222 -0.005915808 0.716739893 -0.018037179
200.930928608 -698.989990234 314.167053223 -603.732482910 -0.696638227 -0.005250064 0.717134535 -0.019637745
