3137.354931616 0.000000000 0.000000000 0.000000000 0.000000000 0.000000000 0.000000000 1.000000000
3137.604809024 -0.001545828 -0.001379361 0.000812350 -0.000604333 -0.000014533 -0.002114171 0.999997556
3137.855478752 0.000814852 -0.001458100 0.022722980 0.004286781 0.001016838 0.000911364 0.999989867
3138.105108256 -0.005928717 -0.000838490 0.360870659 0.011603600 0.010830418 -0.004532888 0.999863744
3138.355031680 0.030388836 0.057834793 0.899523258 0.021021331 0.005590038 -0.007095984 0.999738216
3138.605176512 0.096085712 0.075923413 1.549908757 0.015104556 -0.003088071 0.008796595 0.999842465
3138.854977824 0.153887600 0.092368171 2.163392305 0.009294258 -0.012161708 0.023785040 0.999599934
3139.105671328 0.126802608 0.099096507 2.693074942 0.004006750 -0.007008376 0.024196822 0.999674618
3139.355652416 0.091144226 0.120550796 3.222571135 0.001871851 0.002035197 0.026900034 0.999634326
3139.605315712 0.059587512 0.132258639 3.737898827 -0.003385807 0.010945819 0.028256433 0.999535024
3139.855139808 -0.020490270 0.183677018 4.253351212 0.002530363 0.033705924 0.024814108 0.999120533
3140.104998336 -0.163429961 0.192722619 4.770091057 -0.002064376 0.080592446 0.018808974 0.996567547
3140.355114144 -0.210456938 0.207094640 5.193171501 0.006936326 0.100470819 0.014595066 0.994808793
3140.605088736 -0.225783587 0.169445649 5.606904030 0.003353716 0.114767365 0.016069086 0.993256807
3140.854838464 -0.234198213 0.005804390 6.029628754 -0.038192414 0.128589064 0.005264550 0.990948260
3141.105539584 -0.292528570 0.011108712 6.456055641 -0.035329662 0.152512163 -0.013539199 0.987577081
3141.355201984 -0.406393409 0.098643437 6.890363216 -0.003235208 0.197734758 -0.015405418 0.980129182
3141.605114432 -0.480214357 0.106726505 7.370619297 0.003188549 0.242894828 -0.034604765 0.969429970
3141.855319712 -0.505942464 0.133281901 7.865654945 0.014954707 0.292530715 -0.053611513 0.954634964
3142.105057088 -0.497591317 0.129319936 8.327614784 0.023922158 0.337789804 -0.070918217 0.938241124
3142.355218208 -0.702944219 0.099303484 9.014916420 0.021698941 0.414505184 -0.082535371 0.906036675
3142.605128768 -0.836121202 0.132938743 9.736416817 -0.001959285 0.493030638 -0.109630309 0.863074839
3142.855504512 -0.802585244 0.174449876 10.005743027 0.003761038 0.484657943 -0.145011157 0.862591624
3143.105199168 -0.621583104 0.136187643 10.867270470 -0.013343806 0.506944716 -0.152089402 0.848350048
3143.354920992 -0.282512605 0.140583560 11.921332359 -0.007638230 0.551912427 -0.155141145 0.819307983
3143.605660000 0.204767674 0.134070069 13.020794868 0.001105623 0.600983620 -0.160947859 0.782887697
3143.855124352 1.204504371 -0.228490382 13.264047623 -0.008699335 0.581948519 -0.156366765 0.798003554
3144.105184576 2.309614658 -0.575155914 13.592627525 -0.012562564 0.566450238 -0.148163274 0.810570121
3144.355009088 2.886074066 -0.767681837 13.496797562 -0.008707946 0.562513471 -0.133636072 0.815870166
3144.605607008 3.405673981 -0.919759989 13.476189613 -0.002813376 0.551439285 -0.125156835 0.824768186
3144.855467552 3.797464848 -0.987827361 13.519416809 -0.002141443 0.543792307 -0.118772179 0.830769837
3145.105327296 4.244607925 -1.065548658 13.586103439 -0.005063783 0.533979893 -0.118981622 0.837068260
3145.354846976 4.697861671 -1.149497151 13.683548927 -0.009115562 0.523112178 -0.119422272 0.843806207
3145.605273568 5.206848145 -1.236093521 13.835300446 -0.012905117 0.515641928 -0.123390161 0.847774565
3145.855273504 5.732728004 -1.313742399 14.051668167 -0.019887744 0.508166194 -0.124867588 0.851927042
3146.104812736 6.373953819 -1.341925025 14.269146919 -0.018445650 0.501816034 -0.125651717 0.855600417
3146.355002400 6.339352131 -1.222023368 14.603361130 -0.020079549 0.493762881 -0.125592530 0.860245049
3146.605776256 6.339352131 -1.222023368 14.603361130 -0.020079549 0.493762881 -0.125592530 0.860245049
3147.105417280 6.339352131 -1.222023368 14.603361130 -0.020079549 0.493762881 -0.125592530 0.860245049
3147.354777472 6.339352131 -1.222023368 14.603361130 -0.020079549 0.493762881 -0.125592530 0.860245049
3147.605568832 6.339352131 -1.222023368 14.603361130 -0.020079549 0.493762881 -0.125592530 0.860245049
3147.854911136 6.339352131 -1.222023368 14.603361130 -0.020079549 0.493762881 -0.125592530 0.860245049
3148.105197312 6.339352131 -1.222023368 14.603361130 -0.020079549 0.493762881 -0.125592530 0.860245049
3148.355467328 -5.661760807 1.332346559 14.712632179 -0.068787575 0.441144198 -0.114999004 0.887375534
3148.605653856 -5.661760807 1.332346559 14.712632179 -0.068787575 0.441144198 -0.114999004 0.887375534
3148.855061216 -5.661760807 1.332346559 14.712632179 -0.068787575 0.441144198 -0.114999004 0.887375534
3149.105099808 -5.661760807 1.332346559 14.712632179 -0.068787575 0.441144198 -0.114999004 0.887375534
3149.355084448 -6.397723198 0.875856698 13.603007317 -0.079753086 0.463824034 -0.128044978 0.872989774
3149.605046304 -7.058711052 1.079554677 12.833745956 0.021534882 0.529524386 -0.129475489 0.838078916
3149.855432032 -7.722740650 1.472344160 12.222062111 0.121996202 0.586955965 -0.127002552 0.790234149
3150.105114720 -8.376377106 2.019757748 11.791137695 0.218003839 0.636296809 -0.125108212 0.729348183
3150.355387392 -8.973892212 2.716435432 11.568593979 0.314469755 0.676830828 -0.123332776 0.654062510
3150.605710976 -9.506349564 3.490618944 11.533013344 0.404820621 0.704785347 -0.116323613 0.570847392
3150.855069664 -9.806615829 4.247798920 11.665616035 0.489865929 0.721481860 -0.114168003 0.475879192
3151.105081216 -10.100883484 4.928004265 11.423046112 0.514278829 0.694505751 -0.119518183 0.488767922
3151.354989792 -10.187424660 5.449881554 11.077691078 0.530571878 0.666715384 -0.136199921 0.505404234
3151.605096992 -10.405919075 6.039795399 10.772155762 0.530560136 0.648763478 -0.148391098 0.524968445
3151.855052352 -10.555244446 6.268717766 10.690727234 0.528187394 0.645798922 -0.148223802 0.531028926
