1059.911039712 0.000000000 0.000000000 0.000000000 0.000000000 0.000000000 0.000000000 1.000000000
1060.161124128 0.001288749 -0.000373204 0.085107528 0.010264184 0.008895691 -0.004603368 0.999897122
1060.410964608 -0.016821997 -0.015123221 0.172965586 0.017188713 0.023877915 -0.009920127 0.999517858
1060.661182464 -0.001848871 -0.081760585 0.299766213 0.010596839 0.024920383 -0.023953803 0.999346197
1060.910704768 -0.011982601 -0.134575188 0.438604087 0.007040528 0.027512625 -0.038676798 0.998848081
1061.161027296 -0.033840686 -0.207493529 0.589475393 -0.001450182 0.033242017 -0.051826764 0.998101652
1061.410773920 0.095785722 -0.420715392 1.102315664 -0.094584808 0.024882173 0.060847249 0.993343949
1061.661417472 0.262858570 -0.508345604 1.641681671 -0.187509358 0.014669136 0.173884004 0.966638207
1061.910968256 0.468412995 -0.274103671 2.264758110 -0.273808092 -0.003715261 0.291475415 0.916546464
1062.160951648 0.462917984 0.074607491 2.794896603 -0.322913826 0.007650590 0.376148671 0.868435562
1062.410843328 0.407039672 0.093914866 2.934754848 -0.335467845 0.052205637 0.381863624 0.859602273
1062.660364096 0.390524596 0.166581690 3.089512825 -0.344094485 0.084877186 0.388610393 0.850515604
1062.911167168 0.403845608 0.268042833 3.247664452 -0.353164732 0.098838426 0.386265248 0.846347928
1063.160858112 0.292380333 0.322322309 3.315406799 -0.352060944 0.111318029 0.342477709 0.863927305
1063.410368000 0.126516193 0.476514190 3.458855867 -0.346533239 0.129518345 0.313589096 0.874529362
1063.660839616 -0.005183473 0.625503480 3.682725430 -0.361417323 0.144861311 0.292751998 0.873320699
1063.911329792 -0.219556019 0.844815671 3.904349566 -0.351969779 0.173359349 0.265740395 0.880594015
1064.160932192 -0.252388209 1.124544621 4.223425388 -0.364029706 0.192105308 0.274665803 0.868985951
1064.410784672 -0.246509865 1.402699709 4.550315857 -0.388533473 0.205442384 0.282926202 0.852518559
1064.660891776 -0.278426915 1.836898088 4.858429909 -0.380908787 0.231110051 0.291460544 0.846491218
1064.911124544 -0.127083942 2.616083622 5.069720745 -0.334440678 0.242765039 0.295516491 0.861327231
1065.161412960 0.291901410 2.717667103 5.248962402 -0.349680513 0.235357478 0.348553568 0.837162375
1065.411078080 0.536418557 2.945069075 5.423019409 -0.349143028 0.240630805 0.372964233 0.825283945
1065.660715040 0.749129295 3.154376984 5.597716331 -0.350163162 0.249735296 0.388837397 0.814753652
1065.911182592 0.884199142 3.240358353 5.858253479 -0.360672742 0.273061275 0.390859544 0.801611841
1066.160623392 0.987632632 3.454947948 6.151939869 -0.367731512 0.287358850 0.376898944 0.800090969
1066.410888384 1.303348303 3.713643551 6.309417248 -0.378127158 0.275318742 0.381854951 0.797123730
1066.660976512 1.589546561 3.993353605 6.566232681 -0.389579445 0.266455472 0.375423849 0.797675550
1066.911057504 1.793818474 4.168230057 6.702174187 -0.402565241 0.254830837 0.359985709 0.802130163
1067.160955680 1.971869349 4.348724842 6.841219425 -0.406570315 0.242583573 0.354759187 0.806225598
1067.410837664 2.101079226 4.469475746 7.012373447 -0.412461400 0.232891336 0.351242006 0.807630002
1067.661052448 2.207407951 4.590244293 7.157531738 -0.415655404 0.223157167 0.348430753 0.809955239
1067.910666752 2.276843309 4.691614628 7.304831028 -0.419766545 0.213739216 0.343399853 0.812519670
1068.160938976 2.144417763 4.915298462 7.512876987 -0.420403689 0.222506538 0.321743876 0.818677247
1068.410746784 2.112187624 5.205773354 7.584259033 -0.391122133 0.204447135 0.323728532 0.836913764
1068.661082304 2.168150902 5.485842705 7.777862549 -0.364364058 0.187458858 0.332647681 0.849378347
1068.911241280 2.217810869 5.758368969 8.020275116 -0.336066037 0.175865278 0.342300266 0.859628737
1069.160801472 2.185528040 5.706037521 8.784639359 -0.335110724 0.174575999 0.342740536 0.860088885
1069.411134432 2.227136135 5.699862003 9.357936859 -0.333719909 0.173591375 0.348688453 0.858436584
1069.660609824 2.227136135 5.699862003 9.357936859 -0.333719909 0.173591375 0.348688453 0.858436584
1070.163516032 2.227136135 5.699862003 9.357936859 -0.333719909 0.173591375 0.348688453 0.858436584
1070.411352032 2.227136135 5.699862003 9.357936859 -0.333719909 0.173591375 0.348688453 0.858436584
1070.660962688 2.227136135 5.699862003 9.357936859 -0.333719909 0.173591375 0.348688453 0.858436584
1070.910995456 2.227136135 5.699862003 9.357936859 -0.333719909 0.173591375 0.348688453 0.858436584
1071.161384128 2.227136135 5.699862003 9.357936859 -0.333719909 0.173591375 0.348688453 0.858436584
1071.410904960 5.210393429 2.994982243 -40.636085510 -0.297479570 0.202170208 0.325216234 0.874567032
1071.660952416 5.208838940 1.858438015 -87.400314331 -0.299838454 0.198009640 0.419959813 0.833380342
1071.911058688 -0.091709614 2.577268124 -174.553375244 -0.304284155 0.178603619 0.562488198 0.747742534
1072.160891616 -0.091709614 2.577268124 -174.553375244 -0.304284155 0.178603619 0.562488198 0.747742534
1072.411234720 -0.091709614 2.577268124 -174.553375244 -0.304284155 0.178603619 0.562488198 0.747742534
1072.660659584 -0.091709614 2.577268124 -174.553375244 -0.304284155 0.178603619 0.562488198 0.747742534
1072.910754752 0.002331749 2.506126642 -174.398574829 -0.304702640 0.178158283 0.563349307 0.747029781
1073.160860512 0.002331749 2.506126642 -174.398574829 -0.304702640 0.178158283 0.563349307 0.747029781
1073.410798624 0.009890296 2.904666901 -174.251846313 -0.303291023 0.179235458 0.561318338 0.748873115
1073.660794176 3.514693975 -6.686657906 -178.715972900 -0.314745992 0.125575617 0.651439130 0.678817213
1073.910859648 16.958879471 -21.913377762 -190.735855103 -0.254398167 0.149994820 0.832207263 0.469269782
1074.161232736 17.141605377 -30.448230743 -192.662796021 -0.263912737 0.154016703 0.845773458 0.437374145
1074.410962944 17.917417526 -39.094451904 -194.386306763 -0.271992683 0.156647533 0.858664036 0.405188352
1074.660949344 20.672901154 -50.894897461 -195.657394409 -0.287518889 0.168822274 0.868468821 0.366870314
1074.910883552 21.596307755 -56.452301025 -195.591644287 -0.289084703 0.179517746 0.869568169 0.357847124
1075.162261216 22.132350922 -61.929832458 -195.321456909 -0.279503882 0.202558577 0.861060143 0.373393983
1075.410900384 -106.831718445 8.329101562 -263.267395020 -0.001127349 0.112934977 0.884404600 0.452849776
1075.661477152 -149.125274658 20.463153839 -292.803192139 0.090640701 -0.078498252 0.961646259 0.246695727
1075.910492352 -183.919876099 29.783157349 -323.666961670 0.098803766 -0.163655639 0.968306839 0.160737604
1076.159691104 -296.213195801 70.541259766 -372.501586914 0.159996882 -0.325376213 0.931264222 0.035752524
1076.409510720 -419.134826660 100.768722534 -404.851257324 0.212284759 -0.473478973 0.849546015 -0.094996527
1076.659488768 -547.998352051 112.931564331 -425.511871338 0.253508300 -0.598142207 0.727403283 -0.221006617
1076.909365504 -677.809692383 102.181838989 -442.422149658 -0.282758504 0.693227172 -0.569089472 0.340030640
1077.159124544 -803.345458984 67.713653564 -465.311859131 -0.298502058 0.753590941 -0.377805769 0.447504252
1077.409433088 -917.868408203 17.170143127 -502.795379639 -0.294630110 0.775298655 -0.170106471 0.532136261
1077.659688544 -1021.162902832 -42.713882446 -560.802856445 -0.276487499 0.756933212 0.052540913 0.589784920
1077.909900224 -1111.529663086 -97.123596191 -640.178955078 -0.234736264 0.699058890 0.283237755 0.613181770
1078.160231968 -1195.322021484 -136.298812866 -737.809814453 -0.176728472 0.600275338 0.509359241 0.590753615
1078.410495040 -1276.026123047 -151.373809814 -842.620361328 -0.105420202 0.461612523 0.704567969 0.528568268
1078.660735200 -1362.943115234 -141.420562744 -944.562500000 -0.023119029 0.298275709 0.849355400 0.434847623
1078.910871488 -1455.783691406 -114.061706543 -1029.203491211 0.056939516 0.129502609 0.935627460 0.323401034
1079.160695680 -1560.854492188 -77.571647644 -1096.143554688 0.132232726 -0.033650558 0.969548404 0.203366771
1079.410838016 -1675.280029297 -43.438880920 -1141.129638672 0.201900035 -0.192558721 0.957523942 0.072838739
1079.660681056 -1793.173095703 -18.937580109 -1165.680175781 0.267486989 -0.305240810 0.913633287 -0.023515141
1079.910899360 -1915.584228516 -10.797271729 -1177.117065430 0.315783530 -0.418927729 0.839739978 -0.140060931
1080.161425664 -2039.429199219 -23.624652863 -1181.588012695 0.352836847 -0.516186774 0.738290429 -0.252951741
1080.410870176 -2159.275390625 -57.773273468 -1186.543701172 0.374335974 -0.595938802 0.614595473 -0.356373340
1080.660948480 -2270.469238281 -108.805412292 -1199.133178711 -0.380319476 0.649672866 -0.485719204 0.444251299
1080.910619744 -2373.526611328 -170.489654541 -1224.208374023 -0.367318213 0.692007303 -0.344558567 0.517187297
1081.160458368 -2470.729492188 -239.748428345 -1265.280639648 -0.346014351 0.715354145 -0.192887232 0.575618744
1081.410549216 -2501.253906250 -264.752807617 -1279.928344727 -0.359219670 0.712092757 -0.299862564 0.523419499
1081.660760224 -2524.919189453 -295.777679443 -1298.927246094 -0.353172928 0.724003077 -0.289746344 0.516851485
1081.910895776 -2831.820556641 -194.115509033 -1210.492431641 -0.245092690 0.804278791 -0.486653924 0.237135395
1082.160412736 -3651.645996094 -144.898101807 -1058.982299805 -0.159183607 0.870331407 -0.245687082 0.396007180
1082.410660704 -3993.413574219 -122.993652344 -918.124450684 -0.137804806 0.923529446 -0.182039857 0.308163345
1082.660502368 -4149.696289062 -129.683410645 -835.211791992 -0.051990107 0.963760376 -0.036286443 0.259126037
1082.910477952 -4300.642578125 -148.867034912 -733.416198730 -0.025947502 0.978671730 0.040777765 0.199663609
1083.160444608 -4597.784667969 -236.153747559 -492.721313477 0.109774724 0.954156280 0.230719835 0.155896336
1083.410507712 -4861.274902344 -353.569946289 -291.899475098 0.254821330 0.867970526 0.415382147 0.095660537
1083.660425568 -5091.030273438 -484.510375977 -145.248062134 0.384150624 0.718229592 0.579940259 0.015615096
1083.910511424 -5303.562988281 -623.182434082 -49.423843384 0.441339105 0.566680133 0.693608046 -0.054784078
1084.160448448 -5498.102539062 -766.790161133 30.251457214 0.520428181 0.392263323 0.740641832 -0.163504183
1084.410609440 -5706.744140625 -906.165527344 99.588630676 0.571848333 0.233846322 0.758126795 -0.208684281
1084.660490432 -5913.734375000 -1028.324218750 136.144073486 0.582547963 0.036064781 0.760590196 -0.284323275
1084.911223936 -5929.098144531 -1040.785766602 135.565032959 0.558947682 0.065777466 0.785720229 -0.256699264
1085.160735328 -5944.216796875 -1052.058837891 135.099288940 0.555169284 0.065480612 0.795059800 -0.235327989
1085.410752352 -5958.838867188 -1062.251342773 135.303573608 0.561953962 0.070169576 0.796613097 -0.211403966
1085.660464544 -5972.165527344 -1070.775390625 135.867813110 0.568897307 0.063993081 0.797313631 -0.191184938
1085.910481216 -5985.680664062 -1077.881713867 135.655899048 0.563985050 0.031756815 0.804628909 -0.182988390
1086.160420384 -5998.889160156 -1084.118774414 134.949554443 0.556871712 -0.006292198 0.810178995 -0.182932407
1086.410781440 -6006.158203125 -1088.014038086 134.273757935 0.551928043 -0.031843565 0.809388340 -0.198121116
1086.660528544 -6012.817382812 -1092.054443359 133.315246582 0.551873505 -0.031924598 0.809359252 -0.198378533
1086.911292288 -6012.817382812 -1092.054443359 133.315246582 0.551873505 -0.031924598 0.809359252 -0.198378533
1087.161303776 -6012.951660156 -1092.097045898 133.342453003 0.551883757 -0.031879656 0.809360743 -0.198351160
1087.410820672 -6012.951660156 -1092.097045898 133.342453003 0.551883757 -0.031879656 0.809360743 -0.198351160
1087.660911776 -6012.951660156 -1092.097045898 133.342453003 0.551883757 -0.031879656 0.809360743 -0.198351160
1087.910658592 -6012.951660156 -1092.097045898 133.342453003 0.551883757 -0.031879656 0.809360743 -0.198351160
1088.161651456 -6012.951660156 -1092.097045898 133.342453003 0.551883757 -0.031879656 0.809360743 -0.198351160
1088.410853440 -6012.951660156 -1092.097045898 133.342453003 0.551883757 -0.031879656 0.809360743 -0.198351160
1088.661330592 -6012.951660156 -1092.097045898 133.342453003 0.551883757 -0.031879656 0.809360743 -0.198351160
1088.910871392 -6012.951660156 -1092.097045898 133.342453003 0.551883757 -0.031879656 0.809360743 -0.198351160
1089.161515168 -6012.896484375 -1092.152099609 133.405090332 0.551887035 -0.031871904 0.809359491 -0.198348358
1089.412123232 -6012.896484375 -1092.152099609 133.405090332 0.551887035 -0.031871904 0.809359491 -0.198348358
1089.660691808 -6012.937500000 -1092.149414062 133.422714233 0.551963866 -0.030380063 0.809587777 -0.197434679
1089.911250240 -6012.951171875 -1092.145507812 133.440689087 0.551962733 -0.030387163 0.809587419 -0.197438553
1090.161457664 -6012.967773438 -1092.143554688 133.456695557 0.551963508 -0.030387122 0.809587002 -0.197437987
1090.410923488 -6012.995117188 -1092.066650391 133.433441162 0.551356554 -0.036356151 0.809005260 -0.200486094
1090.660949184 -6013.007812500 -1091.993041992 133.403076172 0.549458444 -0.045879908 0.808386624 -0.206158742
1090.910936896 -6012.999511719 -1091.946655273 133.371551514 0.549427152 -0.045680627 0.808620751 -0.205367118
1091.160833632 -6012.954589844 -1091.908081055 133.356307983 0.549426854 -0.045676626 0.808622181 -0.205362767
1091.411725536 -6012.905273438 -1091.853881836 133.336669922 0.549424231 -0.045691166 0.808621109 -0.205370814
1091.660784320 -6012.854492188 -1091.805786133 133.314880371 0.549423933 -0.045689568 0.808622301 -0.205367580
1091.911529440 -6012.820800781 -1091.756835938 133.283264160 0.549421787 -0.045695860 0.808622837 -0.205369726
1092.160914336 -6012.767089844 -1091.703735352 133.249496460 0.549419641 -0.045699570 0.808623910 -0.205370262
1092.410843360 -6012.767089844 -1091.703735352 133.249496460 0.549419641 -0.045699570 0.808623910 -0.205370262
1092.660938144 -6012.819824219 -1091.732055664 133.260284424 0.549417257 -0.045712631 0.808622420 -0.205379546
1092.910896032 -6012.214355469 -1091.696289062 133.557037354 0.549435616 -0.045663860 0.808621585 -0.205344602
1093.161263712 -6011.804199219 -1091.657104492 133.764587402 0.549237728 -0.046165265 0.808732569 -0.205324829
1093.410764352 -6010.828613281 -1091.534667969 134.101272583 0.545182645 -0.035957854 0.813436329 -0.199510083
1093.660806656 -6009.949707031 -1091.401489258 134.452697754 0.545575917 -0.030040227 0.814201176 -0.196267426
1093.912592384 -6009.131835938 -1091.229614258 134.742263794 0.545476496 -0.025680903 0.814928949 -0.194130599
1094.160736608 -6008.531738281 -1091.089477539 135.025482178 0.545820296 -0.023242680 0.815142989 -0.192566589
1094.410918400 -6007.938964844 -1090.948364258 135.307510376 0.546880841 -0.018885558 0.815124452 -0.190096974
1094.661258944 -6007.150390625 -1090.819335938 135.663070679 0.546914518 -0.018625254 0.815147042 -0.189928651
1094.910738304 -6006.523437500 -1090.668579102 135.935241699 0.546990573 -0.016555408 0.815409601 -0.188770741
1095.160826144 -6005.896484375 -1090.497558594 136.217620850 0.545418024 -0.021366935 0.815702558 -0.191551372
1095.410797728 -6005.175292969 -1090.334350586 136.480712891 0.538505912 -0.031415030 0.818767965 -0.196579576
1095.661286624 -6004.367675781 -1090.210327148 136.862762451 0.535576463 -0.042077221 0.818485916 -0.203637406
1095.911034528 -6003.591796875 -1090.106201172 137.241744995 0.535160124 -0.044023320 0.818342865 -0.204891607
1096.160595200 -6002.861328125 -1089.947998047 137.547851562 0.534815550 -0.045844723 0.818162978 -0.206106588
1096.411099936 -6002.316406250 -1089.777343750 137.646621704 0.532734573 -0.049214099 0.820573688 -0.201073959
1096.660924032 -6001.748046875 -1089.770019531 137.832656860 0.531729519 -0.050066415 0.822801173 -0.194307089
1096.910896512 -6001.527832031 -1089.747436523 137.916641235 0.533180535 -0.047547638 0.822252154 -0.193285108
1097.160682880 -6001.489746094 -1089.716674805 137.922378540 0.533434093 -0.049039803 0.821823895 -0.194032609
1097.410840512 -6001.465820312 -1089.715576172 137.928833008 0.533434987 -0.049035478 0.821824253 -0.194029778
