1545.017560160 0.000000000 0.000000000 0.000000000 0.000000000 0.000000000 0.000000000 1.000000000
1545.265896928 0.010784273 -0.018815210 -0.014673050 -0.002862028 -0.002372621 -0.000977695 0.999992609
1545.516223776 2.360134125 -1.868672848 -3.081134319 -0.076581202 -0.103012018 -0.382661670 0.914928377
1545.762079712 3.037714005 -5.330005169 -5.334467411 -0.142311752 -0.186208561 -0.692152917 0.682640612
1546.016147712 3.037714005 -5.330005169 -5.334467411 -0.142311752 -0.186208561 -0.692152917 0.682640612
1546.265988704 3.056458235 -5.307653904 -5.266843319 -0.142228395 -0.188320488 -0.691699445 0.682538211
1546.516055552 3.056458235 -5.307653904 -5.266843319 -0.142228395 -0.188320488 -0.691699445 0.682538211
1546.761768544 3.052961349 -5.310595989 -5.264927387 -0.142131716 -0.188679829 -0.691366315 0.682796597
1547.016863488 3.107120275 -4.975486279 -5.214717865 -0.133466810 -0.185102925 -0.691640735 0.685241938
1547.266275200 3.183766603 -4.659257889 -5.182611465 -0.124782316 -0.184263140 -0.693693459 0.685029745
1547.516291712 3.112658978 -4.650552750 -5.033270836 -0.123600155 -0.185872033 -0.690353870 0.688175976
1547.761946752 3.034307003 -4.660082340 -4.901926994 -0.123703733 -0.186569661 -0.689218342 0.689106047
1548.015858656 2.356126547 -3.967108250 -4.718747139 -0.130624443 -0.169755533 -0.687542140 0.693834364
1548.266286720 1.683437586 -3.283558607 -4.527074337 -0.136882812 -0.153294504 -0.685033023 0.698923230
1548.516168992 1.688049674 -3.526355267 -4.898013592 -0.126573697 -0.178354278 -0.648870409 0.728790760
1548.761959488 1.738439441 -3.755358696 -5.242331028 -0.114018470 -0.203417376 -0.609769821 0.757497132
1549.016259968 1.147486091 4.428227425 27.535154343 -0.141471103 -0.220960960 -0.616147816 0.742646635
1549.266234656 0.985907495 4.430516243 27.331481934 -0.148528278 -0.196787000 -0.637050927 0.730328977
1549.516240608 0.778483689 4.562909603 27.054201126 -0.147168666 -0.157387957 -0.657273352 0.722192645
1549.761727424 0.792519450 4.466062546 26.769195557 -0.150708422 -0.153561577 -0.683438897 0.697579443
1550.016366592 0.963878274 4.705522060 26.898687363 -0.095589846 -0.134928659 -0.726312697 0.667178154
1550.266297408 1.120555520 4.861187458 26.950788498 -0.040303145 -0.114631988 -0.766848803 0.630220711
1550.516368032 1.268719554 4.921519756 27.070640564 0.011272006 -0.098865256 -0.803109229 0.587464333
1550.762723648 1.268719554 4.921519756 27.070640564 0.011272006 -0.098865256 -0.803109229 0.587464333
1551.016239200 -1.353806376 8.018424988 38.987384796 0.004131266 -0.094044223 -0.795977890 0.597961247
1551.266132128 -1.671810627 8.589984894 38.735034943 0.048524607 -0.022051953 -0.841000617 0.538402438
1551.515999840 -1.949473858 9.307946205 38.553985596 -0.088152505 -0.056835029 0.874790192 -0.473012805
1551.761975872 -1.249771357 9.243907928 36.256435394 0.045603923 0.035636354 -0.794010758 0.605142236
1552.016354592 -1.502390981 9.591856003 38.491485596 0.033428233 0.059132088 -0.778156579 0.624386370
1552.266385216 0.867550731 9.406190872 35.962985992 0.009122211 0.049133461 -0.813372850 0.579592407
1552.516349472 3.159971714 8.973343849 33.317596436 -0.013552351 0.040002774 -0.844088972 0.534537017
1552.761725760 5.334816933 8.179123878 30.629524231 0.037496831 -0.026287105 0.872278392 -0.486860693
1553.016212992 7.200258255 6.757240295 27.956230164 0.075336851 -0.009873469 0.893551588 -0.442484409
1553.266233120 8.735608101 4.993092537 25.306505203 0.112523317 0.005749939 0.913817883 -0.390182436
1553.516264832 8.735608101 4.993092537 25.306505203 0.112523317 0.005749939 0.913817883 -0.390182436
1553.762029408 8.739011765 4.995629787 25.303770065 0.111535288 0.006324411 0.914008975 -0.390009552
1554.015977920 8.697118759 5.129607201 25.077819824 0.100728825 -0.008067363 0.914582074 -0.391571492
1554.266822944 8.663076401 5.274746895 24.862001419 0.087720864 -0.023961050 0.912014008 -0.399951696
1554.516235296 8.740250587 5.321832657 24.854536057 0.065968059 -0.030449696 0.925221086 -0.372406960
1554.762296576 8.783101082 5.370642662 24.831096649 0.050560910 -0.036101248 0.931943357 -0.357241929
1555.016413408 8.783101082 5.370642662 24.831096649 0.050560910 -0.036101248 0.931943357 -0.357241929
1555.266214240 8.934687614 5.402395725 24.780653000 0.047261264 -0.035443187 0.931571960 -0.358725250
1555.516262496 9.848577499 2.271412134 8.485265732 0.109186739 -0.036516126 0.947262704 -0.299062163
1555.762026176 6.915666580 -0.936815262 -7.693351746 0.184745640 -0.052120101 0.954262078 -0.229208231
1556.016167840 1.482406139 -8.492386818 -45.707542419 0.190039471 -0.063539207 0.962972581 -0.180365086
1556.266344512 -5.680070400 -15.225006104 -83.174133301 0.200212181 -0.076694302 0.967827320 -0.131694257
1556.516244128 -29.124361038 -24.315084457 -150.096755981 0.229396895 -0.080828711 0.969238997 0.037676860
1556.762000704 -60.645286560 -30.979257584 -217.220489502 0.244794875 -0.071878679 0.944732487 0.205887049
1557.016106176 -60.645286560 -30.979257584 -217.220489502 0.244794875 -0.071878679 0.944732487 0.205887049
1557.266231840 -60.939582825 -30.922212601 -217.380081177 0.246711180 -0.060876131 0.944820881 0.206739336
