3137.855478752 0.000000000 0.000000000 0.000000000 0.000000000 0.000000000 0.000000000 1.000000000
3138.105108256 -0.011897380 0.000007705 0.337916076 0.006137341 0.009899182 -0.008077231 0.999899507
3138.355031680 0.092456117 -0.077475347 0.781464458 -0.003260851 0.006768942 0.005145569 0.999958515
3138.605176512 0.201465756 -0.149766728 1.247481108 -0.014767999 0.004283511 0.020396596 0.999673724
3138.854977824 0.232795402 -0.136281982 1.893807173 -0.027282033 0.000988855 0.033357676 0.999070585
3139.105671328 0.022487655 -0.025256671 2.431288004 -0.010857486 0.016921962 0.010441801 0.999743283
3139.355652416 -0.181543827 0.066467926 2.967252254 0.002998986 0.039019849 -0.006071007 0.999215484
3139.605315712 -0.374637693 0.149216950 3.509315491 0.016846383 0.063329086 -0.023731932 0.997568250
3139.855139808 -0.545016110 0.221892133 4.054216862 0.029222989 0.088118486 -0.041010518 0.994836271
3140.104998336 -0.703419685 0.276738584 4.594817638 0.039199598 0.115140535 -0.056571174 0.990962029
3140.355114144 -0.821914554 0.320746124 5.117793560 0.053376183 0.135450900 -0.061281871 0.987445474
3140.605088736 -0.910089493 0.312066644 5.671205044 0.052701313 0.151531383 -0.061357830 0.985137582
3140.854838464 -0.964648366 0.216127172 6.407839775 0.012611407 0.171981707 -0.067619175 0.982695758
3141.105539584 -1.006796598 0.268538266 7.006011486 0.019447867 0.196119279 -0.092164181 0.976045489
3141.355201984 -0.056886733 0.030313239 8.554259300 0.052394692 0.231830001 -0.064477369 0.969201922
3141.605114432 0.063485496 -0.096393541 8.972702980 0.033434290 0.248961002 -0.055235036 0.966358960
3141.855319712 0.208247006 -0.222001523 9.394032478 0.011507469 0.266649038 -0.045329530 0.962658346
3142.105057088 0.431545019 -0.248230159 9.856813431 0.023418179 0.283139378 -0.025872560 0.958443642
3142.355218208 1.392724514 -0.157652736 10.486040115 0.051025245 0.276056021 -0.029462157 0.959333837
3142.605128768 2.446547508 -0.208845735 11.100988388 0.062916964 0.260665476 -0.032755051 0.962819874
3142.855504512 3.226387024 -0.456522644 12.513515472 0.078188397 0.268946350 -0.046400569 0.958854198
3143.105199168 3.614151001 -0.725155354 13.469714165 0.067916699 0.279875487 -0.039592806 0.956812143
3143.354920992 3.979797840 -0.921492219 14.561378479 0.063575663 0.312405139 -0.033666939 0.947221041
3143.605660000 4.105318546 -1.096050620 15.036058426 0.054634385 0.340278924 -0.041136529 0.937834263
3143.855124352 4.815507889 -1.301502347 15.522480011 0.047049303 0.331614822 -0.031785250 0.941704690
3144.105184576 5.578002453 -1.334141374 16.060787201 0.047438260 0.319085360 -0.034788359 0.945898473
3144.355009088 6.301403522 -1.429593444 16.645101547 0.048511263 0.311436117 -0.025003396 0.948698580
3144.605607008 7.098870754 -1.422257304 17.270973206 0.056677621 0.303564847 -0.026872709 0.950743854
3144.855467552 7.853735447 -1.575067043 17.894847870 0.055003937 0.299856365 -0.039069045 0.951595664
3145.105327296 8.500016212 -1.819968820 18.487857819 0.048475221 0.287282526 -0.032711446 0.956059039
3145.354846976 9.182853699 -1.918305516 19.242374420 0.055234447 0.275261521 -0.024578935 0.959466577
3145.605273568 10.423418999 -1.523440003 19.520019531 0.070826039 0.145017788 -0.101667106 0.981640100
3145.855273504 11.050632477 -1.720347285 20.646282196 0.072368696 0.144331276 -0.103576504 0.981429100
3146.104812736 11.050632477 -1.720347285 20.646282196 0.072368696 0.144331276 -0.103576504 0.981429100
3146.355002400 11.050632477 -1.720347285 20.646282196 0.072368696 0.144331276 -0.103576504 0.981429100
3146.605776256 11.050632477 -1.720347285 20.646282196 0.072368696 0.144331276 -0.103576504 0.981429100
3147.105417280 11.050632477 -1.720347285 20.646282196 0.072368696 0.144331276 -0.103576504 0.981429100
3147.605568832 11.050632477 -1.720347285 20.646282196 0.072368696 0.144331276 -0.103576504 0.981429100
3147.854911136 11.050632477 -1.720347285 20.646282196 0.072368696 0.144331276 -0.103576504 0.981429100
3148.105197312 11.050632477 -1.720347285 20.646282196 0.072368696 0.144331276 -0.103576504 0.981429100
3148.355467328 11.050632477 -1.720347285 20.646282196 0.072368696 0.144331276 -0.103576504 0.981429100
3148.605653856 11.050632477 -1.720347285 20.646282196 0.072368696 0.144331276 -0.103576504 0.981429100
3148.855061216 11.050632477 -1.720347285 20.646282196 0.072368696 0.144331276 -0.103576504 0.981429100
3149.105099808 11.050632477 -1.720347285 20.646282196 0.072368696 0.144331276 -0.103576504 0.981429100
3149.355084448 11.050632477 -1.720347285 20.646282196 0.072368696 0.144331276 -0.103576504 0.981429100
3149.605046304 11.050632477 -1.720347285 20.646282196 0.072368696 0.144331276 -0.103576504 0.981429100
3149.855432032 11.055370331 -1.732989669 20.622510910 0.071116969 0.143346846 -0.101296477 0.981902778
3150.105114720 11.054400444 -1.765166879 20.601856232 0.066005141 0.141671315 -0.095294729 0.983102977
3150.355387392 11.008982658 -1.801088333 20.545936584 0.064018041 0.143495247 -0.080692478 0.984276175
3150.855069664 10.901090622 -1.862768531 20.441537857 0.063456126 0.152133599 -0.054407805 0.984818995
3151.105081216 10.890358925 -1.929288149 20.476770401 0.066256888 0.153886005 -0.045026381 0.984835923
3151.354989792 10.938716888 -1.915261745 20.367403030 0.086715005 0.145840421 -0.036374506 0.984828889
