3171.602332352 0.000000000 0.000000000 0.000000000 0.000000000 0.000000000 0.000000000 1.000000000
3171.853681280 -0.082265481 -0.136603445 0.038607091 -0.033914175 0.019252978 -0.020004490 0.999038994
3172.102647712 -0.167813927 -0.126246303 0.097701199 -0.022049502 0.032771468 -0.033884306 0.998644948
3172.352515744 -0.299473643 -0.078140676 0.262544811 -0.006626651 0.045370452 -0.046903744 0.997846484
3172.602991584 -0.619620919 -0.044688944 0.588913798 -0.004577080 0.102020323 -0.045326978 0.993738592
3172.852196000 -0.878973484 -0.005752265 0.942010045 -0.007140258 0.153808698 -0.051963307 0.986707509
3173.103215296 -1.098701715 0.036045030 1.327718258 -0.010399150 0.205985233 -0.057768792 0.976793051
3173.352951424 -1.296485186 0.073231488 1.733904600 -0.015513171 0.257717818 -0.063937828 0.963977635
3173.603549536 -1.108136773 0.027467616 2.258300304 -0.065125786 0.241763577 -0.044407371 0.967128217
3173.854231712 -0.788495004 0.240200520 2.893793106 -0.067099713 0.219356149 -0.028762778 0.972909689
3174.104546816 -0.527052641 0.330521703 2.950713158 -0.086496800 0.189975232 -0.018415991 0.977797806
3174.355742112 -0.443268925 0.614931345 3.232935905 -0.080687232 0.179076403 0.005470011 0.980505645
3174.605055616 -0.442417234 0.686926007 3.418433428 -0.096810833 0.180225551 0.008151659 0.978815556
3174.855585280 -0.518700063 0.751781762 3.607274771 -0.109085418 0.187849715 0.019464940 0.975927234
3175.105267328 -0.599227071 0.805879354 3.817461729 -0.121778682 0.195813239 0.034345809 0.972444057
3175.355200000 -0.743160248 0.823983729 4.123159885 -0.135447145 0.209271103 0.046383530 0.967320144
3175.605346464 -0.880193532 0.828490794 4.389610767 -0.148971990 0.220239758 0.064792573 0.961823106
3175.855133056 -1.028825760 0.869796038 4.605487347 -0.159036353 0.228778049 0.083055839 0.956801832
3176.105130912 -1.167028427 1.060812950 4.897812366 -0.148448184 0.243663818 0.102396376 0.952946007
3176.355421632 -1.387129784 1.212788820 5.321353912 -0.146367326 0.277390003 0.110073894 0.943141103
3176.605769248 -1.612713099 1.315903306 5.739777565 -0.144903302 0.309697300 0.124670483 0.931422472
3176.855310656 -1.402240992 1.178444862 5.452301502 -0.159824684 0.259145290 0.130913600 0.943483651
3177.105871040 -1.140750885 1.232931018 5.376879692 -0.151594892 0.196562886 0.136448011 0.959043264
3177.355697056 -1.201434851 1.107416153 5.127229214 -0.150688380 0.193159848 0.146328539 0.958420694
3177.605048864 -1.225970507 0.934658766 4.689833641 -0.121183835 0.180457413 0.093114093 0.971637487
3177.855310592 -0.393288970 0.223197520 2.558534622 -0.130452096 0.162951738 0.098090760 0.973040164
3178.105772864 -0.393288970 0.223197520 2.558534622 -0.130452096 0.162951738 0.098090760 0.973040164
3178.355158880 -0.393288970 0.223197520 2.558534622 -0.130452096 0.162951738 0.098090760 0.973040164
3178.605671488 -0.393288970 0.223197520 2.558534622 -0.130452096 0.162951738 0.098090760 0.973040164
3178.854975936 0.899523139 0.111444712 -3.952695847 -0.107168026 0.199856192 0.101553343 0.968637943
3179.105807136 0.899523139 0.111444712 -3.952695847 -0.107168026 0.199856192 0.101553343 0.968637943
3179.355601440 -3.237944126 -5.331804276 23.257387161 -0.095675163 0.188146144 0.106043398 0.971700609
3179.605242016 -3.237944126 -5.331804276 23.257387161 -0.095675163 0.188146144 0.106043398 0.971700609
3179.855618400 -2.351429939 -4.490094662 19.260280609 -0.092715107 0.193821788 0.099564187 0.971557498
3180.105331232 -0.873076081 -4.639932632 18.969121933 -0.102585956 0.175505534 0.126957908 0.970853031
3180.355992352 1.290359855 -3.103219271 13.885507584 -0.104370333 0.161926746 0.143694654 0.970689654
3180.605403840 3.589060307 -1.516301632 8.629846573 -0.106790751 0.147361070 0.161876172 0.969884813
3180.855836512 5.798357010 0.130277872 3.666455746 -0.108425342 0.133402035 0.181007221 0.968340993
3181.105483648 8.227780342 1.944205165 -1.736760616 -0.109502904 0.119910367 0.198092967 0.966638446
3181.355184032 10.705721855 3.859219313 -7.040557861 -0.111269467 0.105136380 0.215014309 0.964538395
3181.605374048 13.173419952 5.880030632 -12.135128021 -0.110247120 0.091447882 0.229313806 0.962755442
3181.854773440 15.660284042 8.016790390 -17.121900558 -0.108294643 0.078490116 0.243632957 0.960601151
3182.105825856 17.972967148 10.122804642 -21.574806213 -0.105208509 0.068022847 0.252109796 0.959554434
3182.355507552 20.264152527 12.290349007 -25.922687531 -0.100363240 0.058383182 0.259499520 0.958738029
3182.605080896 22.470142365 14.498863220 -30.100980759 -0.095338427 0.049188856 0.271200091 0.956525743
3182.855115968 24.536640167 16.638345718 -33.882640839 -0.091648899 0.041242216 0.274803132 0.956233680
3183.105163168 26.413637161 18.546810150 -37.393402100 -0.091900252 0.044145767 0.265323967 0.958753705
3183.355357664 28.156023026 20.274459839 -40.879837036 -0.096449643 0.052149720 0.260382771 0.959259450
3183.605042496 29.851127625 21.972568512 -44.335510254 -0.095334075 0.054541308 0.260881335 0.959102511
3183.855785056 31.493783951 23.603399277 -47.725013733 -0.097366318 0.054605059 0.265402973 0.957653046
3184.106384064 32.996677399 25.157970428 -50.950710297 -0.098367259 0.054800991 0.265898228 0.957402110
3184.355255584 34.521953583 26.705146790 -54.217224121 -0.099986546 0.053687852 0.265479654 0.957413614
