1826.898118976 0.000000000 0.000000000 0.000000000 0.000000000 0.000000000 0.000000000 1.000000000
1827.151157376 -0.003074834 -0.001310823 0.001282845 -0.000549434 0.000284073 -0.001942697 0.999997914
1827.397512800 -0.001185648 -0.000610459 -0.000046338 -0.000186056 0.000120066 -0.000771787 0.999999642
1827.646371968 -0.004735292 -0.001321831 0.001319393 -0.000635787 0.000337098 -0.002942367 0.999995410
1827.897372128 -0.055793434 -0.042057924 -0.007629433 -0.006516003 0.023231247 0.000116218 0.999708831
1828.150601120 0.144015610 -0.156340137 0.067819074 -0.019887658 0.016210213 -0.001386035 0.999669850
1828.397068320 0.344703674 -0.226529717 0.148357958 -0.018934367 0.004696419 -0.008275385 0.999775469
1828.646302496 0.549223542 -0.302529395 0.229968175 -0.017321691 -0.006285261 -0.013566589 0.999738157
1828.897246912 0.731479526 -0.398345560 0.301951855 -0.019746965 -0.008234186 -0.013836636 0.999675333
1829.150095232 0.951657534 -0.770875931 -0.061460346 -0.064140610 0.026863933 0.012729247 0.997497976
1829.397596256 1.037042022 -1.161934853 -0.530537248 -0.087688684 0.077005863 0.014790040 0.993056893
1829.646321440 1.054782867 -1.576886892 -1.000226974 -0.109728605 0.131944180 0.015265120 0.985046864
1829.896983040 1.054782867 -1.576886892 -1.000226974 -0.109728605 0.131944180 0.015265120 0.985046864
1830.149492320 1.056944489 -1.579303980 -0.999555886 -0.110061608 0.132165760 0.015502678 0.984976351
1830.396991872 2.963510990 -0.540466189 3.340694189 -0.109064281 0.129224092 0.008409020 0.985563517
1830.646376224 2.956297398 -0.793327212 3.521438122 -0.099813171 0.129961714 -0.003514917 0.986476004
1830.900207488 2.708327770 -1.116632342 3.550393343 -0.089192599 0.138763249 -0.011436551 0.986234546
1831.150798560 2.457953215 -1.426989913 3.589329481 -0.079221204 0.148230657 -0.017958649 0.985611081
1831.400835872 1.713584900 -1.811466575 5.851356506 -0.109158278 0.213947937 -0.183031186 0.953315437
1831.651026560 1.151526451 -1.709856987 8.176529884 -0.136985376 0.271124482 -0.334719390 0.892014265
1831.900286592 0.822622538 -1.831267118 8.353449821 -0.158370912 0.302543670 -0.403900325 0.848675728
1832.150336096 1.137648344 -2.445702314 8.593935013 -0.183164746 0.299268842 -0.429677725 0.832025170
1832.401239936 2.634912729 -1.726779342 11.268560410 -0.153524876 0.295728803 -0.390507162 0.858183444
1832.652046624 3.852509260 -1.786006927 13.871076584 -0.134582669 0.303558677 -0.346822143 0.877185285
1832.900464800 6.077519417 -1.899136424 18.401565552 -0.147142440 0.322069705 -0.338406175 0.871837974
1833.150846784 6.295231819 -1.923499703 18.773481369 -0.156295910 0.327550918 -0.327667624 0.872304976
1833.400274976 6.241514206 -2.437724113 18.743717194 -0.177762732 0.302492917 -0.288710475 0.890811265
1833.650527008 6.943090916 -2.557064533 20.475337982 -0.189400986 0.308499873 -0.285672307 0.887325406
1833.900799168 9.177591324 -2.460412979 24.016767502 -0.179976553 0.302278429 -0.273381114 0.895264745
1834.150936000 13.091865540 -1.668506384 30.813720703 -0.191042170 0.284975737 -0.145929798 0.927898824
1834.400311040 13.107378960 -1.734298468 30.707996368 -0.191608533 0.272017449 -0.112611406 0.936275244
1834.651193024 13.140530586 -1.823169708 30.616081238 -0.195249230 0.257909864 -0.069280386 0.943695128
1834.900522976 13.243486404 -1.969144702 30.467674255 -0.200505838 0.235425323 -0.040899314 0.950105071
1835.151957472 13.298074722 -2.175463915 30.315185547 -0.211377025 0.220733836 -0.022933703 0.951877296
1835.400680288 13.195610046 -1.677617073 31.077604294 -0.215540096 0.205367461 -0.002990638 0.954650581
1835.650549696 12.980297089 -1.228942394 31.825523376 -0.221845940 0.191152498 0.016415721 0.956020713
1835.900365568 12.719400406 -0.796840489 32.565315247 -0.227952659 0.178483784 0.033393353 0.956590831
1836.150531072 12.177958488 -0.853657484 32.800449371 -0.230470687 0.178558394 0.003864781 0.956548572
1836.400412256 11.629548073 -0.875024498 33.014068604 -0.230892852 0.180112362 -0.025301619 0.955828369
1836.649824896 11.062543869 -0.801079988 33.272766113 -0.225427583 0.194188893 -0.055643722 0.953088045
1836.900604704 10.473843575 -0.691722214 33.509037018 -0.216843948 0.208928332 -0.090103388 0.949320257
1837.150696128 9.895765305 -0.567850828 33.785900116 -0.212367594 0.228747189 -0.113849767 0.943192959
1837.401069024 9.295269966 -0.537457585 33.958126068 -0.220927238 0.233366296 -0.137327939 0.936948478
1837.648174240 8.854280472 -0.315076739 34.124233246 -0.205206648 0.241879120 -0.160753787 0.934635162
1837.899419456 8.371236801 -0.047266454 34.322792053 -0.185993999 0.264984161 -0.190346047 0.926799893
1838.150255392 7.911659718 0.226002157 34.522647858 -0.167056486 0.288764417 -0.213624001 0.918189526
1838.399311968 7.470416546 0.577088356 34.815540314 -0.149638772 0.319832057 -0.245141372 0.902896106
1838.647692512 24.698642731 -4.601602554 68.365982056 -0.138685450 0.343534589 -0.257417530 0.892460942
1838.899778272 24.270494461 -5.381273270 67.409759521 -0.175458670 0.221050128 -0.221033469 0.933539152
1839.150758176 24.257965088 -6.202408791 66.576049805 -0.205911160 0.094102763 -0.180779114 0.957112372
1839.398378944 24.515779495 -7.015724182 65.923110962 -0.233145446 -0.029961841 -0.142374158 0.961496294
1839.647403808 33.715553284 -15.055931091 62.894424438 -0.279384017 -0.204002470 -0.166661546 0.923337162
1839.898994432 43.907581329 -22.354339600 64.541824341 -0.320699573 -0.378504038 -0.150578246 0.855109751
1840.150571808 53.205024719 -27.985496521 70.617919922 -0.349218667 -0.539163351 -0.127911940 0.755637348
1840.398672064 61.557868958 -34.035423279 81.027290344 -0.362924129 -0.679204524 -0.133689970 0.623774171
1840.646739296 67.955123901 -38.071594238 85.938201904 -0.363082767 -0.747108936 -0.107719973 0.546255648
1840.899748896 73.437843323 -41.170829773 92.037048340 0.361950397 0.805956662 0.082706928 -0.461069763
1841.150414848 77.774024963 -43.217693329 99.032829285 0.355797023 0.855448425 0.056789652 -0.372009873
1841.398250208 77.641609192 -43.131793976 98.907188416 0.359166145 0.854947329 0.056156892 -0.370014995
1841.646323360 77.660514832 -43.162055969 98.883712769 0.358031332 0.855435908 0.056930739 -0.369867325
1841.898861760 77.720977783 -43.150276184 98.863807678 0.358037382 0.855195761 0.055886921 -0.370575398
1842.150526208 77.791198730 -43.157943726 98.854019165 0.356742054 0.855060577 0.057799865 -0.371840924
1842.398899296 77.781967163 -43.205051422 98.837165833 0.353640258 0.855462849 0.060755625 -0.373404175
1842.646883488 77.744506836 -43.228389740 98.808624268 0.351752311 0.855894864 0.061925340 -0.374004751
1842.898541792 77.773292542 -43.241767883 98.811531067 0.352272213 0.855648637 0.061660409 -0.374122590
