1383.516488000 0.000000000 0.000000000 0.000000000 0.000000000 0.000000000 0.000000000 1.000000000
1383.762252608 -0.003920697 0.003410350 -0.005002039 0.001352908 0.000418557 0.000674815 0.999998748
1384.016140384 -0.006199790 -0.003576779 -0.000800407 -0.000540683 -0.000312184 0.002001946 0.999997795
1384.266497920 -0.008908614 -0.015548670 -0.005675079 -0.002866824 0.000227495 0.002295275 0.999993205
1384.515960736 -0.008908614 -0.015548670 -0.005675079 -0.002866824 0.000227495 0.002295275 0.999993205
1384.762343168 -0.006502407 -0.017453205 0.027716694 -0.004921895 -0.001068894 0.003362810 0.999981642
1385.016344096 0.320855826 -0.012485675 0.240666255 -0.007586335 -0.030035513 0.014549046 0.999414146
1385.266383680 0.617986679 -0.009683681 0.471231818 -0.011493968 -0.057272620 0.022108529 0.998047590
1385.517051808 0.848828554 2.107346773 -23.661418915 -0.038113087 -0.053039961 -0.001580030 0.997863531
1385.761908896 -0.372617245 4.126235962 -51.064781189 -0.046095781 -0.026150491 -0.044534758 0.997601092
1386.015945472 -0.372617245 4.126235962 -51.064781189 -0.046095781 -0.026150491 -0.044534758 0.997601092
1386.266368160 -0.351991415 4.109389305 -51.066600800 -0.048664439 -0.026145704 -0.042882785 0.997551620
1386.516361280 -0.269866705 4.341241837 -51.633918762 -0.053600959 -0.025737673 -0.030551236 0.997763097
1386.762057152 -0.169329673 4.551514149 -52.179721832 -0.058370184 -0.025276879 -0.018021045 0.997812212
1387.016706912 0.510182261 4.549949169 -51.215450287 -0.057224527 -0.051226221 -0.029336555 0.996614575
1387.516320480 0.378863931 4.552634239 -51.247634888 -0.066989988 -0.036620218 -0.037785459 0.996365190
1387.762546656 0.322299123 4.658137321 -51.042579651 -0.063678443 -0.025000628 -0.039123099 0.996889889
1388.016377344 1.088041782 4.796107292 -50.498340607 -0.003624692 -0.035442665 -0.081547931 0.996032417
1388.266117088 1.813857317 4.824395180 -49.884727478 0.056416158 -0.042814165 -0.123175956 0.989854455
1388.516391424 2.479759693 4.825393677 -49.368362427 0.118126027 -0.041106127 -0.175458774 0.976509511
1388.761990880 3.144413233 4.574223518 -48.910148621 0.167675301 -0.045868531 -0.221175656 0.959615767
1389.016420960 1.258100271 2.927552700 -46.449928284 0.156541035 -0.033807971 -0.195469290 0.967545152
1389.266328672 1.194593191 2.641096115 -46.410614014 0.131705850 -0.030116851 -0.198615476 0.970720589
1389.516338944 1.165102601 2.357533455 -46.393928528 0.105023541 -0.027738521 -0.200600520 0.973632395
1389.762064896 0.599373460 2.269180059 -44.580249786 0.104956888 -0.020663716 -0.150886387 0.982746303
1390.016086144 0.033303916 2.146745682 -42.736488342 0.105106503 -0.012405428 -0.087828495 0.990497291
1390.266292800 -0.584422827 1.878910065 -40.945182800 0.097864904 0.000065233 -0.026469639 0.994847596
1390.515976640 -0.530193448 1.940280199 -40.509891510 0.101064965 -0.020087361 0.032247987 0.994154155
1390.762507424 4.513179302 6.507579803 -50.701576233 0.126117721 -0.064254597 -0.238057792 0.960881948
1391.016453440 4.163001060 5.979411602 -48.463687897 0.131924659 -0.057943691 -0.250841528 0.957244456
1391.266451488 3.506042957 5.501382828 -46.011196136 0.138798684 -0.051468439 -0.258432567 0.954619586
1391.516244928 2.866576433 4.950476646 -43.642116547 0.140754148 -0.046568576 -0.256254554 0.955171883
1391.762060128 2.796557665 4.937236786 -43.054130554 0.151188284 -0.018791556 -0.248772919 0.956504583
1392.016723520 2.566523552 4.837576389 -42.127960205 0.164071977 -0.025494553 -0.234187782 0.957907379
1392.266640672 2.315474987 4.702315331 -41.252361298 0.174390599 -0.029718794 -0.225901708 0.957952559
1392.516354272 1.577298403 4.815272331 -40.944541931 0.174445570 -0.022610094 -0.205342844 0.962752223
1392.762146592 0.850070000 4.901684284 -40.634681702 0.174657494 -0.015870931 -0.187667653 0.966449022
1393.015873728 0.059641957 4.974433899 -40.315628052 0.174452275 -0.009043077 -0.173254237 0.969261348
1393.266271456 -0.774587095 5.034634590 -40.016010284 0.173241496 0.006757963 -0.159501746 0.971854389
1393.516055712 -1.583011389 5.061553478 -39.696456909 0.171410620 0.018675625 -0.146248430 0.974105239
1393.762766688 -2.399610043 5.074783802 -39.376884460 0.171588197 0.031965315 -0.132277012 0.975724578
1394.016582240 -3.227437019 5.068881035 -39.015346527 0.173772678 0.044600669 -0.115441546 0.976978540
1394.266353472 -4.037799358 5.029343128 -38.649749756 0.175622925 0.056996819 -0.099175237 0.977789462
1394.516218336 -4.878620625 4.907122135 -37.976001740 0.177052110 0.094974466 -0.075720839 0.976677418
1394.761638240 -5.731341362 4.825022697 -37.871318817 0.180268869 0.130732000 -0.010251675 0.974837005
1395.016305056 -6.399847031 4.545025826 -37.702987671 0.174299881 0.144257501 0.072602406 0.971358955
1395.266773440 -4.676268101 2.314651728 -38.214008331 0.185714930 0.165537879 0.104162157 0.962942064
1395.516152032 -3.831330776 -17.681076050 -31.329940796 -0.073608913 0.202911437 0.092277370 0.972056389
1395.762043296 -4.283863544 -17.999752045 -30.908100128 -0.072625607 0.215961277 0.148722067 0.962272286
1396.016451712 -4.283863544 -17.999752045 -30.908100128 -0.072625607 0.215961277 0.148722067 0.962272286
1396.266289600 -4.270491123 -18.008317947 -31.101156235 -0.067278527 0.218532860 0.135606900 0.964016438
1396.515748832 -4.262756824 -18.154699326 -30.984451294 -0.068481870 0.218676120 0.135498255 0.963914514
1396.762109984 -4.237603188 -18.267997742 -30.855091095 -0.070255406 0.220549017 0.136383727 0.963235021
1397.016168704 -4.240969658 -18.402793884 -30.742052078 -0.071366817 0.220880598 0.136481628 0.963063478
1397.266370784 -4.237717152 -18.514476776 -30.452688217 -0.068859503 0.221046299 0.127663776 0.964416325
1397.516214368 -4.318770885 -18.743854523 -30.253925323 -0.078095570 0.222581759 0.116180278 0.964811206
1397.762164352 -4.416273117 -18.986074448 -30.062187195 -0.095338747 0.231447726 0.108003370 0.962121487
1398.016399584 -4.510599136 -18.892488480 -30.315937042 -0.089778624 0.228678823 0.095873445 0.964600503
1398.266375904 -4.596551895 -18.840759277 -30.681735992 -0.085527696 0.226105630 0.083511710 0.966740429
1398.516294752 -4.697371960 -18.623519897 -30.956600189 -0.050034963 0.223780960 0.026945882 0.972981215
1398.762405344 -4.697402954 -18.620647430 -30.959518433 -0.048757631 0.223329678 0.025361987 0.973192334
1399.016251232 -4.697402954 -18.620647430 -30.959518433 -0.048757631 0.223329678 0.025361987 0.973192334
