1326.266449664 0.000000000 0.000000000 0.000000000 0.000000000 0.000000000 0.000000000 1.000000000
1326.515949472 -0.013683076 -0.001159408 0.003376820 -0.001351356 0.001820530 -0.001475556 0.999996305
1326.761952320 -0.011445279 -0.003447616 0.004250570 -0.001458500 0.001087019 -0.003543823 0.999992013
1327.016197760 -0.513871789 -0.149953127 -0.965670586 -0.002312155 0.089085951 -0.015295252 0.995903790
1327.266064576 -1.180783629 -0.264279038 -1.819800615 -0.001178153 0.176770464 -0.023776574 0.983964145
1327.515871520 -1.849342585 -0.269847095 -2.504553795 0.003259563 0.252634227 -0.055351213 0.965971828
1327.761718208 -2.165441513 -0.279458791 -2.723486185 0.005774139 0.290718347 -0.076070637 0.953762412
1328.015908512 -2.063213348 -0.504116774 -2.772325039 -0.015797533 0.281531602 -0.059986494 0.957544744
1328.265983808 -1.949336529 -0.719919324 -2.809910297 -0.036195341 0.272508442 -0.044797957 0.960428119
1328.516533504 -1.989505053 -0.506023288 -2.675577641 0.011703991 0.284448475 -0.021540564 0.958377838
1328.762001728 -2.122923613 -0.367605567 -2.320102453 0.055447493 0.308416009 0.005013481 0.949620962
1329.016249248 -1.936188698 -0.884418130 -3.109948158 0.019907795 0.286709100 0.059088673 0.955986440
1329.266356384 -1.771018028 -0.915829420 -3.431629181 0.019644447 0.277182996 0.072748177 0.957857668
1329.516211936 -1.571022391 -1.097500920 -3.803954124 0.001241236 0.261856437 0.087458856 0.961135089
1329.761829440 -1.390507698 -1.244904518 -4.090993881 -0.012127387 0.248611793 0.106921114 0.962607384
1330.016151072 -1.410485744 -1.234339118 -4.275199890 -0.011182697 0.264467090 0.095926665 0.959546864
1330.266187104 -1.481551409 -1.217808604 -4.441623688 -0.008059176 0.279432923 0.091926493 0.955720603
1330.516237120 -1.552051783 -1.229706764 -4.639577866 -0.007979597 0.295410305 0.081184752 0.951881349
1330.761990176 -1.552051783 -1.229706764 -4.639577866 -0.007979597 0.295410305 0.081184752 0.951881349
1331.016048512 3.000947237 -1.958553553 4.531703949 -0.016523456 0.295741379 0.083293237 0.951486349
1331.265818592 3.084449291 -1.906262517 4.532920361 -0.014137610 0.294689685 0.074409626 0.952586651
1331.516230592 3.182871580 -1.870247602 4.444659233 -0.014556289 0.288540065 0.068057515 0.954935014
1331.761607072 3.182871580 -1.870247602 4.444659233 -0.014556289 0.288540065 0.068057515 0.954935014
1332.015899552 3.182871580 -1.870247602 4.444659233 -0.014556289 0.288540065 0.068057515 0.954935014
1332.266074272 3.155225992 -1.840360522 4.323581696 -0.013880065 0.285359800 0.067644946 0.955929577
1332.515951200 3.121408939 -1.830304027 4.270268440 -0.028439455 0.289334685 0.053967208 0.955282211
1332.761595264 3.063378096 -2.044151783 3.779456615 -0.045804139 0.278577983 0.050716583 0.957979202
1333.015944224 3.036576271 -2.385360241 3.714143038 -0.055669755 0.295533568 0.072470635 0.950951517
1333.266017984 3.020768881 -2.737612009 3.647328854 -0.066136897 0.313114941 0.090700686 0.943057954
1333.516308576 5.712313652 -5.063420296 -0.816751957 -0.192091033 0.158239409 0.106966428 0.962610781
1333.761868960 5.518014908 -8.185845375 -6.142837048 -0.189628497 0.274561256 -0.025223952 0.942348599
1334.015765344 5.518014908 -8.185845375 -6.142837048 -0.189628497 0.274561256 -0.025223952 0.942348599
1334.266130208 5.478429317 -8.233755112 -6.079868793 -0.187626168 0.274719417 -0.026873739 0.942657709
1334.515876192 5.478429317 -8.233755112 -6.079868793 -0.187626168 0.274719417 -0.026873739 0.942657709
1334.761558048 5.482511044 -8.216338158 -6.058923721 -0.187453881 0.274462253 -0.025675744 0.942800224
1335.015902080 5.495746136 -8.211504936 -6.084075451 -0.187516630 0.274542063 -0.025543459 0.942768097
1335.266070848 5.532512188 -7.947687149 -6.343663692 -0.183886245 0.274651259 -0.021975594 0.943540990
1335.516103136 6.934935570 -6.818762302 -12.107646942 -0.173031196 0.258847207 0.025768990 0.949944377
1335.761626304 9.061906815 -5.075341225 -17.254577637 -0.163253009 0.237309694 0.082521781 0.954055905
1336.016323872 10.388286591 -3.556005478 -19.617923737 -0.182622612 0.228626505 0.121889256 0.948431313
1336.266161504 11.620274544 -1.937885523 -22.327074051 -0.201134145 0.219632685 0.163060382 0.940594435
1336.515853664 12.814434052 -0.044971466 -26.172281265 -0.209310740 0.201725617 0.217433602 0.931782365
1336.762076768 13.813801765 1.955639124 -29.735462189 -0.216526270 0.182818770 0.274399698 0.918911576
1337.015865696 5.837087631 8.784378052 -14.034103394 -0.225280792 0.158106387 0.292550504 0.915786624
1337.265708000 5.781983852 8.802092552 -13.947299004 -0.253938317 0.156917691 0.251349658 0.920714676
1337.516128736 6.805952549 4.022472858 -19.054698944 -0.369117379 0.190692142 0.204489872 0.886325419
1337.761979744 7.529196739 -2.034200191 -22.765115738 -0.475944161 0.224723712 0.151026756 0.836760044
1338.016001248 3.141811371 5.182215691 -33.772743225 -0.069903687 0.316308022 0.054652117 0.944497705
1338.266085056 2.875384331 18.223182678 -36.163578033 0.335348964 0.352323234 -0.039623994 0.872834086
1338.515828928 2.613108158 24.648639679 -39.077873230 0.366311222 0.347951144 -0.064397357 0.860580683
1338.762001568 2.728736401 31.067897797 -41.602092743 0.397271007 0.341323704 -0.086390100 0.847473085
1339.016096832 1.095490694 35.597309113 -44.467720032 0.362051874 0.410506219 -0.137363985 0.825550854
1339.266096512 -0.900663853 39.838237762 -47.196865082 0.324308068 0.473607808 -0.187451154 0.797108531
1339.515978208 -6.020066738 47.023925781 -49.211326599 0.283890516 0.614513397 -0.264866650 0.686749697
1339.762103360 -11.207155228 54.220962524 -49.145629883 0.231654376 0.731376648 -0.329423636 0.550367534
1340.016193056 -15.977873802 61.851146698 -47.023910522 0.170875788 0.821863949 -0.377410918 0.391027093
1340.266138048 -19.312767029 69.494400024 -43.342727661 0.104640007 0.879057765 -0.410107315 0.219362587
