2364.898185952 0.000000000 0.000000000 0.000000000 0.000000000 0.000000000 0.000000000 1.000000000
2365.150806976 -0.002901767 -0.001593449 0.001441534 -0.000722394 0.000236871 -0.001999461 0.999997735
2365.397843872 -0.002901767 -0.001593449 0.001441534 -0.000722394 0.000236871 -0.001999461 0.999997735
2365.646139872 -0.004692886 0.003257516 0.092472233 -0.001788334 0.005666787 -0.003881258 0.999974787
2365.897669856 -0.002977240 0.000567382 0.172297969 -0.003542750 0.011314475 -0.003228403 0.999924541
2366.150401568 0.013054383 -0.016258731 0.271549672 -0.004298599 0.012222421 -0.011292047 0.999852300
2366.397837088 -0.112216696 -0.026232421 0.471031904 -0.015045538 0.044687923 -0.026071690 0.998547375
2366.646651808 -0.229269534 -0.020556673 0.671226382 -0.022824537 0.077288449 -0.039480343 0.995965302
2366.898270144 -0.338265032 -0.022967111 0.864644110 -0.031496339 0.111017071 -0.052408319 0.991935730
2367.150669952 -0.451444209 -0.090769440 1.104323626 -0.054973975 0.152581558 -0.063104384 0.984740853
2367.398160480 -0.548147798 -0.138468191 1.353377819 -0.076545492 0.195806265 -0.072298989 0.974973619
2367.646743328 -0.548147798 -0.138468191 1.353377819 -0.076545492 0.195806265 -0.072298989 0.974973619
2367.898706816 -0.523823142 -0.154674649 1.360907197 -0.075759448 0.193154410 -0.073450930 0.975477755
2368.150763328 -0.522451818 -0.175842792 1.362877607 -0.073618248 0.193748116 -0.068918370 0.975854635
2368.401319200 -0.517650187 -0.236294508 1.464502335 -0.119783163 0.198326066 -0.097089462 0.967932045
2368.650174752 -0.059201092 -0.014285475 1.633414626 -0.094039842 0.168340132 -0.114281595 0.974555194
2368.901130784 0.401379049 0.173008829 1.865633488 -0.069187589 0.139509931 -0.130117863 0.979193211
2369.150711552 0.858889103 0.292908967 2.122920990 -0.049599897 0.107250161 -0.143241152 0.982608378
2369.401068160 -0.934051633 1.784564734 0.368166208 0.019503854 0.199079141 -0.164986461 0.965798378
2369.651093184 -2.023057461 1.512645960 -0.421130836 0.024114510 0.195974678 -0.082132138 0.976865768
2369.900300096 -4.073850632 1.920580983 -5.374534607 0.018538738 0.184071288 -0.059187245 0.980954111
2370.150544064 -5.937719822 2.261036873 -9.311664581 0.013875873 0.176491678 -0.083843097 0.980626583
2370.400595104 -5.575523376 2.305470943 -7.794714928 0.013167829 0.186241165 -0.098821111 0.977432966
2370.650569504 -5.793919086 2.037088633 -7.653297901 -0.006967682 0.194473475 -0.111338049 0.974543631
2370.900350880 -3.277086735 0.392074347 2.097350597 -0.031512488 0.213788122 -0.150010780 0.964778900
2371.150846176 -3.062937021 0.389700890 2.407047987 -0.058876339 0.203178570 -0.164104104 0.963494599
2371.401332864 -3.607669592 0.098875105 1.987663984 -0.100705795 0.202293187 -0.141435981 0.963810980
2371.650230144 -3.804070711 0.182148561 2.009043694 -0.108311325 0.200918987 -0.178116694 0.957170129
2371.900639744 -3.283835649 0.434612095 2.599964857 -0.082648568 0.153498456 -0.162972242 0.971106350
2372.150534496 -3.808909893 2.511660814 5.869599342 -0.500401914 0.030887129 0.832770467 0.234813198
2372.400700800 -3.980818510 2.629303455 5.648754597 -0.453165650 0.025649777 0.859816432 0.233877659
2372.650757184 -4.196798801 2.759787798 5.442201614 -0.399935216 0.020180725 0.887141407 0.229400694
2372.900170016 -4.230593204 2.795674562 5.135016441 -0.365469396 0.033099722 0.886465311 0.281985402
2373.150466880 -4.230593204 2.795674562 5.135016441 -0.365469396 0.033099722 0.886465311 0.281985402
2373.401274272 -5.783550739 -0.490261793 -61.865859985 -0.368734926 0.009105498 0.890495777 0.266400039
2373.650563232 -8.070182800 -6.167950630 -76.282752991 -0.360664636 0.028303346 0.901984274 0.235678494
2373.900418464 -10.382183075 -12.486587524 -90.458618164 -0.354098827 0.039965507 0.911507010 0.205357790
2374.150253152 -12.274677277 -20.676479340 -106.303283691 -0.345177621 0.040346380 0.929055989 0.126805350
2374.400571264 -12.695024490 -29.478204727 -122.165946960 -0.336524725 0.018836481 0.941217124 0.022507887
2374.650636640 -12.695024490 -29.478204727 -122.165946960 -0.336524725 0.018836481 0.941217124 0.022507887
2374.900741120 -12.738523483 -29.419099808 -122.169548035 -0.324822247 0.002040718 0.945535779 0.021174774
2375.150497728 -12.695777893 -29.374908447 -122.096183777 -0.339460820 -0.014847426 0.940145314 0.025937669
2375.400886784 -12.595969200 -29.409761429 -122.046234131 -0.366385221 -0.006827534 0.929173172 0.048502270
2375.650319296 -12.495244980 -29.439619064 -121.999603271 -0.391602129 0.001027232 0.917589903 0.068377264
2375.900222240 -12.388028145 -29.470306396 -121.953689575 -0.416647673 0.008661797 0.904621124 0.089388527
2376.150426016 -12.257122040 -29.487897873 -121.904693604 -0.445036590 0.018722894 0.889896214 0.098369777
2376.401250848 -14.172785759 -29.021575928 -121.451759338 -0.454972744 0.008594112 0.888811529 0.054221824
2376.649078528 -20.854030609 -34.215412140 -123.414695740 -0.425428271 0.042049926 0.903428674 0.032546371
2376.900720512 -21.049171448 -34.125339508 -123.397438049 -0.410907120 0.033622455 0.910932779 0.015045261
2377.150315072 1.553083420 -43.923847198 -143.343109131 -0.418843240 0.003849756 0.907799602 0.021339381
2377.400531808 24.535976410 -52.272762299 -162.549407959 -0.429103374 -0.023513213 0.902594984 0.025291245
2377.647895136 47.767498016 -59.024616241 -180.636337280 -0.446973890 -0.057108033 0.891830206 0.039899059
2377.900486592 71.831649780 -64.351562500 -198.728393555 -0.459715247 -0.099467576 0.880032599 0.065655857
2378.150829760 93.005332947 -69.028678894 -214.436752319 -0.469071209 -0.129093722 0.868509650 0.094858073
2378.400839744 113.162536621 -73.917984009 -226.994659424 -0.501500010 -0.134955779 0.847465158 0.109942861
2378.647261984 133.516128540 -79.172088623 -237.780914307 -0.533050954 -0.140163913 0.824649334 0.127138510
2378.900185760 149.382766724 -84.544517517 -243.558074951 -0.564917445 -0.152493283 0.790469944 0.181028515
2379.151071680 160.654724121 -88.014648438 -247.677459717 -0.572486103 -0.142486751 0.794513524 0.143893942
