3052.355231456 0.000000000 0.000000000 0.000000000 0.000000000 0.000000000 0.000000000 1.000000000
3052.604798624 -0.019097887 0.032912735 -0.004248816 0.011330387 -0.000649596 -0.010540713 0.999880016
3052.855010208 -0.056811746 0.048761792 0.015458027 0.017904216 0.001391456 -0.022466296 0.999586284
3053.105141696 -0.103784986 0.076422110 0.012362441 0.030754363 0.008143579 -0.036076363 0.998842478
3053.355211232 -0.150105536 0.108995765 0.002592404 0.044593025 0.015853457 -0.048870113 0.997683227
3053.605180192 -0.200809449 0.145694852 -0.010488337 0.059681538 0.024926404 -0.062541105 0.995944500
3053.855141376 -0.270192385 0.199066341 -0.049168553 0.079995878 0.041291937 -0.072939970 0.993264973
3054.105162944 -0.363770485 0.178291216 -0.115392536 0.081845574 0.066639669 -0.086608864 0.990635812
3054.354897920 -0.493597567 0.164037019 -0.206606477 0.085323259 0.101273835 -0.099247329 0.986211717
3054.605205440 -0.506248951 0.139883146 -0.234441325 0.087573744 0.104829401 -0.101183861 0.985445857
3054.855113504 -0.617236197 0.120951347 -0.286001891 0.089069314 0.126810193 -0.104413711 0.982386708
3055.105060576 -0.678420067 -0.029847793 -0.337104261 0.060110003 0.134248361 -0.113478906 0.982591808
3055.355615552 -0.824983418 -0.058374632 -0.381144524 0.059468329 0.163570166 -0.115941145 0.977888525
3055.604866208 -0.856331348 -0.070060030 -0.159685314 0.055486951 0.208183631 -0.127727285 0.968125224
3055.855183776 -0.803177416 -0.085349463 0.090242177 0.066235431 0.245295167 -0.127863362 0.958693981
3056.105650656 -0.737094104 -0.115010783 0.361190647 0.072338894 0.282944620 -0.129272506 0.947627604
3056.354913664 -0.623635113 -0.212316930 0.562724650 0.064284407 0.309536099 -0.125342861 0.940395713
3056.605466304 -0.596743762 -0.293920457 0.750169098 0.058969539 0.337312192 -0.115417920 0.932427883
3056.855678848 -0.559263349 -0.362194359 0.950991929 0.064310737 0.366561800 -0.101829879 0.922565579
3057.105427552 -0.046992183 -0.535304546 0.742877662 0.054888036 0.334269732 -0.088300966 0.936725140
3057.354739456 0.348570049 -0.700123072 1.271901131 0.063162468 0.324477047 -0.078336172 0.940525711
3057.605289568 0.574685514 -1.000505686 1.901885033 0.058758888 0.332148641 -0.066214539 0.939063489
3057.855137536 0.765743554 -1.288124204 2.339075565 0.052601971 0.352793247 -0.064723991 0.931976795
3058.105290560 0.994740665 -1.602267981 2.760340929 0.038174558 0.371802568 -0.063954644 0.925319076
3058.355408960 1.635937929 -1.947070599 2.933729887 0.018246511 0.353685856 -0.076430246 0.932057858
3058.604820864 2.169680595 -2.234645367 3.165809870 0.000913504 0.336611688 -0.089816414 0.937349856
3058.855189248 2.709882259 -2.531920195 3.398413658 -0.008530019 0.312765688 -0.095235169 0.945005357
3059.105650752 3.032042980 -2.748189688 3.588546038 -0.015037142 0.292264700 -0.100252055 0.950949371
3059.355146944 3.349730253 -2.864364862 3.830296278 -0.023824044 0.271880776 -0.105000101 0.956288755
3059.605168416 3.536410809 -2.938774586 4.026175976 -0.034072775 0.248611882 -0.113282830 0.961352289
3059.855276512 3.700474262 -2.896268368 4.284557343 -0.022752561 0.229395896 -0.127150804 0.964724064
3060.105187776 3.749292612 -2.799137115 4.630024433 0.001444963 0.225765020 -0.138647497 0.964263916
3060.354838496 1.840830564 -4.816314697 5.525012016 -0.131842464 0.333990455 0.040371545 0.932436645
3060.605301984 1.789286256 -5.815722466 6.457224846 -0.221107528 0.387429088 0.149301603 0.882450700
3060.855004224 1.789286256 -5.815722466 6.457224846 -0.221107528 0.387429088 0.149301603 0.882450700
3061.105496928 1.595979810 -5.736185551 6.686152935 -0.218961284 0.422722518 0.152252644 0.866129756
3061.355148832 1.236602783 -5.821971893 7.085872173 -0.212823406 0.467209190 0.082180232 0.854206204
3061.855197920 1.236602783 -5.821971893 7.085872173 -0.212823406 0.467209190 0.082180232 0.854206204
3062.105413280 1.236602783 -5.821971893 7.085872173 -0.212823406 0.467209190 0.082180232 0.854206204
3062.355155296 1.236602783 -5.821971893 7.085872173 -0.212823406 0.467209190 0.082180232 0.854206204
3062.605229376 1.236602783 -5.821971893 7.085872173 -0.212823406 0.467209190 0.082180232 0.854206204
3062.855541696 1.236602783 -5.821971893 7.085872173 -0.212823406 0.467209190 0.082180232 0.854206204
3063.105778848 -1.564807415 -7.050722599 -6.016623974 -0.153132319 0.463964105 0.010088080 0.872459769
3063.355019904 -1.564807415 -7.050722599 -6.016623974 -0.153132319 0.463964105 0.010088080 0.872459769
3063.605157344 -1.564807415 -7.050722599 -6.016623974 -0.153132319 0.463964105 0.010088080 0.872459769
3063.855590144 -1.564807415 -7.050722599 -6.016623974 -0.153132319 0.463964105 0.010088080 0.872459769
3064.105594560 -1.564807415 -7.050722599 -6.016623974 -0.153132319 0.463964105 0.010088080 0.872459769
3064.355240992 -1.564807415 -7.050722599 -6.016623974 -0.153132319 0.463964105 0.010088080 0.872459769
3064.605394688 -2.401386738 -7.343630791 -4.376875401 -0.140119344 0.664419651 0.050182786 0.732389748
3064.855319872 -2.268265009 -7.704042435 -2.577895164 -0.123980701 0.824969709 0.100798741 0.542119384
3065.105390784 -1.281259775 -8.083598137 -1.139669061 -0.088719875 0.930985153 0.149053425 0.321214169
3065.355087296 0.214306355 -8.530735970 -0.405335844 -0.041306466 0.976751149 0.191625744 0.086778484
3065.605628320 1.924661517 -8.870500565 -0.022986352 -0.053086020 0.971801639 0.195784464 -0.120216213
3065.855644416 3.460566759 -9.216242790 -0.170945883 -0.036834244 0.936813831 0.203699231 -0.282010168
3066.105269344 4.873108387 -9.387748718 -0.850802779 -0.031680349 0.873745859 0.188993260 -0.447041452
3066.355122176 5.518098354 -9.405452728 -1.646862030 0.049761761 -0.807324290 -0.207050264 0.550346494
