3265.352798080 0.000000000 0.000000000 0.000000000 0.000000000 0.000000000 0.000000000 1.000000000
3265.602712320 -0.357331514 0.096197940 0.444223702 -0.000889939 0.017569080 -0.000434584 0.999845147
3265.853140000 -0.752179265 0.177372083 2.222205400 -0.002194518 0.009434133 -0.005050868 0.999940336
3266.102472448 -0.859861314 0.262827605 2.306326628 0.023149852 0.037202381 -0.014877253 0.998928785
3266.352536032 -1.161423683 0.234921947 2.794744492 0.001304996 0.083155558 -0.017700128 0.996378541
3266.602691328 -1.375614047 0.263522208 3.302916527 -0.002411065 0.127092972 0.003128655 0.991882920
3266.852687424 -1.272935152 0.292177588 3.838339567 -0.009404547 0.123005882 0.031441521 0.991863191
3267.102989248 -1.222930193 0.520220637 4.749852180 0.021413947 0.126821786 0.051600978 0.990350962
3267.353715200 -0.865518212 0.560491562 5.739917755 0.055905227 0.075850256 0.038095329 0.994821608
3267.604117536 -1.060462475 0.324031234 6.822825432 0.053853799 0.068074338 0.069525950 0.993796647
3267.854320448 -1.166939855 -0.330618024 7.985860825 -0.007631969 0.040776812 0.137157276 0.989680231
3268.104485312 -1.258445382 -0.485775769 8.661141396 0.018315071 0.041682340 0.126173228 0.990962863
3268.354556352 -1.364195585 -0.789651394 9.270752907 0.005050844 0.044765167 0.124200732 0.991233945
3268.604617056 -1.523536086 -1.136337757 9.950995445 -0.009631729 0.052388553 0.117791638 0.991608679
3268.854765600 -1.703634620 -1.441651821 10.659428596 -0.024578532 0.061235953 0.120861202 0.990473926
3269.104986272 -1.910278797 -1.741184235 11.359629631 -0.041653361 0.072229527 0.126947954 0.988398731
3269.354715680 -2.108446836 -2.012075424 12.061460495 -0.057352353 0.085292988 0.132092789 0.985894144
3269.604918624 -2.262730122 -2.279215813 12.747245789 -0.078908183 0.094860613 0.136603206 0.982911229
3269.855207008 -2.402633667 -2.516665936 13.438441277 -0.099945143 0.105347410 0.143482968 0.978941023
3270.105132448 -2.583832264 -2.665526152 14.228695869 -0.116537936 0.121341407 0.144900456 0.975037992
3270.354953056 -2.780430079 -2.754224539 15.073805809 -0.130823284 0.138940319 0.148788020 0.970279813
3270.604828384 -3.058430433 -2.705993414 15.584773064 -0.129228055 0.155875608 0.148614541 0.967944503
3270.855031200 -3.235780478 -2.688428164 16.010093689 -0.135625422 0.162807912 0.146090344 0.966310978
3271.105212672 -2.724312067 -3.390728235 16.009943008 -0.157196164 0.084935032 0.246747956 0.952465653
3271.355229472 -2.724312067 -3.390728235 16.009943008 -0.157196164 0.084935032 0.246747956 0.952465653
3271.605741984 -2.477274418 -3.458881140 15.581010818 -0.156676665 0.085398518 0.254849315 0.950374305
3271.855258944 -2.162185669 -3.302960157 15.121477127 -0.167033330 0.079736345 0.293813944 0.937771499
3272.105175200 -2.162185669 -3.302960157 15.121477127 -0.167033330 0.079736345 0.293813944 0.937771499
3272.355252960 -2.162185669 -3.302960157 15.121477127 -0.167033330 0.079736345 0.293813944 0.937771499
3272.605195040 -2.162185669 -3.302960157 15.121477127 -0.167033330 0.079736345 0.293813944 0.937771499
3272.855110912 1.612272739 -1.841823578 4.962902069 -0.171868637 0.110899903 0.318073720 0.925738335
3273.105126432 1.612272739 -1.841823578 4.962902069 -0.171868637 0.110899903 0.318073720 0.925738335
3273.355298208 1.736587763 0.718794346 -4.277709961 -0.179226875 0.128031418 0.390156776 0.894015253
3273.605051872 0.755912781 4.023202896 -15.860696793 -0.187038377 0.133992091 0.481855929 0.845504344
3273.855153504 -1.006897211 6.503340244 -26.939727783 -0.206710920 0.102469355 0.609040916 0.758841157
3274.105100928 5.950160980 13.517789841 -59.229618073 -0.277738184 -0.011782045 0.752674282 0.596828282
3274.355173536 15.645868301 24.734741211 -94.333976746 -0.332034320 -0.113240644 0.834461212 0.424975514
3274.605223840 24.818954468 38.857902527 -121.139030457 -0.366670907 -0.207208320 0.863243043 0.278259993
3274.855448416 33.649444580 53.997093201 -146.166763306 -0.388351828 -0.261858135 0.861849368 0.194496423
3275.105198400 42.101509094 70.974517822 -169.606674194 -0.405743331 -0.313603461 0.851415098 0.110079616
3275.355552800 49.603206635 89.849845886 -191.500442505 -0.419638127 -0.363404065 0.831513822 0.020644244
3275.605181376 55.561576843 109.657989502 -211.600082397 -0.430267453 -0.407100528 0.802194059 -0.074991480
3275.855216128 59.823291779 130.562133789 -230.572906494 -0.435963124 -0.445639372 0.763227403 -0.169780865
3276.105225632 61.726581573 151.719772339 -248.574432373 -0.434455633 -0.478736699 0.716444552 -0.262233943
3276.355436576 61.363239288 172.587890625 -265.989776611 -0.423618227 -0.505837917 0.664553881 -0.350775927
3276.604870304 60.274486542 188.142013550 -278.406982422 -0.416082531 -0.527701735 0.637317002 -0.377138078
3276.855102240 58.401245117 203.979827881 -290.248748779 -0.414021313 -0.546483934 0.605611920 -0.403950363
3277.105447424 56.366962433 218.666931152 -300.994964600 -0.416900486 -0.554205000 0.578321815 -0.429644823
3277.355353344 54.691661835 232.724288940 -311.758697510 -0.425506026 -0.542074263 0.559069693 -0.461021990
3277.605417824 53.273555756 246.126068115 -322.554107666 -0.429145336 -0.527340591 0.543340564 -0.492470473
3277.854709536 51.895687103 258.603149414 -333.076385498 0.427590430 0.518283427 -0.529795408 0.517557263
3278.105183616 50.467796326 270.645538330 -343.539581299 0.426327884 0.511675417 -0.513684094 0.540889442
