1498.016242784 0.000000000 0.000000000 0.000000000 0.000000000 0.000000000 0.000000000 1.000000000
1498.516127488 0.000000000 0.000000000 0.000000000 0.000000000 0.000000000 0.000000000 1.000000000
1498.761727968 0.647453606 -0.796238005 1.495330334 -0.005307630 -0.036983512 -0.026221359 0.998957694
1499.016890208 0.647453606 -0.796238005 1.495330334 -0.005307630 -0.036983512 -0.026221359 0.998957694
1499.516571840 0.647453606 -0.796238005 1.495330334 -0.005307630 -0.036983512 -0.026221359 0.998957694
1499.762051424 0.647453606 -0.796238005 1.495330334 -0.005307630 -0.036983512 -0.026221359 0.998957694
1500.016247072 -2.120596886 -1.689722538 5.152289867 0.007610601 -0.060146172 -0.031247767 0.997671366
1500.266283328 -2.120596886 -1.689722538 5.152289867 0.007610601 -0.060146172 -0.031247767 0.997671366
1500.516056384 -4.332839012 -1.314961553 25.128183365 0.006109219 -0.085257538 -0.029191574 0.995912492
1500.762793280 -4.332839012 -1.314961553 25.128183365 0.006109219 -0.085257538 -0.029191574 0.995912492
1501.016730208 -3.744835377 -1.399688601 25.147838593 -0.000898350 -0.150485367 -0.022789581 0.988349140
1501.266703424 -3.615905523 -2.026850700 22.871156693 -0.075464480 -0.082229987 -0.031827427 0.993242323
1501.516308384 -13.571098328 27.422786713 -93.531066895 -0.020330023 0.142408982 -0.748910904 0.646868527
1501.762006016 1.909157753 65.571662903 -179.026702881 -0.114158444 -0.176550791 0.840567231 -0.499243826
1502.016866944 1.909157753 65.571662903 -179.026702881 -0.114158444 -0.176550791 0.840567231 -0.499243826
1502.266508032 1.499990940 66.010551453 -181.574249268 0.113904193 0.177292317 -0.839981198 0.500024915
1502.516290304 1.320478082 70.529029846 -190.553176880 0.115253940 0.180119857 -0.839130223 0.500134408
1502.761984064 34.978603363 80.486862183 -201.083465576 -0.181748211 -0.161528677 0.859363854 -0.449855357
1503.015867264 34.978603363 80.486862183 -201.083465576 -0.181748211 -0.161528677 0.859363854 -0.449855357
1503.266276064 34.994445801 80.648643494 -201.290420532 -0.183236331 -0.161004990 0.851966023 -0.463309556
1503.516397376 34.976467133 80.882659912 -201.648147583 -0.183468580 -0.163555816 0.847236037 -0.470935136
1503.761752032 61.685729980 179.633300781 -332.292907715 0.184438616 0.340652704 -0.765945375 0.513094306
1504.016309184 66.072029114 175.030197144 -324.120910645 0.195772827 0.397682518 -0.699244201 0.560873568
1504.266930880 66.072029114 175.030197144 -324.120910645 0.195772827 0.397682518 -0.699244201 0.560873568
1504.516578720 66.099700928 175.038391113 -324.085632324 0.200375050 0.397466004 -0.699691296 0.558840394
1504.762153504 66.057540894 175.046249390 -324.081024170 0.199265882 0.404548556 -0.685231388 0.571919084
1505.016256416 66.028656006 175.041793823 -324.069335938 0.198237702 0.408332288 -0.672579229 0.584468603
1505.516943040 66.028656006 175.041793823 -324.069335938 0.198237702 0.408332288 -0.672579229 0.584468603
1505.762027584 66.028656006 175.041793823 -324.069335938 0.198237702 0.408332288 -0.672579229 0.584468603
1506.016403136 66.028656006 175.041793823 -324.069335938 0.198237702 0.408332288 -0.672579229 0.584468603
1506.266368096 66.028656006 175.041793823 -324.069335938 0.198237702 0.408332288 -0.672579229 0.584468603
1506.516383648 66.028656006 175.041793823 -324.069335938 0.198237702 0.408332288 -0.672579229 0.584468603
1506.762075648 66.028656006 175.041793823 -324.069335938 0.198237702 0.408332288 -0.672579229 0.584468603
1507.016530400 66.036979675 175.047683716 -324.064025879 0.201873004 0.408044636 -0.672042727 0.584042370
1507.266182880 66.036979675 175.047683716 -324.064025879 0.201873004 0.408044636 -0.672042727 0.584042370
1507.516921408 66.036979675 175.047683716 -324.064025879 0.201873004 0.408044636 -0.672042727 0.584042370
1507.761765344 66.036979675 175.047683716 -324.064025879 0.201873004 0.408044636 -0.672042727 0.584042370
1508.016503904 66.037292480 175.046524048 -324.064453125 0.201812014 0.408071905 -0.672070682 0.584012330
1508.266311168 66.037292480 175.046524048 -324.064453125 0.201812014 0.408071905 -0.672070682 0.584012330
1508.516289664 69.189193726 173.421096802 -314.344604492 0.204302862 0.405971050 -0.673572481 0.582879007
1508.761991072 93.944381714 241.899658203 -393.362243652 0.209954441 0.392618060 -0.680039704 0.582508504
1509.016246784 93.944381714 241.899658203 -393.362243652 0.209954441 0.392618060 -0.680039704 0.582508504
1509.267098272 93.944381714 241.899658203 -393.362243652 0.209954441 0.392618060 -0.680039704 0.582508504
1509.516753600 93.885055542 241.822525024 -392.973388672 0.212409437 0.391329199 -0.684709072 0.576989710
1509.762407616 93.885055542 241.822525024 -392.973388672 0.212409437 0.391329199 -0.684709072 0.576989710
