1827.397512800 0.000000000 0.000000000 0.000000000 0.000000000 0.000000000 0.000000000 1.000000000
1827.646371968 -0.003206331 -0.000812195 0.001098127 -0.000502154 0.000264852 -0.002129800 0.999997556
1827.897372128 0.000385721 -0.000180763 0.130956814 -0.004093324 0.023653571 -0.005357810 0.999697447
1828.150601120 0.169919267 -0.050986178 0.333506584 -0.019493395 0.012342415 0.007065595 0.999708831
1828.397068320 0.323375434 -0.066018268 0.520644784 -0.022534115 0.001374026 0.009360541 0.999701321
1828.646302496 0.312740773 -0.082041658 0.702684164 -0.022057824 0.030109413 -0.020320533 0.999096572
1828.897246912 0.374250144 -0.051516622 0.905161440 -0.010682937 0.042549305 -0.032989796 0.998492420
1829.150095232 0.365440369 -0.073108293 1.071535587 -0.015488383 0.081195466 -0.038604505 0.995829821
1829.397596256 0.354440063 -0.087702498 1.225253940 -0.014010823 0.121617354 -0.042816196 0.991554201
1829.646321440 0.359006584 -0.107809387 1.377328873 -0.012703774 0.162566170 -0.046432748 0.985522628
1829.896983040 0.507000148 0.098596565 1.361124516 0.086737975 0.155708939 -0.034027290 0.983398914
1830.149492320 0.683915913 0.308209479 1.377274513 0.187785104 0.141318873 -0.021253064 0.971758187
1830.396991872 0.788705826 0.134359449 1.434005260 0.185905486 0.144957155 -0.013047219 0.971728504
1830.646376224 0.971382976 -0.076593727 1.387145042 0.176187530 0.132343441 -0.007592353 0.975389898
1830.900207488 0.785783648 -0.554896772 2.211455822 0.205874473 0.127191842 -0.012782576 0.970193028
1831.150798560 0.416012555 -1.214396477 2.828286648 0.192385629 0.134462416 0.009977013 0.972012401
1831.400835872 0.121721655 -1.946544886 3.337990046 0.157128409 0.137911052 0.019337084 0.977710187
1831.651026560 -0.220215589 -2.634762287 3.999385834 0.130365670 0.156783685 0.015576475 0.978867233
1831.900286592 -0.488466591 -3.236555576 4.697811127 0.107441880 0.167773470 0.018449994 0.979779541
1832.150336096 -0.736147165 -3.812396049 5.446347237 0.084802017 0.180280015 0.022220444 0.979700983
1832.401239936 -0.963192523 -4.376264095 6.210364819 0.059441820 0.190725923 0.031316597 0.979341388
1832.652046624 -1.240722418 -4.865756512 7.231852055 0.049480330 0.208653241 0.052102406 0.975346506
1832.900464800 -1.408680916 -5.365318298 8.184746742 0.032009151 0.225862309 0.079702802 0.970365465
1833.150846784 -1.513284445 -5.873980522 9.163292885 0.014417063 0.242129281 0.105837084 0.964346468
1833.400274976 -1.587783575 -6.324149132 10.137841225 -0.000729894 0.262053192 0.125289187 0.956885695
1833.650527008 -1.724443436 -6.769837856 10.883106232 -0.016829118 0.283656418 0.148794591 0.947162092
1833.900799168 -1.889470458 -7.084202290 11.660595894 -0.031592928 0.305268139 0.169554859 0.936517179
1834.150936000 -2.017855883 -7.401281357 12.429574966 -0.045977715 0.325291246 0.190824226 0.925017715
1834.400311040 -2.067711830 -7.666388512 13.236549377 -0.053865656 0.339508474 0.230291083 0.910383701
1834.651193024 -2.101570129 -7.947227001 13.967166901 -0.059920006 0.352950901 0.266196877 0.894971728
1834.900522976 -2.117512465 -8.248503685 14.666670799 -0.067861177 0.367704540 0.300502598 0.877431750
1835.151957472 -2.082114697 -8.565471649 15.395703316 -0.080233820 0.383456707 0.330221146 0.858765066
1835.400680288 -2.038440228 -8.919609070 16.110162735 -0.092243411 0.397273183 0.358673960 0.839653611
1835.650549696 -1.942969441 -9.253684044 16.826807022 -0.102739401 0.408086807 0.382979661 0.822335899
1835.900365568 -1.806039333 -9.564929962 17.552968979 -0.112230241 0.418913156 0.406477809 0.804171562
1836.150531072 37.408927917 8.154243469 117.038246155 -0.123711690 0.481147736 0.419517070 0.759735286
1836.400412256 37.250869751 8.364186287 116.779014587 -0.042699825 0.439909995 0.405157328 0.800314605
1836.649824896 37.058891296 8.507654190 116.655143738 0.039352123 0.398025542 0.381817997 0.833211899
1836.900604704 36.908592224 8.711111069 116.518310547 0.122597858 0.345589966 0.355824620 0.859608173
1837.150696128 36.695037842 8.711020470 116.404518127 0.166869804 0.321157098 0.346615762 0.865372837
1837.401069024 36.487194061 8.752340317 116.291870117 0.213101834 0.294860244 0.337883979 0.868031979
1837.648174240 36.287048340 8.799471855 116.171165466 0.254414678 0.268033087 0.329601705 0.868788898
1837.899419456 36.080997467 8.875047684 116.050506592 0.296676010 0.241981581 0.320838124 0.866308928
1838.150255392 35.851261139 8.961826324 115.939323425 0.338403285 0.223835066 0.309277028 0.860074878
1838.399311968 35.620643616 9.074748039 115.827415466 0.379338205 0.204140484 0.297652960 0.851957679
1838.647692512 35.391597748 9.206210136 115.710044861 0.417640418 0.184613511 0.282992184 0.843451083
1838.899778272 35.181381226 9.383386612 115.615562439 0.459430456 0.162680387 0.264076024 0.832299590
1839.150758176 35.013183594 9.576349258 115.558731079 0.500919998 0.137479782 0.245419025 0.818503499
1839.398378944 34.868900299 9.780401230 115.532554626 0.542302012 0.111646578 0.225758106 0.801546514
1839.647403808 34.751258850 9.992376328 115.538558960 0.583050430 0.083405532 0.204588622 0.781817973
1839.898994432 34.655334473 10.213180542 115.550712585 0.620407283 0.051669277 0.182737142 0.760941684
1840.150571808 34.443786621 9.757043839 115.822608948 0.622483432 0.092760429 0.157838687 0.760918438
1840.398672064 34.241405487 9.313809395 116.101577759 0.624282658 0.132161990 0.140391245 0.757030189
1840.646739296 34.092594147 9.026183128 116.285011292 0.628432751 0.158227101 0.138289452 0.748940945
1840.899748896 33.980659485 8.733283043 116.463989258 0.633551955 0.180904806 0.132441863 0.740502894
1841.150414848 34.276977539 8.295612335 116.599319458 0.635246992 0.186301142 0.132124200 0.737764359
1841.398250208 34.588169098 7.903389454 116.706779480 0.635607302 0.183698162 0.129890308 0.738503098
1841.646323360 34.512901306 7.990156651 116.657936096 0.635555148 0.181104138 0.131527334 0.738898873
1841.898861760 34.520156860 7.966796875 116.658699036 0.636165082 0.181225926 0.131563127 0.738337517
1842.150526208 34.533519745 7.937616825 116.662368774 0.635091186 0.181239009 0.131969139 0.739185750
1842.398899296 34.542411804 7.911993027 116.664825439 0.634092987 0.183002770 0.131577924 0.739677906
