3222.605233376 0.000000000 0.000000000 0.000000000 0.000000000 0.000000000 0.000000000 1.000000000
3222.854912608 -0.001572024 -0.001196743 0.000738639 -0.000548890 -0.000010835 -0.002123991 0.999997556
3223.105248672 -0.000726282 -0.001778848 0.008458398 0.000858255 -0.000080089 -0.000466904 0.999999523
3223.355147232 0.008732093 0.002549044 0.282893002 0.017213427 -0.001053696 -0.006405103 0.999830782
3223.605512448 -0.000276480 0.003748755 0.756396174 0.014908932 -0.012645292 -0.013691987 0.999715149
3223.855659328 -0.022086643 0.007404578 1.238059878 0.013286667 -0.024720529 -0.020710144 0.999391496
3224.106162368 -0.035634272 -0.056190796 1.858666182 -0.001813253 -0.047082685 -0.009260882 0.998846412
3224.355098496 -0.086972639 -0.087927677 2.458528996 -0.013616043 -0.063968711 -0.006193423 0.997839808
3224.605120768 -0.153926432 -0.068635613 3.106554747 -0.018230340 -0.075256869 0.000330031 0.996997416
3224.854908544 -0.274461865 0.010667399 3.744925261 -0.005643758 -0.072752193 -0.010573928 0.997278035
3225.104944960 -0.445238233 0.028888579 4.361083984 -0.009508016 -0.043354422 -0.022879481 0.998752475
3225.355159648 -0.661713004 0.065896004 4.937928677 -0.004928279 -0.008637867 -0.033833910 0.999377966
3225.605163648 -0.845311344 0.094637312 5.533182144 -0.001898454 0.027800016 -0.049771406 0.998371840
3225.856084640 -0.909415185 0.022866316 5.551218510 -0.002632272 0.061100140 -0.049312368 0.996909261
3226.104982112 -0.880903125 -0.151439488 5.572081089 -0.031090042 0.064961225 -0.060297344 0.995579064
3226.354938240 -0.962276936 -0.188377529 5.606942654 -0.032419998 0.092831820 -0.081717305 0.991793036
3226.605025504 -1.058860779 -0.191384122 5.637021065 -0.025267158 0.126362666 -0.096550792 0.986950874
3226.855614528 -1.175010681 -0.192889556 5.681180000 -0.018023036 0.164586529 -0.107411288 0.980331182
3227.105673728 -1.288317680 -0.182607263 5.757967949 -0.008412433 0.209074020 -0.118320666 0.970678866
3227.355845344 -1.290007353 -0.124468923 5.808354378 0.019748561 0.216771469 -0.134320185 0.966735840
3227.605334560 19.566698074 -1.500440240 -3.128859520 0.031628959 -0.217589572 -0.008211945 0.975493193
3227.855109792 31.053346634 10.585785866 -8.811376572 0.039703641 -0.242351428 0.464413434 0.850887537
3228.104894272 45.936523438 31.832977295 -8.168318748 0.118161403 -0.390089244 0.475902408 0.779349208
3228.355425088 43.630458832 28.744596481 -6.289691925 0.129515186 -0.374246716 0.428257287 0.812256694
3228.605304032 45.874114990 29.749126434 -6.560216427 0.047878388 -0.396773309 0.432591110 0.808172941
3228.856968064 48.436019897 30.557685852 -6.503076077 -0.042806603 -0.426345557 0.446814209 0.785336971
3229.105599904 49.489566803 31.352169037 -5.603306770 -0.038853139 -0.454024076 0.435135245 0.776537120
3229.355133696 49.089389801 30.860586166 -4.815578461 -0.038873732 -0.474227488 0.427695483 0.768552959
3229.605715104 48.535873413 30.198686600 -3.843922377 -0.047843423 -0.491110176 0.411117107 0.766488433
3229.855706720 47.941822052 29.593835831 -2.923691034 -0.049048532 -0.508870184 0.402124465 0.759566545
3230.105211232 47.210300446 28.858478546 -2.150025129 -0.056472853 -0.512245893 0.383606851 0.766329408
3230.355078368 46.378890991 28.566377640 -1.773167133 -0.055849370 -0.497753054 0.392498702 0.771406174
3230.605279712 45.652603149 28.137760162 -1.433305264 -0.069977097 -0.487368762 0.389953524 0.778145969
3230.855528832 44.885288239 27.786584854 -1.033019781 -0.076354250 -0.478772968 0.389031798 0.783326685
3231.104898560 44.059829712 27.437366486 -0.458690822 -0.084879592 -0.456492037 0.423453033 0.777880430
3231.354898208 44.475875854 27.326869965 -0.906577229 -0.086652786 -0.453840166 0.423657864 0.779124141
3231.605230592 44.475875854 27.326869965 -0.906577229 -0.086652786 -0.453840166 0.423657864 0.779124141
3231.854909792 44.475875854 27.326869965 -0.906577229 -0.086652786 -0.453840166 0.423657864 0.779124141
3232.354765952 44.475875854 27.326869965 -0.906577229 -0.086652786 -0.453840166 0.423657864 0.779124141
3232.605414624 44.475875854 27.326869965 -0.906577229 -0.086652786 -0.453840166 0.423657864 0.779124141
3232.855169376 44.475875854 27.326869965 -0.906577229 -0.086652786 -0.453840166 0.423657864 0.779124141
3233.105279456 44.475875854 27.326869965 -0.906577229 -0.086652786 -0.453840166 0.423657864 0.779124141
3233.355210816 44.475875854 27.326869965 -0.906577229 -0.086652786 -0.453840166 0.423657864 0.779124141
3233.605669856 44.475875854 27.326869965 -0.906577229 -0.086652786 -0.453840166 0.423657864 0.779124141
3233.855519584 49.531803131 33.517387390 -1.355023026 -0.083335899 -0.452672362 0.425705522 0.779049218
3234.104841376 50.647224426 37.577949524 -4.706307888 -0.107216060 -0.433772475 0.463883549 0.764956295
3234.354987136 50.647224426 37.577949524 -4.706307888 -0.107216060 -0.433772475 0.463883549 0.764956295
3234.605082688 50.685871124 37.831130981 -4.841634750 -0.048699494 -0.422153682 0.486208349 0.763554871
3234.855211328 50.745101929 38.086299896 -4.945482731 0.006591865 -0.420435816 0.494550556 0.760664225
3235.105233056 50.748710632 38.295082092 -5.043892384 0.055934418 -0.407542348 0.504202485 0.759315789
3235.354876384 50.772933960 38.536853790 -5.143496037 0.103525117 -0.394061685 0.513119638 0.755450964
3235.605638496 50.780239105 38.758171082 -5.241216183 0.145821258 -0.376531124 0.519578993 0.752992809
3235.855588256 50.860504150 38.913719177 -5.312943935 0.171588898 -0.376845866 0.489209712 0.767605603
3236.105008320 50.844215393 38.898033142 -5.257076263 0.187501624 -0.364295810 0.496108443 0.765511692
3236.355000512 50.810855865 38.678546906 -5.185460091 0.176787719 -0.345810533 0.489409626 0.780794084
3236.605219552 50.792316437 38.643867493 -5.158946991 0.188041002 -0.338555098 0.485259950 0.783928454
3236.855156224 50.783721924 38.629791260 -5.141689301 0.190275624 -0.338225186 0.487905413 0.781886935
3237.104839584 50.783748627 38.628395081 -5.141017914 0.190335855 -0.338141382 0.488248557 0.781694353
