1325.761694112 0.000000000 0.000000000 0.000000000 0.000000000 0.000000000 0.000000000 1.000000000
1326.016585504 -0.002264318 -0.004092282 0.005324906 0.000108588 -0.000049032 -0.000180536 1.000000000
1326.515949472 -0.002264318 -0.004092282 0.005324906 0.000108588 -0.000049032 -0.000180536 1.000000000
1326.761952320 0.015772019 0.004873574 0.074357972 0.009045115 -0.008874779 -0.014497628 0.999814630
1327.016197760 1.853249907 0.632434726 -113.809196472 0.008725940 -0.072366290 0.052137513 0.995976269
1327.515871520 1.853249907 0.632434726 -113.809196472 0.008725940 -0.072366290 0.052137513 0.995976269
1327.761718208 1.853249907 0.632434726 -113.809196472 0.008725940 -0.072366290 0.052137513 0.995976269
1328.015908512 1.853249907 0.632434726 -113.809196472 0.008725940 -0.072366290 0.052137513 0.995976269
1328.516533504 1.853249907 0.632434726 -113.809196472 0.008725940 -0.072366290 0.052137513 0.995976269
1328.762001728 1.853249907 0.632434726 -113.809196472 0.008725940 -0.072366290 0.052137513 0.995976269
1329.016249248 1.882174015 0.614731193 -113.814468384 0.008692783 -0.072461747 0.056648590 0.995723188
1329.266356384 2.279420614 0.465475798 -113.827041626 0.010708269 -0.073025919 0.094930395 0.992744029
1329.516211936 2.279420614 0.465475798 -113.827041626 0.010708269 -0.073025919 0.094930395 0.992744029
1329.761829440 2.279420614 0.465475798 -113.827041626 0.010708269 -0.073025919 0.094930395 0.992744029
1330.016151072 2.200617075 0.537254930 -114.038375854 0.007347928 -0.073296681 0.037800096 0.996566474
1330.266187104 2.056751251 0.641764760 -114.405509949 0.003999569 -0.073207423 -0.017413065 0.997156680
1330.516237120 2.056751251 0.641764760 -114.405509949 0.003999569 -0.073207423 -0.017413065 0.997156680
1330.761990176 2.056751251 0.641764760 -114.405509949 0.003999569 -0.073207423 -0.017413065 0.997156680
1331.016048512 2.056751251 0.641764760 -114.405509949 0.003999569 -0.073207423 -0.017413065 0.997156680
1331.265818592 -0.541353464 9.318364143 -108.267707825 0.067607529 -0.069914624 0.072876975 0.992587626
1331.516230592 -0.541353464 9.318364143 -108.267707825 0.067607529 -0.069914624 0.072876975 0.992587626
1331.761607072 -0.135281980 10.387845993 -109.578781128 0.067967094 -0.075389110 0.076573163 0.991883814
1332.015899552 -0.432352781 9.473356247 -110.478240967 0.050208244 0.011201050 -0.021203607 0.998450816
1332.266074272 -0.068106979 8.825479507 -104.161018372 0.048767488 0.010273471 -0.027114477 0.998389184
1332.515951200 -0.934565783 9.127746582 -104.396064758 0.049285170 0.012483524 -0.011260804 0.998643279
1332.761595264 -2.051320076 9.401878357 -104.984207153 0.039009862 0.026270960 -0.015857130 0.998767555
1333.015944224 -0.941548347 10.158757210 -109.745460510 -0.009313494 0.008703681 -0.290142298 0.956898630
1333.266017984 -0.941548347 10.158757210 -109.745460510 -0.009313494 0.008703681 -0.290142298 0.956898630
1333.516308576 -0.855372310 10.049651146 -110.022300720 -0.004912468 0.011961207 -0.295407861 0.955283761
1333.761868960 -0.855372310 10.049651146 -110.022300720 -0.004912468 0.011961207 -0.295407861 0.955283761
1334.015765344 -0.882638156 10.043919563 -110.112426758 -0.006151151 0.012265385 -0.299666643 0.953945279
1334.266130208 -0.882638156 10.043919563 -110.112426758 -0.006151151 0.012265385 -0.299666643 0.953945279
1334.515876192 -0.882638156 10.043919563 -110.112426758 -0.006151151 0.012265385 -0.299666643 0.953945279
1334.761558048 -0.882638156 10.043919563 -110.112426758 -0.006151151 0.012265385 -0.299666643 0.953945279
1335.015902080 -0.896849036 10.078201294 -110.055397034 -0.004154456 0.013066038 -0.300513297 0.953679085
1335.266070848 -0.896849036 10.078201294 -110.055397034 -0.004154456 0.013066038 -0.300513297 0.953679085
1335.516103136 -0.896849036 10.078201294 -110.055397034 -0.004154456 0.013066038 -0.300513297 0.953679085
1335.761626304 28.033712387 13.819664001 -169.628311157 -0.018882088 0.012818518 -0.308147907 0.951064646
1336.016323872 28.033712387 13.819664001 -169.628311157 -0.018882088 0.012818518 -0.308147907 0.951064646
1336.515853664 28.033712387 13.819664001 -169.628311157 -0.018882088 0.012818518 -0.308147907 0.951064646
1336.762076768 28.033712387 13.819664001 -169.628311157 -0.018882088 0.012818518 -0.308147907 0.951064646
1337.015865696 28.056207657 13.800980568 -169.584640503 -0.027563466 0.006771473 -0.296332419 0.954663038
1337.265708000 28.056207657 13.800980568 -169.584640503 -0.027563466 0.006771473 -0.296332419 0.954663038
1337.516128736 28.056207657 13.800980568 -169.584640503 -0.027563466 0.006771473 -0.296332419 0.954663038
1337.761979744 26.778930664 28.680932999 -205.718200684 -0.010371527 0.006997167 -0.214337006 0.976679623
1338.016001248 26.778930664 28.680932999 -205.718200684 -0.010371527 0.006997167 -0.214337006 0.976679623
1338.266085056 26.778930664 28.680932999 -205.718200684 -0.010371527 0.006997167 -0.214337006 0.976679623
1338.515828928 26.778930664 28.680932999 -205.718200684 -0.010371527 0.006997167 -0.214337006 0.976679623
1338.762001568 26.778930664 28.680932999 -205.718200684 -0.010371527 0.006997167 -0.214337006 0.976679623
1339.016096832 26.778930664 28.680932999 -205.718200684 -0.010371527 0.006997167 -0.214337006 0.976679623
1339.266096512 26.778930664 28.680932999 -205.718200684 -0.010371527 0.006997167 -0.214337006 0.976679623
1339.515978208 29.671583176 28.582590103 -204.718811035 -0.019852934 -0.046915442 -0.185945302 0.981238604
1339.762103360 98.439071655 40.368598938 -311.065948486 0.008626024 -0.098731980 -0.280867547 0.954615653
1340.016193056 98.439071655 40.368598938 -311.065948486 0.008626024 -0.098731980 -0.280867547 0.954615653
1340.266138048 98.439071655 40.368598938 -311.065948486 0.008626024 -0.098731980 -0.280867547 0.954615653
1340.515893888 98.394706726 40.377479553 -310.932830811 0.005546422 -0.099454597 -0.278277725 0.955321729
1340.761728992 98.394706726 40.377479553 -310.932830811 0.005546422 -0.099454597 -0.278277725 0.955321729
