2233.397426688 0.000000000 0.000000000 0.000000000 0.000000000 0.000000000 0.000000000 1.000000000
2233.647269248 -0.017693520 -0.005476593 0.207582429 0.000087977 0.011670760 -0.002753114 0.999928117
2233.897218848 -0.033634003 -0.051164724 0.700714827 -0.015881747 0.020991452 0.009805478 0.999605417
2234.149724064 -0.042646170 -0.065957293 1.198364139 -0.014981246 0.017861784 -0.006358990 0.999707997
2234.397416192 -0.118644878 0.020609379 1.712818623 0.019580295 0.019864233 -0.016824024 0.999469340
2234.646514848 -0.236038372 -0.148465484 2.157426834 -0.008383757 0.040221397 -0.050519343 0.997877598
2234.897642720 -0.454095662 -0.145003721 2.647848368 -0.007704468 0.086366884 -0.043101527 0.995300770
2235.148917760 -0.638548374 -0.157340288 3.155666351 -0.007123652 0.135966569 -0.035622045 0.990047216
2235.397680544 -0.589385808 -0.248038262 3.732074261 -0.034385584 0.145920977 -0.010080568 0.988647103
2235.646583424 -0.511483908 -0.283041596 4.321347237 -0.053149715 0.154147819 0.012847080 0.986533582
2235.897543232 0.120347559 -0.382105500 4.667397022 -0.101780064 0.114634275 0.027494153 0.987797499
2236.150348128 0.510801733 -0.012505680 5.356690884 -0.111801036 0.108764201 -0.006830744 0.987736881
2236.400856128 0.706132472 0.284870714 6.146440029 -0.133567780 0.092225447 -0.005131116 0.986725807
2236.650562816 0.506897628 0.665558457 6.827454567 -0.129615843 0.095024675 0.014436072 0.986894965
2236.900771424 0.274109066 0.880180717 7.554819107 -0.142383397 0.100183725 0.013938367 0.984629810
2237.150673024 -0.037343323 1.191005826 8.294591904 -0.129879296 0.115354754 0.002388169 0.984793842
2237.401196800 -0.392470807 1.476627946 9.101595879 -0.120391332 0.137104675 -0.008750121 0.983174264
2237.650639104 -0.719349861 1.727927804 9.861169815 -0.113434948 0.158274934 -0.020482689 0.980643690
2237.901081728 -1.029524207 1.978512645 10.628722191 -0.105556853 0.179027975 -0.023978738 0.977871001
2238.150307040 -1.316207647 2.171447515 11.264926910 -0.104798198 0.195467070 -0.013632908 0.974999547
2238.400358784 -1.533923984 2.297134399 11.956198692 -0.104392268 0.208849862 0.002967207 0.972355485
2238.650567424 -1.770991325 2.338492632 12.574727058 -0.109815203 0.220737815 0.018611800 0.968952537
2238.900638080 -1.967581987 2.337622166 13.203332901 -0.116538942 0.238569066 0.030719450 0.963618040
2239.150627904 -2.151322603 2.342602730 13.422211647 -0.118952282 0.256225467 0.017410889 0.959111929
2239.400684896 -2.291354418 2.379683256 13.686623573 -0.119527638 0.272081882 0.003523024 0.954815269
2239.650730048 -2.295505047 2.234110832 13.858901978 -0.150696158 0.265181065 -0.013969326 0.952247083
2239.900516800 -2.313186169 2.194193363 14.031401634 -0.161998972 0.261351943 -0.037247006 0.950822890
2240.150674144 -2.349815369 2.141679287 14.246149063 -0.175201088 0.258831918 -0.061247952 0.947923720
2240.400730272 -2.253107071 1.829157114 14.224697113 -0.195567742 0.253924906 -0.090617739 0.942901790
2240.650619328 -2.161648750 1.518823862 14.178415298 -0.212702259 0.249148563 -0.116712376 0.937582493
2240.900399776 -2.014447689 1.251296401 14.176546097 -0.227619141 0.242975295 -0.144143060 0.931866586
2241.150490432 -2.031959534 1.625955582 14.164967537 -0.220533848 0.246122673 -0.215116709 0.918973982
2241.401200448 -2.147849560 1.939623713 13.975063324 -0.205693096 0.234009504 -0.274148881 0.909819901
2241.650431648 -2.239094257 2.292675018 13.770669937 -0.189105138 0.222347870 -0.349259049 0.890403748
2241.901409376 -2.272270918 2.646743298 13.542476654 -0.173572093 0.208361268 -0.420247704 0.865938902
2242.151836256 -2.489406109 3.154174566 12.994667053 -0.140332133 0.206147566 -0.492799103 0.833642066
2242.400524160 -2.616024971 3.785796404 12.331320763 -0.100700177 0.195761397 -0.571991384 0.790166318
2242.649903744 -2.517003536 4.484239101 11.681004524 -0.055941775 0.182632595 -0.660791337 0.725858629
2242.902156768 -2.176254511 4.996190071 11.089991570 -0.012418377 0.158132598 -0.737268984 0.656714737
2243.150524352 -3.463379383 3.451435089 6.085120678 0.048677962 0.092444070 -0.830173433 0.547627985
2243.400771712 -4.530689240 2.036316872 1.052237034 -0.106101945 -0.031918176 0.896171212 -0.429651827
2243.648779040 -5.215708733 0.770279646 -3.945767879 -0.168402016 0.025367720 0.936713755 -0.305883199
2243.900727168 -5.499058247 -0.528389454 -9.413946152 -0.232263461 0.084570944 0.955825746 -0.159055308
2244.150258304 -5.221947670 -2.091792583 -15.323209763 -0.294984967 0.145647168 0.944324613 -0.004662225
2244.400562624 -4.717410564 -3.898421288 -20.978031158 -0.338872313 0.204886854 0.907181799 0.142155170
2244.647952640 -3.896857977 -6.210541725 -26.832233429 -0.374591768 0.258037448 0.843939662 0.284365207
2244.900618656 -2.821371555 -9.227243423 -33.046756744 -0.401270747 0.303431630 0.753225207 0.423748523
2245.150668640 -1.767121434 -12.735960007 -39.097785950 -0.413030535 0.336578488 0.641804457 0.551550329
2245.400488928 -0.937455177 -16.596597672 -45.009998322 -0.408636153 0.360479534 0.514982224 0.661713183
2245.647139072 -0.394552469 -20.673917770 -50.671318054 -0.393051893 0.369417548 0.371037185 0.755891681
2245.900760320 0.501562536 -25.381874084 -56.625572205 -0.389232486 0.356388688 0.267805159 0.806080341
2246.150354528 1.472177505 -30.574407578 -62.615642548 -0.383496612 0.338140100 0.177899316 0.840799272
