1656.016383936 0.000000000 0.000000000 0.000000000 0.000000000 0.000000000 0.000000000 1.000000000
1656.266415552 0.005113318 -0.002095474 -0.012784407 0.001014534 0.000312546 -0.001367430 0.999998510
1656.516311552 0.007310484 0.000290914 -0.026279416 0.003872557 0.000184066 0.000174125 0.999992490
1656.762332896 0.005178349 -0.002122884 -0.023699500 0.003405900 -0.000002868 -0.001364365 0.999993265
1657.016077312 -0.609868169 0.575769007 0.013472013 0.001966491 0.066316053 -0.149599165 0.986518323
1657.266221920 -1.071361542 1.316776276 0.040232271 -0.000152682 0.129548937 -0.292024672 0.947596252
1657.516171808 -1.071361542 1.316776276 0.040232271 -0.000152682 0.129548937 -0.292024672 0.947596252
1657.762650912 -1.072112799 1.318381786 0.041659739 0.000652455 0.129311040 -0.293000132 0.947327375
1658.016753568 -1.075295091 1.285460353 0.095527291 -0.007753241 0.134440869 -0.273177177 0.952491343
1658.266284224 -1.079739690 1.252766848 0.148057282 -0.016131863 0.140000820 -0.253237456 0.957084298
1658.516207584 -1.357878208 1.096361160 1.237061977 -0.010551583 0.130470484 -0.226149678 0.965257704
1658.762186208 -1.703634620 0.888950109 2.298662186 -0.008945289 0.126079619 -0.201197982 0.971361518
1659.015916672 -1.786437154 0.919345975 3.703038216 0.025110384 0.128425717 -0.213343322 0.968174040
1659.266607200 -1.864923239 0.853514850 5.061334133 0.056225803 0.128109246 -0.229623392 0.963171721
1659.516279520 -2.034889936 0.575612307 6.156908989 0.062769234 0.131473929 -0.247634158 0.957837164
1659.762189312 -2.040914297 0.433843017 7.620670319 0.081536293 0.159217164 -0.304483294 0.935570240
1660.016252064 -1.854733467 0.155246079 9.015481949 0.097262658 0.171776026 -0.362364829 0.910892248
1660.266442112 -1.924709439 0.254973590 8.881454468 0.104184248 0.201264217 -0.415948331 0.880695939
1660.515903520 -2.024710894 0.398215801 8.809781075 0.113164149 0.233751714 -0.466208220 0.845697284
1660.762175968 -1.113785863 0.275950462 12.387306213 0.106113337 0.242546871 -0.453124970 0.851227760
1661.016229792 -0.901514888 -0.968664169 14.916675568 0.095581263 0.258552790 -0.475665450 0.835318565
1661.266223392 -1.457482457 -1.107579231 12.367053032 0.031611115 0.295892984 -0.446835190 0.843674362
1661.516689920 -2.204594135 -1.475521445 10.022396088 -0.033575330 0.327907443 -0.414080977 0.848461151
1661.761810752 -3.019556999 -2.061537266 7.907469749 -0.098473512 0.354179412 -0.387994826 0.845174491
1662.016347712 -2.395455360 -2.415716171 9.400753975 -0.111309744 0.350994349 -0.420265615 0.829330981
1662.266412448 -1.852042556 -2.420620441 9.451581955 -0.116221540 0.337149292 -0.470731527 0.806991160
1662.516842016 -1.371944427 -2.449395895 9.473218918 -0.118833110 0.328998297 -0.517534435 0.780894876
1662.761878848 -0.901297748 -2.518366814 9.496528625 -0.120619841 0.318187952 -0.564012229 0.752394497
1663.017633280 -0.901297748 -2.518366814 9.496528625 -0.120619841 0.318187952 -0.564012229 0.752394497
1663.266998048 -1.119302273 -2.124549150 9.332919121 -0.105148010 0.320243180 -0.581880748 0.740137160
1663.516341568 -6.401533604 0.670589209 -27.378379822 -0.007972828 0.210324541 -0.706450999 0.675741971
1663.761980576 -13.850226402 11.843104362 -62.481540680 0.062363058 0.299737096 -0.606894076 0.733449459
1664.016388192 -16.897258759 17.095317841 -182.061752319 0.104917645 0.334140867 -0.518833876 0.779841959
1664.266261600 -17.305040359 39.469585419 -307.533935547 0.141762108 0.358993292 -0.425984323 0.818269372
1664.516741696 -14.281808853 67.413398743 -405.689849854 0.174076796 0.362397790 -0.355135411 0.843945503
1664.761940864 -11.675008774 101.800338745 -497.583496094 0.193374172 0.365973473 -0.273975581 0.868105531
1665.016246080 -12.075920105 143.184829712 -576.069335938 0.237080932 0.392756999 -0.230751485 0.858072400
1665.266673792 -15.293697357 195.701965332 -650.265380859 0.284189045 0.418533474 -0.196373358 0.839942753
1665.516498336 -21.446662903 255.660766602 -716.219970703 0.324178159 0.434987962 -0.145012215 0.827445149
1665.762017088 -38.687412262 326.635620117 -762.946166992 0.385405153 0.466041595 -0.046431176 0.795054853
1666.016273600 -66.609786987 437.831848145 -832.875366211 0.396706223 0.472625315 -0.045513589 0.785606802
1666.266096736 -94.868408203 548.726501465 -898.342590332 0.407854408 0.480702609 -0.048940737 0.774715781
1666.516574880 -106.076286316 577.769775391 -911.718688965 0.421320677 0.485396892 -0.041174266 0.764972866
1666.762445984 -117.276382446 606.808532715 -923.743408203 0.435025811 0.488706887 -0.031888496 0.755580068
1667.016490016 -128.563232422 636.124328613 -933.547729492 0.444970787 0.514135659 -0.053467337 0.731304884
1667.266320352 -140.136993408 666.161560059 -941.563354492 0.458239585 0.537192464 -0.069708683 0.704685330
1667.516237760 -155.174118042 704.884826660 -948.489685059 0.470863819 0.575270116 -0.097622499 0.661680877
1667.761742272 -169.958236694 744.555419922 -951.863281250 0.485454768 0.611201763 -0.126406044 0.612199068
1668.016035424 -183.297241211 822.903015137 -942.154968262 0.548763394 0.617800713 -0.151533261 0.542419434
1668.266107840 -185.704666138 898.738403320 -922.648132324 0.606939137 0.619283676 -0.174535528 0.466529608
1668.516149632 -177.040756226 975.504150391 -891.636108398 0.666556537 0.605791032 -0.185435131 0.392852873
1668.761990080 -157.391647339 1043.299194336 -854.744873047 0.718818843 0.583884180 -0.196849212 0.321914881
1669.015969536 -175.597778320 1028.085205078 -841.430786133 0.378521383 0.894511580 -0.236962706 -0.020476209
1669.266345536 -212.634963989 1196.380615234 -637.633972168 0.206934646 0.952960551 -0.213810116 -0.057700992
