3467.102691616 0.000000000 0.000000000 0.000000000 0.000000000 0.000000000 0.000000000 1.000000000
3467.352742656 -0.002963877 -0.001084107 0.001104352 -0.000623571 0.000219696 -0.002291803 0.999997139
3467.602884832 -0.008512138 -0.006930939 0.060833171 0.000642365 0.003207919 -0.000335956 0.999994576
3467.852750272 0.099174239 -0.065102674 0.145275265 0.001160591 -0.019684970 0.017404983 0.999654055
3468.103027136 0.130969331 -0.186687306 0.245134830 -0.017166967 -0.026147524 0.024096655 0.999220192
3468.352771776 -0.141673058 -0.209973902 0.304767549 0.007853590 0.016791459 0.004026709 0.999820054
3468.602803296 -0.395124257 -0.371291429 0.438781917 -0.011674829 0.050383780 -0.027924692 0.998271167
3468.852506496 -0.666347563 -0.434996843 0.573332071 0.000167885 0.093775801 -0.043033753 0.994662821
3469.103014816 -0.968866110 -0.484648049 0.730412245 0.015846875 0.147585765 -0.065002464 0.986783624
3469.354243104 -1.262957096 -0.518098295 0.918123841 0.033250492 0.202621877 -0.085146539 0.974981427
3469.604213952 -1.262957096 -0.518098295 0.918123841 0.033250492 0.202621877 -0.085146539 0.974981427
3469.854263040 -1.125378370 -0.690098405 0.913824022 -0.013317412 0.166545540 -0.066408485 0.983704805
3470.104427008 -0.990053892 -0.820445478 0.935567200 -0.044770990 0.133727849 -0.053224850 0.988574505
3470.355290240 -0.855606616 -0.959312677 0.991683722 -0.077849850 0.101051517 -0.039690133 0.991036177
3470.605489600 -0.711694598 -1.077875376 1.059850216 -0.107064635 0.064476550 -0.027357714 0.991781950
3470.854785312 -0.599138200 -1.205527306 1.153730154 -0.142157465 0.032890487 -0.012753217 0.989215255
3471.106228128 -0.538433671 -1.337996602 1.204561234 -0.174928576 0.005874706 0.009655382 0.984516263
3471.355019392 -0.628776968 -1.364422798 1.290514469 -0.183266327 0.000859679 0.019298030 0.982873499
3471.605317792 -0.718162715 -1.407234669 1.360904217 -0.192418486 -0.004656482 0.027908139 0.980904996
3471.855194688 -0.785451889 -1.388370991 1.420312881 -0.193879440 -0.012053077 0.040387779 0.980119526
3472.105463456 -0.885392308 -1.382492423 1.529821277 -0.197654992 -0.018395225 0.051648483 0.978737235
3472.355473728 -0.881678104 -1.040620446 2.298831940 -0.199066222 -0.019229954 0.048202969 0.978610933
3472.605273760 -0.952632248 -0.803148329 3.068782330 -0.208778769 -0.012710159 0.044467133 0.976868749
3472.855234208 -1.013470888 -0.553684413 3.778622150 -0.208184272 -0.007707146 0.057258189 0.976381779
3473.105462720 -0.990594149 -0.480528653 3.917711020 -0.216360956 -0.020062186 0.078119032 0.972976267
3473.354981824 -0.988642931 -0.372653574 4.092196941 -0.223107174 -0.033316281 0.100389816 0.969038248
3473.605435264 -1.024085045 -0.236889556 4.349724770 -0.224237710 -0.041441996 0.133006975 0.964525342
3473.854735584 -1.074858665 -0.074370176 4.571820736 -0.218281046 -0.045470912 0.173130408 0.959328711
3474.106177248 -1.192274570 0.095513254 4.809669495 -0.201723501 -0.042146452 0.205920890 0.956623197
3474.355318816 -1.304213047 0.240973234 5.044844151 -0.189859495 -0.039685819 0.246243238 0.949601352
3474.605331328 0.744700193 3.757442713 0.241867065 -0.188884348 -0.056130026 0.560881257 0.804104686
3474.855093600 0.744700193 3.757442713 0.241867065 -0.188884348 -0.056130026 0.560881257 0.804104686
3475.105876640 0.747357607 3.751244545 0.239467710 -0.188737094 -0.056194320 0.561091185 0.803988338
3475.356260576 0.751647055 3.728038549 0.219416752 -0.188330948 -0.056462068 0.561612666 0.803700686
3475.606071840 2.614553213 6.295312881 -3.599997997 -0.187305406 -0.057870522 0.563517094 0.802506149
3475.855647840 4.329058647 8.156894684 -21.301961899 -0.202084288 -0.008470462 0.547442436 0.812032580
3476.106263200 5.152982712 7.740473270 -39.297096252 -0.222175002 0.044489957 0.529181302 0.817695558
3476.355206176 4.927260399 5.623596191 -57.858100891 -0.242762551 0.097208112 0.512566209 0.817858696
3476.605813952 3.417933464 1.765945435 -76.200958252 -0.259785801 0.153054342 0.492843360 0.816205323
3476.855192128 0.598105907 -3.626607895 -94.467727661 -0.272276402 0.202615589 0.476668537 0.810925126
3477.105433440 -3.956764221 -10.220560074 -112.500213623 -0.276490420 0.255094916 0.464006513 0.801983476
3477.355424288 -7.499659538 -13.486636162 -121.592330933 -0.264420003 0.282293141 0.462754726 0.797653258
3477.605461952 -11.399835587 -16.722648621 -130.336227417 -0.253813237 0.303610295 0.467412382 0.790522158
3477.855394016 -15.983386040 -20.131772995 -139.110931396 -0.242042691 0.329081565 0.461095452 0.787725627
3478.105589856 -20.851882935 -23.435306549 -147.197128296 -0.233081967 0.353764772 0.460726410 0.779906750
3478.355331200 -25.710603714 -26.644687653 -154.862869263 -0.233272463 0.364062935 0.447911084 0.782571316
3478.605132032 -28.825122833 -28.012557983 -159.109283447 -0.220876098 0.372449815 0.432948440 0.790601373
3478.855286240 -31.936801910 -29.204492569 -163.081619263 -0.208751395 0.379260480 0.419087946 0.798091233
3479.105669376 -34.351963043 -29.633537292 -165.776672363 -0.180853248 0.397066832 0.393495083 0.809192002
3479.355574304 -36.333099365 -29.982124329 -167.817855835 -0.178273737 0.408311725 0.381317884 0.809997976
3479.605812160 -38.290901184 -30.332098007 -169.621231079 -0.172422558 0.420351684 0.383039415 0.804273427
3479.855193760 -40.240947723 -30.658735275 -171.253677368 -0.164375469 0.432283789 0.385836422 0.798274159
3480.106070752 -42.236209869 -31.054185867 -172.794082642 -0.158005208 0.443178564 0.387933046 0.792549670
3480.354905440 -44.126258850 -31.401556015 -174.147811890 -0.152560964 0.451834887 0.386097759 0.789619505
3480.605447456 -46.029766083 -31.746620178 -175.484191895 -0.148949325 0.457522333 0.385743499 0.787203550
3480.855105664 -45.902011871 -31.677272797 -175.239318848 -0.147319719 0.458770335 0.384327918 0.787476182
3481.104904928 -45.884159088 -31.661136627 -175.219268799 -0.149644136 0.458201826 0.383342445 0.787849128
3481.354688576 -45.880641937 -31.658700943 -175.218063354 -0.148858026 0.458589703 0.384045959 0.787429690
