3223.105248672 0.000000000 0.000000000 0.000000000 0.000000000 0.000000000 0.000000000 1.000000000
3223.355147232 -0.061670925 0.026175790 0.125460774 0.022395283 0.009309416 -0.017587777 0.999551117
3223.605512448 -0.145410061 0.076879069 0.287658155 0.050295129 0.024890617 -0.043990336 0.997454643
3223.855659328 -0.212560922 0.061063197 0.452650398 0.057221908 0.038872939 -0.058993731 0.995858550
3224.106162368 -0.237662494 -0.027601745 0.615936518 0.044519566 0.041950695 -0.065543078 0.995973051
3224.355098496 -0.262935400 -0.105392069 0.800105035 0.032151237 0.046162982 -0.074562088 0.995628357
3224.605120768 -0.284961343 -0.170119852 0.992289245 0.021951783 0.051054567 -0.082432136 0.995045960
3224.854908544 -0.307870269 -0.225709751 1.186142921 0.012775719 0.055883929 -0.090828881 0.994215190
3225.104944960 -0.368353188 -0.252524585 1.444609523 0.006443221 0.073056698 -0.102168359 0.992059886
3225.355159648 -0.492865294 -0.227462947 1.707164049 0.012712443 0.110757314 -0.109903954 0.987670124
3225.605163648 -0.615003467 -0.215964437 1.982233882 0.015330861 0.152173817 -0.119203597 0.981019199
3225.856084640 -0.618071079 -0.200422257 2.267899513 0.019836359 0.169371247 -0.117619485 0.978307486
3226.104982112 -0.610880494 -0.272648960 2.547602654 -0.005708608 0.178012967 -0.131687745 0.975160062
3226.354938240 -0.609880686 -0.168013141 3.052475929 -0.005616644 0.202055648 -0.149319053 0.967907965
3226.605025504 -0.650386095 0.008328408 3.591732740 0.020309607 0.256447852 -0.150768369 0.954510868
3226.855614528 -0.640718281 0.143730134 4.139616013 0.045818634 0.311535656 -0.146571040 0.937743604
3227.105673728 -0.653163135 0.097100928 4.262945652 0.027967591 0.342542768 -0.156010032 0.926036239
3227.355845344 -0.496899843 0.190782860 4.329933167 0.060433533 0.340826929 -0.166906685 0.923215568
3227.605334560 -0.419429421 0.275274724 4.480976105 0.063206598 0.357166439 -0.192691624 0.911760390
3227.855109792 -0.367136359 0.352506995 4.638577461 0.059854623 0.375822484 -0.222014964 0.897710562
3228.104894272 -0.063357919 0.367716432 4.737575531 0.055881523 0.373780847 -0.252723992 0.890671492
3228.355425088 0.267123103 0.353969723 4.821629047 0.051043421 0.367751122 -0.281531453 0.884812832
3228.605304032 0.493331492 0.360072970 4.905191422 0.048036318 0.368351430 -0.306503087 0.876393497
3228.856968064 0.851986110 0.005235076 5.221478462 0.039412003 0.368349463 -0.321564108 0.871413767
3229.105599904 1.207273722 -0.294913799 5.573052406 0.032451808 0.369134158 -0.339358449 0.864593983
3229.355133696 1.586698890 -0.612552285 5.934577942 0.020684144 0.363039434 -0.352677792 0.862202406
3229.605715104 1.954021335 -0.900516272 6.302765846 0.008574768 0.356708527 -0.363504112 0.860552311
3229.855706720 2.297038078 -1.092707276 6.750130177 0.003508065 0.349411160 -0.367610246 0.861836553
3230.105211232 2.559817314 -1.244129181 7.035151958 -0.003699444 0.341848820 -0.363563359 0.866572201
3230.355078368 2.687472343 -1.258140802 7.367171288 0.001520642 0.350870997 -0.361001849 0.864039898
3230.605279712 2.924426317 -1.108661175 8.488893509 0.040296111 0.380069435 -0.349626929 0.855385542
3230.855528832 -6.474214554 5.116872787 2.491591454 -0.017180834 0.319300056 -0.340129435 0.884343982
3231.104898560 3.983334541 -1.717498779 10.094031334 0.026000896 0.359621435 -0.350341767 0.864440322
3231.354898208 3.491780996 -1.393668652 9.948063850 0.019802308 0.356795669 -0.346692026 0.867242396
3231.605230592 3.491780996 -1.393668652 9.948063850 0.019802308 0.356795669 -0.346692026 0.867242396
3231.854909792 3.491780996 -1.393668652 9.948063850 0.019802308 0.356795669 -0.346692026 0.867242396
3232.354765952 3.491780996 -1.393668652 9.948063850 0.019802308 0.356795669 -0.346692026 0.867242396
3232.605414624 3.491780996 -1.393668652 9.948063850 0.019802308 0.356795669 -0.346692026 0.867242396
3232.855169376 3.491780996 -1.393668652 9.948063850 0.019802308 0.356795669 -0.346692026 0.867242396
3233.105279456 3.491780996 -1.393668652 9.948063850 0.019802308 0.356795669 -0.346692026 0.867242396
3233.355210816 3.491780996 -1.393668652 9.948063850 0.019802308 0.356795669 -0.346692026 0.867242396
3233.605669856 3.491780996 -1.393668652 9.948063850 0.019802308 0.356795669 -0.346692026 0.867242396
3233.855519584 3.503880978 -1.064574122 11.476362228 0.023132039 0.358030111 -0.342612475 0.868271887
3234.104841376 3.467374325 -0.972016931 14.175198555 0.024358511 0.357163012 -0.348827392 0.866118193
3234.354987136 3.467374325 -0.972016931 14.175198555 0.024358511 0.357163012 -0.348827392 0.866118193
3234.605082688 3.467374325 -0.972016931 14.175198555 0.024358511 0.357163012 -0.348827392 0.866118193
3234.855211328 50.359989166 -31.163276672 24.969676971 0.045131292 0.357822210 -0.338734716 0.869013906
3235.105233056 -37.052761078 -24.998558044 -19.270538330 -0.331578016 0.244302079 -0.412255764 0.812660873
3235.354876384 -103.003860474 -75.913093567 -43.014812469 -0.657427430 -0.027071653 -0.354017258 0.664626360
3235.605638496 -105.884811401 -85.587722778 -62.822269440 -0.280591667 -0.226514801 -0.195324048 0.912034988
3235.855588256 -108.453666687 -85.187454224 -78.249824524 -0.002319050 -0.180025861 -0.059571788 0.981853604
3236.105008320 -110.990455627 -82.706169128 -94.540046692 0.144283876 -0.186872378 0.127140105 0.963377535
3236.355000512 -112.806587219 -83.395339966 -96.933715820 0.182800651 -0.147965521 0.245962426 0.940315127
3236.605219552 -114.497238159 -84.480812073 -99.245155334 0.218724325 -0.105266519 0.360555381 0.900598943
