1790.398132960 0.000000000 0.000000000 0.000000000 0.000000000 0.000000000 0.000000000 1.000000000
1790.647154496 -0.001478557 -0.002341484 0.032536041 0.005918033 0.003752128 -0.001027789 0.999974906
1790.897836096 -0.067895710 -0.006800696 0.096190289 0.009994229 0.022634024 -0.011533747 0.999627292
1791.150460512 -0.062815733 -0.023730466 -0.057578176 0.012782696 0.033452164 -0.037134185 0.998668432
1791.398139360 -0.005283669 -0.042092327 -0.462424636 0.010503710 0.055605181 -0.054500528 0.996908903
1791.647722624 -55.983493805 -42.254734039 88.520126343 0.067075036 0.264091522 -0.351456314 0.895675719
1791.898236672 -55.970146179 -42.254241943 88.522857666 0.068857543 0.263687760 -0.348709196 0.896732569
1792.150123456 -46.781707764 -47.795169830 126.785293579 0.059290532 0.280186027 -0.321957320 0.902398944
1792.397940576 -46.804073334 -47.803428650 126.752540588 0.054967940 0.281466782 -0.320434451 0.902815998
1792.647121056 -46.799427032 -47.547462463 126.732887268 0.082059272 0.291569531 -0.361180156 0.881931067
1792.898384896 -46.837390900 -47.357158661 126.742996216 0.088920251 0.317754686 -0.363026053 0.871399581
1793.150906048 -46.908336639 -47.135002136 126.736808777 0.098158553 0.341795951 -0.362556845 0.861448169
1793.398042400 -46.976882935 -46.927978516 126.731521606 0.106007040 0.361854464 -0.359343380 0.853637040
1793.647227456 -47.095424652 -47.029052734 127.165382385 0.067904271 0.398733884 -0.351310879 0.844381988
1793.897901856 -47.029357910 -46.965507507 127.597221375 0.086240232 0.416943699 -0.358904719 0.830606997
1794.150606880 -46.994853973 -46.879619598 128.065490723 0.112559065 0.451696664 -0.366001755 0.805818379
1794.398354848 -46.915740967 -46.831542969 128.626022339 0.135125250 0.499572873 -0.374158591 0.769528091
1794.647757248 -46.887245178 -46.981258392 129.065200806 0.139015034 0.563224256 -0.336150527 0.741927266
1794.899552448 -46.864070892 -46.970310211 129.570861816 0.184134021 0.635257185 -0.318264395 0.679154515
1795.150692448 -46.522876740 -47.091110229 129.715652466 0.237764940 0.619499207 -0.319787085 0.676331818
1795.399120256 -46.522876740 -47.091110229 129.715652466 0.237764940 0.619499207 -0.319787085 0.676331818
1795.646881600 -66.409042358 -8.094055176 116.880432129 0.268638402 0.578437984 -0.356328517 0.682841778
1795.901197088 -79.504112244 59.319938660 97.042236328 0.297712713 0.526653588 -0.406472147 0.684677660
1796.150736384 -87.990959167 74.794624329 88.087974548 0.275467098 0.495433241 -0.423527747 0.706603110
1796.401823936 -97.286087036 95.762092590 75.174072266 0.262837201 0.469862550 -0.460445225 0.705787539
1796.650800736 -104.610595703 114.320106506 66.879562378 0.279624701 0.441439420 -0.431887835 0.735128701
1796.900627904 -104.473953247 119.337982178 66.270278931 0.218238160 0.494122237 -0.551021159 0.636074722
1797.150964896 -103.893676758 117.252708435 67.648292542 0.213898420 0.495643228 -0.544116557 0.642279088
1797.400377344 -104.408477783 118.321311951 66.618095398 0.207738951 0.484135449 -0.545002639 0.652249575
1797.650747616 -104.998397827 119.045997620 66.243713379 0.189142719 0.508322537 -0.551608145 0.633688986
1797.900587072 -102.648269653 111.843780518 69.755134583 0.205136612 0.508798003 -0.523519218 0.651898146
1798.150611776 -139.439392090 145.665161133 46.668968201 0.202158824 0.447707444 -0.533803165 0.688290656
1798.400313504 -170.461151123 177.207427979 19.703876495 0.213710070 0.392821133 -0.551041901 0.704537034
1798.650636128 -170.461151123 177.207427979 19.703876495 0.213710070 0.392821133 -0.551041901 0.704537034
1798.900440000 -170.395278931 177.153091431 19.790769577 0.222101212 0.391782999 -0.539475083 0.711437821
1799.150468320 -170.456695557 176.967086792 19.921443939 0.205276981 0.400480688 -0.517154396 0.728030145
1799.400940288 -170.439910889 176.752609253 20.115566254 0.195388466 0.402359605 -0.506356716 0.737246871
1799.650682400 -170.386825562 176.564514160 20.335023880 0.192236662 0.399804175 -0.505520523 0.740034282
1799.900400608 -170.344100952 176.394973755 20.562311172 0.190964654 0.402240425 -0.505649805 0.738954246
1800.150849440 -170.344100952 176.394973755 20.562311172 0.190964654 0.402240425 -0.505649805 0.738954246
1800.400884640 -170.344100952 176.394973755 20.562311172 0.190964654 0.402240425 -0.505649805 0.738954246
1800.650484512 -170.344100952 176.394973755 20.562311172 0.190964654 0.402240425 -0.505649805 0.738954246
1800.900771104 -170.408126831 176.457000732 20.555961609 0.191730991 0.407560289 -0.499201328 0.740224242
1801.151664640 -170.548980713 176.545074463 20.528768539 0.183424532 0.410459697 -0.493308067 0.744664669
1801.400801216 -170.685379028 176.632980347 20.461139679 0.176735863 0.412395209 -0.486990064 0.749356568
1801.648273984 -170.797714233 176.684295654 20.401870728 0.171971947 0.413383603 -0.479300678 0.754857957
1801.899410432 -170.906036377 176.732879639 20.353799820 0.167922676 0.415221423 -0.473334879 0.758516490
1802.150668864 -171.001022339 176.748046875 20.329565048 0.163266927 0.417015404 -0.465271294 0.763521254
1802.398795776 -171.055465698 176.777069092 20.302412033 0.161648571 0.410449058 -0.475790769 0.760936558
1802.647903488 -171.164474487 176.849517822 20.235223770 0.162418082 0.404853076 -0.484179169 0.758475363
1802.898453568 -171.268249512 176.928680420 20.138242722 0.168207511 0.393430650 -0.488953084 0.760160148
1803.150658912 -170.959365845 176.798919678 20.508235931 0.171002239 0.389001787 -0.489289612 0.761597991
1803.398117056 -170.679595947 176.702453613 20.872253418 0.174710870 0.384137541 -0.490158021 0.762666106
1803.647284224 -170.437713623 176.631317139 21.190994263 0.187313110 0.381017476 -0.511901081 0.746790946
1803.898841504 -170.078353882 176.523254395 21.488111496 0.181765452 0.376391679 -0.569935679 0.707434714
1804.150808352 -169.698028564 176.415313721 21.769004822 0.189133763 0.359868228 -0.625551879 0.665888965
1804.397798144 -169.334030151 176.266983032 22.046323776 0.196283191 0.341938913 -0.676284611 0.622245789
1804.646375680 -169.268081665 176.345108032 22.127347946 0.196285322 0.342027754 -0.676334679 0.622141838
