2133.897250432 0.000000000 0.000000000 0.000000000 0.000000000 0.000000000 0.000000000 1.000000000
2134.149398176 -0.003143305 -0.000775661 0.001616935 -0.000629518 0.000131307 -0.002167193 0.999997437
2134.396198912 -0.001043855 -0.001544859 0.009649010 0.003709251 0.000450849 0.002686017 0.999989390
2134.646117536 -0.028794158 0.011101952 0.373267144 -0.021857623 0.028046021 -0.021430148 0.999137878
2134.896924896 -0.020683225 0.099585980 0.709019065 -0.019341649 0.056316298 -0.026456131 0.997874975
2135.149605472 0.081854910 0.135632873 1.059431672 -0.029036677 0.060671370 -0.033846077 0.997161090
2135.396889280 0.158606306 0.288974971 1.398770928 0.010438770 0.065049201 -0.030094681 0.997373521
2135.645746848 0.015959606 0.046605408 1.950513363 -0.037256319 0.094085805 -0.063968986 0.992808044
2135.897000864 -0.158731952 0.018261753 2.649719238 -0.054619651 0.124525525 -0.112144902 0.984344244
2136.149268384 -0.280500501 0.043725595 3.369451284 -0.068317242 0.150249168 -0.158463001 0.973471820
2136.397146368 -0.327678651 0.098418094 4.079613209 -0.079670601 0.169855744 -0.194766641 0.962739646
2136.646418080 -0.347768158 0.182047248 4.800836086 -0.088992588 0.190455973 -0.232578620 0.949586213
2136.897378016 0.514689207 -0.006227538 5.800464153 -0.148972809 0.166789383 -0.217177168 0.950169742
2137.150582464 0.797058046 0.978443027 8.084159851 -0.159072950 0.183051586 -0.220634639 0.944726586
2137.400493568 1.267217517 1.477084637 9.535284996 -0.168897733 0.168491900 -0.220899507 0.945667744
2137.651126016 1.754636884 1.876217723 11.038005829 -0.177702501 0.163886651 -0.221744269 0.944665253
2137.901020320 2.140201330 2.254869223 12.375912666 -0.188885376 0.165209442 -0.224531204 0.941601753
2138.150823936 2.178116798 2.451251030 13.200138092 -0.205845863 0.181812823 -0.228712380 0.933949828
2138.401397376 2.346896648 2.630465508 13.975949287 -0.223547325 0.188087791 -0.235154450 0.927012384
2138.650210144 2.531301022 2.836233377 14.740218163 -0.240220174 0.194347903 -0.241331697 0.919935942
2138.900398400 2.767342806 3.021019459 15.462990761 -0.263906062 0.191883862 -0.241328269 0.913944602
2139.152038656 2.969667196 3.630393982 16.506248474 -0.268787563 0.213440895 -0.250209302 0.905312955
2139.401953408 3.304882526 4.175247669 17.363229752 -0.273066193 0.224338621 -0.251818866 0.900940776
2139.651532096 3.639601946 4.736365795 18.467191696 -0.269472241 0.239390627 -0.244251296 0.900232255
2139.900605248 3.966494560 5.321200371 19.490182877 -0.256464630 0.259919196 -0.243389577 0.898570776
2140.150565888 4.339828014 5.869169235 20.530767441 -0.238657579 0.279455721 -0.250377268 0.895688713
2140.400119680 4.762897968 6.354879379 21.505020142 -0.221588239 0.294171989 -0.257819772 0.893247128
2140.651122592 4.827783585 6.744178295 22.187400818 -0.208196312 0.339851737 -0.284491181 0.871905863
2140.901657760 4.926549911 7.101654530 22.860939026 -0.192147240 0.386454374 -0.321597248 0.842797518
2141.150826496 5.104291916 7.421671867 23.523015976 -0.175339416 0.432828426 -0.359595239 0.807840943
2141.400495008 5.376822948 7.702405930 24.164018631 -0.156677783 0.476028234 -0.395088375 0.769905448
2141.650534944 5.719233513 7.934545517 24.776992798 -0.139466792 0.513928473 -0.428902090 0.729705095
2141.901053376 5.074925900 8.226972580 25.381641388 -0.127286643 0.536639094 -0.423670679 0.718553960
2142.151028256 5.074925900 8.226972580 25.381641388 -0.127286643 0.536639094 -0.423670679 0.718553960
2142.401093408 5.015762329 8.214450836 25.317583084 -0.127163097 0.535237968 -0.423209339 0.719891489
2142.650518304 5.069990635 8.229423523 25.037368774 -0.126597092 0.532779455 -0.420297801 0.723511577
2142.900545312 5.126463890 8.272878647 24.753767014 -0.121911854 0.528783083 -0.424174011 0.724984407
2143.150502112 5.191645145 8.314265251 24.468475342 -0.116250657 0.525061369 -0.422303528 0.729695916
2143.400450528 5.093187332 8.334208488 24.064235687 -0.109863244 0.523436666 -0.421967804 0.732043266
2143.649924928 5.011080742 8.351886749 23.646085739 -0.101984419 0.518952310 -0.421097249 0.736861408
2143.901011232 4.910243988 8.376854897 23.227487564 -0.092825398 0.513791025 -0.418112844 0.743359864
2144.150866848 4.749543667 8.421414375 22.803886414 -0.084467761 0.510123193 -0.409406334 0.751682103
2144.400851616 4.580781460 8.481568336 22.375841141 -0.073360749 0.503233016 -0.399606019 0.762685895
2144.648175264 4.431824207 8.565319061 21.962301254 -0.061523572 0.494895965 -0.391786039 0.773173034
2144.900245152 4.208945274 8.611906052 21.539901733 -0.048162803 0.483115911 -0.370047957 0.792050421
2145.151087136 4.018083572 8.654736519 21.109539032 -0.034708794 0.468685627 -0.346102834 0.811998725
2145.400088384 3.863886118 8.637047768 20.727775574 -0.033260450 0.454766423 -0.319383174 0.830707908
2145.647808032 3.741199017 8.609856606 20.357503891 -0.032683123 0.439602345 -0.291111290 0.849079370
2145.900048352 3.716902256 8.606303215 20.157087326 -0.034721293 0.428402036 -0.271151215 0.861245155
2146.150577344 3.633192778 8.568964005 19.979930878 -0.043754339 0.425261080 -0.265321493 0.864200830
2146.402643136 3.559475422 8.546902657 19.827497482 -0.051088415 0.424926221 -0.261911958 0.865002751
2146.647454848 3.995179176 8.600292206 20.240880966 -0.046736408 0.427223951 -0.263375551 0.863671660
2146.900856224 4.459761620 8.640788078 20.655595779 -0.045375429 0.425176799 -0.266817868 0.863697827
2147.150593472 4.512800694 8.529079437 20.795122147 -0.046075013 0.423820913 -0.267090678 0.864242733
2147.401217664 4.440970898 8.328751564 20.546594620 -0.048293948 0.421491683 -0.266303211 0.865502775
2147.646465920 4.434608459 8.330395699 20.543663025 -0.049657103 0.421933085 -0.267900765 0.864717185
