3264.853528416 0.000000000 0.000000000 0.000000000 0.000000000 0.000000000 0.000000000 1.000000000
3265.103732480 -0.002730638 -0.001117243 0.001150866 -0.001091665 0.000163683 -0.002303224 0.999996722
3265.352798080 -0.021349289 -0.014172082 0.154455110 0.005092931 -0.000227316 0.000613199 0.999986827
3265.602712320 -0.103654929 -0.065988183 0.517853022 0.003151478 0.014038458 -0.000442908 0.999896407
3265.853140000 -0.129131615 -0.124572352 0.937241077 -0.004479693 0.010224963 -0.012300421 0.999862075
3266.102472448 -0.228601515 -0.111903206 1.317450047 0.013945628 0.031344112 -0.013576292 0.999319136
3266.352536032 -0.446978867 -0.218504146 1.865893364 -0.010326408 0.073451199 -0.012119892 0.997171700
3266.602691328 -0.693318367 -0.161691129 2.492453575 0.008207250 0.135513142 -0.033997443 0.990158021
3266.852687424 -0.867233694 -0.151781768 3.110084534 0.020214587 0.199030757 -0.062170457 0.977810264
3267.102989248 -0.226301432 -0.504343271 7.452364922 0.052669290 0.227380589 -0.057615872 0.970672190
3267.353715200 0.057313323 -0.531572819 7.804084301 0.076096550 0.176432073 -0.089900933 0.977240443
3267.604117536 0.491402566 -0.795618415 8.178238869 0.054718584 0.136608258 -0.072283439 0.986468017
3267.854320448 1.047394514 -1.269547462 8.528450966 -0.019272400 0.057705194 -0.041187793 0.997297466
3268.104485312 1.570637941 -1.647981167 9.017507553 -0.094076425 -0.021609956 -0.009177855 0.995288074
3268.354556352 1.856586814 -1.727751136 9.486270905 -0.108541980 -0.069860309 -0.007512826 0.991605639
3268.604617056 2.051337242 -1.794918895 9.957693100 -0.121636547 -0.112379812 -0.004671932 0.986181259
3268.854765600 2.199790001 -1.847921491 10.448372841 -0.134741962 -0.155129299 -0.000880888 0.978661716
3269.104986272 2.329431295 -1.872884512 10.934686661 -0.146174580 -0.199060813 0.002501286 0.969020903
3269.354715680 2.248831511 -1.777828932 11.273056030 -0.143544674 -0.215647459 0.003808268 0.965855360
3269.604918624 2.113614798 -1.713409662 11.623837471 -0.149189770 -0.225261211 0.004641933 0.962797105
3269.855207008 1.931160808 -1.646991253 11.936719894 -0.157520965 -0.228461042 0.003018369 0.960720360
3270.105132448 1.695475340 -1.546387553 12.356428146 -0.165102959 -0.224610239 -0.002972240 0.960355401
3270.354953056 1.470526695 -1.480149150 12.825040817 -0.172962800 -0.219697610 -0.014000630 0.960010886
3270.604828384 1.224125862 -1.362347007 13.314287186 -0.178636730 -0.215461135 -0.019556584 0.959834874
3270.855031200 0.935189426 -1.232749462 13.729416847 -0.174535781 -0.209634066 -0.010502080 0.962018967
3271.105212672 0.646405101 -1.161453485 14.131023407 -0.179791346 -0.205020964 -0.008752080 0.962062836
3271.355229472 0.326881170 -1.072750211 14.543579102 -0.185384884 -0.198201492 -0.004855131 0.962457836
3271.605741984 0.006013364 -0.986735582 14.932048798 -0.192242607 -0.185910881 0.001132088 0.963575959
3271.855258944 -0.287749261 -0.914716125 15.202358246 -0.206351459 -0.164610207 0.013842828 0.964432955
3272.105175200 0.643474936 -0.890163124 15.699627876 -0.206630632 -0.157110050 0.015263289 0.965601981
3272.355252960 0.643474936 -0.890163124 15.699627876 -0.206630632 -0.157110050 0.015263289 0.965601981
3272.605195040 0.643474936 -0.890163124 15.699627876 -0.206630632 -0.157110050 0.015263289 0.965601981
3272.855110912 0.679121614 -0.906617343 15.719313622 -0.206424654 -0.156961605 0.015416651 0.965667784
3273.105126432 3.712416649 -1.672815800 14.031134605 -0.200154871 -0.153792337 0.008350036 0.967582703
3273.355298208 0.682980061 -0.262725115 15.502758026 -0.259727806 -0.164622530 0.083718784 0.947856545
3273.605051872 -3.793224335 -4.721391678 4.965631485 -0.274225920 -0.091355398 0.080849342 0.953896105
3273.855153504 -10.218755722 -10.224243164 -4.310668945 -0.291924447 -0.016966620 0.076210760 0.953249276
3274.105100928 -18.067878723 -13.659149170 -12.083051682 -0.272983313 0.064232983 -0.000676921 0.959871769
3274.355173536 -38.922870636 -9.576396942 -19.504028320 -0.179054037 0.247886792 -0.115010388 0.945126653
3274.605223840 -57.473957062 2.156070709 -20.056550980 -0.068443902 0.408106208 -0.233694524 0.879858851
3274.855448416 -70.272994995 19.528186798 -13.709917068 0.049439564 0.546253204 -0.340793908 0.763559222
3275.105198400 -73.743904114 38.418350220 -1.801777840 0.164393112 0.654091597 -0.429128885 0.600822270
3275.355552800 -67.026199341 54.349300385 12.742489815 0.270298034 0.723660231 -0.491149575 0.402525723
3275.605181376 -51.865425110 63.895725250 26.216346741 0.352617711 0.751952708 -0.525519013 0.184547007
3275.855216128 -31.568418503 65.264793396 35.823802948 0.418354809 0.736916244 -0.529588997 -0.038329799
3276.105225632 -10.603143692 58.345863342 39.477142334 0.460148662 0.684464633 -0.504320920 -0.255796313
3276.355436576 7.064249039 44.487274170 35.892364502 0.473107606 0.594329000 -0.453339607 -0.466288954
3276.604870304 17.304370880 26.966770172 25.697803497 -0.459271908 -0.476809710 0.372303933 0.650470257
3276.855102240 18.042049408 9.616901398 10.674556732 -0.420814186 -0.332478762 0.269346207 0.799891174
3277.105447424 9.037620544 -3.479511261 -5.819480896 -0.362250090 -0.167331696 0.153417796 0.904012144
3277.355353344 -7.696546555 -9.874540329 -20.616529465 -0.286380619 0.004927646 0.039651651 0.957282424
3277.605417824 -28.677415848 -7.857232571 -30.615093231 -0.195904955 0.176714480 -0.081485420 0.961120903
3277.854709536 -50.971122742 3.081608295 -33.882930756 -0.085883863 0.344833970 -0.193298951 0.914521217
3278.105183616 -68.531631470 20.764949799 -28.822326660 0.027085580 0.494371682 -0.296009690 0.816848397
3278.355091104 -76.230895996 37.941795349 -19.662681580 0.096580237 0.601615608 -0.389443874 0.690698445
3278.605074272 -76.383872986 55.770713806 -8.079763412 0.140597120 0.687119424 -0.469280660 0.536539853
