3467.602884832 0.000000000 0.000000000 0.000000000 0.000000000 0.000000000 0.000000000 1.000000000
3467.852750272 0.117182955 -0.009049119 0.062772311 0.000407758 -0.024443161 0.011820215 0.999631226
3468.103027136 0.006039307 -0.047372013 0.327425271 -0.008149243 -0.025661817 0.002732436 0.999633729
3468.352771776 -0.228555396 -0.020131601 0.685692549 0.007767336 0.006195950 0.007783235 0.999920309
3468.602803296 -0.542183280 -0.050191350 1.810969114 -0.010637083 0.028882207 -0.006801823 0.999503076
3468.852506496 -0.564310431 -0.068863198 2.999891758 -0.008095815 0.045014631 0.019759780 0.998758078
3469.103014816 -0.549793184 -0.089198247 4.028128624 -0.005950476 0.066451453 0.029672697 0.997330606
3469.354243104 -0.913252234 -0.180015326 4.595960617 -0.056034543 0.084259197 0.057863042 0.993182957
3469.604213952 -1.224144697 -0.123289347 5.273511887 -0.071616285 0.083115213 0.077514075 0.990936160
3469.854263040 -1.046532273 -0.079615265 5.935253143 -0.125472173 0.058726978 0.075230509 0.987495899
3470.104427008 -0.716804445 0.491568595 7.062497616 -0.133253694 0.053781442 0.075096048 0.986768246
3470.355290240 -0.866386771 0.988658428 7.753726482 -0.148361951 0.057327677 0.074922487 0.984423161
3470.605489600 -0.951538801 1.487475991 8.707716942 -0.142447963 0.042938560 0.101108424 0.983687937
3470.854785312 -1.054231167 1.684167147 9.186164856 -0.164938897 0.031133763 0.099672191 0.980760574
3471.106228128 -1.253456950 1.957118511 9.722681999 -0.159917384 0.020218307 0.096310541 0.982212782
3471.355019392 -1.454713702 2.177637815 10.253433228 -0.161737964 0.009739012 0.097917162 0.981915593
3471.605317792 -1.680783391 2.383320332 10.790858269 -0.166669130 0.002330543 0.097311325 0.981196463
3471.855194688 -1.976670504 2.866376877 11.394227982 -0.159899801 -0.003822374 0.104511410 0.981577694
3472.105463456 -2.269894123 3.333025932 12.013684273 -0.152116269 -0.010385084 0.112918913 0.981836081
3472.355473728 -2.605197668 3.859538794 12.688295364 -0.138740718 -0.009411438 0.114380211 0.983656228
3472.605273760 -3.044373751 4.296255112 13.196464539 -0.124006890 0.016242398 0.088459358 0.988197029
3472.855234208 -3.512426376 4.768859863 13.693560600 -0.106982447 0.048273373 0.059933610 0.991278172
3473.105462720 -3.995357513 5.213609695 14.181532860 -0.090286531 0.089679800 0.040557422 0.991040349
3473.354981824 -4.053923130 5.328902245 14.416207314 -0.074518867 0.127764016 -0.048339751 0.987819076
3473.605435264 -4.053923130 5.328902245 14.416207314 -0.074518867 0.127764016 -0.048339751 0.987819076
3473.854735584 -4.071520329 5.319087982 14.428335190 -0.076286443 0.129317150 -0.047099099 0.987541974
3474.106177248 -4.066158295 5.377593994 14.466467857 -0.067325830 0.125743568 -0.042428292 0.988865852
3474.355318816 -3.996004820 5.363552094 14.321583748 -0.058108494 0.121024884 -0.039458565 0.990161300
3474.605331328 -3.996004820 5.363552094 14.321583748 -0.058108494 0.121024884 -0.039458565 0.990161300
3474.855093600 -3.996004820 5.363552094 14.321583748 -0.058108494 0.121024884 -0.039458565 0.990161300
3475.105876640 -3.996004820 5.363552094 14.321583748 -0.058108494 0.121024884 -0.039458565 0.990161300
3475.356260576 -3.996004820 5.363552094 14.321583748 -0.058108494 0.121024884 -0.039458565 0.990161300
3475.606071840 -3.806039333 5.220803261 13.518754959 -0.050708748 0.127183467 -0.056679171 0.988959253
3475.855647840 -3.580839634 5.034189224 12.549228668 -0.045489419 0.130246997 -0.068036564 0.988097906
3476.106263200 -3.115259886 5.727775574 6.281744480 0.034464296 0.178233281 -0.182034209 0.966389477
3476.355206176 -2.691644669 6.904891014 0.245800495 0.109934092 0.219506100 -0.290906429 0.924718916
3476.605813952 -1.857358932 9.457244873 -6.116096020 0.186395079 0.254699826 -0.391315639 0.864440262
3476.855192128 -2.099160433 13.301736832 -14.394115448 0.276948422 0.318423927 -0.555546045 0.716431737
3477.105433440 -1.784955978 18.355739594 -21.830268860 0.349988133 0.358529717 -0.686666071 0.526739419
3477.355424288 -0.350929976 24.262153625 -28.452844620 -0.400711745 -0.377907932 0.776439846 -0.306197435
3477.605461952 2.584960699 30.633243561 -34.621318817 -0.424262673 -0.376402557 0.821010232 -0.065303273
3477.855394016 7.118382454 36.584930420 -40.457771301 -0.421655208 -0.353095412 0.816159129 0.177242234
3478.105589856 13.284493446 41.581035614 -46.540904999 -0.394960791 -0.307800442 0.760223448 0.413914353
3478.355331200 19.976394653 44.824619293 -52.924648285 -0.344183505 -0.243629187 0.658360958 0.623492897
3478.605132032 26.883853912 46.504829407 -60.420581818 -0.272618711 -0.165951476 0.517211795 0.794122875
3478.855286240 32.884803772 46.838394165 -69.024650574 -0.183980733 -0.078629114 0.344655275 0.917159379
3479.105669376 37.318801880 46.612339020 -78.680496216 -0.080175795 0.013533697 0.150079682 0.985324681
3479.355574304 41.954357147 45.812232971 -90.111282349 -0.027055841 0.054265194 0.026966481 0.997795641
3479.605812160 46.410369873 44.679767609 -102.253585815 0.008589618 0.073878095 -0.051134568 0.995918393
3479.855193760 50.852390289 43.316158295 -113.940895081 0.028237885 0.078203082 -0.096845485 0.991820455
3480.106070752 55.202594757 41.654857635 -125.736251831 0.038200136 0.084002025 -0.130321026 0.987168074
3480.354905440 59.309486389 39.778629303 -136.600646973 0.035520330 0.084254496 -0.144828111 0.985222995
3480.605447456 63.251914978 37.847103119 -146.884872437 0.035570014 0.084835306 -0.154101968 0.983763397
3480.855105664 67.146278381 35.754585266 -157.124084473 0.031608950 0.083882503 -0.159586400 0.983105659
