1574.761641248 0.000000000 0.000000000 0.000000000 0.000000000 0.000000000 0.000000000 1.000000000
1575.015854720 0.003668239 0.001682916 -0.005889738 -0.000068817 0.000096610 0.000067145 1.000000000
1575.515834208 0.003668239 0.001682916 -0.005889738 -0.000068817 0.000096610 0.000067145 1.000000000
1575.761703232 -1.311001539 0.015176925 -0.116849944 -0.000596576 0.024807546 0.012161530 0.999618113
1576.016055680 0.381116867 0.103356346 -2.918400526 0.037070274 -0.377064288 0.068253987 0.922924519
1576.515982752 0.381116867 0.103356346 -2.918400526 0.037070274 -0.377064288 0.068253987 0.922924519
1576.761832352 0.381116867 0.103356346 -2.918400526 0.037070274 -0.377064288 0.068253987 0.922924519
1577.016055872 -0.259266496 -0.623437524 -4.192467213 -0.058975566 -0.180220664 0.016892102 0.981711268
1577.265942560 -0.259266496 -0.623437524 -4.192467213 -0.058975566 -0.180220664 0.016892102 0.981711268
1577.515939296 -3.535857677 1.510157704 22.247421265 -0.067037672 -0.190132245 0.014710069 0.979356587
1577.761605856 -3.535857677 1.510157704 22.247421265 -0.067037672 -0.190132245 0.014710069 0.979356587
1578.016047424 -3.799645424 1.442387104 22.182346344 -0.077099919 -0.156988636 0.005865216 0.984568775
1578.265984032 -4.104230404 1.397604823 22.195899963 -0.083764434 -0.122756004 0.001496012 0.988894463
1578.515809152 -4.104230404 1.397604823 22.195899963 -0.083764434 -0.122756004 0.001496012 0.988894463
1578.761613440 -4.104230404 1.397604823 22.195899963 -0.083764434 -0.122756004 0.001496012 0.988894463
1579.015908672 -4.104230404 1.397604823 22.195899963 -0.083764434 -0.122756004 0.001496012 0.988894463
1579.265945600 -3.988192797 1.412534833 21.929224014 -0.074993052 -0.117921732 0.007710426 0.990157068
1579.515997184 -3.988192797 1.412534833 21.929224014 -0.074993052 -0.117921732 0.007710426 0.990157068
1579.761557824 -3.988192797 1.412534833 21.929224014 -0.074993052 -0.117921732 0.007710426 0.990157068
1580.015829568 -3.988192797 1.412534833 21.929224014 -0.074993052 -0.117921732 0.007710426 0.990157068
1580.265911008 -6.469716072 2.315115929 28.039371490 -0.081366889 -0.132395148 0.005901604 0.987834036
1580.515859008 -6.469716072 2.315115929 28.039371490 -0.081366889 -0.132395148 0.005901604 0.987834036
1580.761731616 -4.114982128 2.951126814 23.841224670 -0.080634981 -0.140028715 -0.093277074 0.982440472
1581.015822336 -5.193930626 8.599835396 21.887865067 -0.009707969 -0.090084046 -0.123808302 0.988160968
1581.265812032 -5.193930626 8.599835396 21.887865067 -0.009707969 -0.090084046 -0.123808302 0.988160968
1581.516149024 -6.177748680 8.866259575 22.363206863 0.013951253 -0.024129221 -0.119694658 0.992419422
1581.761723424 -6.330413818 8.479237556 22.579372406 -0.002998233 -0.029335720 -0.096538417 0.994892299
1582.016133696 -7.199546814 8.615122795 24.446683884 -0.001778934 0.004298398 -0.065274246 0.997856498
1582.515870304 -7.199546814 8.615122795 24.446683884 -0.001778934 0.004298398 -0.065274246 0.997856498
1582.761676768 -7.199546814 8.615122795 24.446683884 -0.001778934 0.004298398 -0.065274246 0.997856498
1583.015848800 -7.217370510 8.587205887 24.363201141 -0.001168532 0.002883955 -0.066854768 0.997757852
1583.265885312 -7.217370510 8.587205887 24.363201141 -0.001168532 0.002883955 -0.066854768 0.997757852
1583.516214880 -7.217370510 8.587205887 24.363201141 -0.001168532 0.002883955 -0.066854768 0.997757852
1583.762048704 -7.217370510 8.587205887 24.363201141 -0.001168532 0.002883955 -0.066854768 0.997757852
1584.015882912 -7.216590405 8.591947556 24.349163055 -0.001205300 0.002878940 -0.066909626 0.997754157
1584.265943104 -7.216590405 8.591947556 24.349163055 -0.001205299 0.002878939 -0.066909626 0.997754157
1584.515938848 -7.216590405 8.591947556 24.349163055 -0.001205281 0.002878940 -0.066909641 0.997754157
1584.761630464 1.119569302 11.561971664 -4.002311707 -0.023295648 0.034821026 -0.122297667 0.991608858
1585.015998336 -8.716913223 8.133626938 -9.485031128 -0.261746228 0.486685097 -0.050271124 0.831925094
1585.266090592 -8.716913223 8.133626938 -9.485031128 -0.261746228 0.486685097 -0.050271124 0.831925094
1585.515804352 -8.716913223 8.133626938 -9.485031128 -0.261746228 0.486685097 -0.050271124 0.831925094
1585.761851296 -8.716913223 8.133626938 -9.485031128 -0.261746228 0.486685097 -0.050271124 0.831925094
1586.016202048 -34.158035278 5.140046597 -28.761732101 -0.278706849 0.493594527 -0.048140340 0.822416782
1586.265896096 -34.158035278 5.140046597 -28.761732101 -0.278706849 0.493594527 -0.048140340 0.822416782
1586.515876640 -34.191509247 5.128601074 -28.715744019 -0.278666764 0.493783325 -0.047759503 0.822339296
1586.761623392 -34.191509247 5.128601074 -28.715744019 -0.278666764 0.493783325 -0.047759503 0.822339296
1587.015878944 -34.023910522 5.109060764 -29.094436646 -0.270321906 0.465307295 -0.043394528 0.841743469
1587.266048160 -34.023910522 5.109060764 -29.094436646 -0.270321906 0.465307295 -0.043394528 0.841743469
1587.515897184 -33.703201294 5.383190155 -28.312606812 -0.270986587 0.465132654 -0.041428335 0.841725349
1587.761590496 -33.703201294 5.383190155 -28.312606812 -0.270986587 0.465132654 -0.041428335 0.841725349
1588.015891904 -33.703201294 5.383190155 -28.312606812 -0.270986587 0.465132654 -0.041428335 0.841725349
1588.266224640 -33.703201294 5.383190155 -28.312606812 -0.270986587 0.465132654 -0.041428335 0.841725349
1588.516104128 -33.653774261 5.415466785 -28.324552536 -0.269884735 0.464313477 -0.042374033 0.842484176
1588.761512640 -33.653774261 5.415466785 -28.324552536 -0.269884735 0.464313477 -0.042374033 0.842484176
1589.015987136 -33.653774261 5.415466785 -28.324552536 -0.269884735 0.464313477 -0.042374033 0.842484176
1589.267550880 -33.653774261 5.415466785 -28.324552536 -0.269884735 0.464313477 -0.042374033 0.842484176
