2297.150608288 0.000000000 0.000000000 0.000000000 0.000000000 0.000000000 0.000000000 1.000000000
2297.398296192 -0.008423842 -0.001102125 -0.028480172 0.001551843 0.000660674 -0.000070423 0.999998569
2297.647087296 0.006661206 -0.023765193 -0.133004010 0.002035040 0.000928043 -0.001151767 0.999996841
2297.898437088 0.042709183 -0.055950999 -0.161371857 -0.002209142 0.003763904 0.000601263 0.999990284
2298.150987840 0.013203340 0.000716597 0.059877992 -0.002442309 0.003519489 0.005598752 0.999975145
2298.397891968 -0.015045332 0.053568043 0.301869094 -0.003420453 0.006109534 0.011273405 0.999911964
2298.646595104 -0.040058650 0.117528357 0.548038960 0.000827328 0.005553881 0.012776792 0.999902606
2298.898246144 -0.075875729 0.191094309 0.799469829 0.007978217 0.006925335 0.016690798 0.999804914
2299.150224960 -0.228553489 0.204876423 1.064652562 -0.002508546 0.041216023 0.019335298 0.998960018
2299.397757088 -0.358743966 0.256814837 1.359128475 -0.005057172 0.077275701 0.013092409 0.996910989
2299.646693696 -0.450349629 0.335672736 1.721844554 -0.002099976 0.102066696 0.008352540 0.994740248
2299.898285312 -0.502718568 0.341458619 2.115079165 -0.023607669 0.118437596 0.006103194 0.992662072
2300.150168512 -0.585985243 0.397077709 2.593439817 -0.037458744 0.139067367 -0.001641758 0.989572823
2300.398066560 -0.666042447 0.506839395 3.080670118 -0.035794094 0.165661603 -0.006005261 0.985514581
2300.646364960 -0.713151753 0.644847631 3.632422924 -0.013107018 0.204867691 0.005332791 0.978687406
2300.898739104 -0.164436162 0.797684431 4.534170151 -0.026487641 0.216010153 0.019142210 0.975844026
2301.150871744 0.357831657 0.949545860 5.441653252 -0.052143291 0.237147197 0.038264204 0.969318390
2301.399192960 0.933020055 1.225779653 6.297445297 -0.022897786 0.250463635 0.100396723 0.962633967
2301.646937920 1.491052747 1.495506883 7.166402817 0.006887177 0.263669610 0.157644525 0.951619208
2301.900679744 1.910393238 0.894407451 7.570029259 -0.006417927 0.244830906 0.306399524 0.919856489
2302.150202912 2.754882336 1.040714502 9.234291077 0.009450194 0.220913976 0.291241139 0.930745065
2302.400156128 2.687988758 1.224339604 9.630929947 -0.004357381 0.238056302 0.250019163 0.938509762
2302.649045280 2.509837627 1.470057011 9.913160324 -0.020921702 0.264655143 0.195319533 0.944124043
2302.900381120 2.407120466 1.706672549 10.186712265 -0.029894600 0.286063313 0.167542115 0.942975998
2303.150114752 2.335428715 1.961496949 10.443443298 -0.037571672 0.303424358 0.139743075 0.941803515
2303.401199040 2.472156763 2.287955284 10.601552010 -0.040857524 0.293011546 0.112794198 0.948552787
2303.649669024 2.829309464 2.414972782 10.830423355 -0.040405985 0.281274468 0.123334967 0.950810432
2303.900184160 3.205895185 2.521829605 11.146543503 -0.040916819 0.270950675 0.130212381 0.952867389
2304.150464256 3.551395178 2.602803946 11.581546783 -0.041989658 0.264043272 0.136027589 0.953946829
2304.400544416 3.936524391 2.624127626 11.982499123 -0.050644454 0.251264930 0.141101018 0.956238270
2304.650000000 4.196364880 2.655407429 12.313273430 -0.057791289 0.243664891 0.153205574 0.955937088
2304.900206592 4.462609768 2.760171175 12.649894714 -0.060522433 0.235336512 0.160131946 0.956719160
2305.151066016 4.720545292 2.808271170 12.889405251 -0.070951566 0.230306774 0.164465591 0.956491351
2305.400630720 4.985067368 2.821704149 13.117643356 -0.092435874 0.222528815 0.169084236 0.955691934
2305.650220512 5.174299240 2.892714977 13.363936424 -0.108077653 0.234895408 0.160059080 0.952640772
2305.900140288 5.203302860 2.830988407 13.384416580 -0.125203356 0.245868310 0.165309846 0.946860909
2306.150642272 5.200004578 2.807025194 13.494724274 -0.141837582 0.260405034 0.163997710 0.940837979
2306.401120576 5.165216446 2.769131422 13.600880623 -0.159159929 0.275623173 0.161856547 0.934078395
2306.650468288 5.131080627 2.678846359 13.626999855 -0.175933123 0.289519489 0.163314492 0.926582098
2306.900162400 5.108963013 2.615040541 13.738759041 -0.197190374 0.304800600 0.160655245 0.917824864
2307.150566144 5.108963013 2.615040541 13.738759041 -0.197190374 0.304800600 0.160655245 0.917824864
2307.400683360 4.049705982 2.329244137 13.837602615 -0.187825218 0.345208973 0.130471185 0.910236120
2307.649406816 2.612562418 1.313534021 13.825711250 -0.218675137 0.373488724 0.166652277 0.885953963
2307.900139872 1.268769264 0.185062051 13.952102661 -0.247422650 0.400171340 0.201051533 0.859199166
2308.150494848 1.268769264 0.185062051 13.952102661 -0.247422650 0.400171340 0.201051533 0.859199166
2308.399452512 1.290236354 0.229255587 13.966209412 -0.246973336 0.401552945 0.198849216 0.859196365
2308.647951648 1.314243793 0.267103225 13.969020844 -0.245055661 0.403028518 0.199006632 0.859018087
2308.899216064 1.346037745 0.312672347 13.971640587 -0.242816478 0.403313190 0.201233357 0.859001637
2309.150450560 1.346830487 0.321808904 14.026992798 -0.248113766 0.415542036 0.207196042 0.850196540
2309.398473216 1.345726013 0.320866913 14.085032463 -0.256096721 0.427609682 0.211631134 0.840700090
2309.647432448 1.327192068 0.306464016 14.166642189 -0.274205238 0.434678137 0.184424609 0.837767243
2309.898642112 1.281123042 0.334728897 14.193246841 -0.267445296 0.434141517 0.160999432 0.845028579
2310.150231616 1.213185549 0.334910780 14.223643303 -0.262723893 0.437635869 0.137132525 0.848908544
2310.398261312 1.141816735 0.339964509 14.262827873 -0.261691958 0.440355211 0.110709779 0.851673663
2310.646758048 1.059398532 0.298609048 14.289742470 -0.266392827 0.441085696 0.084654726 0.852825820
2310.897984384 0.967349231 0.254305363 14.320178986 -0.271291435 0.442973435 0.058816366 0.852476478
2311.150430912 0.868641436 0.212578967 14.360390663 -0.276493192 0.446528494 0.033082590 0.850334883
2311.397526272 0.810621321 0.174363852 14.434835434 -0.288949490 0.454476118 0.014260935 0.842470348
2311.646187136 0.874499977 0.235046163 14.572185516 -0.294234991 0.470339119 -0.006109967 0.831967294
2311.896429952 0.847772181 0.248835683 14.624403000 -0.295209914 0.478810102 -0.021968398 0.826504350
2312.147233184 0.833572149 0.236540228 14.611918449 -0.295331210 0.480823606 -0.015309370 0.825441539
