1625.016216384 0.000000000 0.000000000 0.000000000 0.000000000 0.000000000 0.000000000 1.000000000
1625.516342240 0.000000000 0.000000000 0.000000000 0.000000000 0.000000000 0.000000000 1.000000000
1625.762260576 0.000000000 0.000000000 0.000000000 0.000000000 0.000000000 0.000000000 1.000000000
1626.016519456 0.002961780 0.006854451 -0.000831875 0.002003694 0.000166545 -0.000266709 0.999997914
1626.516320992 0.002961780 0.006854451 -0.000831875 0.002003694 0.000166545 -0.000266709 0.999997914
1626.762631104 0.002961780 0.006854451 -0.000831875 0.002003694 0.000166545 -0.000266709 0.999997914
1627.016474816 0.059730534 0.025324471 0.191690445 -0.000433842 0.006669542 -0.002199924 0.999975204
1627.516842496 0.059730534 0.025324471 0.191690445 -0.000433842 0.006669542 -0.002199924 0.999975204
1627.762014432 -0.716386974 -0.185921550 0.795649290 -0.002857973 0.012501579 -0.003056647 0.999913096
1628.016806848 -1.784073591 -0.350766540 1.285121083 0.000273202 0.026169684 -0.017363749 0.999506652
1628.266417184 -1.784073591 -0.350766540 1.285121083 0.000273202 0.026169684 -0.017363749 0.999506652
1628.516349312 -1.784073591 -0.350766540 1.285121083 0.000273202 0.026169684 -0.017363749 0.999506652
1628.762136256 -1.912411332 -0.256148398 1.388286591 0.013833094 0.036646023 -0.011537696 0.999165952
1629.015994976 -2.362086058 -0.356912374 -1.705688238 0.023234207 -0.061854780 0.001546120 0.997813463
1629.266846048 -2.890737534 -0.375894219 -3.612140656 0.055696942 -0.128831849 -0.019721629 0.989904702
1629.516612288 -0.789883137 -11.416749954 0.906412601 -0.255488962 -0.340470821 0.013684518 0.904774964
1629.762311200 1.719612598 -11.436006546 0.891520858 -0.274429947 -0.363959044 0.058106024 0.888169885
1630.016712992 1.719612598 -11.436006546 0.891520858 -0.274429947 -0.363959044 0.058106024 0.888169885
1630.266315264 1.735137224 -11.447360992 0.874713659 -0.273511261 -0.364188313 0.058136452 0.888357282
1630.515817120 1.735137224 -11.447360992 0.874713659 -0.273511261 -0.364188313 0.058136452 0.888357282
1630.762208000 -1.791591406 -7.879945278 3.025202274 -0.274338573 -0.360834152 0.099464446 0.885801315
1631.017036224 -1.791591406 -7.879945278 3.025202274 -0.274338573 -0.360834152 0.099464446 0.885801315
1631.266223104 -2.462953329 -7.538149834 4.741755486 -0.280463129 -0.370758027 0.097763285 0.879955232
1631.516446688 -2.462953329 -7.538149834 4.741755486 -0.280463129 -0.370758027 0.097763285 0.879955232
1631.762486624 -3.767408371 -8.976003647 -1.266940594 -0.272628427 -0.328102797 0.084637783 0.900476933
1632.016302592 -3.767408371 -8.976003647 -1.266940594 -0.272628427 -0.328102797 0.084637783 0.900476933
1632.266282496 -3.307887793 -9.012967110 -1.404017687 -0.271221846 -0.334381312 0.090391845 0.898029625
1632.516300416 -2.757036686 -9.190815926 -1.730926275 -0.257470310 -0.337052226 0.080675766 0.901995718
1632.762199264 -2.899291039 -8.046545029 -0.499653578 -0.265412360 -0.367405087 0.145233110 0.879475474
1633.016404000 -11.951407433 -4.639390945 5.548066139 -0.236460105 -0.317940593 0.126534268 0.909389615
1633.266303296 -11.951407433 -4.639390945 5.548066139 -0.236460105 -0.317940593 0.126534268 0.909389615
1633.515898624 -12.326308250 -4.577553272 5.618494034 -0.238664180 -0.316818237 0.126617387 0.909193933
1633.761998048 -12.710068703 -4.573441505 5.629309654 -0.241323382 -0.311721295 0.123996481 0.910613954
1634.016691648 -12.710068703 -4.573441505 5.629309654 -0.241323382 -0.311721295 0.123996481 0.910613954
1634.516168640 -12.710068703 -4.573441505 5.629309654 -0.241323382 -0.311721295 0.123996481 0.910613954
1634.762061312 -12.710068703 -4.573441505 5.629309654 -0.241323382 -0.311721295 0.123996481 0.910613954
1635.016274528 -12.710068703 -4.573441505 5.629309654 -0.241323382 -0.311721295 0.123996481 0.910613954
1635.516999872 -12.710068703 -4.573441505 5.629309654 -0.241323382 -0.311721295 0.123996481 0.910613954
1635.762017792 -12.710068703 -4.573441505 5.629309654 -0.241323382 -0.311721295 0.123996481 0.910613954
1636.017093568 -12.710068703 -4.573441505 5.629309654 -0.241323382 -0.311721295 0.123996481 0.910613954
1636.516213376 -12.710068703 -4.573441505 5.629309654 -0.241323382 -0.311721295 0.123996481 0.910613954
1636.762208384 -12.710068703 -4.573441505 5.629309654 -0.241323382 -0.311721295 0.123996481 0.910613954
1637.016310592 -12.710068703 -4.573441505 5.629309654 -0.241323382 -0.311721295 0.123996481 0.910613954
1637.516444576 -12.710068703 -4.573441505 5.629309654 -0.241323382 -0.311721295 0.123996481 0.910613954
1637.762149952 -12.710068703 -4.573441505 5.629309654 -0.241323382 -0.311721295 0.123996481 0.910613954
1638.016434592 -12.710068703 -4.573441505 5.629309654 -0.241323382 -0.311721295 0.123996481 0.910613954
1638.516209152 -12.710068703 -4.573441505 5.629309654 -0.241323382 -0.311721295 0.123996481 0.910613954
1638.762058336 -12.710068703 -4.573441505 5.629309654 -0.241323382 -0.311721295 0.123996481 0.910613954
1639.017112480 -12.718493462 -4.583353996 5.620397568 -0.240796164 -0.311934680 0.123774998 0.910710573
1639.516788704 -12.718493462 -4.583353996 5.620397568 -0.240796164 -0.311934680 0.123774998 0.910710573
