3363.352539776 0.000000000 0.000000000 0.000000000 0.000000000 0.000000000 0.000000000 1.000000000
3363.602253664 -0.037384119 0.010358158 0.310911387 -0.018965008 0.017309498 -0.023219243 0.999400616
3363.852497280 -0.128905460 0.067938201 0.520981789 -0.022430776 0.047146931 -0.023082286 0.998369277
3364.102806432 -0.029851779 -0.078554042 0.329736471 -0.034728106 0.034780733 -0.050764631 0.997500479
3364.352510176 -0.019755239 -0.065573476 0.197435692 -0.015108430 0.041675303 -0.057102822 0.997383714
3364.602183936 -0.190057799 -0.041573212 0.390036464 -0.033334438 0.082408838 -0.047499578 0.994907737
3364.852227488 -0.361104369 0.052852012 0.625332832 -0.037380442 0.128915757 -0.031328402 0.990455449
3365.102760992 -0.296061069 0.151806504 0.836829185 -0.037587360 0.132540435 -0.002272525 0.990462065
3365.353148128 -0.112372711 0.470413983 1.032488108 0.011897803 0.108421005 0.026070757 0.993691921
3365.604307232 0.048880652 0.546266913 1.593688607 0.021752622 0.057375990 0.018464293 0.997944832
3365.854440704 0.276570112 0.533346117 3.209130049 0.032050885 0.053323723 0.023676436 0.997781932
3366.105228448 0.225499317 0.383118004 2.979794741 -0.039395280 0.031955734 0.056690458 0.997102320
3366.354956288 0.180198044 0.596822202 2.947617292 0.007548474 0.008806674 0.057373654 0.998285353
3366.605092160 -0.149794936 0.562636256 3.401750088 -0.002672012 0.034959581 0.036452971 0.998720109
3366.854915136 -0.361659646 0.639384925 3.742774487 -0.000970762 0.045620628 0.025155367 0.998641610
3367.105493984 -0.623788774 0.681804657 4.119903564 -0.001579388 0.058584068 0.020043554 0.998080015
3367.355016608 -0.871094704 0.700998068 4.475184917 -0.005879958 0.069036715 0.019906240 0.997398138
3367.606457344 -1.080312729 0.740244389 4.839336872 -0.008102431 0.076752335 0.019524554 0.996826053
3367.855111424 -1.293261290 0.765532911 5.184723377 -0.014728507 0.087589234 0.013307582 0.995958865
3368.105236416 -1.523415685 0.832042158 5.474306107 -0.016901398 0.096706539 0.012738384 0.995087922
3368.354892320 -1.716372848 0.867226481 5.754166603 -0.019002303 0.103442065 0.017146790 0.994306147
3368.605463936 -1.914181232 0.894968927 6.007888317 -0.020794068 0.112614036 0.019992426 0.993220031
3368.854950656 -2.106633663 0.918087840 6.249476910 -0.023187375 0.123823091 0.027089795 0.991663396
3369.105203008 -2.238713741 0.949177027 6.461431980 -0.024347816 0.125196978 0.032131240 0.991312504
3369.354951968 -2.320639372 0.956981659 6.636508465 -0.025389088 0.124380469 0.037851203 0.991187274
3369.610254912 -2.418355703 1.031118989 6.794374466 -0.012538813 0.125957489 0.035210218 0.991331279
3369.855339840 -1.026606560 0.670346320 7.503206253 -0.042029519 -0.214939341 -0.032810811 0.975170732
3370.105452320 -1.026606560 0.670346320 7.503206253 -0.042029519 -0.214939341 -0.032810811 0.975170732
3370.355207232 -1.026606560 0.670346320 7.503206253 -0.042029519 -0.214939341 -0.032810811 0.975170732
3370.605417152 -1.026606560 0.670346320 7.503206253 -0.042029519 -0.214939341 -0.032810811 0.975170732
3370.855011776 8.932354927 0.547808528 3.814001322 -0.041927349 -0.232901722 -0.032480933 0.971052945
3371.105311488 10.210399628 0.530024469 4.218460083 -0.041093081 -0.223204821 -0.033249207 0.973337293
3371.355009216 10.210399628 0.530024469 4.218460083 -0.041093081 -0.223204821 -0.033249207 0.973337293
3371.605991328 7.940248966 0.986239016 5.499014378 -0.037847072 -0.241601899 -0.018424543 0.969462037
3371.855236512 10.158414841 3.800724268 5.721704483 -0.023745140 -0.275227964 0.015111853 0.960966885
3372.105341184 12.632934570 6.674798012 6.333078384 -0.009967593 -0.314229012 0.045489799 0.948204339
3372.355327200 27.728763580 18.303741455 3.968297005 0.061362918 -0.331835210 0.061350312 0.939338148
3372.605595136 45.365718842 32.264595032 3.482058525 0.119991183 -0.355939150 0.079015292 0.923399150
3372.855415616 63.397426605 48.498611450 5.249013901 0.177234977 -0.379603148 0.100444630 0.902441204
3373.105803936 79.081031799 65.266769409 9.353784561 0.225037470 -0.404863745 0.129112989 0.876797199
3373.355138112 92.334640503 82.046844482 15.676497459 0.275699168 -0.429223776 0.155874982 0.845848680
3373.605977280 103.648353577 99.223274231 24.426721573 0.336129904 -0.445534378 0.177954897 0.810461521
3373.855131136 112.705192566 116.062255859 35.422412872 0.393350363 -0.460370153 0.201067552 0.770004332
3374.105567072 119.381378174 131.989852905 48.461914062 0.447647870 -0.475252628 0.224007413 0.723579288
3374.354889376 123.733123779 146.873352051 63.212329865 0.500399530 -0.483979672 0.247299433 0.673948705
3374.605357632 125.745643616 160.397567749 79.323875427 0.547949970 -0.490905732 0.271036148 0.620726943
3374.855894304 125.174850464 172.385330200 96.521133423 0.586515129 -0.500902355 0.300895333 0.560855329
3375.105897312 122.083015442 182.417984009 114.285812378 0.621577501 -0.507694960 0.329454362 0.497339904
3375.355183040 118.803260803 187.707977295 127.099472046 0.662015140 -0.494476140 0.339718580 0.449244291
3375.604940096 115.046760559 191.698257446 139.747924805 0.695810080 -0.478136867 0.347742915 0.407809019
