2232.897246400 0.000000000 0.000000000 0.000000000 0.000000000 0.000000000 0.000000000 1.000000000
2233.149828320 -0.002509483 -0.001617537 0.001537735 -0.000728902 0.000174107 -0.001961470 0.999997795
2233.397426688 -0.002270403 -0.001136266 0.000936096 -0.000985958 0.000181951 -0.001965427 0.999997556
2233.647269248 -0.113204636 0.000868678 0.066016234 0.002802712 0.015051912 -0.012199430 0.999808371
2233.897218848 -0.243079484 -0.036096327 0.129562676 -0.005095127 0.033619612 -0.023460163 0.999146342
2234.149724064 -0.314982325 -0.063730791 0.206033185 -0.011151776 0.037021361 -0.038707796 0.998502254
2234.397416192 -0.396041155 -0.000930600 0.239471391 0.015427572 0.043221489 -0.045521196 0.997908652
2234.646514848 -0.479861736 0.069558464 0.290786475 0.043866530 0.050827526 -0.051847573 0.996395588
2234.897642720 -0.560106933 0.133609101 0.336657584 0.072187193 0.058691416 -0.057338655 0.994010329
2235.148917760 -0.641417265 0.204527527 0.377853692 0.102925852 0.068437941 -0.059795748 0.990528643
2235.397680544 -0.719909906 0.286830664 0.430242717 0.137590885 0.078147106 -0.062929668 0.985394120
2235.646583424 -0.719909906 0.286830664 0.430242717 0.137590885 0.078147106 -0.062929668 0.985394120
2235.897543232 -0.751907945 0.285179347 0.331070125 0.137275815 0.080563866 -0.068623759 0.984863222
2236.150348128 -0.789709032 0.277537942 0.219524354 0.135899693 0.083034128 -0.071649134 0.984633446
2236.400856128 -0.976625979 0.323808491 0.221423030 0.141482264 0.102670096 -0.068978913 0.982183039
2236.650562816 -1.159619808 0.356901854 0.242933244 0.144999653 0.121369712 -0.064724885 0.979824066
2236.900771424 -1.326950550 0.401398301 0.267583013 0.149867654 0.139435485 -0.061500397 0.976890564
2237.150673024 -1.490810633 0.453998983 0.295040339 0.156382143 0.157052204 -0.058920436 0.973348677
2237.401196800 -1.559640408 0.540671051 0.358784944 0.164236113 0.170044318 -0.063099220 0.969602942
2237.650639104 -1.581158161 0.608476102 0.370631993 0.168805823 0.179768115 -0.067252181 0.966780841
2237.901081728 -1.412414193 0.756470442 0.300026923 0.180464119 0.168167889 -0.068325594 0.966687083
2238.150307040 -1.745973945 0.020298123 1.620187163 0.172317341 0.186874107 -0.064026892 0.965031266
2238.400358784 -1.873697639 -0.846330583 2.746056557 0.161402449 0.196535096 -0.060659826 0.965216875
2238.650567424 -1.885131598 -1.471193910 3.345946789 0.142992839 0.205189154 -0.064163685 0.966091871
2238.900638080 -1.511955380 -2.151645660 4.243462086 0.124944888 0.212973654 -0.063165016 0.966975272
2239.150627904 -1.114029408 -2.798139334 5.146961212 0.107384831 0.220224023 -0.059598222 0.967686892
2239.400684896 -0.905450881 -2.580514669 5.289724827 0.100861572 0.225210562 -0.053160220 0.967616200
2239.650730048 -0.478127867 -1.983465910 4.788868427 0.156109422 0.146070719 -0.035095658 0.976248682
2239.900516800 2.376509190 -3.804529428 9.961152077 0.140613422 0.139770091 -0.063892223 0.978064418
2240.150674144 1.830545545 -3.781280756 11.198293686 0.028820513 0.202380881 0.182119012 0.961792111
2240.400730272 1.967868328 -2.941532850 12.320540428 0.001914811 -0.082988627 0.546035826 0.833639085
2240.650619328 1.039900661 -2.634256363 13.323000908 -0.020563066 -0.351648510 0.777678609 0.520707786
2240.900399776 -1.707426667 -2.475108147 12.113485336 0.266288549 -0.068062067 0.701441109 0.657600343
2241.150490432 -2.891076803 -4.529950619 9.496557236 0.095080897 0.041225672 0.924916446 0.365772694
2241.401200448 -1.261988997 -7.239276886 7.453079224 -0.100973286 0.147336707 0.983847380 -0.011858651
2241.650431648 2.545089245 -8.089452744 6.537055016 -0.271703333 0.226906464 0.847345114 -0.395849794
2241.901409376 5.857009888 -5.870892525 6.410526752 0.388441354 -0.250781476 -0.541815281 0.701896071
2242.151836256 6.469589710 -1.879553318 5.960692883 0.432486624 -0.216835484 -0.127955392 0.865774274
2242.400524160 4.107751846 1.233686447 4.253136635 0.391996324 -0.146156445 0.321251929 0.849573076
2242.649903744 1.562159300 3.508170843 1.482337952 0.321467489 -0.169100434 0.670805275 0.646594167
2242.902156768 -0.176098466 4.054831505 -2.454675436 0.180534035 -0.182868227 0.907827497 0.331384838
2243.150524352 0.218119144 4.059161186 -6.882626534 0.000994942 -0.178077668 0.982168853 -0.060263690
2243.400771712 2.566473246 5.115518570 -10.600616455 -0.184940487 -0.141568989 0.869042754 -0.436485857
2243.648779040 5.091007233 8.007903099 -13.002121925 0.330236703 0.072546080 -0.589657187 0.733474672
2243.900727168 6.013444424 12.332927704 -14.641694069 0.411949515 -0.014102957 -0.189901993 0.891086936
2244.150258304 4.537610531 16.556549072 -16.742984772 0.409411907 -0.098577015 0.251223564 0.871522307
2244.400562624 1.837964535 19.389793396 -20.605846405 0.320037276 -0.178902194 0.657671571 0.658056378
2244.647952640 0.372144699 20.481609344 -26.232021332 0.160760626 -0.215304956 0.913992763 0.304001659
2244.900618656 1.743862867 21.155899048 -31.607633591 -0.036164425 -0.202225015 0.970266700 -0.127983198
2245.150668640 4.773753166 23.454259872 -35.591968536 0.223502889 0.142481282 -0.810017824 0.523083985
2245.400488928 7.127727509 28.053058624 -38.312713623 0.357329160 0.047174644 -0.465979993 0.808055103
2245.647139072 7.894295216 39.368873596 -46.645950317 0.343787134 -0.077121295 -0.062257219 0.933802307
2245.900760320 6.070085049 48.041931152 -55.444400787 0.263312548 -0.215406984 0.380914748 0.859750152
2246.150354528 7.902163506 50.946243286 -64.385505676 0.023244793 -0.340802222 0.678075373 0.650789738
2246.400713824 14.623985291 54.379615784 -72.496215820 -0.198560521 -0.407247603 0.853936255 0.255960882
2246.647077728 22.736652374 60.763488770 -76.713584900 -0.372118086 -0.375722051 0.826709628 -0.192125648
