2296.646426720 0.000000000 0.000000000 0.000000000 0.000000000 0.000000000 0.000000000 1.000000000
2296.898233440 -0.009553238 0.011016394 -0.053224195 0.004783097 0.001466151 -0.003159623 0.999982476
2297.150608288 3.922176838 2.172501326 -5.387973309 0.012441505 0.011858013 -0.013076046 0.999766827
2297.398296192 -2.629084110 -3.305768728 9.340806961 0.023675073 0.003962364 -0.007941675 0.999680340
2297.647087296 -1.249262452 -2.983441114 14.375235558 0.044717774 -0.007279103 -0.013286644 0.998884797
2297.898437088 2.515018940 -1.402508736 21.050203323 0.075858094 -0.046879612 -0.014022382 0.995917261
2298.150987840 2.511786461 -1.412694573 21.050392151 0.072816640 -0.046189550 -0.016576342 0.996137261
2298.397891968 2.484451771 -1.392323017 21.057205200 0.076720819 -0.039303731 -0.025147282 0.995960236
2298.646595104 2.236824989 -1.616327167 20.412012100 0.057390250 -0.042915449 -0.006492853 0.997407913
2298.898246144 1.990466118 -1.873976588 19.794919968 0.038255814 -0.044278845 0.011551480 0.998219609
2299.150224960 25.461338043 6.349350929 -8.140344620 0.024891622 -0.030873708 0.006129404 0.999194503
2299.397757088 48.249713898 13.503784180 -37.118270874 0.018012388 -0.015215672 -0.007365553 0.999694824
2299.646693696 61.591018677 17.970563889 -53.916252136 0.048198685 -0.005143896 -0.043766983 0.997865140
2299.898285312 75.138740540 21.504077911 -71.098556519 0.033396065 -0.004993744 -0.045686502 0.998384953
2300.150168512 81.847885132 23.186586380 -78.536857605 0.025976105 -0.009533388 -0.052052222 0.998260975
2300.398066560 86.984672546 24.513467789 -83.784736633 0.049645301 -0.008836403 -0.086638577 0.994962811
2300.646364960 92.125915527 25.749195099 -88.898132324 0.071596071 -0.008829717 -0.115737386 0.990656793
2300.898739104 95.218803406 26.848377228 -91.053321838 0.100693837 -0.019803414 -0.125280067 0.986799598
2301.150871744 98.372642517 28.075189590 -93.124794006 0.135745302 -0.025774077 -0.137128964 0.980869293
2301.399192960 98.372642517 28.075189590 -93.124794006 0.135745302 -0.025774077 -0.137128964 0.980869293
2301.646937920 98.372642517 28.075189590 -93.124794006 0.135745302 -0.025774077 -0.137128964 0.980869293
2301.900679744 98.372642517 28.075189590 -93.124794006 0.135745302 -0.025774077 -0.137128964 0.980869293
2302.150202912 98.372642517 28.075189590 -93.124794006 0.135745302 -0.025774077 -0.137128964 0.980869293
2302.400156128 97.792655945 26.646398544 -89.256538391 0.131977469 -0.011920568 -0.159216851 0.978309691
2302.649045280 96.587882996 24.734006882 -77.006164551 0.190418199 -0.022259735 -0.173488110 0.965995491
2302.900381120 95.709159851 23.190036774 -74.234474182 0.187516481 -0.022850268 -0.175655752 0.966157556
2303.150114752 95.492256165 21.116342545 -71.204650879 0.184596837 -0.018749837 -0.206487715 0.960695207
2303.401199040 95.693534851 21.311185837 -71.449234009 0.188125417 -0.034050215 -0.210293666 0.958762765
2303.649669024 94.639709473 20.834720612 -70.256225586 0.181257501 -0.012692145 -0.217341930 0.959034443
2303.900184160 91.824851990 26.610034943 -84.256607056 0.122733876 0.023884617 -0.082802668 0.988690913
2304.150464256 76.972579956 31.668365479 -110.746261597 0.060373411 0.113859870 -0.047960218 0.990500271
2304.400544416 56.861633301 31.044046402 -135.451354980 -0.016086577 0.198915660 0.008300905 0.979849398
2304.650000000 58.320110321 31.957311630 -131.276535034 -0.014671793 0.198866874 0.046196114 0.978827178
2304.900206592 61.092868805 29.052833557 -122.350746155 -0.036878474 0.204081908 0.047825273 0.977089167
2305.151066016 80.347686768 29.839900970 -100.448326111 0.091949835 -0.042793401 -0.057235893 0.993195891
2305.400630720 80.357849121 29.571645737 -100.576759338 0.044705071 -0.036113653 -0.022654895 0.998090148
2305.650220512 76.663444519 27.224847794 -100.269958496 -0.110412322 0.131640241 0.174019590 0.969637632
2305.900140288 75.515640259 24.611379623 -97.212661743 -0.372682571 0.230664462 0.354473799 0.825984180
2306.150642272 75.515640259 24.611379623 -97.212661743 -0.372682571 0.230664462 0.354473799 0.825984180
2306.401120576 75.511962891 24.620197296 -97.224761963 -0.368663162 0.231121421 0.354648709 0.827583611
2306.650468288 75.499343872 24.603055954 -97.236640930 -0.363828987 0.233593151 0.353983432 0.829312027
2306.900162400 74.842895508 25.306854248 -96.786178589 -0.320581794 0.259480357 0.371284157 0.831892610
2307.150566144 75.189399719 24.762340546 -96.827087402 -0.321130067 0.259787947 0.370435923 0.831963301
2307.400683360 75.189399719 24.762340546 -96.827087402 -0.321130067 0.259787947 0.370435923 0.831963301
2307.649406816 75.189399719 24.762340546 -96.827087402 -0.321130067 0.259787947 0.370435923 0.831963301
2307.900139872 75.176475525 24.776971817 -96.838821411 -0.316790044 0.261605412 0.370287359 0.833123028
2308.150494848 75.179412842 24.788274765 -96.846366882 -0.311751366 0.260262221 0.374167681 0.833710492
2308.399452512 75.176956177 24.816753387 -96.843223572 -0.306594491 0.262183160 0.376007259 0.834193230
2308.647951648 75.088470459 24.798484802 -96.842300415 -0.298285395 0.286444753 0.369956940 0.831929743
2308.899216064 75.005035400 24.756990433 -96.784133911 -0.308229715 0.313001782 0.355569780 0.824981511
2309.150450560 74.917198181 24.688171387 -96.722518921 -0.316445023 0.342330188 0.346553177 0.813986182
2309.398473216 74.998535156 24.763326645 -96.699264526 -0.318681777 0.320649356 0.368273020 0.812404394
2309.647432448 74.982978821 24.702238083 -96.726593018 -0.319891363 0.312648296 0.371739447 0.813468039
2309.898642112 74.809173584 24.623516083 -96.686065674 -0.310869843 0.343632787 0.341815650 0.817580879
2310.150231616 74.638359070 24.630392075 -96.593879700 -0.294866860 0.385212421 0.316293538 0.815244317
2310.398261312 74.471900940 24.666709900 -96.504554749 -0.287161499 0.418628603 0.283636391 0.813534737
2310.646758048 74.285896301 24.694219589 -96.407928467 -0.278901219 0.456577718 0.251484871 0.806539655
2310.897984384 74.085975647 24.739021301 -96.288330078 -0.267161965 0.497400790 0.215991795 0.796595573
2311.150430912 73.894889832 24.791797638 -96.157333374 -0.255723834 0.538563073 0.180717632 0.782238007
2311.397526272 73.740226746 24.879451752 -95.987625122 -0.248357013 0.580928206 0.143843770 0.761675894
2311.646187136 73.831565857 24.938432693 -95.950454712 -0.249868646 0.591551721 0.128313735 0.755756438
2311.896429952 73.845680237 24.950458527 -95.936279297 -0.257064223 0.591738403 0.113559969 0.755557954
2312.147233184 73.826896667 24.937547684 -95.946884155 -0.254724532 0.593813598 0.121107809 0.753547490
2312.396440672 73.833969116 24.942060471 -95.944198608 -0.255954593 0.594290018 0.119401582 0.753027141
2312.645901408 73.831108093 24.940437317 -95.947196960 -0.254760116 0.594744742 0.120690629 0.752867699
