430.539746400 0.000000000 0.000000000 0.000000000 0.000000000 0.000000000 0.000000000 1.000000000
430.575819168 0.000000000 0.000000000 0.000000000 0.000000000 0.000000000 0.000000000 1.000000000
430.617458016 1.308109164 0.008155314 0.618840456 -0.002259937 -0.109658033 0.010510182 0.993911266
430.681114080 1.308109164 0.008155314 0.618840456 -0.002259937 -0.109658033 0.010510182 0.993911266
430.727574784 -8.087069511 -3.322930336 6.075194359 0.006504500 -0.100574382 0.021481836 0.994676352
430.768352064 -9.579166412 -10.205560684 -22.389221191 -0.025643328 -0.010474214 0.004545809 0.999605954
430.831004704 -9.579166412 -10.205560684 -22.389221191 -0.025643328 -0.010474214 0.004545809 0.999605954
430.867291968 -9.579166412 -10.205560684 -22.389221191 -0.025643328 -0.010474214 0.004545809 0.999605954
430.908164576 -9.374477386 -10.368139267 -22.791992188 -0.034745719 -0.013871644 0.014006579 0.999201775
430.970846688 -9.374477386 -10.368139267 -22.791992188 -0.034745719 -0.013871644 0.014006579 0.999201775
431.007239936 -9.374477386 -10.368139267 -22.791992188 -0.034745719 -0.013871644 0.014006579 0.999201775
431.049621504 -70.711685181 -39.412136078 46.616744995 -0.026973445 -0.011418248 0.024093423 0.999280572
431.112643424 -70.711685181 -39.412136078 46.616744995 -0.026973445 -0.011418248 0.024093423 0.999280572
431.148964992 -77.699707031 -44.147987366 59.273117065 -0.024289260 -0.013688294 0.024759592 0.999304533
431.189500768 -99.944961548 -44.423248291 95.721771240 -0.012913898 -0.071920149 0.078819841 0.994207323
431.252427744 -99.944961548 -44.423248291 95.721771240 -0.012913898 -0.071920149 0.078819841 0.994207323
431.290122656 -99.763572693 -44.343418121 95.975265503 -0.013072119 -0.071665011 0.078854300 0.994220912
431.331067648 -125.032890320 -25.566547394 187.951782227 -0.037666671 -0.087151170 0.044473466 0.994488776
431.394856160 -125.032890320 -25.566547394 187.951782227 -0.037666671 -0.087151170 0.044473466 0.994488776
431.431182176 -125.032890320 -25.566547394 187.951782227 -0.037666671 -0.087151170 0.044473466 0.994488776
431.473176832 -122.894241333 -24.791688919 190.971817017 -0.037724756 -0.115340099 0.056389332 0.991006434
431.536363840 -122.894241333 -24.791688919 190.971817017 -0.037724756 -0.115340099 0.056389332 0.991006434
431.576716736 -122.894241333 -24.791688919 190.971817017 -0.037724756 -0.115340099 0.056389332 0.991006434
431.621776512 -173.979110718 -45.319496155 228.718322754 -0.026491072 -0.116191022 0.067335889 0.990587592
431.685332512 -173.979110718 -45.319496155 228.718322754 -0.026491072 -0.116191022 0.067335889 0.990587592
431.721830144 -173.979110718 -45.319496155 228.718322754 -0.026491072 -0.116191022 0.067335889 0.990587592
431.762509632 -190.437271118 -55.023086548 241.395553589 -0.021087004 -0.117779560 0.071417600 0.990243852
431.825646368 -190.437271118 -55.023086548 241.395553589 -0.021087004 -0.117779560 0.071417600 0.990243852
431.863609952 -190.437271118 -55.023086548 241.395553589 -0.021087004 -0.117779560 0.071417600 0.990243852
431.904229792 -190.437271118 -55.023086548 241.395553589 -0.021087004 -0.117779560 0.071417600 0.990243852
431.968339968 -190.437271118 -55.023086548 241.395553589 -0.021087004 -0.117779560 0.071417600 0.990243852
432.004482976 -190.437271118 -55.023086548 241.395553589 -0.021087004 -0.117779560 0.071417600 0.990243852
432.045720768 -190.425521851 -55.027103424 241.384506226 -0.021117505 -0.117793255 0.071448326 0.990239322
432.109021024 -190.425521851 -55.027103424 241.384506226 -0.021117505 -0.117793255 0.071448326 0.990239322
432.145762208 -190.425521851 -55.027103424 241.384506226 -0.021117505 -0.117793255 0.071448326 0.990239322
432.187739232 -190.408554077 -55.040737152 241.411819458 -0.021107430 -0.117780238 0.071463495 0.990240037
432.252242112 -190.408554077 -55.040737152 241.411819458 -0.021107430 -0.117780238 0.071463495 0.990240037
432.288775168 -190.408554077 -55.040737152 241.411819458 -0.021107430 -0.117780238 0.071463495 0.990240037
432.330821504 -190.408554077 -55.040737152 241.411819458 -0.021107430 -0.117780238 0.071463495 0.990240037
432.393833504 -190.408554077 -55.040737152 241.411819458 -0.021107430 -0.117780238 0.071463495 0.990240037
432.430533824 -190.408554077 -55.040737152 241.411819458 -0.021107430 -0.117780238 0.071463495 0.990240037
432.471321312 -190.408554077 -55.040737152 241.411819458 -0.021107430 -0.117780238 0.071463495 0.990240037
432.543542112 -190.408554077 -55.040737152 241.411819458 -0.021107430 -0.117780238 0.071463495 0.990240037
432.581664928 -232.280288696 -77.001091003 276.859344482 -0.012782671 -0.118522301 0.078584239 0.989754319
432.622647584 -232.280288696 -77.001091003 276.859344482 -0.012782671 -0.118522301 0.078584239 0.989754319
432.686468576 -232.280288696 -77.001091003 276.859344482 -0.012782671 -0.118522301 0.078584239 0.989754319
432.723246272 -232.280288696 -77.001091003 276.859344482 -0.012782671 -0.118522301 0.078584239 0.989754319
432.763923872 -232.280288696 -77.001091003 276.859344482 -0.012782671 -0.118522301 0.078584239 0.989754319
432.828613440 -232.280288696 -77.001091003 276.859344482 -0.012782671 -0.118522301 0.078584239 0.989754319
432.864941184 -232.280288696 -77.001091003 276.859344482 -0.012782671 -0.118522301 0.078584239 0.989754319
432.906293664 -232.271377563 -76.867317200 276.905059814 -0.012871812 -0.118498042 0.078511603 0.989761829
432.969231968 -232.271377563 -76.867317200 276.905059814 -0.012871812 -0.118498042 0.078511603 0.989761829
433.006652384 -235.311248779 -76.751373291 281.137451172 -0.015395614 -0.121629141 0.074925952 0.989623904
433.048230528 -235.311248779 -76.751373291 281.137451172 -0.015395614 -0.121629141 0.074925952 0.989623904
433.120171360 -235.311248779 -76.751373291 281.137451172 -0.015395614 -0.121629141 0.074925952 0.989623904
433.156772704 -235.311248779 -76.751373291 281.137451172 -0.015395614 -0.121629141 0.074925952 0.989623904
433.197797760 -235.362686157 -76.765861511 281.209167480 -0.016211458 -0.121690594 0.076475434 0.989484727
433.269362880 -235.362686157 -76.765861511 281.209167480 -0.016211458 -0.121690594 0.076475434 0.989484727
433.306007008 -235.362686157 -76.765861511 281.209167480 -0.016211458 -0.121690594 0.076475434 0.989484727
433.347526944 -235.362686157 -76.765861511 281.209167480 -0.016211458 -0.121690594 0.076475434 0.989484727
433.410259456 -235.362686157 -76.765861511 281.209167480 -0.016211458 -0.121690594 0.076475434 0.989484727
433.446703648 -235.362686157 -76.765861511 281.209167480 -0.016211458 -0.121690594 0.076475434 0.989484727
433.487631488 -242.376495361 -75.533386230 286.369506836 0.024672436 -0.078704596 0.140888304 0.986583650
433.550711360 -242.376495361 -75.533386230 286.369506836 0.024672436 -0.078704596 0.140888304 0.986583650
433.587100800 -242.376495361 -75.533386230 286.369506836 0.024672436 -0.078704596 0.140888304 0.986583650
433.628617280 -238.331542969 -74.701538086 305.394226074 0.024436073 -0.074286319 0.140971407 0.986920178
433.694332192 -238.331542969 -74.701538086 305.394226074 0.024436073 -0.074286319 0.140971407 0.986920178
433.730766944 -238.331542969 -74.701538086 305.394226074 0.024436073 -0.074286319 0.140971407 0.986920178
433.771236928 -238.306930542 -74.713096619 305.439514160 0.022513296 -0.077552147 0.140633896 0.986762822
433.834429952 -238.306930542 -74.713096619 305.439514160 0.022513296 -0.077552147 0.140633896 0.986762822
433.870856384 -235.673675537 -69.262001038 296.635467529 0.019988406 -0.076988101 0.137966812 0.987237811
433.911580480 -233.104049683 -64.305541992 289.766662598 0.028781395 -0.099014118 0.118417755 0.987595558
433.943194592 -233.104049683 -64.305541992 289.766662598 0.028781395 -0.099014118 0.118417755 0.987595558
433.974746656 -233.104049683 -64.305541992 289.766662598 0.028781395 -0.099014118 0.118417755 0.987595558
434.011386944 -233.104049683 -64.305541992 289.766662598 0.028781395 -0.099014118 0.118417755 0.987595558
434.051876960 -233.600112915 -64.371856689 290.754516602 0.028788606 -0.099165507 0.118379481 0.987584829
434.083119264 -233.600112915 -64.371856689 290.754516602 0.028788606 -0.099165507 0.118379481 0.987584829
434.114934048 -233.600112915 -64.371856689 290.754516602 0.028788606 -0.099165507 0.118379481 0.987584829
434.152053984 -233.600112915 -64.371856689 290.754516602 0.028788606 -0.099165507 0.118379481 0.987584829
434.194427200 -233.586486816 -64.388328552 290.716796875 0.035485547 -0.097829886 0.106078967 0.988897026
434.226321472 -233.586486816 -64.388328552 290.716796875 0.035485547 -0.097829886 0.106078967 0.988897026
434.258180608 -233.586486816 -64.388328552 290.716796875 0.035485547 -0.097829886 0.106078967 0.988897026
434.303153568 -234.698532104 -61.911560059 285.438598633 0.015081456 -0.139070392 0.126898319 0.982002437
434.344736256 -235.657669067 -59.840900421 280.290893555 -0.003840345 -0.163472146 0.144427016 0.975911319
434.376218240 -235.657669067 -59.840900421 280.290893555 -0.003840345 -0.163472146 0.144427016 0.975911319
434.407817632 -235.657669067 -59.840900421 280.290893555 -0.003840345 -0.163472146 0.144427016 0.975911319
434.444558336 -235.657669067 -59.840900421 280.290893555 -0.003840345 -0.163472146 0.144427016 0.975911319
434.486837888 -235.680923462 -59.861114502 280.384002686 0.002296780 -0.160522863 0.154041752 0.974934995
434.518963936 -235.680923462 -59.861114502 280.384002686 0.002296780 -0.160522863 0.154041752 0.974934995
434.550559136 -235.680923462 -59.861114502 280.384002686 0.002296780 -0.160522863 0.154041752 0.974934995
434.587405152 -235.680923462 -59.861114502 280.384002686 0.002296780 -0.160522863 0.154041752 0.974934995
434.627788832 -235.677261353 -59.869106293 280.372802734 -0.000497774 -0.159758389 0.156336069 0.974697888
434.658748704 -235.677261353 -59.869106293 280.372802734 -0.000497777 -0.159758404 0.156336069 0.974697948
434.690115424 -235.677261353 -59.869106293 280.372802734 -0.000497777 -0.159758404 0.156336069 0.974697948
434.726836832 -235.677261353 -59.869106293 280.372802734 -0.000497777 -0.159758404 0.156336069 0.974697948
434.768624000 -235.669509888 -59.866901398 280.359222412 -0.000356552 -0.159854934 0.156342313 0.974681139
434.800663904 -238.260192871 -62.141796112 285.606445312 0.000774401 -0.160579965 0.157171041 0.974428415
434.832493856 -237.884628296 -62.217670441 286.845703125 0.000876465 -0.160093576 0.157259375 0.974494100
434.870466496 -237.884628296 -62.217670441 286.845703125 0.000876465 -0.160093576 0.157259375 0.974494100
434.910720512 -237.893341064 -62.222671509 286.852508545 -0.000195614 -0.158404976 0.156814069 0.974842131
434.942665376 -237.893341064 -62.222671509 286.852508545 -0.000195614 -0.158404976 0.156814069 0.974842131
434.973891456 -237.832748413 -62.248844147 286.166656494 -0.000163188 -0.158378646 0.156815991 0.974846065
435.010536256 -237.783538818 -62.463272095 285.949768066 -0.000024153 -0.158387363 0.156949624 0.974823177
435.051218368 -237.714141846 -62.698513031 285.701568604 0.000500030 -0.158741102 0.156660259 0.974812090
435.082622816 -237.714141846 -62.698513031 285.701568604 0.000500030 -0.158741102 0.156660259 0.974812090
435.114519872 -224.662033081 -55.214538574 262.202697754 -0.003035418 -0.155344859 0.154616937 0.975680470
435.151011328 -224.662033081 -55.214538574 262.202697754 -0.003035418 -0.155344859 0.154616937 0.975680470
435.191845056 -224.662033081 -55.214538574 262.202697754 -0.003035418 -0.155344859 0.154616937 0.975680470
435.223321504 -224.661010742 -55.177612305 262.208953857 0.001841158 -0.157350361 0.153323114 0.975566208
435.255277920 -224.603805542 -55.148544312 262.365020752 0.006681098 -0.163631529 0.149028197 0.975177228
435.291856032 -224.603805542 -55.148544312 262.365020752 0.006681098 -0.163631529 0.149028197 0.975177228
435.332255456 -224.568420410 -55.095176697 262.284118652 0.015575551 -0.164022207 0.154447690 0.974166334
435.363893088 -224.526885986 -55.077316284 262.275390625 0.018163195 -0.168301538 0.156439245 0.973073184
435.395494912 -224.318649292 -54.880340576 263.269042969 0.018216014 -0.168018967 0.156158984 0.973166108
435.432274272 -224.318649292 -54.880340576 263.269042969 0.018216014 -0.168018967 0.156158984 0.973166108
435.473900352 -224.311813354 -54.885616302 263.268066406 0.017415537 -0.168098748 0.157403201 0.972966492
435.505863168 -224.422363281 -54.916584015 263.366516113 0.028702665 -0.166131377 0.153327912 0.973687351
435.539133792 -224.492202759 -55.025676727 263.386047363 0.025999760 -0.168588966 0.159551695 0.972339988
435.575453984 -224.492202759 -55.025676727 263.386047363 0.025999760 -0.168588966 0.159551695 0.972339988
435.616473024 -224.478500366 -55.030834198 263.380798340 0.026001997 -0.168599293 0.159547836 0.972338796
435.648244416 -224.300582886 -54.994682312 263.284210205 0.024818098 -0.172486991 0.162258521 0.971238613
435.679462496 -226.806610107 -55.662185669 267.321411133 0.029471336 -0.166625649 0.165869892 0.971521735
435.716010080 -226.806610107 -55.662185669 267.321411133 0.029471336 -0.166625649 0.165869892 0.971521735
435.758574752 -226.806610107 -55.662185669 267.321411133 0.029471336 -0.166625649 0.165869892 0.971521735
435.790231296 -227.026626587 -55.735706329 267.469482422 0.032815568 -0.164645910 0.163112119 0.972218752
435.821637952 -221.673660278 -53.446578979 262.135314941 0.047158796 -0.201881006 0.155522734 0.965832710
435.857987072 -154.901550293 -22.025064468 75.299804688 0.028181728 -0.170014367 0.145761177 0.974194348
435.898620896 -154.901550293 -22.025064468 75.299804688 0.028181728 -0.170014367 0.145761177 0.974194348
435.930018496 -154.868545532 -21.985269547 75.517036438 0.031289160 -0.174437940 0.142181620 0.973846376
435.961308512 -154.994659424 -22.017871857 75.834594727 0.034293063 -0.173309833 0.141409904 0.974058986
435.998790304 -154.994659424 -22.017871857 75.834594727 0.034293063 -0.173309833 0.141409904 0.974058986
436.039197408 -154.994659424 -22.017871857 75.834594727 0.034293063 -0.173309833 0.141409904 0.974058986
436.081518656 -154.983901978 -22.069635391 75.831329346 0.026133224 -0.172625244 0.140816182 0.974519551
436.113531424 -154.227111816 -21.740358353 74.863067627 0.027364064 -0.177045912 0.126772910 0.975620091
436.150472192 -152.523681641 -21.621612549 73.567100525 -0.083582342 -0.228239805 0.152845010 0.957892954
436.191559360 -152.523681641 -21.621612549 73.567100525 -0.083582342 -0.228239805 0.152845010 0.957892954
436.223978272 -152.576339722 -21.564136505 73.839668274 -0.075209528 -0.230169371 0.143641308 0.959548175
436.255833568 -152.287780762 -21.772544861 74.297363281 -0.190165266 -0.276722372 0.120762765 0.934172511
436.302176800 -152.287780762 -21.772544861 74.297363281 -0.190165266 -0.276722372 0.120762765 0.934172511
436.343335808 -152.287780762 -21.772544861 74.297363281 -0.190165266 -0.276722372 0.120762765 0.934172511
436.374921600 -152.315917969 -21.747627258 74.407859802 -0.195664451 -0.273435414 0.124305435 0.933539808
436.406822400 -152.844924927 -21.546512604 75.086158752 -0.196326643 -0.272926211 0.124369435 0.933541358
436.443472864 -152.844924927 -21.546512604 75.086158752 -0.196326643 -0.272926211 0.124369435 0.933541358
436.485006368 -152.844924927 -21.546512604 75.086158752 -0.196326643 -0.272926211 0.124369435 0.933541358
436.517807904 -153.106536865 -21.358276367 75.267379761 -0.167170838 -0.273507386 0.098865926 0.942057967
436.549229504 -151.900100708 -21.188795090 75.267913818 -0.147222385 -0.333463669 0.107920676 0.924921989
436.588110720 -151.900100708 -21.188795090 75.267913818 -0.147222385 -0.333463669 0.107920676 0.924921989
436.628838528 -151.900100708 -21.188795090 75.267913818 -0.147222385 -0.333463669 0.107920676 0.924921989
436.660163008 -152.026123047 -21.167932510 75.345840454 -0.149641111 -0.333277434 0.109816372 0.924377680
436.691483872 -152.026123047 -21.167932510 75.345840454 -0.149641111 -0.333277434 0.109816372 0.924377680
436.728249792 -141.512847900 -26.256727219 61.017906189 -0.167191148 -0.330284715 0.120038584 0.921167672
436.769080608 -141.512847900 -26.256727219 61.017906189 -0.167191148 -0.330284715 0.120038584 0.921167672
436.800598272 -141.172790527 -26.270265579 60.789886475 -0.165905565 -0.330178261 0.119543970 0.921502531
436.831945888 -141.172790527 -26.270265579 60.789886475 -0.165905565 -0.330178261 0.119543970 0.921502531
436.868268800 -137.172195435 -27.421974182 55.016185760 -0.161610708 -0.332131743 0.119535580 0.921564817
436.909248608 -137.172195435 -27.421974182 55.016185760 -0.161610708 -0.332131743 0.119535580 0.921564817
436.940743936 -137.617340088 -27.415840149 55.487796783 -0.163263842 -0.332108796 0.119376689 0.921302319
436.972129856 -137.489990234 -27.038263321 55.369113922 -0.148676753 -0.331381649 0.113894500 0.924721301
437.008567648 -117.494537354 -31.208927155 26.549339294 -0.141639888 -0.335835695 0.117879994 0.923718989
437.052074656 -117.494537354 -31.208927155 26.549339294 -0.141639888 -0.335835695 0.117879994 0.923718989
437.084575328 -117.355659485 -31.404047012 26.433221817 -0.146695808 -0.337228388 0.119197987 0.922252238
437.117869120 -116.516929626 -31.346216202 24.845991135 -0.145890579 -0.337746918 0.118967436 0.922219992
437.154491840 -100.038146973 -51.594104767 21.096569061 -0.409354806 -0.342063248 0.260288149 0.804780364
437.194933472 -100.038146973 -51.594104767 21.096569061 -0.409354806 -0.342063248 0.260288149 0.804780364
437.227591552 -100.038146973 -51.594104767 21.096569061 -0.409354806 -0.342063248 0.260288149 0.804780364
437.267198528 -100.038146973 -51.594104767 21.096569061 -0.409354806 -0.342063248 0.260288149 0.804780364
437.303860032 -100.038146973 -51.594104767 21.096569061 -0.409354806 -0.342063248 0.260288149 0.804780364
437.344495456 -100.038146973 -51.594104767 21.096569061 -0.409354806 -0.342063248 0.260288149 0.804780364
437.376860576 -99.831802368 -51.805728912 20.964017868 -0.410846621 -0.334666103 0.266547263 0.805081487
437.408313632 -99.831802368 -51.805728912 20.964017868 -0.410846621 -0.334666103 0.266547263 0.805081487
437.445346304 -47.424850464 -84.818473816 13.607000351 -0.511722565 -0.337448239 0.310124159 0.726699233
437.487396928 4.686721802 -112.975540161 -3.832536697 -0.496859759 -0.348255754 0.304317176 0.734329164
437.519233440 3.975646019 -118.121475220 -3.209330797 -0.491024375 -0.344283283 0.316930681 0.734791815
437.550566304 3.975646019 -118.121475220 -3.209330797 -0.491024375 -0.344283283 0.316930681 0.734791815
437.587001984 153.170318604 -159.716400146 -29.269897461 -0.447144568 -0.458455086 0.304347724 0.705161691
437.627999520 153.170318604 -159.716400146 -29.269897461 -0.447144568 -0.458455086 0.304347724 0.705161691
437.659363712 153.156936646 -159.723403931 -29.279218674 -0.447140008 -0.458444566 0.304342389 0.705173790
437.690720704 153.156936646 -159.723403931 -29.279218674 -0.447140008 -0.458444566 0.304342389 0.705173790
437.727414464 154.427551270 -160.413894653 -29.718896866 -0.457278341 -0.452038348 0.308721036 0.700891733
437.768143008 203.552978516 -183.658355713 -59.250183105 -0.426784664 -0.434092999 0.315750897 0.727818310
437.799601536 203.552978516 -183.658355713 -59.250183105 -0.426784664 -0.434092999 0.315750897 0.727818310
437.830934976 203.519271851 -183.653549194 -59.236301422 -0.426355302 -0.434511602 0.314590782 0.728322387
437.876043936 205.389862061 -183.964630127 -59.062961578 -0.453650057 -0.437389195 0.338217556 0.698928595
437.918319968 204.412551880 -186.720581055 -58.530677795 -0.486108780 -0.426864952 0.344624251 0.680234194
437.949941632 203.008666992 -187.828765869 -58.202243805 -0.486899167 -0.426966846 0.343801886 0.680021167
437.981957216 203.008666992 -187.828765869 -58.202243805 -0.486899167 -0.426966846 0.343801886 0.680021167
438.019334880 202.583129883 -187.723220825 -58.258945465 -0.487293452 -0.424482107 0.348586947 0.678857207
438.060570208 202.453384399 -187.802017212 -58.313499451 -0.487295121 -0.424400419 0.348546535 0.678927898
438.092034848 202.295440674 -187.602203369 -58.354728699 -0.471659690 -0.431100726 0.342250139 0.688878894
438.123466368 208.484924316 -190.439163208 -61.624702454 -0.469663233 -0.430530220 0.342236340 0.690604389
438.159998048 215.548950195 -193.683227539 -65.385536194 -0.468065917 -0.430486530 0.344780654 0.690450549
438.200773248 238.541992188 -198.563720703 -73.319114685 -0.463068932 -0.425280303 0.345977336 0.696421921
438.232261728 238.541992188 -198.563720703 -73.319114685 -0.463068932 -0.425280303 0.345977336 0.696421921
438.264139296 238.559463501 -198.571258545 -73.327697754 -0.463090509 -0.425255984 0.345999807 0.696411252
438.309692448 245.214935303 -202.097686768 -75.161537170 -0.496207058 -0.409881085 0.385801345 0.661009371
438.353059648 292.640472412 -226.702331543 -84.762245178 -0.497193545 -0.402595162 0.382210255 0.666806579
438.384636224 292.640472412 -226.702331543 -84.762245178 -0.497193545 -0.402595162 0.382210255 0.666806579
438.416501824 292.640472412 -226.702331543 -84.762245178 -0.497193545 -0.402595162 0.382210255 0.666806579
438.452770560 295.507171631 -228.023010254 -85.784599304 -0.520673037 -0.390635908 0.428345442 0.626756191
438.493390592 277.519561768 -223.909500122 -82.355781555 -0.522745669 -0.389327317 0.428239435 0.625917017
438.524955840 277.564819336 -223.895904541 -82.373687744 -0.520480871 -0.387494624 0.431679904 0.626578093
438.556912768 277.077667236 -223.903091431 -82.016120911 -0.520340145 -0.386494249 0.431185365 0.627652347
438.593295904 278.819122314 -224.304779053 -83.060775757 -0.508733988 -0.377605855 0.496956855 0.592990220
438.633876896 275.373046875 -222.960556030 -80.579002380 -0.510009944 -0.377600431 0.496915430 0.591931462
438.665304544 275.373046875 -222.960556030 -80.579002380 -0.510009944 -0.377600431 0.496915430 0.591931462
438.696814496 275.265533447 -223.037368774 -80.564506531 -0.513772130 -0.373697519 0.499386609 0.589068234
438.733166144 274.658935547 -223.102005005 -80.094932556 -0.517847776 -0.373516619 0.493795514 0.590326309
438.773963712 274.914337158 -222.808929443 -80.182289124 -0.514542222 -0.380956709 0.487803757 0.593435585
438.806215840 274.914337158 -222.808929443 -80.182289124 -0.514542222 -0.380956709 0.487803757 0.593435585
438.838677632 274.914337158 -222.808929443 -80.182289124 -0.514542222 -0.380956709 0.487803757 0.593435585
438.874923264 272.732391357 -222.052764893 -82.140182495 -0.479436427 -0.321150661 0.566810429 0.587987244
438.919966592 268.725616455 -219.865768433 -80.489639282 -0.480602384 -0.318608999 0.570857525 0.584492445
438.951744640 268.725616455 -219.865768433 -80.489639282 -0.480602384 -0.318608999 0.570857525 0.584492445
438.984693344 268.725616455 -219.865768433 -80.489639282 -0.480602384 -0.318608999 0.570857525 0.584492445
439.021088320 268.725616455 -219.865768433 -80.489639282 -0.480602384 -0.318608999 0.570857525 0.584492445
439.061698048 268.305511475 -219.899978638 -80.227584839 -0.482573450 -0.306596369 0.582877398 0.577386796
439.093049184 268.305511475 -219.899978638 -80.227584839 -0.482573450 -0.306596369 0.582877398 0.577386796
439.124504704 268.069366455 -220.166305542 -79.842491150 -0.484951913 -0.319582045 0.556900918 0.593759418
439.160924768 298.181579590 -216.176376343 -112.783874512 -0.461954266 -0.332070142 0.559057653 0.603143632
439.201401824 298.181579590 -216.176376343 -112.783874512 -0.461954266 -0.332070142 0.559057653 0.603143632
439.233142688 298.181579590 -216.176376343 -112.783874512 -0.461954266 -0.332070142 0.559057653 0.603143632
439.265244544 298.140411377 -216.177947998 -112.855064392 -0.461905539 -0.332070321 0.559038579 0.603198528
439.301912800 302.192108154 -218.223617554 -114.520828247 -0.469705880 -0.334746301 0.556129754 0.598365188
439.344163552 301.649658203 -218.796691895 -114.425186157 -0.456508368 -0.304040134 0.542082250 0.636636972
439.376023840 301.379943848 -219.138412476 -114.217163086 -0.456750691 -0.303863019 0.542009354 0.636609614
439.407803200 301.379943848 -219.138412476 -114.217163086 -0.456750691 -0.303863019 0.542009354 0.636609614
439.444938400 301.379943848 -219.138412476 -114.217163086 -0.456750691 -0.303863019 0.542009354 0.636609614
439.485805760 301.379943848 -219.138412476 -114.217163086 -0.456750691 -0.303863019 0.542009354 0.636609614
439.517761472 301.379943848 -219.138412476 -114.217163086 -0.456750691 -0.303863019 0.542009354 0.636609614
439.549752096 301.256530762 -218.987762451 -114.211936951 -0.458713800 -0.302283347 0.543249905 0.634890497
439.586789664 300.727081299 -218.694076538 -113.912483215 -0.458805591 -0.302253544 0.543232739 0.634853005
439.627714912 299.645599365 -217.506805420 -112.736877441 -0.456392914 -0.334416747 0.530075312 0.631578267
439.670546176 299.645599365 -217.506805420 -112.736877441 -0.456392914 -0.334416747 0.530075312 0.631578267
439.702334624 299.645599365 -217.506805420 -112.736877441 -0.456392914 -0.334416747 0.530075312 0.631578267
439.741205408 299.645599365 -217.506805420 -112.736877441 -0.456392914 -0.334416747 0.530075312 0.631578267
439.781965472 295.772125244 -215.242706299 -111.446281433 -0.456664175 -0.334750652 0.530186415 0.631111681
439.813873472 295.772125244 -215.242706299 -111.446281433 -0.456664175 -0.334750652 0.530186415 0.631111681
439.845805152 295.772125244 -215.242706299 -111.446281433 -0.456664175 -0.334750652 0.530186415 0.631111681
439.882165536 295.772125244 -215.242706299 -111.446281433 -0.456664175 -0.334750652 0.530186415 0.631111681
439.922960288 295.314575195 -215.345474243 -111.278076172 -0.456837237 -0.334637821 0.530089319 0.631128073
439.988975328 295.314575195 -215.345474243 -111.278076172 -0.456837237 -0.334637821 0.530089319 0.631128073
440.025620512 295.314575195 -215.345474243 -111.278076172 -0.456837237 -0.334637821 0.530089319 0.631128073
440.066824832 295.406066895 -215.348449707 -111.117515564 -0.456945032 -0.334652424 0.530116022 0.631019831
440.130477504 295.406066895 -215.348449707 -111.117515564 -0.456945032 -0.334652424 0.530116022 0.631019831
440.166774848 296.128021240 -215.841949463 -111.178611755 -0.457040489 -0.334539831 0.530075431 0.631044328
440.207495648 296.128021240 -215.841949463 -111.178611755 -0.457040489 -0.334539831 0.530075431 0.631044328
440.270141696 296.128021240 -215.841949463 -111.178611755 -0.457040489 -0.334539831 0.530075431 0.631044328
440.306486432 296.128021240 -215.841949463 -111.178611755 -0.457040489 -0.334539831 0.530075431 0.631044328
440.349299712 296.128021240 -215.841949463 -111.178611755 -0.457040489 -0.334539831 0.530075431 0.631044328
440.414611776 296.128021240 -215.841949463 -111.178611755 -0.457040489 -0.334539831 0.530075431 0.631044328
440.451130624 296.128021240 -215.841949463 -111.178611755 -0.457040489 -0.334539831 0.530075431 0.631044328
440.491878048 296.128021240 -215.841949463 -111.178611755 -0.457040489 -0.334539831 0.530075431 0.631044328
440.556089472 296.128021240 -215.841949463 -111.178611755 -0.457040489 -0.334539831 0.530075431 0.631044328
440.592724128 296.128021240 -215.841949463 -111.178611755 -0.457040489 -0.334539831 0.530075431 0.631044328
440.633379392 296.128021240 -215.841949463 -111.178611755 -0.457040489 -0.334539831 0.530075431 0.631044328
440.696731040 296.128021240 -215.841949463 -111.178611755 -0.457040489 -0.334539831 0.530075431 0.631044328
440.733071616 296.128021240 -215.841949463 -111.178611755 -0.457040489 -0.334539831 0.530075431 0.631044328
440.773767264 296.128021240 -215.841949463 -111.178611755 -0.457040489 -0.334539831 0.530075431 0.631044328
440.837067808 296.128021240 -215.841949463 -111.178611755 -0.457040489 -0.334539831 0.530075431 0.631044328
440.873387072 296.128021240 -215.841949463 -111.178611755 -0.457040489 -0.334539831 0.530075431 0.631044328
440.914876320 296.128021240 -215.841949463 -111.178611755 -0.457040489 -0.334539831 0.530075431 0.631044328
440.978652768 296.128021240 -215.841949463 -111.178611755 -0.457040489 -0.334539831 0.530075431 0.631044328
441.015368480 296.128021240 -215.841949463 -111.178611755 -0.457040489 -0.334539831 0.530075431 0.631044328
441.056140352 296.128021240 -215.841949463 -111.178611755 -0.457040489 -0.334539831 0.530075431 0.631044328
441.119419616 296.128021240 -215.841949463 -111.178611755 -0.457040489 -0.334539831 0.530075431 0.631044328
441.155689280 296.128021240 -215.841949463 -111.178611755 -0.457040489 -0.334539831 0.530075431 0.631044328
441.196061408 296.128021240 -215.841949463 -111.178611755 -0.457040489 -0.334539831 0.530075431 0.631044328
441.259575328 296.128021240 -215.841949463 -111.178611755 -0.457040489 -0.334539831 0.530075431 0.631044328
441.295912832 296.128021240 -215.841949463 -111.178611755 -0.457040489 -0.334539831 0.530075431 0.631044328
441.337010336 296.128021240 -215.841949463 -111.178611755 -0.457040489 -0.334539831 0.530075431 0.631044328
441.399927488 296.128021240 -215.841949463 -111.178611755 -0.457040489 -0.334539831 0.530075431 0.631044328
441.446646880 296.128021240 -215.841949463 -111.178611755 -0.457040489 -0.334539831 0.530075431 0.631044328
441.487551680 296.128021240 -215.841949463 -111.178611755 -0.457040489 -0.334539831 0.530075431 0.631044328
441.554499648 296.128021240 -215.841949463 -111.178611755 -0.457040489 -0.334539831 0.530075431 0.631044328
441.594248576 296.128021240 -215.841949463 -111.178611755 -0.457040489 -0.334539831 0.530075431 0.631044328
441.648119840 296.128021240 -215.841949463 -111.178611755 -0.457040489 -0.334539831 0.530075431 0.631044328
441.711362560 296.128021240 -215.841949463 -111.178611755 -0.457040489 -0.334539831 0.530075431 0.631044328
441.747775648 296.128021240 -215.841949463 -111.178611755 -0.457040489 -0.334539831 0.530075431 0.631044328
441.788361472 296.128021240 -215.841949463 -111.178611755 -0.457040489 -0.334539831 0.530075431 0.631044328
441.851947520 296.128021240 -215.841949463 -111.178611755 -0.457040489 -0.334539831 0.530075431 0.631044328
441.888485088 296.128021240 -215.841949463 -111.178611755 -0.457040489 -0.334539831 0.530075431 0.631044328
441.929078912 296.128021240 -215.841949463 -111.178611755 -0.457040489 -0.334539831 0.530075431 0.631044328
441.991681600 296.128021240 -215.841949463 -111.178611755 -0.457040489 -0.334539831 0.530075431 0.631044328
442.028078784 296.128021240 -215.841949463 -111.178611755 -0.457040489 -0.334539831 0.530075431 0.631044328
442.068818112 296.128021240 -215.841949463 -111.178611755 -0.457040489 -0.334539831 0.530075431 0.631044328
442.131455808 296.128021240 -215.841949463 -111.178611755 -0.457040489 -0.334539831 0.530075431 0.631044328
442.168045536 296.128021240 -215.841949463 -111.178611755 -0.457040489 -0.334539831 0.530075431 0.631044328
442.208723680 296.128021240 -215.841949463 -111.178611755 -0.457040489 -0.334539831 0.530075431 0.631044328
442.271799232 296.128021240 -215.841949463 -111.178611755 -0.457040489 -0.334539831 0.530075431 0.631044328
442.308783616 345.667968750 -245.815490723 -148.758239746 -0.441686213 -0.329190642 0.528112531 0.646253705
442.349872992 345.667968750 -245.815490723 -148.758239746 -0.441686213 -0.329190642 0.528112531 0.646253705
442.413875296 345.667968750 -245.815490723 -148.758239746 -0.441686213 -0.329190642 0.528112531 0.646253705
442.450227296 345.667968750 -245.815490723 -148.758239746 -0.441686213 -0.329190642 0.528112531 0.646253705
442.490798048 345.667968750 -245.815490723 -148.758239746 -0.441686213 -0.329190642 0.528112531 0.646253705
442.554510944 345.667968750 -245.815490723 -148.758239746 -0.441686213 -0.329190642 0.528112531 0.646253705
442.591099392 345.667968750 -245.815490723 -148.758239746 -0.441686213 -0.329190642 0.528112531 0.646253705
442.631846080 345.667968750 -245.815490723 -148.758239746 -0.441686213 -0.329190642 0.528112531 0.646253705
442.694732736 345.667968750 -245.815490723 -148.758239746 -0.441686213 -0.329190642 0.528112531 0.646253705
442.731457792 345.667968750 -245.815490723 -148.758239746 -0.441686213 -0.329190642 0.528112531 0.646253705
442.772078816 345.667968750 -245.815490723 -148.758239746 -0.441686213 -0.329190642 0.528112531 0.646253705
442.835219840 345.667968750 -245.815490723 -148.758239746 -0.441686213 -0.329190642 0.528112531 0.646253705
442.871266176 345.667968750 -245.815490723 -148.758239746 -0.441686213 -0.329190642 0.528112531 0.646253705
442.911879264 345.667968750 -245.815490723 -148.758239746 -0.441686213 -0.329190642 0.528112531 0.646253705
442.975611264 345.667968750 -245.815490723 -148.758239746 -0.441686213 -0.329190642 0.528112531 0.646253705
443.012426592 345.603088379 -245.706344604 -148.849563599 -0.441174448 -0.329442203 0.528036237 0.646537364
443.055139104 345.603088379 -245.706344604 -148.849563599 -0.441174448 -0.329442203 0.528036237 0.646537364
443.118485888 345.603088379 -245.706344604 -148.849563599 -0.441174448 -0.329442203 0.528036237 0.646537364
443.154736864 345.603088379 -245.706344604 -148.849563599 -0.441174448 -0.329442203 0.528036237 0.646537364
443.195328512 345.603088379 -245.706344604 -148.849563599 -0.441174448 -0.329442203 0.528036237 0.646537364
443.272965408 345.603088379 -245.706344604 -148.849563599 -0.441174448 -0.329442203 0.528036237 0.646537364
443.309434176 345.595397949 -245.592987061 -148.842712402 -0.441137195 -0.329488754 0.528067589 0.646513522
443.350481216 345.595397949 -245.592987061 -148.842712402 -0.441137195 -0.329488754 0.528067589 0.646513522
443.413517792 345.595397949 -245.592987061 -148.842712402 -0.441137195 -0.329488754 0.528067589 0.646513522
443.451127040 345.595397949 -245.592987061 -148.842712402 -0.441137195 -0.329488754 0.528067589 0.646513522
443.492152096 345.595397949 -245.592987061 -148.842712402 -0.441137195 -0.329488754 0.528067589 0.646513522
443.555437024 345.595397949 -245.592987061 -148.842712402 -0.441137195 -0.329488754 0.528067589 0.646513522
443.591868992 345.595397949 -245.592987061 -148.842712402 -0.441137195 -0.329488754 0.528067589 0.646513522
443.634377440 345.595397949 -245.592987061 -148.842712402 -0.441137195 -0.329488754 0.528067589 0.646513522
443.698846368 345.595397949 -245.592987061 -148.842712402 -0.441137195 -0.329488754 0.528067589 0.646513522
443.735437504 345.595397949 -245.592987061 -148.842712402 -0.441137195 -0.329488754 0.528067589 0.646513522
443.776284448 345.595397949 -245.592987061 -148.842712402 -0.441137195 -0.329488754 0.528067589 0.646513522
443.852095296 345.595397949 -245.592987061 -148.842712402 -0.441137195 -0.329488754 0.528067589 0.646513522
443.888403584 345.595397949 -245.592987061 -148.842712402 -0.441137195 -0.329488754 0.528067589 0.646513522
443.929054464 345.595397949 -245.592987061 -148.842712402 -0.441137195 -0.329488754 0.528067589 0.646513522
443.992810432 345.595397949 -245.592987061 -148.842712402 -0.441137195 -0.329488754 0.528067589 0.646513522
444.029211872 345.595397949 -245.592987061 -148.842712402 -0.441137195 -0.329488754 0.528067589 0.646513522
444.069866048 345.595397949 -245.592987061 -148.842712402 -0.441137195 -0.329488754 0.528067589 0.646513522
444.132658688 345.595397949 -245.592987061 -148.842712402 -0.441137195 -0.329488754 0.528067589 0.646513522
444.168840640 345.595397949 -245.592987061 -148.842712402 -0.441137195 -0.329488754 0.528067589 0.646513522
444.209437984 345.595397949 -245.592987061 -148.842712402 -0.441137195 -0.329488754 0.528067589 0.646513522
444.272101760 345.595397949 -245.592987061 -148.842712402 -0.441137195 -0.329488754 0.528067589 0.646513522
444.308621472 345.595397949 -245.592987061 -148.842712402 -0.441137195 -0.329488754 0.528067589 0.646513522
444.349315936 345.595397949 -245.592987061 -148.842712402 -0.441137195 -0.329488754 0.528067589 0.646513522
444.417320544 345.595397949 -245.592987061 -148.842712402 -0.441137195 -0.329488754 0.528067589 0.646513522
444.453905216 345.595397949 -245.592987061 -148.842712402 -0.441137195 -0.329488754 0.528067589 0.646513522
444.494611584 345.595397949 -245.592987061 -148.842712402 -0.441137195 -0.329488754 0.528067589 0.646513522
444.558712256 345.595397949 -245.592987061 -148.842712402 -0.441137195 -0.329488754 0.528067589 0.646513522
444.594871360 345.595397949 -245.592987061 -148.842712402 -0.441137195 -0.329488754 0.528067589 0.646513522
444.635926784 368.360290527 -241.217071533 -158.911804199 -0.463788837 -0.325442970 0.498182356 0.656354427
444.698796608 368.360290527 -241.217071533 -158.911804199 -0.463788837 -0.325442970 0.498182356 0.656354427
444.735860928 368.360290527 -241.217071533 -158.911804199 -0.463788837 -0.325442970 0.498182356 0.656354427
444.776552064 368.360290527 -241.217071533 -158.911804199 -0.463788837 -0.325442970 0.498182356 0.656354427
444.840052352 368.360290527 -241.217071533 -158.911804199 -0.463788837 -0.325442970 0.498182356 0.656354427
444.876188576 368.360290527 -241.217071533 -158.911804199 -0.463788837 -0.325442970 0.498182356 0.656354427
444.917000832 368.360290527 -241.217071533 -158.911804199 -0.463788837 -0.325442970 0.498182356 0.656354427
444.980529856 368.360290527 -241.217071533 -158.911804199 -0.463788837 -0.325442970 0.498182356 0.656354427
445.028671584 368.360290527 -241.217071533 -158.911804199 -0.463788837 -0.325442970 0.498182356 0.656354427
445.069354048 368.360290527 -241.217071533 -158.911804199 -0.463788837 -0.325442970 0.498182356 0.656354427
445.135103456 368.360290527 -241.217071533 -158.911804199 -0.463788837 -0.325442970 0.498182356 0.656354427
445.177799936 368.360290527 -241.217071533 -158.911804199 -0.463788837 -0.325442970 0.498182356 0.656354427
445.218668160 368.360290527 -241.217071533 -158.911804199 -0.463788837 -0.325442970 0.498182356 0.656354427
445.283089760 368.360290527 -241.217071533 -158.911804199 -0.463788837 -0.325442970 0.498182356 0.656354427
445.319927616 368.360290527 -241.217071533 -158.911804199 -0.463788837 -0.325442970 0.498182356 0.656354427
445.361392320 368.360290527 -241.217071533 -158.911804199 -0.463788837 -0.325442970 0.498182356 0.656354427
445.424677888 368.360290527 -241.217071533 -158.911804199 -0.463788837 -0.325442970 0.498182356 0.656354427
445.461167776 368.360290527 -241.217071533 -158.911804199 -0.463788837 -0.325442970 0.498182356 0.656354427
445.501715232 368.360290527 -241.217071533 -158.911804199 -0.463788837 -0.325442970 0.498182356 0.656354427
445.564926240 368.360290527 -241.217071533 -158.911804199 -0.463788837 -0.325442970 0.498182356 0.656354427
445.601342048 368.360290527 -241.217071533 -158.911804199 -0.463788837 -0.325442970 0.498182356 0.656354427
445.642031872 519.360168457 -268.391113281 -231.719207764 -0.439114511 -0.317354321 0.495487154 0.678938270
445.705428896 519.360168457 -268.391113281 -231.719207764 -0.439114511 -0.317354321 0.495487154 0.678938270
445.742027616 519.360168457 -268.391113281 -231.719207764 -0.439114511 -0.317354321 0.495487154 0.678938270
445.782937600 531.967224121 -277.145324707 -237.826049805 -0.477326542 -0.307544678 0.490046203 0.661385238
445.847108800 531.967224121 -277.145324707 -237.826049805 -0.477326542 -0.307544678 0.490046203 0.661385238
445.883459360 545.311889648 -278.301818848 -251.983612061 -0.471976221 -0.308675051 0.490033984 0.664699018
445.924305312 545.311889648 -278.301818848 -251.983612061 -0.471976221 -0.308675051 0.490033984 0.664699018
445.987626784 545.311889648 -278.301818848 -251.983612061 -0.471976221 -0.308675051 0.490033984 0.664699018
446.023882432 536.477233887 -276.415222168 -243.648696899 -0.473581284 -0.308664322 0.489969730 0.663608849
446.064567616 536.477233887 -276.415222168 -243.648696899 -0.473581284 -0.308664322 0.489969730 0.663608849
446.127979904 536.477233887 -276.415222168 -243.648696899 -0.473581284 -0.308664322 0.489969730 0.663608849
446.164844928 536.477233887 -276.415222168 -243.648696899 -0.473581284 -0.308664322 0.489969730 0.663608849
446.205461504 536.477233887 -276.415222168 -243.648696899 -0.473581284 -0.308664322 0.489969730 0.663608849
446.269003712 536.477233887 -276.415222168 -243.648696899 -0.473581284 -0.308664322 0.489969730 0.663608849
446.305859360 535.874328613 -277.726989746 -242.673980713 -0.474321872 -0.308152556 0.489846379 0.663408816
446.347375552 535.874328613 -277.726989746 -242.673980713 -0.474321872 -0.308152556 0.489846379 0.663408816
446.410658752 535.874328613 -277.726989746 -242.673980713 -0.474321872 -0.308152556 0.489846379 0.663408816
446.447938464 535.874328613 -277.726989746 -242.673980713 -0.474321872 -0.308152556 0.489846379 0.663408816
446.488506528 535.874328613 -277.726989746 -242.673980713 -0.474321872 -0.308152556 0.489846379 0.663408816
446.560414816 535.874328613 -277.726989746 -242.673980713 -0.474321872 -0.308152556 0.489846379 0.663408816
446.603020832 535.874328613 -277.726989746 -242.673980713 -0.474321872 -0.308152556 0.489846379 0.663408816
446.644727584 605.722290039 -296.241088867 -292.782745361 -0.463365316 -0.304504067 0.489092410 0.673318982
446.708789408 605.722290039 -296.241088867 -292.782745361 -0.463365316 -0.304504067 0.489092410 0.673318982
446.745352000 622.414550781 -299.958740234 -311.300903320 -0.460611373 -0.304188848 0.489207238 0.675264776
446.786110976 645.376403809 -306.212768555 -335.599212646 -0.461893111 -0.308622867 0.487359285 0.673711836
446.860591168 645.376403809 -306.212768555 -335.599212646 -0.461893111 -0.308622867 0.487359285 0.673711836
446.897754080 654.965087891 -308.926574707 -345.300720215 -0.460940689 -0.308354616 0.487342328 0.674498737
446.938849696 664.967224121 -311.707153320 -355.588928223 -0.459947348 -0.307861179 0.487373531 0.675379157
447.001631296 664.967224121 -311.707153320 -355.588928223 -0.459947348 -0.307861179 0.487373531 0.675379157
447.039124768 664.967224121 -311.707153320 -355.588928223 -0.459947348 -0.307861179 0.487373531 0.675379157
447.079895936 675.348449707 -325.582977295 -371.214447021 -0.460003465 -0.305866987 0.487018108 0.676502466
447.143653376 675.348449707 -325.582977295 -371.214447021 -0.460003465 -0.305866987 0.487018108 0.676502466
447.180654688 855.011169434 -371.736877441 -577.218872070 -0.440312207 -0.301755250 0.487754136 0.690771163
447.221213792 855.011169434 -371.736877441 -577.218872070 -0.440312207 -0.301755250 0.487754136 0.690771163
447.284303136 855.011169434 -371.736877441 -577.218872070 -0.440312207 -0.301755250 0.487754136 0.690771163
447.321069504 858.075256348 -372.702331543 -581.169555664 -0.440244526 -0.301714867 0.487757802 0.690829337
447.361767840 861.780517578 -374.010620117 -585.916137695 -0.437432945 -0.300129622 0.492522418 0.689924836
447.424680832 861.780517578 -374.010620117 -585.916137695 -0.437432945 -0.300129622 0.492522418 0.689924836
447.461244800 861.780517578 -374.010620117 -585.916137695 -0.437432945 -0.300129622 0.492522418 0.689924836
447.502531584 937.709655762 -428.079345703 -691.275207520 -0.439637095 -0.293883651 0.491175711 0.692169011
447.565882272 937.709655762 -428.079345703 -691.275207520 -0.439637095 -0.293883651 0.491175711 0.692169011
447.602200960 937.709655762 -428.079345703 -691.275207520 -0.439637095 -0.293883651 0.491175711 0.692169011
447.643180128 1074.537109375 -546.575439453 -875.831054688 -0.445691675 -0.282966524 0.488504291 0.694731891
447.706321472 1074.537109375 -546.575439453 -875.831054688 -0.445691675 -0.282966524 0.488504291 0.694731891
447.742872096 1077.549194336 -546.932434082 -879.412963867 -0.445555061 -0.283017904 0.488543689 0.694770873
447.783665536 1080.833740234 -547.221069336 -883.401489258 -0.443676025 -0.284864098 0.492483914 0.692433119
447.846994656 1080.833740234 -547.221069336 -883.401489258 -0.443676025 -0.284864098 0.492483914 0.692433119
447.883664416 1080.833740234 -547.221069336 -883.401489258 -0.443676025 -0.284864098 0.492483914 0.692433119
447.924162944 1080.957153320 -547.149047852 -883.434570312 -0.443663061 -0.284879714 0.492493093 0.692428470
447.987744736 1080.957153320 -547.149047852 -883.434570312 -0.443663061 -0.284879714 0.492493093 0.692428470
448.024071936 1081.226074219 -547.191772461 -883.078552246 -0.443706274 -0.284904003 0.492490858 0.692392409
448.066272768 1081.226074219 -547.191772461 -883.078552246 -0.443706274 -0.284904003 0.492490858 0.692392409
448.141807104 1081.226074219 -547.191772461 -883.078552246 -0.443706274 -0.284904003 0.492490858 0.692392409
448.178471936 1081.226074219 -547.191772461 -883.078552246 -0.443706274 -0.284904003 0.492490858 0.692392409
448.218923584 1081.230468750 -547.466491699 -883.535705566 -0.443204045 -0.283793896 0.493801266 0.692236543
448.281798432 1081.230468750 -547.466491699 -883.535705566 -0.443204045 -0.283793896 0.493801266 0.692236543
448.318448416 1081.418701172 -547.626281738 -883.710510254 -0.444647968 -0.282817364 0.494992524 0.690858126
448.359139104 1080.727905273 -547.616943359 -882.926879883 -0.445175260 -0.281695843 0.495998979 0.690254569
448.390475232 1080.727905273 -547.616943359 -882.926879883 -0.445175260 -0.281695843 0.495998979 0.690254569
448.422126848 1080.727905273 -547.616943359 -882.926879883 -0.445175260 -0.281695843 0.495998979 0.690254569
448.458433664 1080.613159180 -547.555725098 -882.872680664 -0.445172042 -0.281704605 0.496002197 0.690250814
448.499090848 1154.719604492 -511.863037109 -950.345581055 -0.434531540 -0.290390193 0.499392956 0.690986693
448.530395744 1154.719604492 -511.863037109 -950.345581055 -0.434531540 -0.290390193 0.499392956 0.690986693
448.561833248 1154.719604492 -511.863037109 -950.345581055 -0.434531540 -0.290390193 0.499392956 0.690986693
448.607445024 1154.719604492 -511.863037109 -950.345581055 -0.434531540 -0.290390193 0.499392956 0.690986693
448.648001664 1155.088256836 -513.053222656 -950.319641113 -0.449347287 -0.283041567 0.500835121 0.683475375
448.710879040 1155.088256836 -513.053222656 -950.319641113 -0.449347287 -0.283041567 0.500835121 0.683475375
448.747775904 1155.527465820 -512.477416992 -950.318054199 -0.449280471 -0.283137530 0.500862360 0.683459640
448.788394624 1155.527465820 -512.477416992 -950.318054199 -0.449280471 -0.283137530 0.500862360 0.683459640
448.851326560 1155.527465820 -512.477416992 -950.318054199 -0.449280471 -0.283137530 0.500862360 0.683459640
448.887742624 1155.876464844 -512.443908691 -950.620727539 -0.449139774 -0.283948630 0.498933285 0.684625685
448.937751936 1157.031860352 -511.789825439 -949.785766602 -0.449187011 -0.284153074 0.498959184 0.684490919
449.001142912 1157.031860352 -511.789825439 -949.785766602 -0.449187011 -0.284153074 0.498959184 0.684490919
449.038106048 1156.902343750 -511.760375977 -949.895324707 -0.449169517 -0.284144610 0.498962015 0.684503794
449.079400160 1156.754150391 -511.612243652 -949.913330078 -0.448805481 -0.286877722 0.500813484 0.682246685
449.142817824 1156.754150391 -511.612243652 -949.913330078 -0.448805481 -0.286877722 0.500813484 0.682246685
449.180209888 1156.811523438 -511.584594727 -950.125427246 -0.448780715 -0.286875188 0.500818491 0.682260454
449.222369120 1156.077880859 -512.346008301 -950.343505859 -0.451772124 -0.281575143 0.496224791 0.685841382
449.287964416 1156.077880859 -512.346008301 -950.343505859 -0.451772124 -0.281575143 0.496224791 0.685841382
449.326794720 1156.153076172 -512.438964844 -950.196960449 -0.451798558 -0.281576753 0.496219099 0.685827494
449.367986016 1161.132934570 -516.654846191 -950.621520996 -0.467089206 -0.300005913 0.495712638 0.667901993
449.430793280 1161.132934570 -516.654846191 -950.621520996 -0.467089206 -0.300005913 0.495712638 0.667901993
449.467341440 1161.132934570 -516.654846191 -950.621520996 -0.467089206 -0.300005913 0.495712638 0.667901993
449.508846464 1161.201171875 -516.650878906 -950.630065918 -0.467086554 -0.300006717 0.495714903 0.667901814
449.571904768 1161.201171875 -516.650878906 -950.630065918 -0.467086554 -0.300006717 0.495714903 0.667901814
449.608050688 1163.086547852 -518.445678711 -950.774414062 -0.473075002 -0.300756484 0.495564103 0.663446963
449.649373792 1164.635131836 -520.799194336 -950.485656738 -0.485619873 -0.286997497 0.501997113 0.655594945
449.712687904 1164.635131836 -520.799194336 -950.485656738 -0.485619873 -0.286997497 0.501997113 0.655594945
449.750180576 1164.541748047 -520.810180664 -950.442443848 -0.485632122 -0.286980689 0.502011657 0.655582070
449.790953856 1164.476928711 -521.022399902 -950.486022949 -0.485861450 -0.286398113 0.502963305 0.654937148
449.854273504 1164.476928711 -521.022399902 -950.486022949 -0.485861450 -0.286398113 0.502963305 0.654937148
449.890618112 1162.225830078 -516.343444824 -949.648559570 -0.474552721 -0.298292905 0.507923901 0.654090464
449.931119936 1161.276000977 -515.226928711 -949.319458008 -0.474308252 -0.293947607 0.518003821 0.648304284
449.994146528 1161.276000977 -515.226928711 -949.319458008 -0.474308252 -0.293947607 0.518003821 0.648304284
450.030951136 1160.927490234 -515.231079102 -949.137817383 -0.474328786 -0.293954343 0.517999053 0.648290038
450.072621472 1161.704345703 -517.078247070 -949.925415039 -0.464992195 -0.300433129 0.512256086 0.656594157
450.138725888 1161.704345703 -517.078247070 -949.925415039 -0.464992195 -0.300433129 0.512256086 0.656594157
450.175448800 1161.704345703 -517.078247070 -949.925415039 -0.464992195 -0.300433129 0.512256086 0.656594157
450.216932704 1163.696899414 -515.620422363 -950.968994141 -0.464697897 -0.300685585 0.512388647 0.656583607
450.287190368 1163.696899414 -515.620422363 -950.968994141 -0.464697897 -0.300685585 0.512388647 0.656583607
450.323810816 1163.696899414 -515.620422363 -950.968994141 -0.464697897 -0.300685585 0.512388647 0.656583607
450.364704768 1165.662597656 -514.563842773 -952.075073242 -0.464448899 -0.300869256 0.512488186 0.656597853
450.436672320 1165.662597656 -514.563842773 -952.075073242 -0.464448899 -0.300869256 0.512488186 0.656597853
450.473254208 1165.698486328 -514.632629395 -952.063171387 -0.464421242 -0.300904870 0.512471557 0.656614065
450.514081504 1165.698486328 -514.632629395 -952.063171387 -0.464421242 -0.300904870 0.512471557 0.656614065
450.577355872 1165.698486328 -514.632629395 -952.063171387 -0.464421242 -0.300904870 0.512471557 0.656614065
450.613812544 1165.698486328 -514.632629395 -952.063171387 -0.464421242 -0.300904870 0.512471557 0.656614065
450.655106048 1165.698486328 -514.632629395 -952.063171387 -0.464421242 -0.300904870 0.512471557 0.656614065
450.719054496 1165.698486328 -514.632629395 -952.063171387 -0.464421242 -0.300904870 0.512471557 0.656614065
450.755603712 1165.698486328 -514.632629395 -952.063171387 -0.464421242 -0.300904870 0.512471557 0.656614065
450.796056064 1165.700561523 -514.649780273 -952.059020996 -0.464423865 -0.300902575 0.512470365 0.656614065
450.858606464 1165.700561523 -514.649780273 -952.059020996 -0.464423865 -0.300902575 0.512470365 0.656614065
450.895236192 1165.700561523 -514.649780273 -952.059020996 -0.464423865 -0.300902575 0.512470365 0.656614065
450.936326848 1165.720092773 -514.617980957 -952.089721680 -0.464408249 -0.300611675 0.513742745 0.655763686
450.998871936 1165.720092773 -514.617980957 -952.089721680 -0.464408249 -0.300611675 0.513742745 0.655763686
451.036206368 1165.720092773 -514.617980957 -952.089721680 -0.464408249 -0.300611675 0.513742745 0.655763686
451.076988384 1165.698364258 -514.637329102 -952.092163086 -0.464408994 -0.300608218 0.513740003 0.655766904
451.108630816 1165.698364258 -514.637329102 -952.092163086 -0.464408994 -0.300608218 0.513740003 0.655766904
451.140265536 1165.610473633 -514.764038086 -951.906311035 -0.464438260 -0.300591707 0.513732195 0.655759811
451.176902304 1165.610473633 -514.764038086 -951.906311035 -0.464438260 -0.300591707 0.513732195 0.655759811
451.218670944 1165.093383789 -514.757080078 -952.326354980 -0.464378476 -0.300549299 0.513751149 0.655806780
451.250297920 1165.093383789 -514.757080078 -952.326354980 -0.464378476 -0.300549299 0.513751149 0.655806780
451.294534880 1165.261962891 -514.871520996 -952.365051270 -0.469822913 -0.298527062 0.515007854 0.651854992
451.330959168 1165.261962891 -514.871520996 -952.365051270 -0.469822913 -0.298527062 0.515007854 0.651854992
451.371519232 1165.064819336 -514.917236328 -952.457458496 -0.469815254 -0.298509896 0.515010178 0.651866496
451.403152992 1164.973632812 -514.955444336 -952.543762207 -0.469715506 -0.298511744 0.514972091 0.651967585
451.434917632 1165.005981445 -514.963317871 -952.808654785 -0.469369918 -0.297898084 0.517615557 0.650402009
451.475218272 1165.005981445 -514.963317871 -952.808654785 -0.469369918 -0.297898084 0.517615557 0.650402009
451.517784704 1165.025512695 -514.927185059 -952.815490723 -0.469365537 -0.297903389 0.517616510 0.650401831
451.549303872 1165.092651367 -514.902832031 -952.848999023 -0.469361037 -0.297909588 0.517615974 0.650402784
451.580606528 1164.851806641 -514.968994141 -952.778503418 -0.469861180 -0.296725899 0.520526111 0.648256898
451.619160512 1164.851806641 -514.968994141 -952.778503418 -0.469861180 -0.296725899 0.520526111 0.648256898
451.659473952 1164.851806641 -514.968994141 -952.778503418 -0.469861180 -0.296725899 0.520526111 0.648256898
451.691030976 1164.954711914 -514.949768066 -952.834228516 -0.469859779 -0.296731353 0.520531237 0.648251116
451.723851936 1165.028686523 -514.948669434 -952.865783691 -0.469856352 -0.296745151 0.520530701 0.648247600
451.760782752 1165.028686523 -514.948669434 -952.865783691 -0.469856352 -0.296745151 0.520530701 0.648247600
451.801927424 1165.028686523 -514.948669434 -952.865783691 -0.469856352 -0.296745151 0.520530701 0.648247600
451.833447456 1165.030639648 -514.947143555 -952.859863281 -0.469854206 -0.296745092 0.520537615 0.648243725
451.865939104 1165.016845703 -514.952453613 -952.844177246 -0.469852805 -0.296750188 0.520552635 0.648230255
451.902962656 1165.016845703 -514.952453613 -952.844177246 -0.469852805 -0.296750188 0.520552635 0.648230255
451.944569056 1165.016845703 -514.952453613 -952.844177246 -0.469852805 -0.296750188 0.520552635 0.648230255
451.976204192 1164.992309570 -514.951843262 -952.846496582 -0.469853163 -0.296748608 0.520554423 0.648229480
452.007830336 1371.459106445 -528.946472168 -1144.844116211 -0.462311387 -0.298997045 0.522174537 0.651308417
452.044463584 1371.459106445 -528.946472168 -1144.844116211 -0.462311387 -0.298997045 0.522174537 0.651308417
452.086591968 1371.459106445 -528.946472168 -1144.844116211 -0.462311387 -0.298997045 0.522174537 0.651308417
452.118512704 1371.423583984 -528.940979004 -1144.825195312 -0.462597996 -0.298941940 0.523358762 0.650178671
452.150140704 1371.383422852 -528.953063965 -1144.791381836 -0.463035882 -0.298897773 0.524065435 0.649317682
452.198475776 1371.383422852 -528.953063965 -1144.791381836 -0.463035882 -0.298897773 0.524065435 0.649317682
452.239603072 1371.383422852 -528.953063965 -1144.791381836 -0.463035882 -0.298897773 0.524065435 0.649317682
452.271067040 1371.441406250 -528.945800781 -1144.801635742 -0.463171244 -0.298736095 0.524211943 0.649177074
452.302717696 1371.470825195 -528.904418945 -1144.820678711 -0.463175982 -0.298734725 0.524208486 0.649177194
452.339481472 1371.470825195 -528.904418945 -1144.820678711 -0.463175982 -0.298734725 0.524208486 0.649177194
452.380068736 1371.470825195 -528.904418945 -1144.820678711 -0.463175982 -0.298734725 0.524208486 0.649177194
452.411740000 1371.432250977 -528.916503906 -1144.806518555 -0.463191092 -0.298726052 0.524182200 0.649191618
452.446013408 1549.041992188 -558.214965820 -1341.821777344 -0.461050004 -0.299457878 0.524573684 0.650061786
452.484443936 1549.041992188 -558.214965820 -1341.821777344 -0.461050004 -0.299457878 0.524573684 0.650061786
452.530364544 1549.041992188 -558.214965820 -1341.821777344 -0.461050004 -0.299457878 0.524573684 0.650061786
452.563043232 1549.060546875 -558.051025391 -1341.784423828 -0.455052525 -0.311650753 0.521100998 0.651348412
452.594189248 1549.060546875 -558.051025391 -1341.784423828 -0.455052525 -0.311650753 0.521100998 0.651348412
452.630699200 1549.060546875 -558.051025391 -1341.784423828 -0.455052525 -0.311650753 0.521100998 0.651348412
452.671313600 1549.060546875 -558.051025391 -1341.784423828 -0.455052525 -0.311650753 0.521100998 0.651348412
452.703865024 1549.153198242 -558.105895996 -1341.880737305 -0.455052584 -0.311654121 0.521081507 0.651362360
452.735292800 1549.126464844 -558.177185059 -1341.896118164 -0.455058575 -0.311644673 0.521079123 0.651364565
452.771694080 1549.126464844 -558.177185059 -1341.896118164 -0.455058575 -0.311644673 0.521079123 0.651364565
452.812169440 1549.126464844 -558.177185059 -1341.896118164 -0.455058575 -0.311644673 0.521079123 0.651364565
452.844068256 1549.179687500 -558.223510742 -1341.927612305 -0.456470579 -0.309599698 0.523868740 0.649110198
452.875695456 1549.179687500 -558.223510742 -1341.927612305 -0.456470579 -0.309599698 0.523868740 0.649110198
452.911944256 1549.179687500 -558.223510742 -1341.927612305 -0.456470579 -0.309599698 0.523868740 0.649110198
452.953157568 1549.179687500 -558.223510742 -1341.927612305 -0.456470579 -0.309599698 0.523868740 0.649110198
452.984847488 1549.210327148 -558.260498047 -1341.946899414 -0.456472129 -0.309597313 0.523868680 0.649110377
453.017476512 1549.210327148 -558.260498047 -1341.946899414 -0.456472129 -0.309597313 0.523868680 0.649110377
453.056714080 1549.210327148 -558.260498047 -1341.946899414 -0.456472129 -0.309597313 0.523868680 0.649110377
453.102921696 1549.210327148 -558.260498047 -1341.946899414 -0.456472129 -0.309597313 0.523868680 0.649110377
453.134392384 1549.210327148 -558.260498047 -1341.946899414 -0.456472129 -0.309597313 0.523868680 0.649110377
453.166319776 1549.210327148 -558.260498047 -1341.946899414 -0.456472129 -0.309597313 0.523868680 0.649110377
453.202543360 1549.210327148 -558.260498047 -1341.946899414 -0.456472129 -0.309597313 0.523868680 0.649110377
453.244484128 1549.210327148 -558.260498047 -1341.946899414 -0.456472129 -0.309597313 0.523868680 0.649110377
453.276447648 1549.210327148 -558.260498047 -1341.946899414 -0.456472129 -0.309597313 0.523868680 0.649110377
453.308182048 1914.994506836 -659.552795410 -1593.247802734 -0.455312997 -0.300954342 0.523675561 0.654125750
453.344976992 2303.872802734 -775.253051758 -1870.479614258 -0.453956991 -0.291919857 0.523455381 0.659318089
453.385885440 2303.872802734 -775.253051758 -1870.479614258 -0.453956991 -0.291919857 0.523455381 0.659318089
453.417541376 2303.872802734 -775.253051758 -1870.479614258 -0.453956991 -0.291919857 0.523455381 0.659318089
453.449161184 2312.655029297 -777.114257812 -1879.787597656 -0.432357937 -0.294942528 0.507700384 0.684336066
453.485930208 2312.655029297 -777.114257812 -1879.787597656 -0.432357937 -0.294942528 0.507700384 0.684336066
453.526594560 2312.655029297 -777.114257812 -1879.787597656 -0.432357937 -0.294942528 0.507700384 0.684336066
453.558032928 2312.655029297 -777.114257812 -1879.787597656 -0.432357937 -0.294942528 0.507700384 0.684336066
453.589363328 2555.566650391 -842.332763672 -2015.688354492 -0.431756645 -0.289909989 0.507493258 0.687014580
453.625780064 2555.566650391 -842.332763672 -2015.688354492 -0.431756645 -0.289909989 0.507493258 0.687014580
453.666705952 2555.566650391 -842.332763672 -2015.688354492 -0.431756645 -0.289909989 0.507493258 0.687014580
453.698219200 2555.566650391 -842.332763672 -2015.688354492 -0.431756645 -0.289909989 0.507493258 0.687014580
453.729706592 2899.421386719 -941.243774414 -2210.984375000 -0.431546122 -0.283023268 0.506944835 0.690414846
453.766934496 2899.421386719 -941.243774414 -2210.984375000 -0.431546122 -0.283023268 0.506944835 0.690414846
453.807448416 2899.421386719 -941.243774414 -2210.984375000 -0.431546122 -0.283023268 0.506944835 0.690414846
453.839806176 2900.490966797 -938.976318359 -2210.773437500 -0.431425929 -0.283184111 0.506985962 0.690393865
453.871030720 2900.490966797 -938.976318359 -2210.773437500 -0.431425929 -0.283184111 0.506985962 0.690393865
453.907594944 2900.490966797 -938.976318359 -2210.773437500 -0.431425929 -0.283184111 0.506985962 0.690393865
453.948366720 2900.490966797 -938.976318359 -2210.773437500 -0.431425929 -0.283184111 0.506985962 0.690393865
453.992372672 2900.490966797 -938.976318359 -2210.773437500 -0.431425929 -0.283184111 0.506985962 0.690393865
454.025966336 2900.259521484 -938.725769043 -2212.818603516 -0.400188476 -0.279127091 0.504176259 0.712561309
454.062586528 2900.259521484 -938.725769043 -2212.818603516 -0.400188476 -0.279127091 0.504176259 0.712561309
454.103517344 2900.259521484 -938.725769043 -2212.818603516 -0.400188476 -0.279127091 0.504176259 0.712561309
454.135440096 2900.259521484 -938.725769043 -2212.818603516 -0.400188476 -0.279127091 0.504176259 0.712561309
454.166878496 2905.260498047 -940.543701172 -2217.613037109 -0.399016589 -0.266333282 0.507134497 0.716007710
454.203638272 2905.260498047 -940.543701172 -2217.613037109 -0.399016589 -0.266333282 0.507134497 0.716007710
454.244682624 2905.260498047 -940.543701172 -2217.613037109 -0.399016589 -0.266333282 0.507134497 0.716007710
454.276434752 2905.260498047 -940.543701172 -2217.613037109 -0.399016589 -0.266333282 0.507134497 0.716007710
454.307814304 2905.948974609 -940.399963379 -2218.613281250 -0.383227766 -0.278588116 0.504370511 0.721897125
454.344211008 3383.562744141 -982.476745605 -2627.232910156 -0.376866460 -0.277208507 0.505221128 0.725174904
454.384857664 3383.562744141 -982.476745605 -2627.232910156 -0.376866460 -0.277208507 0.505221128 0.725174904
454.416743168 3383.420654297 -982.361938477 -2627.456298828 -0.376853108 -0.277207434 0.505224109 0.725180149
454.448291872 3382.523925781 -982.490600586 -2626.028320312 -0.360747129 -0.281714797 0.506646514 0.730621338
454.484680288 3382.523925781 -982.490600586 -2626.028320312 -0.360747129 -0.281714797 0.506646514 0.730621338
454.526537568 3382.523925781 -982.490600586 -2626.028320312 -0.360747129 -0.281714797 0.506646514 0.730621338
454.557963424 3382.523925781 -982.490600586 -2626.028320312 -0.360747129 -0.281714797 0.506646514 0.730621338
454.589784064 3385.626953125 -982.097595215 -2628.698974609 -0.365491062 -0.279987752 0.507248700 0.728506625
454.627108608 3385.626953125 -982.097595215 -2628.698974609 -0.365491062 -0.279987752 0.507248700 0.728506625
454.669368736 3385.626953125 -982.097595215 -2628.698974609 -0.365491062 -0.279987752 0.507248700 0.728506625
454.700779936 3385.117431641 -980.323486328 -2629.405517578 -0.365364730 -0.280054450 0.507282138 0.728521049
454.732428320 3397.295654297 -976.551635742 -2645.123535156 -0.308420509 -0.303336173 0.526553690 0.731850505
454.768806624 3397.295654297 -976.551635742 -2645.123535156 -0.308420509 -0.303336173 0.526553690 0.731850505
454.809751488 3397.295654297 -976.551635742 -2645.123535156 -0.308420509 -0.303336173 0.526553690 0.731850505
454.843709408 3396.450927734 -978.691894531 -2642.326171875 -0.307948381 -0.280410796 0.537222922 0.733436465
454.878923840 4714.637207031 -1016.408996582 -3953.244140625 -0.276879013 -0.301441431 0.516092002 0.752409458
454.916840352 5047.144042969 -1050.469970703 -4253.600585938 -0.275535882 -0.300307035 0.516237676 0.753255844
454.957303424 5047.144042969 -1050.469970703 -4253.600585938 -0.275535882 -0.300307035 0.516237676 0.753255844
454.988588864 5045.757812500 -1050.578125000 -4250.704589844 -0.276268870 -0.296774864 0.511705995 0.757467628
455.020041920 5048.519042969 -1048.184814453 -4252.857910156 -0.248534590 -0.324212968 0.492424369 0.768527687
455.056607584 5048.341796875 -1049.280151367 -4253.168945312 -0.248574495 -0.324176401 0.492411077 0.768538713
455.097486496 5048.341796875 -1049.280151367 -4253.168945312 -0.248574495 -0.324176401 0.492411077 0.768538713
455.129104672 5046.185546875 -1049.834350586 -4249.436035156 -0.247172847 -0.316547841 0.487257004 0.775424838
455.160705440 5044.394531250 -1050.205322266 -4245.517089844 -0.247334719 -0.315610796 0.487833112 0.775393009
455.197657344 5044.394531250 -1050.205322266 -4245.517089844 -0.247334719 -0.315610796 0.487833112 0.775393009
455.238324160 5044.394531250 -1050.205322266 -4245.517089844 -0.247334719 -0.315610796 0.487833112 0.775393009
455.269832416 5042.699707031 -1050.532470703 -4242.463867188 -0.245583192 -0.311313391 0.488947332 0.776983440
455.301288128 5042.699707031 -1050.532470703 -4242.463867188 -0.245583192 -0.311313391 0.488947332 0.776983440
455.337476544 5042.699707031 -1050.532470703 -4242.463867188 -0.245583192 -0.311313391 0.488947332 0.776983440
455.378871040 5042.699707031 -1050.532470703 -4242.463867188 -0.245583192 -0.311313391 0.488947332 0.776983440
455.410309952 5042.699707031 -1050.532470703 -4242.463867188 -0.245583192 -0.311313391 0.488947332 0.776983440
455.442220224 5043.901367188 -1050.710327148 -4244.187988281 -0.227784082 -0.322485834 0.461358964 0.794521987
455.478704000 5043.901367188 -1050.710327148 -4244.187988281 -0.227784082 -0.322485834 0.461358964 0.794521987
455.520320960 5274.951660156 -1094.172851562 -4498.941894531 -0.228518620 -0.322344422 0.461117655 0.794508517
455.551552096 5274.951660156 -1094.172851562 -4498.941894531 -0.228518620 -0.322344422 0.461117655 0.794508517
455.583316448 5274.951660156 -1094.172851562 -4498.941894531 -0.228518620 -0.322344422 0.461117655 0.794508517
455.622153312 5274.951660156 -1094.172851562 -4498.941894531 -0.228518620 -0.322344422 0.461117655 0.794508517
455.663317216 5274.934570312 -1094.174926758 -4498.956054688 -0.226752564 -0.322169095 0.460925341 0.795196950
455.695159808 5274.182128906 -1094.496459961 -4498.452636719 -0.226771742 -0.322160453 0.460921079 0.795197487
455.726747424 5276.107421875 -1093.719848633 -4500.762207031 -0.221621245 -0.329123288 0.458469689 0.795215309
455.771946688 5276.107421875 -1093.719848633 -4500.762207031 -0.221621245 -0.329123288 0.458469689 0.795215309
455.812346880 5276.097656250 -1093.744750977 -4500.765136719 -0.221622586 -0.329123855 0.458469838 0.795214653
455.843950944 5276.055664062 -1093.741210938 -4500.861328125 -0.221621409 -0.329122484 0.458470136 0.795215428
455.876171552 5276.474121094 -1093.940795898 -4501.384765625 -0.221622691 -0.329116940 0.458466798 0.795219243
455.912575040 5276.474121094 -1093.940795898 -4501.384765625 -0.221622691 -0.329116940 0.458466798 0.795219243
455.954149216 5276.451171875 -1093.929443359 -4501.369140625 -0.221622482 -0.329117179 0.458466798 0.795219183
455.986704480 5276.451171875 -1093.929443359 -4501.369140625 -0.221622482 -0.329117179 0.458466798 0.795219183
456.019240160 5279.262695312 -1092.338012695 -4502.833007812 -0.221541509 -0.329156488 0.458495051 0.795209169
456.055495616 5279.262695312 -1092.338012695 -4502.833007812 -0.221541509 -0.329156488 0.458495051 0.795209169
456.097264864 5279.262695312 -1092.338012695 -4502.833007812 -0.221541509 -0.329156488 0.458495051 0.795209169
456.128772992 5279.256347656 -1092.314453125 -4502.836914062 -0.221540391 -0.329156965 0.458495408 0.795209050
456.160440480 5279.235351562 -1092.261962891 -4502.812988281 -0.221538782 -0.329157889 0.458496571 0.795208454
456.196795872 5279.235351562 -1092.261962891 -4502.812988281 -0.221538782 -0.329157889 0.458496571 0.795208454
456.237613856 5279.236328125 -1092.264404297 -4502.810546875 -0.221538976 -0.329157889 0.458496511 0.795208454
456.268949056 5279.236328125 -1092.264404297 -4502.810546875 -0.221538976 -0.329157889 0.458496511 0.795208454
456.300335712 5282.996582031 -1098.736694336 -4515.977539062 -0.221751407 -0.329059005 0.458421677 0.795233309
456.336867264 5282.996582031 -1098.736694336 -4515.977539062 -0.221751407 -0.329059005 0.458421677 0.795233309
456.377635520 5283.211425781 -1098.919677734 -4516.312500000 -0.221755832 -0.329055488 0.458419144 0.795234978
456.408771008 5283.211425781 -1098.919677734 -4516.312500000 -0.221755832 -0.329055488 0.458419144 0.795234978
456.440713600 5283.211425781 -1098.919677734 -4516.312500000 -0.221755832 -0.329055488 0.458419144 0.795234978
456.477602464 5283.211425781 -1098.919677734 -4516.312500000 -0.221755832 -0.329055488 0.458419144 0.795234978
456.518368160 5283.278808594 -1098.941528320 -4516.376464844 -0.221756011 -0.329053193 0.458423138 0.795233667
456.549953152 5283.278808594 -1098.941528320 -4516.376464844 -0.221756011 -0.329053193 0.458423138 0.795233667
456.582772320 5283.278808594 -1098.941528320 -4516.376464844 -0.221756011 -0.329053193 0.458423138 0.795233667
456.619494464 5283.278808594 -1098.941528320 -4516.376464844 -0.221756011 -0.329053193 0.458423138 0.795233667
456.660527264 5282.296875000 -1098.595458984 -4515.321289062 -0.220370844 -0.329409182 0.458392709 0.795488834
456.723608128 5282.296875000 -1098.595458984 -4515.321289062 -0.220370844 -0.329409182 0.458392709 0.795488834
456.760781472 5282.296875000 -1098.595458984 -4515.321289062 -0.220370844 -0.329409182 0.458392709 0.795488834
456.801939904 5282.295410156 -1098.595825195 -4515.321777344 -0.220370844 -0.329409182 0.458392709 0.795488834
456.865927296 5282.295410156 -1098.595825195 -4515.321777344 -0.220370844 -0.329409182 0.458392709 0.795488834
456.909207136 5282.211914062 -1098.990234375 -4515.468261719 -0.220384508 -0.329396576 0.458387524 0.795493186
456.951611936 5282.102050781 -1099.376342773 -4515.606445312 -0.220396236 -0.329383314 0.458382249 0.795498490
457.015672768 5282.102050781 -1099.376342773 -4515.606445312 -0.220396236 -0.329383314 0.458382249 0.795498490
457.052126784 5282.102050781 -1099.376342773 -4515.606445312 -0.220396236 -0.329383314 0.458382249 0.795498490
457.093742816 5282.115722656 -1099.373168945 -4515.595214844 -0.220396325 -0.329383820 0.458382100 0.795498312
457.156653920 5282.115722656 -1099.373168945 -4515.595214844 -0.220396325 -0.329383820 0.458382100 0.795498312
457.193351360 5282.309082031 -1099.176269531 -4515.375488281 -0.220392227 -0.329393983 0.458384454 0.795493901
457.233917280 5282.951660156 -1099.526611328 -4515.755859375 -0.220376551 -0.328080744 0.459619135 0.795328498
457.298601792 5282.951660156 -1099.526611328 -4515.755859375 -0.220376551 -0.328080744 0.459619135 0.795328498
457.335921792 5282.951660156 -1099.526611328 -4515.755859375 -0.220376551 -0.328080744 0.459619135 0.795328498
457.382810688 5282.951660156 -1099.526611328 -4515.755859375 -0.220376551 -0.328080744 0.459619135 0.795328498
457.446924544 5282.951660156 -1099.526611328 -4515.755859375 -0.220376551 -0.328080744 0.459619135 0.795328498
457.483304288 5282.951660156 -1099.526611328 -4515.755859375 -0.220376551 -0.328080744 0.459619135 0.795328498
457.523919232 5282.990722656 -1099.562866211 -4515.825195312 -0.220376998 -0.328079641 0.459618598 0.795329154
457.597084384 5282.990722656 -1099.562866211 -4515.825195312 -0.220376998 -0.328079641 0.459618598 0.795329154
457.633599328 5282.990722656 -1099.562866211 -4515.825195312 -0.220376998 -0.328079641 0.459618598 0.795329154
457.674729632 5282.990722656 -1099.562866211 -4515.825195312 -0.220376998 -0.328079641 0.459618598 0.795329154
457.738456992 5282.990722656 -1099.562866211 -4515.825195312 -0.220376998 -0.328079641 0.459618598 0.795329154
457.775700224 5282.990722656 -1099.562866211 -4515.825195312 -0.220376998 -0.328079641 0.459618598 0.795329154
457.816812576 5282.990722656 -1099.562866211 -4515.825195312 -0.220376998 -0.328079641 0.459618598 0.795329154
457.895402368 5282.990722656 -1099.562866211 -4515.825195312 -0.220376998 -0.328079641 0.459618598 0.795329154
457.939907584 5282.990722656 -1099.562866211 -4515.825195312 -0.220376998 -0.328079641 0.459618598 0.795329154
457.981276704 5282.855468750 -1099.479980469 -4515.614257812 -0.220378011 -0.328084320 0.459620088 0.795326054
458.044481120 5282.855468750 -1099.479980469 -4515.614257812 -0.220378011 -0.328084320 0.459620088 0.795326054
458.080763904 5282.855468750 -1099.479980469 -4515.614257812 -0.220378011 -0.328084320 0.459620088 0.795326054
458.121315008 5282.855468750 -1099.479980469 -4515.614257812 -0.220378011 -0.328084320 0.459620088 0.795326054
458.184052096 5282.855468750 -1099.479980469 -4515.614257812 -0.220378011 -0.328084320 0.459620088 0.795326054
458.220899328 5282.855468750 -1099.479980469 -4515.614257812 -0.220378011 -0.328084320 0.459620088 0.795326054
458.261709312 5282.974121094 -1099.457519531 -4515.508300781 -0.220379755 -0.328087747 0.459620595 0.795323908
458.325302400 5282.974121094 -1099.457519531 -4515.508300781 -0.220379755 -0.328087747 0.459620595 0.795323908
458.362844256 5282.974121094 -1099.457519531 -4515.508300781 -0.220379755 -0.328087747 0.459620595 0.795323908
458.404136448 5282.964355469 -1099.452270508 -4515.516601562 -0.220379293 -0.328087717 0.459620506 0.795324028
458.468109472 5282.964355469 -1099.452270508 -4515.516601562 -0.220379293 -0.328087717 0.459620506 0.795324028
458.504456320 5282.964355469 -1099.452270508 -4515.516601562 -0.220379293 -0.328087717 0.459620506 0.795324028
458.545532000 5282.964355469 -1099.452270508 -4515.516601562 -0.220379293 -0.328087717 0.459620506 0.795324028
458.608250784 5282.964355469 -1099.452270508 -4515.516601562 -0.220379293 -0.328087717 0.459620506 0.795324028
458.645090848 5282.964355469 -1099.452270508 -4515.516601562 -0.220379293 -0.328087717 0.459620506 0.795324028
458.686550464 5282.967773438 -1099.458251953 -4515.497070312 -0.220380068 -0.328087628 0.459620565 0.795323908
458.749720192 5282.967773438 -1099.458251953 -4515.497070312 -0.220380068 -0.328087628 0.459620565 0.795323908
458.785992896 5282.967773438 -1099.458251953 -4515.497070312 -0.220380068 -0.328087628 0.459620565 0.795323908
458.826851392 5282.963378906 -1099.463378906 -4515.499511719 -0.220380157 -0.328087568 0.459620118 0.795324147
458.889806080 5282.963378906 -1099.463378906 -4515.499511719 -0.220380157 -0.328087568 0.459620118 0.795324147
458.928691904 5282.963378906 -1099.463378906 -4515.499511719 -0.220380157 -0.328087568 0.459620118 0.795324147
458.969223328 5283.016113281 -1099.465332031 -4515.535644531 -0.220379815 -0.328087389 0.459620148 0.795324266
459.034387808 5283.016113281 -1099.465332031 -4515.535644531 -0.220379815 -0.328087389 0.459620148 0.795324266
459.071246432 5283.016113281 -1099.465332031 -4515.535644531 -0.220379815 -0.328087389 0.459620148 0.795324266
459.111947904 5283.016113281 -1099.465332031 -4515.535644531 -0.220379815 -0.328087389 0.459620148 0.795324266
459.176230272 5283.016113281 -1099.465332031 -4515.535644531 -0.220379815 -0.328087389 0.459620148 0.795324266
459.214218528 5283.016113281 -1099.465332031 -4515.535644531 -0.220379815 -0.328087389 0.459620148 0.795324266
459.255140064 5283.017578125 -1099.467285156 -4515.544433594 -0.220379785 -0.328087181 0.459620386 0.795324266
459.319456544 5283.017578125 -1099.467285156 -4515.544433594 -0.220379785 -0.328087181 0.459620386 0.795324266
459.366481728 5283.017578125 -1099.467285156 -4515.544433594 -0.220379785 -0.328087181 0.459620386 0.795324266
459.407039392 5283.093750000 -1099.222290039 -4515.607910156 -0.220371023 -0.328093410 0.459623873 0.795322120
459.470067200 5283.093750000 -1099.222290039 -4515.607910156 -0.220371023 -0.328093410 0.459623873 0.795322120
459.506706880 5283.093750000 -1099.222290039 -4515.607910156 -0.220371023 -0.328093410 0.459623873 0.795322120
459.547350496 5283.101562500 -1099.217285156 -4515.613769531 -0.220370725 -0.328093946 0.459623814 0.795321941
459.609947072 5283.101562500 -1099.217285156 -4515.613769531 -0.220370725 -0.328093946 0.459623814 0.795321941
459.648057792 5283.101562500 -1099.217285156 -4515.613769531 -0.220370725 -0.328093946 0.459623814 0.795321941
459.688693056 5283.122070312 -1099.241455078 -4515.596191406 -0.220371991 -0.328093678 0.459623486 0.795321941
459.751934208 5283.122070312 -1099.241455078 -4515.596191406 -0.220371991 -0.328093678 0.459623486 0.795321941
459.788478624 5297.416015625 -1136.958374023 -4610.329589844 -0.213899344 -0.344324648 0.451106936 0.795103848
459.829430048 5297.416015625 -1136.958374023 -4610.329589844 -0.213899344 -0.344324648 0.451106936 0.795103848
459.892296352 5297.416015625 -1136.958374023 -4610.329589844 -0.213899344 -0.344324648 0.451106936 0.795103848
459.928758528 5297.416015625 -1136.958374023 -4610.329589844 -0.213899344 -0.344324648 0.451106936 0.795103848
459.969295456 5297.416015625 -1136.958374023 -4610.329589844 -0.213899344 -0.344324648 0.451106936 0.795103848
460.032892608 5297.416015625 -1136.958374023 -4610.329589844 -0.213899344 -0.344324648 0.451106936 0.795103848
460.069238688 5297.416015625 -1136.958374023 -4610.329589844 -0.213899344 -0.344324648 0.451106936 0.795103848
460.110094624 5297.365722656 -1136.972534180 -4610.322265625 -0.213899940 -0.344324172 0.451106638 0.795104086
460.173260064 5297.365722656 -1136.972534180 -4610.322265625 -0.213899940 -0.344324172 0.451106638 0.795104086
460.209873376 5297.365722656 -1136.972534180 -4610.322265625 -0.213899940 -0.344324172 0.451106638 0.795104086
460.250633088 5297.354492188 -1136.992797852 -4610.309570312 -0.213891104 -0.344329745 0.451093733 0.795111358
460.282130784 5297.354492188 -1136.992797852 -4610.309570312 -0.213891104 -0.344329745 0.451093733 0.795111358
460.313955264 5297.354492188 -1136.992797852 -4610.309570312 -0.213891104 -0.344329745 0.451093733 0.795111358
460.350301472 5297.354492188 -1136.992797852 -4610.309570312 -0.213891104 -0.344329745 0.451093733 0.795111358
460.391031808 5297.284179688 -1136.949584961 -4610.256835938 -0.213889688 -0.344330251 0.451094180 0.795111239
460.422606592 5297.284179688 -1136.949584961 -4610.256835938 -0.213889688 -0.344330251 0.451094180 0.795111239
460.453903936 5297.284179688 -1136.949584961 -4610.256835938 -0.213889688 -0.344330251 0.451094180 0.795111239
460.490520512 5297.284179688 -1136.949584961 -4610.256835938 -0.213889688 -0.344330251 0.451094180 0.795111239
460.531617152 5297.559570312 -1136.799438477 -4610.318847656 -0.213883281 -0.344333887 0.451096624 0.795110047
460.563487008 5297.559570312 -1136.799438477 -4610.318847656 -0.213883281 -0.344333887 0.451096624 0.795110047
460.595607968 5297.559570312 -1136.799438477 -4610.318847656 -0.213883281 -0.344333887 0.451096624 0.795110047
460.632398176 5297.559570312 -1136.799438477 -4610.318847656 -0.213883281 -0.344333887 0.451096624 0.795110047
460.673608800 5297.579589844 -1136.801513672 -4610.316894531 -0.213883489 -0.344334096 0.451097071 0.795109630
460.705812064 5297.579589844 -1136.801513672 -4610.316894531 -0.213883489 -0.344334096 0.451097071 0.795109630
460.737403200 5297.579589844 -1136.801513672 -4610.316894531 -0.213883489 -0.344334096 0.451097071 0.795109630
460.773961664 5297.579589844 -1136.801513672 -4610.316894531 -0.213883489 -0.344334096 0.451097071 0.795109630
460.814961920 5297.579589844 -1136.801513672 -4610.316894531 -0.213883489 -0.344334096 0.451097071 0.795109630
460.846604544 5297.579589844 -1136.801513672 -4610.316894531 -0.213883489 -0.344334096 0.451097071 0.795109630
460.877998816 5297.579589844 -1136.801513672 -4610.316894531 -0.213883489 -0.344334096 0.451097071 0.795109630
460.919151712 5297.579589844 -1136.801513672 -4610.316894531 -0.213883489 -0.344334096 0.451097071 0.795109630
460.960273856 5297.466796875 -1136.712036133 -4610.168945312 -0.213881612 -0.344336033 0.451097697 0.795108914
460.991476192 5297.466796875 -1136.712036133 -4610.168945312 -0.213881612 -0.344336033 0.451097697 0.795108914
461.022870688 5297.466796875 -1136.712036133 -4610.168945312 -0.213881612 -0.344336033 0.451097697 0.795108914
461.059492032 5297.466796875 -1136.712036133 -4610.168945312 -0.213881612 -0.344336033 0.451097697 0.795108914
461.100980384 5391.573242188 -1116.874267578 -4670.770996094 -0.212385416 -0.344443679 0.451526016 0.795220196
461.143396064 5391.573242188 -1116.874267578 -4670.770996094 -0.212385416 -0.344443679 0.451526016 0.795220196
461.175005600 5391.573242188 -1116.874267578 -4670.770996094 -0.212385416 -0.344443679 0.451526016 0.795220196
461.211946496 5391.573242188 -1116.874267578 -4670.770996094 -0.212385416 -0.344443679 0.451526016 0.795220196
461.253268544 5391.713378906 -1116.818847656 -4670.822265625 -0.212372392 -0.344446421 0.451520681 0.795225561
461.316661472 5391.713378906 -1116.818847656 -4670.822265625 -0.212372392 -0.344446421 0.451520681 0.795225561
461.353461824 5391.713378906 -1116.818847656 -4670.822265625 -0.212372392 -0.344446421 0.451520681 0.795225561
461.394463712 5391.711914062 -1116.797851562 -4670.977050781 -0.210011944 -0.345920712 0.447315156 0.797585726
461.457408736 5391.711914062 -1116.797851562 -4670.977050781 -0.210011944 -0.345920712 0.447315156 0.797585726
461.493659072 5391.711914062 -1116.797851562 -4670.977050781 -0.210011944 -0.345920712 0.447315156 0.797585726
461.534389184 5390.833984375 -1116.919189453 -4670.366210938 -0.210023329 -0.345921248 0.447312713 0.797583818
461.576495360 5390.833984375 -1116.919189453 -4670.366210938 -0.210023329 -0.345921248 0.447312713 0.797583818
461.607884288 5390.833984375 -1116.919189453 -4670.366210938 -0.210023329 -0.345921248 0.447312713 0.797583818
461.644937440 5390.833984375 -1116.919189453 -4670.366210938 -0.210023329 -0.345921248 0.447312713 0.797583818
461.686171424 5390.620117188 -1116.919921875 -4670.193359375 -0.210025549 -0.345922321 0.447312653 0.797582865
461.749867520 5390.620117188 -1116.919921875 -4670.193359375 -0.210025549 -0.345922321 0.447312653 0.797582865
461.786478400 5390.620117188 -1116.919921875 -4670.193359375 -0.210025549 -0.345922321 0.447312653 0.797582865
461.829528608 5390.133300781 -1116.660278320 -4669.750488281 -0.210019529 -0.345927209 0.447315365 0.797580838
461.894213664 5390.133300781 -1116.660278320 -4669.750488281 -0.210019529 -0.345927149 0.447315425 0.797580779
461.930879744 5390.403320312 -1116.943481445 -4670.033203125 -0.210026801 -0.345921993 0.447312772 0.797582626
461.972074688 5390.769042969 -1117.280395508 -4670.385253906 -0.210032135 -0.345916271 0.447304159 0.797588527
462.035355872 5390.769042969 -1117.280395508 -4670.385253906 -0.210032135 -0.345916271 0.447304159 0.797588527
462.071731264 5390.769042969 -1117.280395508 -4670.385253906 -0.210032135 -0.345916271 0.447304159 0.797588527
462.112472672 5390.615234375 -1117.308105469 -4670.314941406 -0.210034192 -0.345916390 0.447303623 0.797588170
462.144505952 5390.615234375 -1117.308105469 -4670.314941406 -0.210034192 -0.345916390 0.447303623 0.797588170
462.175962048 5390.615234375 -1117.308105469 -4670.314941406 -0.210034192 -0.345916390 0.447303623 0.797588170
462.212283872 5390.615234375 -1117.308105469 -4670.314941406 -0.210034192 -0.345916390 0.447303623 0.797588170
462.254050048 5390.605957031 -1117.303710938 -4670.300781250 -0.210034132 -0.345916301 0.447304130 0.797588050
462.317214816 5390.605957031 -1117.303710938 -4670.300781250 -0.210034132 -0.345916301 0.447304130 0.797588050
462.353436832 5340.900390625 -1182.400878906 -4633.280273438 -0.213465065 -0.343980491 0.445998490 0.798245192
462.394503360 5341.012207031 -1182.345703125 -4633.090332031 -0.213465303 -0.343985140 0.445999265 0.798242688
462.458643456 5341.012207031 -1182.345703125 -4633.090332031 -0.213465303 -0.343985140 0.445999265 0.798242688
462.495899136 5341.012207031 -1182.345703125 -4633.090332031 -0.213465303 -0.343985140 0.445999265 0.798242688
462.545196704 5341.031250000 -1182.342407227 -4633.103515625 -0.213464826 -0.343984902 0.445999563 0.798242807
462.607833760 5341.031250000 -1182.342407227 -4633.103515625 -0.213464826 -0.343984902 0.445999563 0.798242807
462.644550688 5341.031250000 -1182.342407227 -4633.103515625 -0.213464826 -0.343984902 0.445999563 0.798242807
462.686014400 5341.078613281 -1182.320922852 -4633.113281250 -0.213463947 -0.343985468 0.445999891 0.798242569
462.718455712 5341.078613281 -1182.320922852 -4633.113281250 -0.213463947 -0.343985468 0.445999891 0.798242569
462.756064544 5341.078613281 -1182.320922852 -4633.113281250 -0.213463947 -0.343985468 0.445999891 0.798242569
462.792405856 5341.078613281 -1182.320922852 -4633.113281250 -0.213463947 -0.343985468 0.445999891 0.798242569
462.833200672 5340.442871094 -1182.200561523 -4632.722167969 -0.213463649 -0.343989909 0.446000725 0.798240304
462.896217856 5340.442871094 -1182.200561523 -4632.722167969 -0.213463649 -0.343989909 0.446000725 0.798240304
462.941000896 5340.442871094 -1182.200561523 -4632.722167969 -0.213463649 -0.343989909 0.446000725 0.798240304
462.981711904 5340.437500000 -1182.211059570 -4632.722656250 -0.213464096 -0.343989581 0.446000725 0.798240364
463.015542848 5340.437500000 -1182.211059570 -4632.722656250 -0.213464096 -0.343989581 0.446000725 0.798240364
463.047171264 5340.437500000 -1182.211059570 -4632.722656250 -0.213464096 -0.343989581 0.446000725 0.798240364
463.084599360 5340.437500000 -1182.211059570 -4632.722656250 -0.213464096 -0.343989581 0.446000725 0.798240364
463.125219072 5342.795410156 -1185.991455078 -4637.479003906 -0.213561535 -0.344077975 0.445769399 0.798305333
463.156516064 5342.795410156 -1185.991455078 -4637.479003906 -0.213561535 -0.344077975 0.445769399 0.798305333
463.187955392 5342.795410156 -1185.991455078 -4637.479003906 -0.213561535 -0.344077975 0.445769399 0.798305333
463.224339392 5342.795410156 -1185.991455078 -4637.479003906 -0.213561535 -0.344077975 0.445769399 0.798305333
463.265256352 5342.795410156 -1185.991455078 -4637.479003906 -0.213561535 -0.344077975 0.445769399 0.798305333
463.296653920 5342.795410156 -1185.991455078 -4637.479003906 -0.213561535 -0.344077975 0.445769399 0.798305333
463.328116928 5342.795410156 -1185.991455078 -4637.479003906 -0.213561535 -0.344077975 0.445769399 0.798305333
463.365282592 5342.795410156 -1185.991455078 -4637.479003906 -0.213561535 -0.344077975 0.445769399 0.798305333
463.407496448 5342.711425781 -1186.115356445 -4637.586914062 -0.213564456 -0.344072610 0.445767373 0.798307955
463.439085952 5342.711425781 -1186.115356445 -4637.586914062 -0.213564456 -0.344072610 0.445767373 0.798307955
463.470840192 5342.711425781 -1186.115356445 -4637.586914062 -0.213564456 -0.344072610 0.445767373 0.798307955
463.507261152 5342.711425781 -1186.115356445 -4637.586914062 -0.213564456 -0.344072610 0.445767373 0.798307955
463.548009728 5548.406250000 -1305.437500000 -4869.083007812 -0.216815665 -0.342368215 0.444634169 0.798796237
463.579623936 5548.406250000 -1305.437500000 -4869.083007812 -0.216815665 -0.342368215 0.444634169 0.798796237
463.610980928 5548.873535156 -1304.087402344 -4870.335449219 -0.219084725 -0.338356137 0.455977052 0.793474615
463.648006368 5548.873535156 -1304.087402344 -4870.335449219 -0.219084725 -0.338356137 0.455977052 0.793474615
463.691735168 5548.873535156 -1304.087402344 -4870.335449219 -0.219084725 -0.338356137 0.455977052 0.793474615
463.735826560 5548.873535156 -1304.087402344 -4870.335449219 -0.219084725 -0.338356137 0.455977052 0.793474615
463.782597216 5548.982910156 -1304.075683594 -4870.318359375 -0.219085217 -0.338357866 0.455977857 0.793473244
463.818956448 5548.982910156 -1304.075683594 -4870.318359375 -0.219085217 -0.338357866 0.455977857 0.793473244
463.859450400 5548.982910156 -1304.075683594 -4870.318359375 -0.219085217 -0.338357866 0.455977857 0.793473244
463.890791040 5548.982910156 -1304.075683594 -4870.318359375 -0.219085217 -0.338357866 0.455977857 0.793473244
463.922286784 5548.982910156 -1304.075683594 -4870.318359375 -0.219085217 -0.338357866 0.455977857 0.793473244
463.958755968 5548.982910156 -1304.075683594 -4870.318359375 -0.219085217 -0.338357866 0.455977857 0.793473244
463.999534208 5548.982910156 -1304.075683594 -4870.318359375 -0.219085217 -0.338357866 0.455977857 0.793473244
464.031273600 5548.982910156 -1304.075683594 -4870.318359375 -0.219085217 -0.338357866 0.455977857 0.793473244
464.062601280 5548.982910156 -1304.075683594 -4870.318359375 -0.219085217 -0.338357866 0.455977857 0.793473244
464.098874592 5548.982910156 -1304.075683594 -4870.318359375 -0.219085217 -0.338357866 0.455977857 0.793473244
464.139460224 5548.982910156 -1304.075683594 -4870.318359375 -0.219085217 -0.338357866 0.455977857 0.793473244
464.171009600 5548.982910156 -1304.075683594 -4870.318359375 -0.219085217 -0.338357866 0.455977857 0.793473244
464.202575936 5548.982910156 -1304.075683594 -4870.318359375 -0.219085217 -0.338357866 0.455977857 0.793473244
464.239197024 5549.492187500 -1304.090576172 -4871.452148438 -0.219053999 -0.338359296 0.455976784 0.793481886
464.280086752 5549.492187500 -1304.090576172 -4871.452148438 -0.219053999 -0.338359296 0.455976784 0.793481886
464.311540736 5549.492187500 -1304.090576172 -4871.452148438 -0.219053999 -0.338359296 0.455976784 0.793481886
464.343410272 5549.492187500 -1304.090576172 -4871.452148438 -0.219053999 -0.338359296 0.455976784 0.793481886
464.379658624 5549.569824219 -1304.322998047 -4871.298828125 -0.219064608 -0.338356882 0.455974340 0.793481469
464.420239392 5549.569824219 -1304.322998047 -4871.298828125 -0.219064608 -0.338356882 0.455974340 0.793481469
464.451696128 5549.569824219 -1304.322998047 -4871.298828125 -0.219064608 -0.338356882 0.455974340 0.793481469
464.482957376 5549.980957031 -1303.952758789 -4871.522460938 -0.219047025 -0.338367552 0.455982774 0.793476820
464.520857472 5549.807128906 -1304.102905273 -4871.730957031 -0.219046712 -0.338359654 0.455977112 0.793483615
464.561937408 5549.807128906 -1304.102905273 -4871.730957031 -0.219046712 -0.338359654 0.455977112 0.793483615
464.593713472 5549.807128906 -1304.102905273 -4871.730957031 -0.219046712 -0.338359654 0.455977112 0.793483615
464.625607904 5549.924804688 -1303.985229492 -4872.646972656 -0.219609588 -0.329061985 0.452243537 0.799353242
464.662078880 5763.286132812 -1479.636474609 -5250.931640625 -0.224453986 -0.326929957 0.450588524 0.799816906
464.703800384 6020.140625000 -1698.834960938 -5705.490722656 -0.230305389 -0.323310465 0.449451536 0.800264359
464.744403616 6020.140625000 -1698.834960938 -5705.490722656 -0.230305389 -0.323310465 0.449451536 0.800264359
464.777594048 6019.783691406 -1699.149780273 -5705.173828125 -0.230102554 -0.323815346 0.449256003 0.800228417
464.814738016 6019.783691406 -1699.149780273 -5705.173828125 -0.230102554 -0.323815346 0.449256003 0.800228417
464.855787840 6019.774902344 -1699.157104492 -5705.170898438 -0.230102643 -0.323815167 0.449255913 0.800228477
464.887341152 6019.774902344 -1699.157104492 -5705.170898438 -0.230102643 -0.323815167 0.449255913 0.800228477
464.929266016 6019.889648438 -1699.481079102 -5704.961425781 -0.234463781 -0.324960977 0.445372552 0.800668716
464.965952000 6018.759277344 -1700.109130859 -5704.354980469 -0.234491646 -0.324952424 0.445361882 0.800669968
465.007473952 6018.716796875 -1700.612548828 -5704.043457031 -0.234511659 -0.324945986 0.445355237 0.800670385
465.042840480 6018.716796875 -1700.612548828 -5704.043457031 -0.234511659 -0.324945986 0.445355237 0.800670385
465.075204608 6018.529296875 -1700.764160156 -5703.920898438 -0.234877482 -0.324382067 0.444891751 0.801049411
465.112096384 6018.529296875 -1700.764160156 -5703.920898438 -0.234877482 -0.324382067 0.444891751 0.801049411
465.153001216 6018.529296875 -1700.764160156 -5703.920898438 -0.234877482 -0.324382067 0.444891751 0.801049411
465.184777600 6018.529296875 -1700.764160156 -5703.920898438 -0.234877482 -0.324382067 0.444891751 0.801049411
465.217344992 6018.483886719 -1700.883666992 -5703.766113281 -0.235233560 -0.323988497 0.443320602 0.801974773
465.253770496 6018.483886719 -1700.883666992 -5703.766113281 -0.235233560 -0.323988497 0.443320602 0.801974773
465.294661728 6018.539062500 -1700.899902344 -5703.776367188 -0.235234246 -0.323988706 0.443320334 0.801974595
465.326271296 6018.539062500 -1700.899902344 -5703.776367188 -0.235234246 -0.323988706 0.443320334 0.801974595
465.357779808 6019.128417969 -1700.213500977 -5704.260742188 -0.235501081 -0.323710918 0.444212258 0.801514804
465.394625568 6340.903320312 -1610.991333008 -6043.436523438 -0.231080964 -0.326324850 0.445882022 0.800813913
465.435309344 6646.671386719 -1534.864013672 -6370.981445312 -0.235837549 -0.321952730 0.446960568 0.800595582
465.467768128 6646.671386719 -1534.864013672 -6370.981445312 -0.235837549 -0.321952730 0.446960568 0.800595582
465.499291616 6646.579101562 -1534.950439453 -6370.899414062 -0.235999465 -0.321681619 0.447756231 0.800212204
465.536037856 6647.787597656 -1532.623413086 -6375.386718750 -0.240580171 -0.313295662 0.462980837 0.793483317
465.577428672 6910.202636719 -1454.595092773 -6581.021484375 -0.237082779 -0.314684927 0.464309752 0.793209672
465.608831296 6910.202636719 -1454.595092773 -6581.021484375 -0.237082779 -0.314684927 0.464309752 0.793209672
465.640235136 6910.002929688 -1454.848754883 -6580.823730469 -0.237094656 -0.314676791 0.464313358 0.793207288
465.676881696 6910.002929688 -1454.848754883 -6580.823730469 -0.237094656 -0.314676791 0.464313358 0.793207288
465.720227200 6909.964843750 -1454.828125000 -6580.865722656 -0.237093538 -0.314676404 0.464313328 0.793207765
465.752454752 6909.964843750 -1454.828125000 -6580.865722656 -0.237093538 -0.314676404 0.464313328 0.793207765
465.783887072 6909.975585938 -1454.812866211 -6580.867675781 -0.237093046 -0.314676732 0.464313418 0.793207765
465.820155488 6909.983398438 -1454.797607422 -6580.867187500 -0.237092793 -0.314677089 0.464313358 0.793207645
465.860944992 6910.165527344 -1454.749023438 -6580.991699219 -0.237090945 -0.314678580 0.464314073 0.793207228
465.893569536 6910.165527344 -1454.749023438 -6580.991699219 -0.237090945 -0.314678580 0.464314073 0.793207228
465.925462752 6910.274414062 -1454.659667969 -6581.047851562 -0.237100959 -0.314663470 0.464347720 0.793190539
465.962081216 7043.242187500 -1583.738159180 -6786.516113281 -0.239779323 -0.313176751 0.463204175 0.793642282
466.006388608 7424.333984375 -1926.620605469 -7411.376953125 -0.247489065 -0.310164005 0.460443377 0.794065058
466.037808224 7424.333984375 -1926.620605469 -7411.376953125 -0.247489065 -0.310164005 0.460443377 0.794065058
466.069148768 7424.335449219 -1926.631469727 -7411.369628906 -0.247488573 -0.310166329 0.460432321 0.794070780
466.105942304 7424.335449219 -1926.631469727 -7411.369628906 -0.247488573 -0.310166329 0.460432321 0.794070780
466.146861312 7424.335449219 -1926.631469727 -7411.369628906 -0.247488573 -0.310166329 0.460432291 0.794070780
466.178326624 7424.335449219 -1926.631469727 -7411.369628906 -0.247488573 -0.310166359 0.460432261 0.794070780
466.209601856 7424.497558594 -1926.504516602 -7411.471679688 -0.247498915 -0.310152799 0.460465610 0.794053495
466.245894944 7424.497558594 -1926.504516602 -7411.471679688 -0.247498915 -0.310152799 0.460465610 0.794053495
466.286656096 7424.432617188 -1926.545166016 -7411.439941406 -0.247500062 -0.310152054 0.460465193 0.794053733
466.318710304 7424.432617188 -1926.545166016 -7411.439941406 -0.247500062 -0.310152054 0.460465193 0.794053733
466.350358720 7424.370605469 -1926.591064453 -7411.403808594 -0.247500837 -0.310151130 0.460465491 0.794053614
466.387006112 7579.544921875 -2087.672363281 -7651.937011719 -0.250378370 -0.308565766 0.459195971 0.794504166
