2098.898376992 0.000000000 0.000000000 0.000000000 0.000000000 0.000000000 0.000000000 1.000000000
2099.150752416 -0.023095291 0.012489135 -0.000062136 0.003703989 0.006219009 -0.004871879 0.999961913
2099.398593184 -0.034941010 0.032277487 -0.001817874 0.008756627 0.010589662 -0.008410390 0.999870181
2099.647563168 -0.047975264 0.055115037 0.003322707 0.014084044 0.014635944 -0.010900045 0.999734282
2099.898007648 -0.098144665 0.065758809 0.051552679 0.013184374 0.029374095 -0.018071175 0.999318123
2100.149749952 -0.138251424 0.054215040 0.097570203 0.009808327 0.043861568 -0.021051362 0.998767614
2100.398025888 -0.167921722 -0.007601392 0.151690722 -0.006794437 0.055822391 -0.021510890 0.998185813
2100.647199232 -0.245577887 0.026898641 0.221739411 0.004316786 0.082431793 -0.026431315 0.996236801
2100.898263296 -0.362801671 0.031197168 0.346606255 -0.000085906 0.120975152 -0.039525643 0.991868317
2101.151088160 -0.445448995 0.069842175 0.455909729 0.008946319 0.150803179 -0.050942086 0.987209857
2101.398359040 -0.457562894 0.063910693 0.578216553 0.004814374 0.163540974 -0.049471166 0.985283613
2101.646884192 -0.488909632 -0.027162261 0.691336274 -0.027395153 0.173325226 -0.064093091 0.982394993
2101.898280480 -0.528847814 -0.017492916 0.819453299 -0.033088017 0.186601683 -0.075250812 0.978990436
2102.150924864 -0.492579877 0.078439787 1.251750708 -0.035021197 0.234808087 -0.085150555 0.967671454
2102.398917728 -0.423193514 0.201250583 1.651880503 -0.020593254 0.281196326 -0.081913449 0.955926120
2102.647084736 -0.318672895 0.288715363 2.087682724 -0.016511668 0.333060443 -0.083498813 0.939055920
2102.898733600 -0.096732065 0.302425951 2.357529163 -0.018880554 0.350198805 -0.072459772 0.933677614
2103.150281632 0.304006696 0.348512381 2.644704580 -0.013666294 0.358228832 -0.059362948 0.931644440
2103.398993728 0.707344115 0.390972883 2.928740025 -0.010133049 0.366763294 -0.044838317 0.929177880
2103.647348288 1.106966734 0.453829467 3.214839697 -0.006812288 0.374362439 -0.030077651 0.926769495
2103.900614112 1.792207718 1.030613899 3.412121534 0.026186109 0.365278870 -0.012586598 0.930444658
2104.151097632 2.054525852 1.543473125 3.640995741 0.044225369 0.368935794 0.015148327 0.928278565
2104.400490624 2.127455235 1.862660766 3.805910349 0.040263571 0.388865411 0.025844229 0.920051396
2104.648956576 2.682124376 1.722407579 4.492155075 0.039392639 0.407280743 0.014572416 0.912336707
2104.900521152 3.371759415 1.292776465 4.809644222 0.003659454 0.403354168 -0.041159492 0.914110422
2105.150640512 4.238144398 0.826888502 5.232994080 -0.027653983 0.381704330 -0.088457935 0.919626117
2105.401012768 4.802357674 0.417755455 5.964149475 -0.050142258 0.380333215 -0.110395685 0.916867077
2105.650126944 4.430606365 0.173472553 6.149346828 -0.068640076 0.416788965 -0.104068696 0.900413871
2105.900741504 4.233950615 0.124404997 6.148736000 -0.065520443 0.424867004 -0.111153655 0.896013379
2106.150114880 3.914372921 0.076848842 5.895428658 -0.071402162 0.428592861 -0.128886580 0.891402364
2106.406577568 3.603092194 0.013325319 5.648794651 -0.082986027 0.429629743 -0.149882734 0.886604071
2106.650442752 3.418475628 -0.133522406 5.466544628 -0.091300085 0.427260578 -0.157132566 0.885676086
2106.900724064 3.043457508 -0.235322654 5.277228355 -0.101463497 0.440009326 -0.134654447 0.882023335
2107.150569248 2.671918869 -0.343471587 5.103646755 -0.110688664 0.452274859 -0.113242500 0.877708137
2107.400591200 2.671918869 -0.343471587 5.103646755 -0.110688664 0.452274859 -0.113242500 0.877708137
2107.651089344 2.742497206 -0.332641155 5.241930008 -0.110698231 0.453923553 -0.113331206 0.876843989
2107.900494560 2.838470936 -0.295799613 5.395585537 -0.104638308 0.454226017 -0.114883736 0.877229273
2108.150619808 2.968123913 -0.309159458 5.425542831 -0.103782751 0.443797439 -0.116637848 0.882421970
2108.400616544 3.118918419 -0.301542997 5.495447636 -0.101958178 0.431912959 -0.117331348 0.888419449
2108.650303584 3.291974306 -0.266434044 5.603560925 -0.100432493 0.421033651 -0.123836681 0.892921269
2108.900570208 3.291974306 -0.266434044 5.603560925 -0.100432493 0.421033651 -0.123836681 0.892921269
2109.150176352 3.291974306 -0.266434044 5.603560925 -0.100432493 0.421033651 -0.123836681 0.892921269
2109.400611360 3.291974306 -0.266434044 5.603560925 -0.100432493 0.421033651 -0.123836681 0.892921269
2109.648841312 -11.248691559 -1.546673894 4.259193897 -0.104162082 0.503399014 -0.214771777 0.830429256
2109.899735808 -11.704064369 -2.123715878 4.777763367 -0.104077697 0.517959595 -0.197014198 0.825875938
2110.150654528 -11.704064369 -2.123715878 4.777763367 -0.104077697 0.517959595 -0.197014198 0.825875938
2110.399412224 -11.673976898 -2.123860359 4.756200790 -0.103072852 0.516732156 -0.200038210 0.826043904
2110.647757440 -11.641136169 -2.118642092 4.740422249 -0.100802995 0.515331686 -0.206024125 0.825727582
2110.898627520 -11.836704254 -2.128701687 4.781840801 -0.101125404 0.519459069 -0.204719499 0.823423266
2111.150633312 -12.031225204 -2.214628696 4.783117294 -0.113192067 0.514432132 -0.199050084 0.826393485
2111.398721120 -12.232395172 -2.239919186 4.791894913 -0.118934311 0.511514306 -0.206622258 0.825539231
2111.647124224 -12.432983398 -2.061447859 4.789623737 -0.159342349 0.498043060 -0.288645566 0.802026689
2111.898817312 -12.697575569 -1.844624162 4.738467216 -0.179305896 0.481261611 -0.362555236 0.777682662
2112.150474208 -12.969745636 -1.653753281 4.697237492 -0.199578524 0.475970328 -0.406589061 0.753860772
2112.398633216 -13.252711296 -1.461427689 4.636014938 -0.220502198 0.467930555 -0.449221313 0.728436649
2112.646738112 -13.060321808 -1.456426382 4.800261497 -0.225119025 0.498518616 -0.441637278 0.711166024
2112.898101760 -12.808401108 -1.368836522 4.981602669 -0.213842139 0.544532716 -0.449620426 0.674979329
2113.151627008 -12.352509499 -1.442414284 5.011939526 -0.249950007 0.537550211 -0.450418741 0.667598486
