3051.855163232 0.000000000 0.000000000 0.000000000 0.000000000 0.000000000 0.000000000 1.000000000
3052.105476384 -0.002596074 -0.003158199 0.016442128 0.004003797 0.001929009 -0.003334224 0.999984562
3052.355231456 0.023257045 0.001619852 0.325273722 0.008712279 0.022397840 -0.004222503 0.999702215
3052.604798624 0.029574106 -0.030549567 0.849612832 0.008798221 0.022761485 -0.012942790 0.999618411
3052.855010208 0.041746303 -0.089428037 1.526620626 -0.000350810 0.017197995 -0.014106476 0.999752522
3053.105141696 0.045900278 -0.129316807 2.195089340 -0.009514118 0.013029968 -0.014981631 0.999757588
3053.355211232 0.036979947 -0.148118287 2.845663071 -0.016136186 0.012551419 -0.016769364 0.999650359
3053.605180192 0.023386378 -0.164931610 3.475219727 -0.022660568 0.012930930 -0.016319767 0.999526381
3053.855141376 0.008742787 -0.177923039 4.090621471 -0.028695121 0.013885112 -0.015212276 0.999375999
3054.105162944 -0.087140895 -0.180648178 4.725982666 -0.029566802 0.036685091 -0.026215289 0.998545289
3054.354897920 -0.196747601 -0.129880697 5.356980324 -0.013004386 0.078384601 -0.025912020 0.996501505
3054.605205440 -0.199183732 -0.142496586 5.737752438 -0.010361247 0.075657345 -0.027232300 0.996708095
3054.855113504 -0.320537895 -0.161924005 6.127657890 -0.012058425 0.095095314 -0.033149272 0.994843006
3055.105060576 -0.366468906 -0.289587498 6.531507969 -0.039802250 0.099113457 -0.047266733 0.993155658
3055.355615552 -0.505124688 -0.283418447 6.912791252 -0.037430767 0.131305248 -0.057265881 0.988978505
3055.604866208 -0.694918752 -0.283518016 7.358005047 -0.045045935 0.178308129 -0.075882435 0.980009675
3055.855183776 -0.861616969 -0.214509591 7.797459126 -0.032678518 0.228206307 -0.083258361 0.969495773
3056.105650656 -0.977015018 -0.159336865 8.259277344 -0.021037234 0.278564423 -0.089310639 0.956024528
3056.354913664 -1.049929380 -0.111753941 8.732220650 -0.008581495 0.331123859 -0.095037460 0.938749790
3056.605466304 -1.079303503 -0.102221653 9.209317207 -0.004518775 0.384160608 -0.102518134 0.917545795
3056.855678848 -1.063615799 -0.100961909 9.690878868 -0.002012710 0.438280493 -0.110625021 0.892002404
3057.105427552 -1.028453112 -0.148275942 10.112059593 -0.005345332 0.482781798 -0.112355374 0.868486881
3057.354739456 -2.688806057 0.765368342 10.508849144 -0.009496643 0.497454166 -0.176585600 0.849274218
3057.605289568 -3.606070518 1.221690774 11.665372849 -0.045514453 0.522176802 -0.219466314 0.822857440
3057.855137536 -3.524404526 1.587877870 12.789685249 -0.035967581 0.558628142 -0.248845458 0.790390313
3058.105290560 -2.844206810 1.600014448 12.971093178 -0.017622421 0.550320625 -0.228885755 0.802775204
3058.355408960 -2.241958141 1.472434163 12.945233345 -0.017401328 0.523235023 -0.204549417 0.827092409
3058.604820864 -1.523327589 1.365016580 13.168328285 -0.014366696 0.503213286 -0.189650744 0.842972517
3058.855189248 -0.957934856 1.201179266 13.327161789 -0.018716393 0.486125171 -0.178404599 0.855279982
3059.105650752 -0.323869526 1.035404801 13.652076721 -0.016266406 0.477209568 -0.168264627 0.862376630
3059.355146944 0.260821879 0.876603365 14.029829979 -0.020073676 0.475778729 -0.158554912 0.864923060
3059.605168416 0.864442647 0.729694963 14.448452950 -0.026488749 0.477036923 -0.151319087 0.865353525
3059.855276512 1.638951182 0.561611891 14.783337593 -0.029637635 0.474074900 -0.150825649 0.866963804
3060.105187776 2.361145258 0.545405090 14.962396622 -0.006316120 0.452711582 -0.156115368 0.877861261
3060.354838496 2.599880457 0.704476595 15.866907120 -0.129651517 0.528431356 -0.223353907 0.808742106
3060.605301984 0.143797874 -2.208682537 16.291559219 -0.217784151 0.453760535 0.047097277 0.862817049
3060.855004224 0.062370680 -2.339712858 16.515527725 -0.208748326 0.453565419 0.032072760 0.865837097
3061.105496928 0.289030045 -2.389014959 16.687665939 -0.206638455 0.454078436 0.029064169 0.866180480
3061.355148832 0.289030045 -2.389014959 16.687665939 -0.206638455 0.454078436 0.029064169 0.866180480
3061.855197920 0.289030045 -2.389014959 16.687665939 -0.206638455 0.454078436 0.029064169 0.866180480
3062.105413280 0.289030045 -2.389014959 16.687665939 -0.206638455 0.454078436 0.029064169 0.866180480
3062.355155296 0.289030045 -2.389014959 16.687665939 -0.206638455 0.454078436 0.029064169 0.866180480
3062.605229376 0.289030045 -2.389014959 16.687665939 -0.206638455 0.454078436 0.029064169 0.866180480
3062.855541696 0.289030045 -2.389014959 16.687665939 -0.206638455 0.454078436 0.029064169 0.866180480
3063.105778848 -2.595833063 -1.356498718 10.569298744 -0.038365189 0.460210145 -0.320405334 0.827088356
3063.355019904 -2.595833063 -1.356498718 10.569298744 -0.038365189 0.460210145 -0.320405334 0.827088356
3063.605157344 -2.699802876 -1.169227362 10.982409477 -0.033387769 0.469273359 -0.318652749 0.822877944
3063.855590144 -2.919413090 -1.117327213 11.072950363 -0.033310793 0.468972534 -0.315262526 0.824357152
3064.105594560 -3.135519028 -1.082523227 11.168418884 -0.038785029 0.467664599 -0.314271510 0.825238764
3064.355240992 -3.290621758 -1.081484675 11.209059715 -0.045073655 0.461116642 -0.313417524 0.828920543
3064.605394688 -3.431439877 -1.092353702 11.244716644 -0.052374557 0.452424377 -0.311782271 0.833883047
3064.855319872 -3.701775074 -1.043291330 11.249902725 -0.052783977 0.451231629 -0.317376584 0.832391739
3065.105390784 -3.968783855 -0.995624781 11.245347023 -0.053374212 0.449486405 -0.322165996 0.831457853
3065.355087296 -4.261631489 -0.932886899 11.248126030 -0.053388428 0.451324105 -0.327324748 0.828441143
3065.605628320 -4.538728714 -0.863506436 11.255791664 -0.050980844 0.454068482 -0.331359059 0.825484097
3065.855644416 -4.929054260 -0.800398588 11.312770844 -0.061133135 0.467330962 -0.333154440 0.816622674
3066.105269344 -5.383659840 -0.817321420 11.412279129 -0.090507492 0.486193836 -0.336362898 0.801426232
3066.355122176 -5.131117821 -0.872709394 11.567136765 -0.091779657 0.486435860 -0.337084413 0.800831318
3066.605433632 -4.985177517 -0.895685732 11.646939278 -0.088614546 0.484827280 -0.341998428 0.800079405
3066.855741312 -4.956386089 -0.902527630 11.666332245 -0.087958977 0.484229654 -0.343228757 0.799986780
