1059.411496800 0.000000000 0.000000000 0.000000000 0.000000000 0.000000000 0.000000000 1.000000000
1059.660816448 -0.001714814 -0.001328012 0.000765388 -0.000531344 -0.000000890 -0.002230501 0.999997377
1059.911039712 -0.001714814 -0.001328012 0.000765388 -0.000531344 -0.000000890 -0.002230501 0.999997377
1060.161124128 0.006237320 0.000971212 0.086200602 0.010610025 0.007606825 -0.004489030 0.999904692
1060.410964608 0.037407160 -0.062869042 0.185157895 0.008444296 0.013925983 -0.009565414 0.999821603
1060.661182464 0.067215219 -0.137501955 0.283688575 0.005134888 0.017827338 -0.024097137 0.999537468
1060.910704768 0.087341823 -0.206585169 0.450739741 -0.009088611 0.025389116 -0.011319219 0.999572217
1061.161027296 0.124883011 -0.262656659 0.641501009 -0.024634177 0.028752627 -0.004436424 0.999273121
1061.410773920 0.288092226 -0.422185719 0.849075139 -0.070209980 0.018034142 0.039046146 0.996604621
1061.661417472 0.430453658 -0.539379597 1.079366684 -0.112151846 0.011894766 0.077898651 0.990561604
1061.910968256 0.339812011 -0.505447030 1.457645655 -0.138163149 0.044921309 0.098877981 0.984436989
1062.160951648 0.298378319 -0.419127196 1.822272420 -0.152096003 0.062468499 0.112910323 0.979905963
1062.410843328 0.173029244 -0.308228046 2.145386696 -0.148695365 0.105103634 0.113758236 0.976679087
1062.660364096 0.122768849 -0.238695711 2.420387268 -0.155236602 0.140926406 0.144537166 0.967031717
1062.911167168 0.130353853 -0.188576847 2.693339109 -0.160870343 0.157067731 0.137672722 0.964622557
1063.160858112 0.170279920 -0.176685303 2.995891571 -0.183259919 0.171382785 0.128286630 0.959471881
1063.410368000 0.207973927 -0.072359979 3.299095631 -0.188750565 0.187776044 0.125541463 0.955694914
1063.660839616 0.245777726 0.019077294 3.618519783 -0.201903433 0.209302709 0.119420677 0.949297667
1063.911329792 0.213491186 0.193301558 3.932571173 -0.186548069 0.245431602 0.099735431 0.946052849
1064.160932192 0.241931766 0.335799813 4.283923149 -0.185087562 0.280883014 0.091070779 0.937311828
1064.410784672 0.321566582 0.465300977 4.660162449 -0.193342015 0.316233575 0.084419094 0.924926281
1064.660891776 0.428542584 0.593932450 5.009939194 -0.198313311 0.348296523 0.081473991 0.912536800
1064.911124544 1.437951922 1.166946769 5.161762238 -0.135056630 0.342401326 0.098976977 0.924513161
1065.161412960 2.421936512 1.713993788 5.419838905 -0.068446636 0.337546766 0.107395895 0.932653964
1065.411078080 3.454549789 1.946907520 5.692853928 -0.037747573 0.322111905 0.150574401 0.933887780
1065.660715040 2.069757938 1.060153723 5.770871639 -0.052445088 0.356261820 0.149685815 0.920826375
1065.911182592 1.759514928 0.643124402 6.277867317 -0.072032899 0.386498958 0.185652420 0.900534809
1066.160623392 1.395317316 0.189037979 6.883728027 -0.092472099 0.446368665 0.145307988 0.878117025
1066.410888384 1.124149799 -0.230397224 7.526422977 -0.119819716 0.495576054 0.107820228 0.853476644
1066.660976512 1.240474820 -0.450039685 7.634474277 -0.125388592 0.484280556 0.118646823 0.857713819
1066.911057504 1.553940892 -0.453378737 7.866218567 -0.128976882 0.475964934 0.128948241 0.860345721
1067.160955680 1.974315286 -0.417605698 8.144216537 -0.130478784 0.470588297 0.143470630 0.860777617
1067.410837664 2.360571861 -0.424165696 8.416610718 -0.131128952 0.465712577 0.163205400 0.859814525
1067.661052448 2.783353806 -0.378866822 8.714073181 -0.134638324 0.459932685 0.181654036 0.858682871
1067.910666752 3.241089106 -0.286828756 9.035805702 -0.140268207 0.455364287 0.190750256 0.858243883
1068.160938976 3.675770521 -0.181252658 9.306682587 -0.143204838 0.449892551 0.203180745 0.857791662
1068.410746784 4.094859123 0.005453080 9.482425690 -0.126714349 0.437438726 0.213255465 0.864356935
1068.661082304 4.477478981 0.231822193 9.687538147 -0.096373536 0.419368833 0.217452988 0.876102805
1068.911241280 2.046904564 -2.448331594 9.823862076 -0.092244439 0.431193322 0.239787221 0.864907742
1069.160801472 2.046904564 -2.448331594 9.823862076 -0.092244439 0.431193322 0.239787221 0.864907742
1069.411134432 2.053454161 -2.621346474 9.916709900 -0.118230723 0.438777983 0.251535356 0.854532242
1069.660609824 2.053454161 -2.621346474 9.916709900 -0.118230723 0.438777983 0.251535356 0.854532242
1070.163516032 2.053454161 -2.621346474 9.916709900 -0.118230723 0.438777983 0.251535356 0.854532242
1070.411352032 2.053454161 -2.621346474 9.916709900 -0.118230723 0.438777983 0.251535356 0.854532242
1070.660962688 2.053454161 -2.621346474 9.916709900 -0.118230723 0.438777983 0.251535356 0.854532242
1070.910995456 2.053454161 -2.621346474 9.916709900 -0.118230723 0.438777983 0.251535356 0.854532242
1071.161384128 2.053454161 -2.621346474 9.916709900 -0.118230723 0.438777983 0.251535356 0.854532242
1071.410904960 2.053454161 -2.621346474 9.916709900 -0.118230723 0.438777983 0.251535356 0.854532242
1071.660952416 -1.314923525 -1.098695278 -27.039070129 -0.145287335 0.394186497 0.197955117 0.885619760
1071.911058688 -1.314923525 -1.098695278 -27.039070129 -0.145287335 0.394186497 0.197955117 0.885619760
1072.160891616 -7.053505898 1.651832104 -83.133895874 -0.153728381 0.380486608 0.183546573 0.893257082
1072.411234720 -7.053505898 1.651832104 -83.133895874 -0.153728381 0.380486608 0.183546573 0.893257082
1072.660659584 -7.053505898 1.651832104 -83.133895874 -0.153728381 0.380486608 0.183546573 0.893257082
1072.910754752 -6.862681389 1.771108627 -83.157508850 -0.152718544 0.375379413 0.186618224 0.894953072
1073.160860512 -6.642706394 1.718285918 -83.141654968 -0.151687175 0.376595616 0.217085719 0.887716472
1073.410798624 -10.039347649 -1.606167197 -85.629028320 -0.156912789 0.352436185 0.261695147 0.884693623
1073.660794176 -12.505954742 -5.118930817 -88.232055664 -0.166668236 0.319306970 0.321878195 0.875590742
1073.910859648 -20.648464203 -22.309541702 -93.415679932 -0.242432773 0.325137287 0.401117444 0.821350634
1074.161232736 -24.590745926 -40.131050110 -96.614433289 -0.310116708 0.324398547 0.477189362 0.755568326
1074.410962944 -24.200599670 -56.062934875 -98.829086304 -0.362307787 0.308315575 0.556007445 0.681564629
1074.660949344 -19.702810287 -73.064025879 -100.737609863 -0.408467650 0.271781057 0.628035307 0.604037106
1074.910883552 -11.061598778 -88.794822693 -102.097656250 -0.449114710 0.232544616 0.691608429 0.515651941
1075.162261216 0.705142975 -100.306953430 -101.525718689 -0.470762163 0.186714098 0.762997925 0.401690155
1075.410900384 14.358532906 -107.423957825 -100.227149963 -0.476023257 0.137531579 0.825995147 0.268735826
1075.661477152 24.019607544 -110.162872314 -100.145523071 -0.455173224 0.105964459 0.867069960 0.172564924
1075.910492352 37.176410675 -110.775390625 -94.598258972 -0.481534541 0.086541444 0.866158426 0.102003090
1076.159691104 50.756950378 -110.691078186 -89.790527344 -0.510560095 0.070464678 0.855423987 0.051117159
1076.409510720 62.556228638 -108.471534729 -83.232849121 -0.535619438 0.057509545 0.842495918 -0.002263239
1076.659488768 74.205612183 -105.408142090 -81.000381470 -0.496004373 0.053376548 0.860728264 -0.101377681
1076.909365504 85.704734802 -100.395088196 -79.807479858 -0.462924540 0.030486684 0.867990732 -0.177097723
1077.159124544 96.232856750 -93.777313232 -79.554252625 -0.426949590 0.008117792 0.868688107 -0.251056135
1077.409433088 105.349983215 -86.508193970 -80.223747253 -0.386255175 -0.008341244 0.867576420 -0.313127041
1077.659688544 118.350479126 -77.301177979 -80.646430969 -0.428573221 -0.027338330 0.853055835 -0.296434402
1077.909900224 131.949523926 -67.636497498 -78.729667664 -0.484598905 -0.050556764 0.827024221 -0.280426323
1078.160231968 145.423248291 -58.690711975 -74.282714844 -0.543734550 -0.068787701 0.798316717 -0.249622330
1078.410495040 158.918823242 -50.282173157 -66.977279663 -0.605825007 -0.086859427 0.761003494 -0.215186298
1078.660735200 171.898345947 -42.469520569 -57.295528412 -0.662102342 -0.098312005 0.718172729 -0.190218329
1078.910871488 183.698150635 -35.382698059 -44.757961273 0.720705211 0.114735514 -0.664372027 0.161336884
1079.160695680 193.575195312 -29.844310760 -30.672948837 0.770032227 0.124622799 -0.611559451 0.132343173
1079.410838016 201.558303833 -25.781612396 -15.064535141 0.813695550 0.141122371 -0.554712534 0.101380773
1079.660681056 207.041442871 -23.449356079 -0.050292969 0.848285198 0.142224148 -0.504555702 0.074886598
1079.910899360 210.567459106 -22.143342972 15.015216827 0.871852040 0.182679713 -0.450818062 0.057142481
1080.161425664 212.999053955 -22.150894165 29.082761765 0.884267092 0.212770373 -0.414441645 0.032227103
1080.410870176 214.226837158 -21.917400360 42.634147644 0.892742276 0.238102168 -0.381204456 0.031649921
1080.660948480 214.441070557 -22.075363159 55.731758118 0.903400004 0.250112504 -0.346887171 0.031329289
1080.910619744 213.260894775 -22.516536713 68.580963135 0.915499926 0.269137084 -0.296186954 0.041211862
1081.160458368 210.748489380 -22.924846649 81.451080322 0.920680761 0.300616294 -0.241824403 0.059141971
1081.410549216 207.476715088 -23.773189545 93.157699585 0.920669615 0.328773260 -0.198210940 0.070625506
1081.660760224 203.506179810 -24.591156006 104.253295898 0.924685240 0.336961299 -0.155883089 0.084349036
1081.910895776 199.099044800 -22.549779892 108.276977539 0.943990469 0.217147186 -0.115695156 0.219872221
1082.160412736 193.997924805 -19.883037567 110.914077759 0.941002548 0.147082672 -0.028716557 0.303407729
1082.410660704 188.723815918 -16.511962891 111.824249268 0.919050455 0.067943834 0.060309678 0.383526564
1082.660502368 183.735641479 -12.699804306 110.968070984 0.877690136 -0.012820002 0.148511246 0.455455899
1082.910477952 178.775085449 -9.834753036 107.573158264 0.785528958 -0.028491545 0.316801518 0.530819714
1083.160444608 175.236038208 -8.167068481 102.413589478 0.667162836 -0.056252804 0.460122257 0.583109677
1083.410507712 173.807662964 -7.055387497 100.163986206 0.619526863 -0.076103590 0.486022294 0.611699998
1083.660425568 172.832962036 -5.938314438 98.115692139 0.583741546 -0.103531025 0.491759151 0.637730420
1083.910511424 172.103469849 -4.894304752 95.924835205 0.539192557 -0.125292450 0.494640857 0.670002699
1084.160448448 172.039199829 -4.241780281 94.442565918 0.501473129 -0.172218680 0.503363729 0.682268560
1084.410609440 172.125885010 -3.853568792 93.069244385 0.454488307 -0.200517744 0.521861970 0.693464518
1084.660490432 172.106262207 -3.704839945 92.065536499 0.425293535 -0.186118692 0.519520938 0.717344642
1084.911223936 172.259185791 -4.013039589 92.172233582 0.424616337 -0.180400789 0.514207125 0.723012805
1085.160735328 172.516250610 -4.301661968 92.387245178 0.428573847 -0.190397650 0.495682716 0.731007397
1085.410752352 172.656723022 -4.585649490 92.562896729 0.426667154 -0.200818360 0.484402418 0.736872733
1085.660464544 172.693344116 -4.883285046 92.664894104 0.414440721 -0.196938828 0.485628963 0.744055390
1085.910481216 172.770355225 -5.193041325 92.785881042 0.403715044 -0.188306317 0.486411214 0.751637518
1086.160420384 172.828948975 -5.511750221 92.957962036 0.397177756 -0.189827994 0.490837961 0.751859844
1086.410781440 172.869750977 -5.811664581 93.149543762 0.391168743 -0.193016037 0.499485344 0.748495996
1086.660528544 172.915206909 -6.108023643 93.339729309 0.384227753 -0.196564496 0.508350492 0.745192111
1086.911292288 172.994949341 -6.411667347 93.519699097 0.370789349 -0.204425290 0.516482770 0.744292378
1087.161303776 173.060989380 -6.744910717 93.676055908 0.361627847 -0.203868464 0.520194709 0.746364772
1087.410820672 173.060989380 -6.744910717 93.676055908 0.361627847 -0.203868464 0.520194709 0.746364772
1087.660911776 173.060989380 -6.744910717 93.676055908 0.361627847 -0.203868464 0.520194709 0.746364772
1087.910658592 173.060989380 -6.744910717 93.676055908 0.361627847 -0.203868464 0.520194709 0.746364772
1088.161651456 173.060989380 -6.744910717 93.676055908 0.361627847 -0.203868464 0.520194709 0.746364772
1088.410853440 173.060989380 -6.744910717 93.676055908 0.361627847 -0.203868464 0.520194709 0.746364772
1088.661330592 173.060989380 -6.744910717 93.676055908 0.361627847 -0.203868464 0.520194709 0.746364772
1088.910871392 173.060989380 -6.744910717 93.676055908 0.361627847 -0.203868464 0.520194709 0.746364772
1089.161515168 173.072555542 -5.791312695 93.660392761 0.362142533 -0.203026161 0.521951437 0.745117366
1089.412123232 173.072555542 -5.791312695 93.660392761 0.362142533 -0.203026161 0.521951437 0.745117366
1089.660691808 173.111633301 -5.763413429 93.645416260 0.361719638 -0.203020602 0.520940244 0.746031344
1089.911250240 173.160766602 -5.755739689 93.648910522 0.356290251 -0.208264992 0.521878421 0.746542573
1090.161457664 173.224456787 -5.758573055 93.647209167 0.348429561 -0.214761153 0.521450043 0.748708427
1090.410923488 173.483230591 -5.431180954 93.442749023 0.329357833 -0.236468926 0.529059291 0.745454311
1090.660949184 173.761398315 -5.133123398 93.265342712 0.306263417 -0.259796858 0.535877168 0.742660046
1090.910936896 174.108520508 -4.928709984 93.046653748 0.267619252 -0.277968526 0.536260009 0.750692070
1091.160833632 174.475112915 -4.756980896 92.841537476 0.228328213 -0.294685483 0.536103845 0.757376611
1091.411725536 174.407928467 -4.816106796 92.812026978 0.217138946 -0.287911206 0.539237678 0.761039078
1091.660784320 174.330566406 -4.921638489 92.823341370 0.194685265 -0.287292153 0.553349555 0.757208765
1091.911529440 174.250579834 -5.029912949 92.798896790 0.174354836 -0.280520052 0.567329407 0.754351556
1092.160914336 174.168136597 -5.137551785 92.778320312 0.154612526 -0.272169560 0.581611395 0.750830829
1092.410843360 174.168136597 -5.137551785 92.778320312 0.154612526 -0.272169560 0.581611395 0.750830829
1092.660938144 174.167068481 -5.143601894 92.797515869 0.153999537 -0.274218559 0.581414461 0.750363648
1092.910896032 174.068572998 -5.316730499 92.929962158 0.151816145 -0.273622692 0.581527114 0.750938535
1093.161263712 173.993469238 -5.461977482 93.044349670 0.149998754 -0.277895272 0.583723247 0.748025239
1093.410764352 173.925018311 -5.594867706 93.138587952 0.152021289 -0.284212142 0.586578429 0.742993116
1093.660806656 173.906143188 -5.711285114 93.170425415 0.153544053 -0.294746310 0.591599107 0.734547019
1093.912592384 173.660964966 -6.007670879 93.606346130 0.145518169 -0.294330239 0.589107871 0.738340139
1094.160736608 173.459503174 -6.266525269 93.926818848 0.136909112 -0.294988751 0.588068724 0.740548909
1094.410918400 173.246154785 -6.526698589 94.235809326 0.128110692 -0.294792801 0.585981727 0.743848264
1094.661258944 173.149856567 -6.846842766 94.190673828 0.100345664 -0.240821674 0.586941838 0.766443014
1094.910738304 173.060791016 -7.184975624 94.154960632 0.065303795 -0.181035087 0.586579502 0.786693215
1095.160826144 172.960388184 -7.492745399 94.180999756 0.034268722 -0.128083691 0.589562058 0.796766520
1095.410797728 172.920303345 -7.720587730 94.313240051 0.007020441 -0.108068720 0.595545530 0.795988321
1095.661286624 172.878738403 -7.933456898 94.478729248 -0.019680215 -0.089932181 0.601459444 0.793581367
1095.911034528 172.834838867 -8.124563217 94.660552979 -0.044825621 -0.071965724 0.608818293 0.788766086
1096.160595200 172.765441895 -8.298319817 94.846824646 -0.062144898 -0.050864883 0.612724245 0.786205947
1096.411099936 172.717620850 -8.318630219 95.178329468 -0.067336157 -0.055118345 0.610417128 0.787285626
1096.660924032 172.637176514 -8.322476387 95.516571045 -0.070245162 -0.059156980 0.607609153 0.788908780
1096.910896512 172.597305298 -8.341684341 95.682785034 -0.068159781 -0.059795771 0.606695890 0.789745986
1097.160682880 172.559143066 -8.364324570 95.826728821 -0.067858949 -0.060364883 0.606163204 0.790137589
1097.410840512 172.535446167 -8.372573853 95.917602539 -0.067450240 -0.060724229 0.605694950 0.790504038
1097.660666112 172.512878418 -8.376075745 96.001693726 -0.066703364 -0.060537901 0.606252372 0.790154338
1097.911228288 172.508010864 -8.379208565 96.023429871 -0.066546202 -0.060153864 0.604609251 0.791454852
