3171.102352704 0.000000000 0.000000000 0.000000000 0.000000000 0.000000000 0.000000000 1.000000000
3171.352294624 -0.002982915 -0.003110720 0.009593514 0.002403389 0.001040626 -0.001220768 0.999995768
3171.602332352 -0.023532461 -0.014990701 0.101176009 0.008595064 0.007529498 0.007331004 0.999907851
3171.853681280 -0.124864265 -0.220244601 0.243836820 -0.026184194 0.026622087 -0.009003971 0.999261975
3172.102647712 -0.228477746 -0.411301523 0.401749849 -0.060200602 0.045152176 -0.025747938 0.996832073
3172.352515744 -0.341626793 -0.498994112 0.432316929 -0.051271841 0.057894569 -0.043353733 0.996062160
3172.602991584 -0.600916147 -0.603666186 0.526763618 -0.058657736 0.119712658 -0.037229367 0.990374744
3172.852196000 -0.835538924 -0.727250159 0.657405436 -0.070405565 0.181411073 -0.031210234 0.980387151
3173.103215296 -1.052188754 -0.872672200 0.806866467 -0.085501574 0.242327616 -0.025909482 0.966072202
3173.352951424 -1.322065115 -0.935215473 -3.438783407 0.130574852 -0.031155819 -0.034822732 0.990336776
3173.603549536 1.059434175 0.726080418 -7.029098034 0.331594259 -0.310400158 -0.030790344 0.890364468
3173.854231712 4.902205467 3.148055792 -7.876003265 0.489545196 -0.547051549 -0.022169324 0.678666770
3174.104546816 8.622802734 5.097465038 -5.534164429 -0.583190143 0.715247929 0.012440365 -0.384908944
3174.355742112 10.402752876 5.487701416 -1.046253681 -0.605286300 0.794721127 -0.001512060 -0.045215648
3174.605055616 9.699313164 5.025926113 2.873726606 -0.613148212 0.739826322 -0.058062188 0.270804435
3174.855585280 6.543337345 0.048587799 7.664842606 -0.502903759 0.669259846 0.011946113 0.546842277
3175.105267328 2.320849895 -6.238090992 8.098890305 -0.343882889 0.533973813 0.081228100 0.768126607
3175.355200000 2.320849895 -6.238090992 8.098890305 -0.343882889 0.533973813 0.081228100 0.768126607
3175.605346464 2.401235104 -6.222204208 7.877608299 -0.332855821 0.513302267 0.092514820 0.785600901
3175.855133056 2.483071089 -6.154183865 7.936772346 -0.340562195 0.512831509 0.094094902 0.782411277
3176.105130912 2.496225834 -6.005687237 8.093126297 -0.344361603 0.524614215 0.086879529 0.773722768
3176.355421632 2.823453426 -5.681261539 8.259274483 -0.357616782 0.541179359 0.069381282 0.757905841
3176.605769248 3.093965054 -5.452694416 8.545707703 -0.357916504 0.566328228 0.073542356 0.738755524
3176.855310656 3.381944418 -5.166379452 8.796153069 -0.355427891 0.591854930 0.070308737 0.720024645
3177.105871040 3.711108208 -4.886450291 9.010471344 -0.350969315 0.615502357 0.074031241 0.701781094
3177.355697056 4.057350159 -4.646506786 9.233514786 -0.354862869 0.637250066 0.069106460 0.680594563
3177.605048864 4.412882805 -4.417153835 9.446765900 -0.361969829 0.658057749 0.056364823 0.657845676
3177.855310592 5.946439266 -4.067406654 7.730937958 -0.364754260 0.667530894 0.053957123 0.646873593
3178.105772864 5.946439266 -4.067406654 7.730937958 -0.364754260 0.667530894 0.053957123 0.646873593
3178.355158880 5.946439266 -4.067406654 7.730937958 -0.364754260 0.667530894 0.053957123 0.646873593
3178.605671488 5.946439266 -4.067406654 7.730937958 -0.364754260 0.667530894 0.053957123 0.646873593
3178.854975936 -6.059567928 -15.111156464 4.298302650 -0.380755424 0.701072872 -0.069754809 0.598879218
3179.105807136 -6.059567928 -15.111156464 4.298302650 -0.380755424 0.701072872 -0.069754809 0.598879218
3179.355601440 5.704603672 -11.920401573 11.515077591 -0.389300525 0.695296347 -0.071485542 0.599914908
3179.605242016 5.704603672 -11.920401573 11.515077591 -0.389300525 0.695296347 -0.071485542 0.599914908
3179.855618400 4.023232460 -12.803742409 11.000591278 -0.386034012 0.699735820 -0.051251769 0.598933160
3180.105331232 2.269226789 -13.572155952 10.369015694 -0.378090203 0.704761744 -0.025638696 0.599751115
3180.355992352 0.309259534 -14.579043388 10.008909225 -0.374462277 0.707957625 -0.019201303 0.598502576
3180.605403840 -2.721441746 -15.536463737 9.063735008 -0.367493570 0.708335340 -0.045926817 0.600916147
3180.855836512 -5.611077309 -16.381988525 8.047344208 -0.353350490 0.709010363 -0.056701172 0.607645214
3181.105483648 -8.488655090 -17.137090683 7.029535294 -0.341457605 0.708789945 -0.064978287 0.613841474
3181.355184032 -11.365416527 -17.771219254 6.061333656 -0.328294486 0.709812701 -0.071621984 0.619079053
3181.605374048 -14.516736984 -18.484378815 5.134764671 -0.320586175 0.710460663 -0.073912874 0.622098804
3181.854773440 -17.729043961 -19.073837280 4.345287323 -0.312327653 0.714652479 -0.080440342 0.620687246
3182.105825856 -20.862180710 -19.513751984 3.580293894 -0.295780808 0.718044162 -0.081713073 0.624699414
3182.355507552 -24.263214111 -19.881744385 2.865870476 -0.272827148 0.722830057 -0.082464293 0.629509211
3182.605080896 -27.411149979 -20.059120178 2.198897362 -0.249171779 0.726920307 -0.083063193 0.634508431
3182.855115968 -30.401878357 -20.046278000 1.581311345 -0.226137683 0.730326295 -0.090122290 0.638249993
3183.105163168 -33.261672974 -19.935651779 1.039750099 -0.208012521 0.731179297 -0.100014366 0.641953766
3183.355357664 -35.953941345 -19.783647537 0.521553695 -0.189182267 0.733075500 -0.101716869 0.645340264
3183.605042496 -36.008949280 -19.790386200 0.639374614 -0.186995476 0.733033776 -0.102765836 0.645858705
3183.855785056 -35.989982605 -19.788377762 0.637755692 -0.188446060 0.732764065 -0.103688650 0.645595670
3184.106384064 -35.972076416 -19.787078857 0.633634150 -0.187803626 0.732746780 -0.102703303 0.645959675
3184.355255584 -35.956737518 -19.785192490 0.634050369 -0.189733878 0.732407272 -0.103509933 0.645651698
3184.605472416 -35.954963684 -19.785133362 0.634173393 -0.189813599 0.732372403 -0.103682771 0.645640373
3184.855247296 -35.955062866 -19.784996033 0.634387434 -0.189798251 0.732398987 -0.103738256 0.645605803
