2098.398153920 0.000000000 0.000000000 0.000000000 0.000000000 0.000000000 0.000000000 1.000000000
2098.647048800 -0.006785267 -0.006421998 0.246073946 0.005234977 0.003782816 -0.004242324 0.999970138
2098.898376992 0.029410075 0.018809628 0.984979987 0.006792303 0.009808949 -0.010717005 0.999871373
2099.150752416 0.184424058 -0.057702374 1.718548775 -0.021693535 -0.011803056 0.035289839 0.999071896
2099.398593184 0.300657630 -0.138316900 2.707438946 -0.038805366 -0.015928352 0.056530267 0.997519314
2099.647563168 -4.291686535 3.894590139 6.572524548 0.013895741 0.019404391 0.114627644 0.993121803
2099.898007648 -4.357065678 3.948015690 6.598127365 0.030595107 0.042077921 0.136725217 0.989241958
2100.149749952 -4.403603077 3.951399326 6.538346767 0.037149265 0.056917876 0.145993829 0.986947834
2100.398025888 -4.409694672 3.866094589 6.507466793 0.023575440 0.066278800 0.141497418 0.987435997
2100.647199232 -4.523324966 3.929030657 6.518555641 0.039114639 0.092806570 0.101235099 0.989751697
2100.898263296 -4.727210045 3.845433950 6.558676243 0.033634879 0.139556184 0.068243310 0.987286985
2101.151088160 -4.897850513 3.799494743 6.673785210 0.031445879 0.177415118 0.036776137 0.982945859
2101.398359040 -4.941854477 3.741463661 6.737506866 0.023977548 0.189473599 0.028781882 0.981170952
2101.646884192 -5.113862514 3.725689650 7.261753559 -0.008947914 0.198033065 0.009261323 0.980110765
2101.898280480 -5.279070377 3.822529316 7.825995445 -0.012843949 0.213664681 -0.001683508 0.976821184
2102.150924864 -5.434705257 3.993398428 8.600039482 -0.012615137 0.267295480 -0.016741266 0.963386595
2102.398917728 -5.517656326 4.206701279 9.343953133 0.012356916 0.322974563 -0.016266694 0.946187139
2102.647084736 -5.226969242 4.401085854 10.142488480 0.018449953 0.378131717 -0.011399316 0.925497711
2102.898733600 -4.935396194 4.548946857 10.845686913 0.028731510 0.438460499 0.028028853 0.897853673
2103.150281632 -4.071697712 4.863634586 11.446804047 0.066356525 0.456725240 -0.004004748 0.887120545
2103.398993728 -6.909049511 4.637025833 4.221680641 -0.023604345 0.285848826 0.020515645 0.957764268
2103.647348288 -6.969851494 5.581757545 4.012349129 -0.039821155 0.278898269 -0.000394385 0.959494591
2103.900614112 -30.920978546 10.469614029 -33.584388733 -0.000280519 0.275423884 -0.021113474 0.961090922
2104.151097632 -30.920978546 10.469614029 -33.584388733 -0.000280519 0.275423884 -0.021113474 0.961090922
2104.400490624 -29.206497192 10.768598557 -29.888214111 -0.001081080 0.296750247 -0.070791647 0.952326953
2104.648956576 -133.270324707 33.292205811 -181.039901733 -0.002605856 0.289447546 -0.052960951 0.955724061
2104.900521152 -149.464324951 37.497722626 -225.605392456 -0.015674597 0.260110050 -0.058086164 0.963702798
2105.150640512 -147.275787354 37.125358582 -222.106323242 -0.013131900 0.231207505 -0.073670655 0.970022261
2105.401012768 -146.560302734 36.127902985 -221.606399536 -0.013615105 0.210431114 -0.043060400 0.976565003
2105.650126944 -146.699890137 35.804344177 -220.707077026 -0.023394506 0.238213614 -0.016954150 0.970782936
2105.900741504 -141.243392944 33.445693970 -208.954803467 -0.037200682 0.242844641 -0.059463073 0.967526078
2106.150114880 -139.948654175 34.051788330 -207.047241211 0.013360724 0.235720903 -0.026891913 0.971356809
2106.406577568 -140.561172485 34.748573303 -211.500885010 0.034906387 0.233102143 -0.025512826 0.971490622
2106.650442752 -140.877517700 34.243766785 -210.246292114 0.033120401 0.231355831 0.011335879 0.972239196
2106.900724064 -139.883834839 31.983030319 -207.092864990 -0.018098680 0.234706476 0.058072660 0.970161259
2107.150569248 -139.551773071 31.915391922 -206.885009766 -0.018149992 0.234646365 0.058091477 0.970173717
2107.400591200 -139.134063721 31.834472656 -207.007583618 -0.006449542 0.235218480 0.061766822 0.969956458
2107.651089344 -141.548126221 31.527967453 -207.917510986 -0.024078393 0.357361078 0.084505022 0.929823756
2107.900494560 -141.926223755 31.247323990 -207.446960449 -0.024367115 0.357717574 0.084837727 0.929648817
2108.150619808 -141.926223755 31.247323990 -207.446960449 -0.024367115 0.357717574 0.084837727 0.929648817
2108.400616544 -141.897033691 31.236640930 -207.493179321 -0.021223210 0.346753925 0.077128500 0.934538662
2108.650303584 -141.866668701 31.233306885 -207.530792236 -0.014853275 0.334024489 0.069551669 0.939877450
2108.900570208 -128.253372192 43.321582794 -239.823760986 0.049828295 0.099827148 0.430329889 0.895749867
2109.150176352 -118.099197388 39.819694519 -186.134155273 0.045938138 0.095926322 0.432110816 0.895526707
2109.400611360 -116.496215820 42.314491272 -186.171844482 0.096965730 0.016822070 0.425650597 0.899519980
2109.648841312 -109.477790833 52.640228271 -191.361755371 0.148875356 -0.102511436 0.439424455 0.879905522
2109.899735808 -101.625488281 64.140739441 -193.471771240 0.207478330 -0.209575132 0.432954252 0.851810813
2110.150654528 -101.863105774 65.234748840 -192.433547974 0.256878793 -0.264824778 0.439678699 0.818879545
2110.399412224 -102.192184448 66.275497437 -191.373535156 0.304224283 -0.317135334 0.439801902 0.783228636
2110.647757440 -102.645851135 67.172363281 -190.282409668 0.349125832 -0.367438883 0.440272123 0.741120934
2110.898627520 -103.229606628 67.913391113 -189.203811646 0.386859626 -0.416592419 0.444212139 0.692434788
2111.150633312 -103.970863342 68.576782227 -188.076904297 0.430135220 -0.467289209 0.448261917 0.629035532
2111.398721120 -104.845962524 69.105331421 -187.014114380 0.469601750 -0.512634158 0.451475948 0.559329808
2111.647124224 -105.718620300 69.341171265 -186.272232056 0.478430301 -0.539507687 0.458568811 0.519375145
2111.898817312 -106.848815918 69.606666565 -185.603988647 -0.518253207 0.531538129 -0.481464803 -0.465910405
2112.150474208 -108.143836975 69.783950806 -185.107345581 0.535324931 -0.537988961 0.540562153 0.363025606
2112.398633216 -109.424224854 69.757965088 -184.867004395 0.533314824 -0.551719427 0.587194204 0.257651091
2112.646738112 -110.753280640 69.625564575 -184.890289307 0.523785830 -0.559650123 0.625834286 0.144123554
2112.898101760 -112.059471130 69.416488647 -185.241180420 0.500482559 -0.561501801 0.658548534 0.023381898
2113.151627008 -113.228706360 69.175064087 -185.937622070 0.462641686 -0.555986285 0.683404148 -0.098998822
2113.397174656 -114.357261658 69.332489014 -187.280181885 0.356286764 -0.553286314 0.707833290 -0.256721675
2113.646415616 -114.948928833 69.989868164 -188.937072754 0.207173020 -0.556804121 0.701684594 -0.393302947
