1882.898280096 0.000000000 0.000000000 0.000000000 0.000000000 0.000000000 0.000000000 1.000000000
1883.150833472 -0.001741225 0.001701553 0.033155974 0.006009976 0.000920468 0.000970855 0.999981046
1883.398866304 -0.038160689 -0.004415426 0.528912425 0.015641425 0.011752319 -0.006988137 0.999784172
1883.647217952 -0.053228661 0.119332485 1.986524582 0.015077373 0.021842280 -0.030529071 0.999181449
1883.898364288 -0.097450219 0.093475148 2.006758928 0.007044463 0.030507389 -0.042630520 0.998600185
1884.150585024 -3.380059004 -0.295983732 7.523180485 0.001092602 0.038355712 -0.043867759 0.998300195
1884.398249408 -6.097290993 0.175142914 13.210765839 -0.010826078 0.036802307 -0.026173104 0.998921096
1884.646957792 -10.196304321 0.299457490 23.935203552 -0.027974343 0.021872586 0.009309207 0.999325931
1884.898405312 -10.266376495 0.289019763 23.963630676 -0.031114265 0.035707537 -0.001180416 0.998877108
1885.150705504 -27.065309525 -0.392929614 77.360961914 -0.033862520 -0.009243726 0.030699315 0.998912156
1885.398003776 -27.320806503 -0.607577205 76.676818848 -0.032616194 0.057690937 0.006421032 0.997780919
1885.647024704 -27.153285980 -0.779914439 76.413772583 -0.044780675 0.062175829 0.013564317 0.996967793
1885.898312864 -27.052988052 -0.901632428 76.168601990 -0.047490813 0.081332572 0.013047172 0.995469451
1886.150676160 -26.907276154 -1.331006527 75.965904236 -0.086137138 0.091232933 -0.005426531 0.992082417
1886.398626816 -26.819299698 -1.551981926 75.749618530 -0.076735049 0.105004884 -0.046334680 0.990423560
1886.647971232 -26.658885956 -1.621843934 75.865699768 -0.067062326 0.128462628 -0.065716334 0.987259507
1886.899736640 -26.572954178 -1.747580290 75.981338501 -0.073254593 0.176012963 -0.083130516 0.978132188
1887.150899424 -26.478258133 -1.875071645 76.091773987 -0.078173675 0.223735824 -0.099205606 0.966431260
1887.399333504 -26.408275604 -1.947335601 76.177017212 -0.069081083 0.276587546 -0.119900726 0.950973690
1887.647594816 -26.392599106 -2.019504547 76.279212952 -0.062124263 0.337915748 -0.147668615 0.927441359
1887.900463136 -26.102151871 -2.092236996 76.448684692 -0.065973379 0.338737309 -0.138231665 0.928330004
1888.150634080 -23.989515305 -2.378348351 63.349632263 -0.035421401 0.263510793 -0.153017849 0.951784074
1888.401330304 -24.835620880 -2.707639694 66.023452759 -0.042102665 0.257290721 -0.138686001 0.955403090
1888.648742336 -29.804122925 11.280954361 42.699321747 -0.019267501 0.241140261 -0.274265677 0.930730104
1888.900630592 -32.436256409 16.210605621 27.181137085 -0.011165568 0.217794970 -0.319048434 0.922306240
1889.151019392 -27.295997620 10.133526802 43.210960388 -0.009763844 0.208024129 -0.252587289 0.944896996
1889.400796736 -29.287855148 10.521357536 41.703784943 -0.007202824 0.204399496 -0.217600226 0.954368412
1889.649695264 -29.311122894 10.272706985 42.246646881 -0.017063357 0.207174212 -0.227953792 0.951222777
1889.900452896 -28.963205338 10.542152405 42.506965637 -0.021140503 0.210514724 -0.235421807 0.948584855
1890.150687200 -27.228689194 9.902444839 44.182983398 -0.024337310 0.193437427 -0.282489061 0.939249456
1890.400893664 -25.822708130 9.301969528 46.090774536 -0.016968247 0.174212068 -0.295635909 0.939128160
1890.650367232 -25.218452454 9.438388824 49.320453644 -0.016246999 0.178067818 -0.272170246 0.945489943
1890.900942656 -23.875959396 7.522507668 52.608356476 -0.049916904 0.159549162 -0.244598567 0.955104172
1891.151387168 -22.148620605 6.190157890 48.073928833 -0.039069831 0.185693428 -0.236343041 0.952960372
1891.400572800 -22.181142807 6.092495918 50.905448914 0.044150658 0.228277802 -0.175510332 0.956627488
1891.650653440 -21.602132797 5.418625355 50.395317078 0.044781003 0.231419727 -0.170839176 0.956688821
1891.900767904 -21.021697998 4.753279686 49.889690399 0.044580650 0.235827923 -0.165424645 0.956573308
1892.150686720 -21.021697998 4.753279686 49.889690399 0.044580650 0.235827923 -0.165424645 0.956573308
1892.400918432 -21.021697998 4.753279686 49.889690399 0.044580650 0.235827923 -0.165424645 0.956573308
1892.651032064 -21.021697998 4.753279686 49.889690399 0.044580650 0.235827923 -0.165424645 0.956573308
1892.900574880 -19.592834473 4.646600723 51.745758057 0.043952540 0.257120937 -0.161572382 0.951762259
1893.151053152 -18.068368912 4.400924683 54.619953156 0.132638678 0.233471528 -0.100877151 0.957977951
1893.401371712 -3.299915314 -1.500814438 69.245193481 0.148718581 0.276186645 -0.104629122 0.943745971
1893.648746080 -2.918382883 -1.299383998 69.069633484 0.134205893 0.240852192 -0.175760716 0.945032895
1893.899861952 -2.555383682 -1.137988925 68.849189758 0.119863875 0.205779031 -0.244577289 0.939930618
1894.150910048 -2.233669758 -1.009811044 68.553710938 0.105267897 0.167435527 -0.309402555 0.930136621
1894.398790368 -1.997902870 -0.832045674 68.227584839 0.097954594 0.136474401 -0.372702897 0.912618279
1894.647805696 -1.788938165 -0.656808138 67.804779053 0.089881591 0.105655432 -0.431865245 0.891207397
1894.899571584 -1.616048694 -0.575113177 67.331932068 0.077511936 0.076813973 -0.450236768 0.886215746
1895.151093568 -1.348844051 -0.521499276 67.002563477 0.098554730 0.036246344 -0.421284080 0.900829017
1895.398961152 -1.070927501 -0.451502889 66.754272461 0.119809911 0.000482950 -0.388658643 0.913558900
1895.647003840 -0.829258204 -0.330033213 66.591476440 0.143975243 -0.024264524 -0.352054805 0.924521387
1895.898454592 -0.594580352 -0.205789089 66.459159851 0.163738102 -0.051431362 -0.313037723 0.934104919
1896.150970144 -0.392580569 -0.041377917 66.317024231 0.182958171 -0.072811231 -0.273501217 0.941499829
1896.398144832 -0.435931623 0.003416471 66.279739380 0.185345769 -0.069128491 -0.335550278 0.921018064
1896.647038752 -0.464186490 -0.008578128 66.391937256 0.200134516 -0.070800476 -0.343415409 0.914876640
1896.898096992 -0.486739695 -0.030100353 66.478126526 0.199556649 -0.065755956 -0.343397588 0.915385902
1897.151073664 -0.492333978 -0.043604072 66.511680603 0.198129430 -0.063141435 -0.341315836 0.916657746
1897.405577632 -0.486574233 -0.045640502 66.516036987 0.198376119 -0.064063907 -0.341143101 0.916604638
1897.648198976 -0.488403678 -0.044892188 66.510421753 0.197857291 -0.063758790 -0.343448222 0.915876925
