1575.265824640 0.000000000 0.000000000 0.000000000 0.000000000 0.000000000 0.000000000 1.000000000
1575.515834208 0.001850965 0.001720615 0.004497206 0.000173931 -0.000239626 -0.000347964 0.999999881
1575.761703232 -0.002944787 0.001869754 0.011090700 0.000289085 -0.000412771 -0.001983393 0.999997854
1576.016055680 -0.016340604 0.058470868 0.129823372 0.012886158 -0.004169030 -0.010602456 0.999852061
1576.265942656 -0.039717667 0.111175418 0.271990955 0.025754185 -0.008088229 -0.020790057 0.999419332
1576.515982752 -0.159018025 0.154273391 0.658731461 0.023445485 -0.013982929 -0.026898200 0.999265373
1576.761832352 -0.281800121 0.200640857 1.040935159 0.021406325 -0.018942550 -0.032973588 0.999047399
1577.016055872 -0.281800121 0.200640857 1.040935159 0.021406325 -0.018942550 -0.032973588 0.999047399
1577.265942560 -0.432023525 0.174249053 1.016837716 0.017308587 0.006254257 -0.022308992 0.999581754
1577.515939296 -0.588561535 0.140327170 0.976350725 0.012953344 0.032503050 -0.006880367 0.999364018
1577.761605856 -0.758670151 0.114935279 0.952317476 0.010603505 0.059603371 0.008681632 0.998128057
1578.016047424 -0.629403710 0.067042246 0.784863651 0.008517860 0.059717163 0.030477058 0.997713625
1578.265984032 -0.526103258 0.002140492 0.644468069 -0.004885040 0.055434268 0.016982835 0.998305917
1578.515809152 -0.444145709 -0.054360628 0.561896324 -0.020206867 0.052381847 0.013100487 0.998336732
1578.761613440 -0.457374841 -0.099035382 3.797268152 -0.019262716 0.051913217 0.025103910 0.998150170
1579.015908672 0.791426301 -0.124254622 1.854359865 -0.022287481 0.039367169 0.026734058 0.998618424
1579.265945600 2.043519020 -0.163251564 0.022463322 -0.025604373 0.027810343 0.026059983 0.998945355
1579.515997184 3.310775280 -0.207797796 -1.762077451 -0.026959077 0.017236793 0.026702954 0.999131203
1579.761557824 2.362982988 2.180596352 29.846115112 -0.043593153 0.010734032 0.085157707 0.995355487
1580.015829568 2.133958340 1.512082338 34.736946106 -0.067139208 0.015410949 0.035129260 0.997005939
1580.265911008 2.358565092 1.376024485 34.528465271 -0.074044950 -0.000058036 -0.003598260 0.997248411
1580.515859008 2.598701954 1.234016299 34.345180511 -0.079799905 -0.018374551 -0.043478377 0.995692670
1580.761731616 2.849287748 0.483576536 34.112148285 -0.085246779 -0.006183115 -0.220331743 0.971673131
1581.015822336 5.482580185 -0.436794996 40.248775482 -0.216939911 -0.201078475 -0.093045466 0.950708687
1581.265812032 4.939205170 -0.723527670 39.746059418 -0.233727977 -0.115610547 -0.149652109 0.953734577
1581.516149024 4.197896004 -0.977849841 39.359741211 -0.257992327 -0.020794256 -0.198375121 0.945333242
1581.761723424 3.425054073 -1.161354899 39.079185486 -0.280495137 0.067738935 -0.240530670 0.926757216
1582.016133696 -1.972895622 -7.266679287 27.686279297 -0.186937675 0.192815512 -0.639563143 0.720302403
1582.265842560 -14.319622993 -15.412664413 13.903345108 0.201562837 -0.096352279 0.881952822 -0.415027648
1582.515870304 -43.042160034 -5.168272972 2.145238876 0.260628134 -0.368695259 0.883407116 -0.125414088
1582.761676768 -61.948280334 6.627809525 -7.219440460 0.171055213 -0.455338895 0.868011892 -0.099809825
1583.015848800 -77.900726318 22.217033386 -16.282260895 0.098213315 -0.509335577 0.853446305 -0.050605524
1583.265885312 -87.017936707 37.780895233 -23.538269043 0.016892217 -0.559621215 0.828389943 -0.017579388
1583.516214880 -103.627273560 69.771499634 -30.365114212 -0.056432582 -0.636076152 0.769543231 0.005091593
1583.762048704 -115.481811523 103.968933105 -32.165878296 0.130223274 0.702008963 -0.699700236 -0.025391551
1584.015882912 -137.916244507 160.084426880 -35.553230286 -0.112179503 -0.701011717 0.704160333 0.012514791
1584.265943104 -161.033630371 212.868896484 -39.018535614 -0.095800579 -0.698117018 0.709537506 0.003365447
1584.515938848 -186.746444702 265.339843750 -43.018600464 -0.081094868 -0.696884394 0.712464988 -0.013012430
1584.761630464 -212.930084229 314.247406006 -46.847290039 -0.064161867 -0.694536746 0.716309667 -0.020067420
1585.015998336 -233.362625122 348.851745605 -52.843074799 -0.060001109 -0.669968069 0.739840746 -0.013350989
1585.266090592 -253.205718994 382.559448242 -60.889709473 -0.055400167 -0.642831266 0.763984919 -0.005087572
1585.515804352 -273.281463623 416.484863281 -70.836433411 -0.048855163 -0.613677561 0.788016558 0.006549433
1585.761851296 -292.548339844 448.611419678 -82.365852356 -0.042131148 -0.581225514 0.812387943 0.020680428
1586.016202048 -314.197937012 484.779296875 -97.328849792 -0.039466199 -0.552335739 0.832148790 0.029935261
1586.265896096 -334.292449951 518.526672363 -113.702072144 -0.040969200 -0.521753311 0.851098895 0.041542288
1586.515876640 -340.690124512 523.083557129 -117.563949585 -0.068044826 -0.537380874 0.838061273 -0.065153867
1586.761623392 -346.895355225 526.825073242 -122.373710632 -0.095051557 -0.544538915 0.816236794 -0.167928740
1587.015878944 -352.741149902 529.976928711 -128.060867310 -0.126151443 -0.549175143 0.778284192 -0.277067155
1587.266048160 -357.809814453 532.499267578 -134.518096924 -0.158907846 -0.545772672 0.727528393 -0.384165347
1587.515897184 -359.308624268 537.386474609 -144.202423096 0.359698713 0.464459658 -0.599772871 0.543292403
1587.761590496 -355.968902588 543.562072754 -152.664077759 0.526197791 0.343887478 -0.423223436 0.652486920
1588.015891904 -350.056945801 550.793579102 -157.456024170 0.637861907 0.208094969 -0.201581091 0.713577986
1588.266224640 -343.752197266 559.036376953 -157.797866821 0.695734441 0.057305325 0.034221984 0.715191305
1588.516104128 -339.528717041 567.460205078 -154.374664307 0.695272803 -0.094237007 0.264368683 0.661682963
1588.761512640 -338.839691162 575.493164062 -148.767791748 0.642971694 -0.235482275 0.468565047 0.558195531
