1295.517579904 0.000000000 0.000000000 0.000000000 0.000000000 0.000000000 0.000000000 1.000000000
1295.762060736 -0.012929523 0.000232582 -0.006301517 0.002178584 0.002751599 -0.001094883 0.999993205
1296.016350208 -0.028968697 0.005169482 -0.004737416 0.003984425 0.004966949 -0.002450330 0.999976695
1296.266654976 -0.040267661 0.008559451 -0.007533756 0.005289719 0.007165704 -0.002880187 0.999956191
1296.515996384 0.193421915 -0.320809662 -1.348243237 0.006827599 0.015297478 0.012144997 0.999785900
1296.762073216 0.420658827 -0.625036955 -2.665972233 0.009031371 0.021851523 0.027447434 0.999343574
1297.016105600 1.911709666 -0.499508798 -0.463983059 -0.068772867 -0.115809530 0.086593665 0.987096727
1297.266692064 2.729137897 -0.748935163 -0.510304689 -0.121414408 -0.232793838 0.100200787 0.959700704
1297.516155808 2.729137897 -0.748935163 -0.510304689 -0.121414408 -0.232793838 0.100200787 0.959700704
1297.761845632 2.727983952 -0.758874536 -0.523633599 -0.121872880 -0.231982812 0.099649504 0.959896326
1298.016540320 2.727983952 -0.758874536 -0.523633599 -0.121872880 -0.231982812 0.099649504 0.959896326
1298.266457824 3.501976490 -0.857826650 -0.912633717 -0.120682560 -0.232934847 0.097467162 0.960040212
1298.516734464 4.042315483 -1.195418358 -1.138950944 -0.155220628 -0.240091980 0.120397754 0.950666487
1298.762481728 4.374258995 -1.339890957 -1.181270599 -0.166727304 -0.246293947 0.127432495 0.946204126
1299.017304896 5.304321289 -1.960736990 -1.354016185 -0.187680528 -0.254709572 0.122382931 0.940702617
1299.266852576 6.146497726 -2.570869446 -1.507606149 -0.209595501 -0.261288553 0.120754510 0.934460461
1299.515915328 7.001061440 -3.237316608 -1.594297528 -0.233897701 -0.266854346 0.117221989 0.927544951
1299.762063392 7.887379646 -3.851517439 -1.572556138 -0.257694006 -0.278469861 0.116999976 0.917801321
1300.016913248 7.003458977 -3.664527893 -1.439301729 -0.237922892 -0.205847412 0.120118394 0.941589653
1300.266304352 6.218275070 -3.498536110 -1.161566615 -0.228044122 -0.141474187 0.124944493 0.955180526
1300.516251072 5.917107582 -3.009142637 -0.746095300 -0.227012798 -0.131417304 0.186887801 0.946714163
1300.761608416 5.759006977 -2.080334902 1.959070802 -0.279824376 -0.207997531 0.210970283 0.913195968
1301.016255968 5.739551067 -1.427451253 3.989423275 -0.319968969 -0.275251687 0.211006716 0.881664634
1301.266924000 5.764645100 -1.577217460 4.076362610 -0.368450761 -0.261622339 0.189849228 0.871639311
1301.516328384 5.790040493 -1.667680025 4.204487324 -0.410437912 -0.252784163 0.166304022 0.860223114
1301.762125472 5.790040493 -1.667680025 4.204487324 -0.410437912 -0.252784163 0.166304022 0.860223114
1302.016638816 0.789866447 2.344114065 8.896415710 -0.413472444 -0.256713450 0.156132773 0.859512269
1302.266615232 -0.655190349 4.224459648 9.631624222 -0.358035505 -0.275621563 0.088455632 0.887704313
1302.517206880 -0.079934359 5.994334698 11.878446579 -0.414595455 -0.312777102 0.182950944 0.834751487
1302.761983680 28.774862289 -6.764659405 -5.523979187 -0.391241163 -0.340490103 0.163596153 0.839185953
1303.016427712 22.111404419 4.564785480 6.632123947 -0.402175874 -0.354484588 0.167342320 0.827400625
1303.266346400 21.588306427 4.498598099 6.515846252 -0.396352381 -0.336979955 0.139490142 0.842550755
1303.516775936 21.364112854 4.367229462 6.735076904 -0.392479628 -0.338692695 0.099942848 0.849269390
1303.761669152 21.126331329 4.347399235 6.962594032 -0.389039963 -0.341723621 0.077901848 0.851941407
1304.016353920 20.716411591 4.264111996 7.085885048 -0.376948148 -0.312724531 0.031682182 0.871268988
1304.266693984 20.308937073 4.224475861 7.192308426 -0.360064805 -0.283548921 -0.013739166 0.888687015
1304.516307744 19.735464096 3.897834301 6.896073341 -0.337885439 -0.248294964 -0.066400446 0.905413747
1304.762377216 19.097307205 3.698769331 6.612263203 -0.313651562 -0.203718647 -0.116350397 0.920100033
1305.017154752 18.590389252 3.400115490 6.554837704 -0.325875729 -0.181404009 -0.155604020 0.914704859
1305.266269728 18.053201675 3.154127359 6.498428345 -0.336096227 -0.155932918 -0.191991538 0.908770323
1305.516284096 17.744178772 3.115986347 6.415839195 -0.334814876 -0.148943514 -0.239905119 0.898977399
1305.762345408 17.430601120 3.097461462 6.314179897 -0.332150608 -0.140558124 -0.287051588 0.887423694
1306.016832960 17.287298203 3.368314266 6.572218895 -0.333860368 -0.117881119 -0.311444461 0.881841063
1306.266551968 17.235586166 3.337300777 5.644674778 -0.324207991 -0.088426910 -0.389714956 0.857433438
1306.516511040 17.235586166 3.337300777 5.644674778 -0.324207991 -0.088426910 -0.389714956 0.857433438
1306.761949792 17.234361649 3.329514980 5.638184071 -0.323603988 -0.088070765 -0.389324337 0.857875586
1307.016327264 17.234361649 3.329514980 5.638184071 -0.323603988 -0.088070765 -0.389324337 0.857875586
1307.266564608 17.224630356 3.282422066 5.656542301 -0.324297577 -0.088755235 -0.388002932 0.858141780
1307.516294400 17.405723572 3.530312777 5.779354572 -0.312782258 -0.111007705 -0.406485915 0.851242483
1307.761959872 17.410812378 3.542093039 5.785892963 -0.311804175 -0.112611882 -0.407946199 0.850691855
1308.016148064 19.980497360 -3.864764929 1.943703890 -0.346467644 -0.084932268 -0.367211461 0.859012485
1308.266606976 22.454242706 -10.816324234 -1.650426149 -0.406970322 -0.025274415 -0.272264570 0.871555150
1308.516016000 23.301513672 -15.502534866 -2.636860371 -0.482160121 0.036229841 -0.248661920 0.839271247
1308.762011424 23.307069778 -15.537800789 -2.630530357 -0.483281642 0.035362922 -0.249016225 0.838557839
1309.016465600 23.315034866 -15.542290688 -2.625955820 -0.483317286 0.035265554 -0.248941988 0.838563442
1309.266665600 23.331005096 -15.525903702 -2.615882397 -0.480857611 0.035238292 -0.248120919 0.840220332
1309.516863136 23.389352798 -15.651628494 -2.605086565 -0.492490977 0.014867947 -0.227372825 0.839960217
1309.761805952 23.387201309 -15.664900780 -2.602966070 -0.493619025 0.013365340 -0.226650923 0.839518309
1310.016436928 23.392108917 -15.699205399 -2.594824791 -0.493688405 0.013448667 -0.226954609 0.839394152
