2197.398287456 0.000000000 0.000000000 0.000000000 0.000000000 0.000000000 0.000000000 1.000000000
2197.646915680 -0.003120043 -0.000201384 0.002855791 -0.000357256 0.000507397 -0.001992871 0.999997795
2197.898544288 -0.011392690 0.034662426 -0.036469005 0.004541809 0.002075703 -0.006877536 0.999963880
2198.150934560 -1.382351875 -1.119920969 2.133541107 0.005190666 0.009951835 -0.016204398 0.999805689
2198.398337760 -1.454950094 -1.405850768 4.722897053 0.002893565 0.010403202 -0.019070694 0.999759853
2198.646819392 -0.338997960 -1.614435911 6.874717236 0.000370077 0.006684349 -0.025404422 0.999654830
2198.898131680 -0.541860580 -2.256465435 5.031140327 -0.003776778 0.019252779 -0.039524965 0.999025941
2199.150631328 -0.541860580 -2.256465435 5.031140327 -0.003776778 0.019252779 -0.039524965 0.999025941
2199.398738464 -0.625673652 -2.231832504 4.819715977 0.005755533 0.035161365 -0.062090322 0.997434378
2199.647245312 -0.229423016 -2.421060562 4.231078148 -0.009361623 0.014518742 -0.065828837 0.997681379
2199.898106176 0.179928780 -2.626318216 3.642695904 -0.022039386 -0.003764540 -0.072381996 0.997126341
2200.150761888 -3.391825676 4.172104359 26.044231415 -0.083685011 -0.042429261 -0.121698543 0.988122523
2200.398160704 -3.395732164 4.164855480 26.051774979 -0.084816515 -0.037614152 -0.128735781 0.987328947
2200.647220704 -3.442790985 4.153260231 26.047374725 -0.091505058 -0.027184170 -0.147239149 0.984483838
2200.898150144 -3.560679674 4.028976917 26.086097717 -0.132044166 -0.008002927 -0.165243775 0.977340639
2201.150650208 -3.656698704 4.121279240 26.108598709 -0.119163945 0.013020833 -0.182485983 0.975873590
2201.398310656 -3.853898525 4.322942734 26.121402740 -0.076769501 0.071176127 -0.189151525 0.976351440
2201.647424032 -3.854319096 4.732725143 27.403268814 -0.066679604 0.119640589 -0.189751521 0.972231627
2201.898683968 -3.959923029 5.054683685 28.715297699 -0.055797420 0.175315335 -0.188548476 0.964676440
2202.150223168 -3.926156998 5.308637142 29.937469482 -0.041407663 0.230811357 -0.177521557 0.955770671
2202.399251872 -4.007786751 5.260072231 30.121557236 0.016459137 0.196466625 -0.035376512 0.979733884
2202.646710240 -4.007786751 5.260072231 30.121557236 0.016459137 0.196466625 -0.035376512 0.979733884
2202.900166432 -1.888050079 3.524184942 34.963321686 0.000551763 0.225526154 0.044021614 0.973241866
2203.150229152 -1.867064238 3.512697697 34.957172394 0.001459171 0.225504920 0.040835366 0.973384738
2203.400985472 -14.423851967 6.734911919 -4.745777130 -0.034492582 0.174694479 0.089774229 0.979914606
2203.651350656 -14.990927696 7.041250706 -9.168210983 -0.017179493 0.182319328 0.137001470 0.973496318
2203.900448896 -6.215658188 6.606903076 9.849233627 -0.049507100 0.189107537 0.007807453 0.980676532
2204.150332032 -6.637302399 6.314836502 9.059057236 -0.044719078 0.178486779 0.005975799 0.982907414
2204.401024480 -7.640675545 6.131402016 8.268667221 -0.051900271 0.177307591 0.010231881 0.982732773
2204.650254848 -7.693436623 5.696218014 9.216164589 -0.067136571 0.178390950 0.015018654 0.981551707
2204.900242336 -7.320513248 5.836406708 12.524324417 -0.070178278 0.219987214 0.004057833 0.972966731
2205.150235264 -6.450691223 6.358560085 14.254899979 -0.070171125 0.221698508 0.002011902 0.972585082
2205.400423136 -6.195356369 5.777768612 14.059260368 -0.141433761 0.174509972 0.166065499 0.960190058
2205.650491328 -6.259971619 5.824538708 14.272172928 -0.148256466 0.168440863 0.257091463 0.939974308
2205.900252160 -6.847890377 6.233273506 14.153669357 -0.149116606 0.177277237 0.282111377 0.930994213
2206.150406912 -6.847890377 6.233273506 14.153669357 -0.149116606 0.177277237 0.282111377 0.930994213
2206.400527040 -6.898440838 6.146374702 14.199838638 -0.159776583 0.188458726 0.282772452 0.926819563
2206.650143648 -6.966679573 6.119965076 14.213544846 -0.161423191 0.198479220 0.281922072 0.924699128
2206.900555648 -7.038219929 6.108584881 14.247920990 -0.161902815 0.208392501 0.277855605 0.923664629
2207.150161280 -7.038219929 6.108584881 14.247920990 -0.161902815 0.208392501 0.277855605 0.923664629
2207.400146176 -7.010544777 6.129982948 14.274474144 -0.161782190 0.198916912 0.278571606 0.925557375
2207.649966816 -7.010544777 6.129982948 14.274474144 -0.161782190 0.198916912 0.278571606 0.925557375
2207.900137440 -5.655941486 7.860012531 14.554958344 -0.173861280 0.188850954 0.311008990 0.915085256
2208.150198752 13.292943954 11.810379028 -21.205402374 -0.077954143 0.172128305 0.081765652 0.978575170
2208.400443008 24.996940613 -3.533200264 -29.848464966 -0.337291509 0.226908654 -0.074412838 0.910609484
2208.648586720 44.826972961 -2.653443336 -29.562297821 -0.474335760 -0.242887720 0.283457965 0.797284603
2208.899783104 44.826972961 -2.653443336 -29.562297821 -0.474335760 -0.242887720 0.283457965 0.797284603
2209.150967648 45.024780273 -2.904484987 -29.492002487 -0.481723636 -0.241635993 0.286855280 0.792002797
2209.398946368 45.251865387 -3.148443222 -29.421260834 -0.488868237 -0.240108758 0.291508734 0.786370337
2209.647631808 45.492210388 -3.402101517 -29.343608856 -0.498053700 -0.236869931 0.296646476 0.779638350
2209.898571328 45.539962769 -3.622021198 -29.299720764 -0.495488673 -0.232750759 0.291185677 0.784556508
2210.150552416 45.609016418 -3.868165493 -29.270925522 -0.491287678 -0.228678033 0.284283906 0.790901601
2210.398606272 45.527320862 -4.021565914 -29.272817612 -0.484541386 -0.217010677 0.280282259 0.799729884
2210.647035136 45.270442963 -4.087907314 -29.031562805 -0.539255321 -0.191257939 0.243308768 0.783214450
2210.898303360 45.201011658 -4.178813934 -28.833118439 -0.576820314 -0.155023277 0.263948232 0.757348955
2211.150214432 45.211925507 -4.759673595 -29.286699295 -0.593489587 -0.136732057 0.265795678 0.747279882
2211.397796256 45.132881165 -5.519672394 -29.841587067 -0.596768081 -0.123642020 0.249535397 0.752537429
2211.647039840 45.117973328 -5.709620476 -29.854967117 -0.594809651 -0.113711447 0.234781682 0.760360956
2211.897267776 45.075958252 -5.655671597 -29.824798584 -0.602108419 -0.116194122 0.228709474 0.756079614
2212.147160352 45.112857819 -5.717895031 -29.847566605 -0.590390027 -0.118215099 0.234476298 0.763207495
2212.397803776 45.147869110 -5.764420033 -29.871873856 -0.596277714 -0.114754736 0.241515532 0.756937563
2212.646782976 45.163036346 -5.803195000 -29.895597458 -0.591818690 -0.112976097 0.238668621 0.761593282
2212.896732096 45.166824341 -5.814330578 -29.896512985 -0.590902746 -0.115043350 0.237754792 0.762280643
