1655.516290432 0.000000000 0.000000000 0.000000000 0.000000000 0.000000000 0.000000000 1.000000000
1655.761820512 -3.072114468 0.018453777 3.824811935 0.001493641 0.018043097 0.024100494 0.999545574
1656.016383936 -3.072114468 0.018453777 3.824811935 0.001493641 0.018043097 0.024100494 0.999545574
1656.516311552 -3.072114468 0.018453777 3.824811935 0.001493641 0.018043097 0.024100494 0.999545574
1656.762332896 -3.001286507 -2.871392488 5.945672989 -0.068110898 0.008710722 0.029536812 0.997202396
1657.016077312 -3.001286507 -2.871392488 5.945672989 -0.068110898 0.008710722 0.029536812 0.997202396
1657.516171808 -3.001286507 -2.871392488 5.945672989 -0.068110898 0.008710722 0.029536812 0.997202396
1657.762650912 -3.001286507 -2.871392488 5.945672989 -0.068110898 0.008710722 0.029536812 0.997202396
1658.016753568 -3.001286507 -2.871392488 5.945672989 -0.068110898 0.008710722 0.029536812 0.997202396
1658.266284224 -3.001286507 -2.871392488 5.945672989 -0.068110898 0.008710722 0.029536812 0.997202396
1658.516207584 -2.759065151 -2.997547388 4.937781811 -0.065687038 0.011410720 0.038291428 0.997040033
1658.762186208 -2.759065151 -2.997547388 4.937781811 -0.065687038 0.011410720 0.038291428 0.997040033
1659.015916672 -2.731124401 -3.009775400 4.892654896 -0.066185676 0.011365514 0.042221751 0.996848822
1659.266607200 -2.638599634 -2.918740511 4.639271259 -0.061999038 0.013142408 0.039919306 0.997190952
1659.516279520 -2.638599634 -2.918740511 4.639271259 -0.061999038 0.013142408 0.039919306 0.997190952
1659.762189312 -2.638599634 -2.918740511 4.639271259 -0.061999038 0.013142408 0.039919306 0.997190952
1660.016252064 -2.638599634 -2.918740511 4.639271259 -0.061999038 0.013142408 0.039919306 0.997190952
1660.266442112 -2.597909689 -2.905461550 4.644176006 -0.060894769 0.010088227 0.041697461 0.997221828
1660.515903520 -2.597909689 -2.905461550 4.644176006 -0.060894769 0.010088227 0.041697461 0.997221828
1660.762175968 -2.597909689 -2.905461550 4.644176006 -0.060894769 0.010088227 0.041697461 0.997221828
1661.016229792 -2.597909689 -2.905461550 4.644176006 -0.060894769 0.010088227 0.041697461 0.997221828
1661.266223392 -2.605310440 -2.902097702 4.644710064 -0.060943402 0.009931217 0.041256107 0.997238815
1661.516689920 -9.268838882 -2.345208645 -18.813457489 -0.069810703 0.023285080 -0.037991013 0.996564567
1661.761810752 -16.175819397 -1.167649508 -43.257698059 -0.074596375 0.029985534 -0.092714891 0.992441535
1662.016347712 -13.336970329 0.837814331 -108.620391846 -0.060793757 -0.006124004 -0.083743893 0.994612277
1662.266412448 -13.336970329 0.837814331 -108.620391846 -0.060793757 -0.006124004 -0.083743893 0.994612277
1662.516842016 -13.458085060 0.893000364 -108.682922363 -0.050381098 0.010850527 -0.088440083 0.994747400
1662.761878848 -13.573073387 0.961464584 -108.707931519 -0.039510053 0.026346346 -0.092223823 0.994605243
1663.017633280 -13.719181061 1.023685932 -108.662887573 -0.032141276 0.042386409 -0.097665966 0.993796587
1663.516341568 -13.719181061 1.023685932 -108.662887573 -0.032141354 0.042386342 -0.097665980 0.993796587
1663.761980576 -13.719181061 1.023685932 -108.662887573 -0.032141276 0.042386409 -0.097665966 0.993796587
1664.016388192 -13.719181061 1.023685932 -108.662887573 -0.032141339 0.042386319 -0.097665951 0.993796647
1664.266261600 -13.719181061 1.023685932 -108.662887573 -0.032141276 0.042386409 -0.097665966 0.993796587
1664.516741696 -13.719181061 1.023685932 -108.662887573 -0.032141272 0.042386409 -0.097665988 0.993796587
1664.761940864 3.748817444 10.672948837 -145.256149292 -0.004439145 0.004834794 -0.171500698 0.985162139
1665.016246080 5.611689568 26.117279053 -160.406112671 0.041978635 -0.015599094 -0.193712205 0.980035722
1665.266673792 5.611689568 26.117279053 -160.406112671 0.041978635 -0.015599094 -0.193712205 0.980035722
1665.516498336 5.611689568 26.117279053 -160.406112671 0.041978635 -0.015599094 -0.193712205 0.980035722
1665.762017088 -45.462108612 29.348045349 -206.560241699 0.030486025 0.100673236 -0.135248825 0.985212266
1666.016273600 -45.462108612 29.348045349 -206.560241699 0.030486025 0.100673236 -0.135248825 0.985212266
1666.266096736 -45.462108612 29.348045349 -206.560241699 0.030486025 0.100673236 -0.135248825 0.985212266
1666.516574880 -45.462108612 29.348045349 -206.560241699 0.030486025 0.100673236 -0.135248825 0.985212266
1666.762445984 -45.462108612 29.348045349 -206.560241699 0.030486025 0.100673236 -0.135248825 0.985212266
1667.016490016 -60.160312653 43.695884705 -218.103454590 0.042565174 0.115205951 -0.146609873 0.981540263
1667.266320352 -60.160312653 43.695884705 -218.103454590 0.042565174 0.115205951 -0.146609873 0.981540263
1667.516237760 -60.160312653 43.695884705 -218.103454590 0.042565174 0.115205951 -0.146609873 0.981540263
1667.761742272 -61.901691437 55.329437256 -219.249023438 0.066981807 0.120523818 -0.148153543 0.979304850
1668.016035424 -61.901691437 55.329437256 -219.249023438 0.066981807 0.120523818 -0.148153543 0.979304850
1668.266107840 -61.901691437 55.329437256 -219.249023438 0.066981807 0.120523818 -0.148153543 0.979304850
1668.516149632 -61.433536530 55.435340881 -220.082015991 0.063224792 0.119994998 -0.142440915 0.980466425
1668.761990080 -61.433536530 55.435340881 -220.082015991 0.063224792 0.119994998 -0.142440915 0.980466425
1669.015969536 -61.533390045 55.462818146 -220.162124634 0.063232504 0.120059393 -0.142394185 0.980464816
1669.266345536 -61.533390045 55.462818146 -220.162124634 0.063232504 0.120059393 -0.142394185 0.980464816
1669.516067328 -61.349735260 55.498867035 -220.499023438 0.064803466 0.120172769 -0.143553942 0.980179191
1669.762128128 -61.349735260 55.498867035 -220.499023438 0.064803466 0.120172769 -0.143553942 0.980179191
