1883.398866304 0.000000000 0.000000000 0.000000000 0.000000000 0.000000000 0.000000000 1.000000000
1883.647217952 0.039879825 0.012660398 0.002450783 0.004433735 -0.010435791 0.004229059 0.999926746
1883.898364288 0.083576977 0.027699798 -0.000819038 0.010479394 -0.022039887 0.006856867 0.999678671
1884.150585024 0.206989914 0.103390738 0.089651123 0.028965805 -0.054006521 0.004973628 0.998107970
1884.398249408 0.321167052 0.184624285 0.196128219 0.046799932 -0.086924590 0.004383986 0.995105326
1884.646957792 0.428047001 0.262905300 0.312538236 0.064677909 -0.120315529 0.004492484 0.990616381
1884.898405312 0.275226653 0.868967891 0.279442310 0.187006310 -0.093159288 -0.111955583 0.971501887
1885.150705504 0.122779384 1.463927269 0.395558059 0.291010231 -0.038118780 -0.226648793 0.928703606
1885.398003776 0.085780978 2.057451963 0.659411788 0.389394820 0.023317734 -0.333675832 0.858188987
1885.647024704 0.221414298 2.590765238 0.978356838 0.467238814 0.080156922 -0.440101534 0.762609601
1885.898312864 0.337298870 2.922701359 1.081134319 0.486293405 0.108248807 -0.453742474 0.738863051
1886.150676160 0.275896251 3.100358725 1.133087873 0.463122129 0.144967824 -0.459676594 0.743773937
1886.398626816 0.318551123 3.301626444 1.282227516 0.473145932 0.160740569 -0.472020775 0.726286352
1886.647971232 0.302132040 3.486323595 1.584461093 0.492579848 0.183084235 -0.465206176 0.712340057
1886.899736640 0.176645130 3.613577843 1.961696148 0.509436131 0.215893984 -0.446177453 0.703413308
1887.150899424 0.007049397 3.700128078 2.242733002 0.499427319 0.247157559 -0.433465779 0.708232224
1887.399333504 -0.159531087 3.761720419 2.545297384 0.490006894 0.278677493 -0.418727994 0.711968362
1887.647594816 -0.325367242 3.812396526 2.849982262 0.478051424 0.311002970 -0.403880388 0.715279400
1887.900463136 -0.164446533 3.877366066 3.054557562 0.472400755 0.341518581 -0.446790218 0.678661227
1888.150634080 0.025324553 3.885669231 3.223888397 0.470016867 0.356749356 -0.477634460 0.650906503
1888.401330304 0.213820562 3.858435392 3.379169703 0.467897326 0.367767602 -0.504909754 0.625208199
1888.648742336 0.180812329 3.685625076 3.483751774 0.467740297 0.374692947 -0.509301722 0.617604971
1888.900630592 0.169823304 3.629016876 3.729778528 0.466276675 0.397842079 -0.522937953 0.592320561
1889.151019392 0.134316400 3.558591366 3.944870234 0.460408568 0.417940587 -0.537999153 0.569127798
1889.400796736 0.093777686 3.375391006 4.209877968 0.456913799 0.418438733 -0.539092541 0.570541859
1889.649695264 0.044722650 3.137402058 4.436984539 0.449518502 0.419524819 -0.539001763 0.575681448
1889.900452896 0.013363425 2.887082577 4.760865211 0.452708453 0.419608563 -0.534024954 0.577755213
1890.150687200 -0.022473864 2.626764059 5.144264698 0.455907315 0.429927945 -0.531076133 0.570323229
1890.400893664 -0.062593341 2.386764050 5.548943520 0.459642112 0.441531122 -0.526922226 0.562256455
1890.650367232 0.042650029 1.825265646 5.875859261 0.467933029 0.466610938 -0.538017213 0.523307145
1890.900942656 0.172702074 1.259688616 6.100218773 -0.479325652 -0.481993973 0.544276297 -0.491621792
1891.151387168 0.316476703 0.522205949 6.375627518 -0.487455308 -0.504140973 0.548901260 -0.454902738
1891.400572800 0.388296962 0.152279019 6.678653240 -0.475534678 -0.514168084 0.554370463 -0.449634641
1891.650653440 0.506647944 -0.260161430 6.980604649 -0.478600949 -0.512257397 0.562322617 -0.438550681
1891.900767904 0.649157226 -0.774062276 7.216761589 -0.485483438 -0.502941728 0.573564947 -0.427058250
1892.150686720 0.749222755 -1.251598358 7.550133228 -0.496221751 -0.511930645 0.570647776 -0.407494932
1892.400918432 0.689783752 -1.533061504 7.494811535 -0.498735011 -0.511742830 0.569336116 -0.406496048
1892.651032064 0.536746085 -1.578485966 7.279238701 -0.488158792 -0.510313332 0.569347322 -0.420862108
1892.900574880 0.255300820 -1.275793076 7.556759357 -0.487757921 -0.523559690 0.546321034 -0.435328424
1893.151053152 0.255300820 -1.275793076 7.556759357 -0.487757921 -0.523559690 0.546321034 -0.435328424
1893.401371712 0.363976419 -1.681509972 7.646494389 -0.492315948 -0.533814192 0.538471460 -0.427452743
1893.648746080 0.832821608 -2.733918190 7.540786266 -0.493802041 -0.475208730 0.601955950 -0.409860045
1893.899861952 1.174208164 -3.786295414 7.582615376 -0.497848332 -0.412453532 0.656048775 -0.389395803
1894.150910048 1.389400244 -4.770106792 7.809503555 -0.492041916 -0.379846096 0.699936867 -0.351710290
1894.398790368 1.560113668 -5.731837273 8.194817543 -0.494139850 -0.345851928 0.734973192 -0.309881598
1894.647805696 1.732092381 -6.440001965 8.548317909 -0.369884521 -0.462780803 0.803100407 -0.063632451
1894.899571584 2.043682575 -6.945849419 8.434849739 -0.207647905 -0.535686910 0.794013917 0.198655233
1895.151093568 2.143934011 -7.351814270 7.985706329 -0.006594701 -0.544705033 0.702268600 0.458335936
1895.398961152 1.927367926 -7.553936005 7.436847210 0.192643851 -0.488727272 0.528159082 0.667144716
1895.647003840 1.430041075 -7.473395824 7.017598629 0.372426778 -0.373171628 0.289581239 0.798864186
1895.898454592 0.841968656 -7.054281712 6.947169304 0.515174329 -0.204542980 0.004450737 0.832308710
1896.150970144 0.362533659 -6.391149044 7.391605854 0.598975718 0.012279438 -0.278040618 0.750846624
1896.398144832 0.576741278 -5.916496754 8.057493210 0.587721407 0.201350108 -0.545517862 0.562540591
1896.647038752 1.392487049 -5.614686012 8.467531204 -0.493429571 -0.362307519 0.735989034 -0.289103180
1896.898096992 2.397772312 -5.557149887 8.307376862 -0.329127401 -0.474597156 0.815901577 0.027153382
1897.151073664 3.273518562 -5.614537239 7.498588085 -0.132215247 -0.511144161 0.773047984 0.351635665
