1625.516342240 0.000000000 0.000000000 0.000000000 0.000000000 0.000000000 0.000000000 1.000000000
1625.762260576 0.011355475 0.009154262 0.007921295 0.002015812 -0.002285639 0.000005484 0.999995351
1626.016519456 0.011355475 0.009154262 0.007921295 0.002015812 -0.002285639 0.000005484 0.999995351
1626.266001280 0.009579809 0.013530225 0.017044771 0.002284527 -0.003224252 0.000567754 0.999992013
1626.516320992 0.279598862 -0.000390798 -0.688340843 -0.006867751 -0.012036746 0.008324065 0.999869287
1626.762631104 0.522896051 0.070119105 -1.026125073 -0.012193682 -0.014694656 0.014332998 0.999714911
1627.016474816 0.522896051 0.070119105 -1.026125073 -0.012193682 -0.014694656 0.014332998 0.999714911
1627.266479392 -0.313863277 1.400482416 -0.908111930 0.013986692 -0.003332337 0.015038702 0.999783576
1627.516842496 -1.057646990 2.799260139 -1.029701829 0.043263808 0.010286652 0.019042199 0.998829246
1627.762014432 -1.313001394 3.439299107 -1.279325485 0.056614716 0.018904198 0.015230612 0.998100936
1628.016806848 -1.569999456 4.099006653 -1.497581005 0.069017000 0.024049841 0.015737334 0.997201383
1628.266417184 -1.815685272 4.752552986 -1.688701034 0.081168309 0.028796477 0.016332526 0.996150434
1628.516349312 -4.607570648 4.766343594 -1.477308273 0.098171949 0.063015446 0.138763323 0.983430743
1628.762136256 -7.274847031 4.094390869 -1.156961679 0.113034509 0.095486984 0.256561577 0.955134332
1629.015994976 -10.574447632 -6.049384117 -2.050751686 -0.286910385 0.183116108 0.521297276 0.782559931
1629.266846048 -6.687129021 -13.445547104 4.721284866 -0.625485301 0.210515290 0.643362403 0.387989998
1629.516612288 -4.878778934 -15.413911819 8.573035240 -0.620487094 0.213085249 0.686729133 0.313039035
1629.762311200 -15.181961060 -7.379727364 13.459901810 -0.619480669 0.260379344 0.672801375 0.309490979
1630.016712992 -15.181961060 -7.379727364 13.459901810 -0.619480669 0.260379344 0.672801375 0.309490979
1630.266315264 -15.147926331 -7.351127148 13.466809273 -0.617138863 0.263454020 0.678276598 0.299453765
1630.515817120 -15.123664856 -7.307402611 13.485363007 -0.614938438 0.265835911 0.682748258 0.291610807
1630.762208000 -30.507135391 9.477252007 15.114229202 -0.617823839 0.273694098 0.677195191 0.291190326
1631.017036224 -30.552087784 9.555598259 15.122513771 -0.614998221 0.257354170 0.677551329 0.310596466
1631.266223104 -30.613441467 9.620043755 15.238923073 -0.615208209 0.245243564 0.673738062 0.327798158
1631.516446688 -30.673364639 9.685700417 15.398135185 -0.616336405 0.234703809 0.668898642 0.342954963
1631.762486624 -30.535619736 9.331383705 15.805966377 -0.625417292 0.240368709 0.660863876 0.338134795
1632.016302592 -30.186368942 9.142347336 16.006961823 -0.633293927 0.232321858 0.660985947 0.328729212
1632.266282496 -29.836767197 8.968763351 16.207357407 -0.639571726 0.228859365 0.661977887 0.316791087
1632.516300416 -29.512723923 8.782770157 16.390150070 -0.642582834 0.227922946 0.663269758 0.308563977
1632.762199264 -29.232452393 8.667288780 16.576021194 -0.648363113 0.223938137 0.665077806 0.295209318
1633.016404000 -28.895889282 8.509752274 16.831274033 0.661454082 -0.221995190 -0.657575190 -0.284238666
1633.266303296 -28.574848175 8.347767830 17.105077744 0.673539340 -0.223040208 -0.648977935 -0.274636745
1633.515898624 -28.094324112 7.980638981 16.765619278 -0.643151879 0.243703783 0.685341179 0.239315063
1633.761998048 -27.589326859 7.567906857 16.455696106 -0.614157081 0.264969677 0.714416981 0.205451936
1634.016691648 -27.243728638 7.057317257 16.117971420 -0.582526267 0.287393987 0.736114442 0.190271720
1634.266337024 -26.977216721 6.590755463 15.769641876 -0.548884630 0.313059896 0.756954670 0.166549832
1634.516168640 -27.528377533 6.902579308 16.170322418 -0.518786252 0.334619850 0.774301291 0.139096498
1634.762061312 -27.833387375 7.080072403 16.432121277 -0.495942503 0.351764858 0.785471678 0.115485206
1635.016274528 -25.705627441 7.189852715 17.771486282 -0.489401817 0.349601597 0.790289640 0.117076211
1635.266761760 -23.483234406 7.300729275 19.067098618 -0.482493103 0.346867710 0.795625031 0.117745690
1635.516999872 -15.168656349 0.827219963 21.355640411 -0.498202473 0.369627118 0.782191753 0.057845689
1635.762017792 -6.024168968 -4.818652630 24.236927032 -0.506398976 0.394369423 0.766807139 -0.006299977
1636.017093568 125.667907715 -4.607966900 16.438480377 -0.484265864 0.210228994 0.815477729 -0.237247676
1636.266439616 239.258621216 29.025722504 52.931221008 -0.655851066 -0.022596318 0.719832778 -0.226251259
1636.516213376 404.194274902 79.620635986 125.005683899 0.687810779 0.158948138 -0.687161267 0.171642631
1636.762208384 560.726501465 126.065429688 213.694442749 0.701881588 0.289348215 -0.640426815 0.116161048
1637.016310592 751.773254395 197.446899414 384.641876221 0.735177457 0.382394820 -0.545719445 0.124413021
1637.266357280 903.270812988 271.275268555 597.015258789 0.776765287 0.402644634 -0.456539810 0.161506712
1637.516444576 903.270812988 271.275268555 597.015258789 0.776765287 0.402644634 -0.456539810 0.161506712
1637.762149952 903.265991211 271.270843506 597.013244629 0.776764512 0.402645886 -0.456540465 0.161505342
1638.016434592 903.271545410 271.286590576 597.017883301 0.776765823 0.402624458 -0.456548154 0.161530688
1638.265888064 903.372436523 271.434600830 597.102111816 0.777775109 0.400548249 -0.456806123 0.161105886
1638.516209152 903.406921387 271.502807617 597.138977051 0.777635217 0.400296181 -0.457289308 0.161036804
1638.762058336 903.401916504 271.500885010 597.140014648 0.776959360 0.401800513 -0.457319409 0.160466328
1639.017112480 903.401916504 271.500885010 597.140014648 0.776959360 0.401800513 -0.457319409 0.160466328
