1467.016197920 0.000000000 0.000000000 0.000000000 0.000000000 0.000000000 0.000000000 1.000000000
1467.266254368 0.000000000 0.000000000 0.000000000 0.000000000 0.000000000 0.000000000 1.000000000
1467.516133120 0.000000000 0.000000000 0.000000000 0.000000000 0.000000000 0.000000000 1.000000000
1467.762077888 0.000000000 0.000000000 0.000000000 0.000000000 0.000000000 0.000000000 1.000000000
1468.015743360 0.000000000 0.000000000 0.000000000 0.000000000 0.000000000 0.000000000 1.000000000
1468.265826272 0.000000000 0.000000000 0.000000000 0.000000000 0.000000000 0.000000000 1.000000000
1468.515789536 0.000000000 0.000000000 0.000000000 0.000000000 0.000000000 0.000000000 1.000000000
1468.761570720 0.000000000 0.000000000 0.000000000 0.000000000 0.000000000 0.000000000 1.000000000
1469.015572320 0.003677212 0.022087174 -0.049598150 -0.001458308 0.001261064 0.005427227 0.999983430
1469.516121888 0.003677212 0.022087174 -0.049598150 -0.001458308 0.001261064 0.005427227 0.999983430
1469.761448768 -0.020216949 0.041353092 0.149501264 -0.005033913 -0.003078583 0.007378379 0.999955356
1470.016160384 -0.421713412 -0.019086581 -0.333846599 0.012809424 0.139429495 -0.023385519 0.989872932
1470.516049056 -0.421713412 -0.019086581 -0.333846599 0.012809424 0.139429495 -0.023385519 0.989872932
1470.761935968 -0.421713412 -0.019086581 -0.333846599 0.012809424 0.139429495 -0.023385519 0.989872932
1471.016118080 -0.418766469 0.010051781 -0.191553757 0.015053329 0.139214605 -0.019830838 0.989949226
1471.266299456 -0.418766469 0.010051781 -0.191553757 0.015053329 0.139214605 -0.019830838 0.989949226
1471.515845216 -0.418766469 0.010051781 -0.191553757 0.015053329 0.139214605 -0.019830838 0.989949226
1471.761817792 -0.160354108 -0.082825050 -0.018780246 -0.021938190 0.051153824 -0.013771396 0.998354852
1472.016049152 0.004684910 -0.299556315 -0.003684610 -0.089541674 -0.053445663 -0.029362734 0.994114518
1472.266342848 0.004684910 -0.299556315 -0.003684610 -0.089541674 -0.053445663 -0.029362734 0.994114518
1472.515920704 0.004684910 -0.299556315 -0.003684610 -0.089541674 -0.053445663 -0.029362734 0.994114518
1472.761553152 0.004684910 -0.299556315 -0.003684610 -0.089541674 -0.053445663 -0.029362734 0.994114518
1473.015865728 0.004684910 -0.299556315 -0.003684610 -0.089541674 -0.053445663 -0.029362734 0.994114518
1473.265819584 0.018735632 -0.284137666 0.037191588 -0.089294389 -0.054419816 -0.028418990 0.994111359
1473.515784864 0.018735632 -0.284137666 0.037191588 -0.089294389 -0.054419816 -0.028418990 0.994111359
1473.761687296 -1.091630816 0.737025797 -9.801293373 -0.091147147 -0.059715047 -0.007613625 0.994016290
1474.016215296 -1.091630816 0.737025797 -9.801293373 -0.091147147 -0.059715047 -0.007613625 0.994016290
1474.269857856 -1.705897093 0.802860856 -9.520632744 -0.093797110 -0.008851710 -0.027670823 0.995167375
1474.516059456 -1.586830616 0.272956252 -10.006675720 -0.124545082 -0.021270631 -0.006225265 0.991966426
1474.761602336 6.962347507 2.954978466 -24.636924744 -0.072250672 -0.100836352 -0.121016577 0.984868944
1475.015846272 6.962347507 2.954978466 -24.636924744 -0.072250672 -0.100836352 -0.121016577 0.984868944
1475.265608672 7.544030190 4.146325111 -5.051143646 -0.117592625 -0.079392835 -0.095642827 0.985251844
1475.516915968 6.955990791 2.634160995 -5.703730583 -0.323640198 -0.008427897 0.004656707 0.946131229
1475.762142816 6.538839340 0.819337845 -5.659533024 -0.506078243 0.058746878 0.104845613 0.854073226
1476.016293120 6.538839340 0.819337845 -5.659533024 -0.506078243 0.058746878 0.104845613 0.854073226
1476.265821088 6.538839340 0.819337845 -5.659533024 -0.506078243 0.058746878 0.104845613 0.854073226
1476.515796224 6.226139069 0.206579924 -5.727463245 -0.522849739 0.066326991 0.105660647 0.843246520
1476.761898208 6.258799076 -0.336568415 -5.888751507 -0.530811429 0.041025966 0.131249487 0.836259305
1477.016085792 6.258799076 -0.336568415 -5.888751507 -0.530811429 0.041025966 0.131249487 0.836259305
1477.516107616 6.258799076 -0.336568415 -5.888751507 -0.530811429 0.041025966 0.131249487 0.836259305
1477.761592544 5.455492020 -2.339962482 -6.987803459 -0.536443353 0.109148666 0.148312822 0.823600888
1478.015801664 5.455492020 -2.339962482 -6.987803459 -0.536443353 0.109148666 0.148312822 0.823600888
1478.516159584 5.455492020 -2.339962482 -6.987803459 -0.536443353 0.109148666 0.148312822 0.823600888
1478.761865056 5.455492020 -2.339962482 -6.987803459 -0.536443353 0.109148666 0.148312822 0.823600888
1479.016356256 5.455492020 -2.339962482 -6.987803459 -0.536443353 0.109148666 0.148312822 0.823600888
1479.515783648 5.455492020 -2.339962482 -6.987803459 -0.536443353 0.109148666 0.148312822 0.823600888
1479.761794304 15.075099945 17.636695862 -5.274731636 -0.526256204 0.105802841 0.123126730 0.834685504
1480.015815808 15.075099945 17.636695862 -5.274731636 -0.526256204 0.105802841 0.123126730 0.834685504
1480.516057824 15.075099945 17.636695862 -5.274731636 -0.526256204 0.105802841 0.123126730 0.834685504
1480.762065504 14.784739494 16.426948547 -5.739421368 -0.525329411 0.112914488 0.126597255 0.833817959
1481.015949856 14.784739494 16.426948547 -5.739421368 -0.525329411 0.112914488 0.126597255 0.833817959
1481.515875392 14.784739494 16.426948547 -5.739421368 -0.525329411 0.112914488 0.126597255 0.833817959
1481.761901440 14.784739494 16.426948547 -5.739421368 -0.525329411 0.112914488 0.126597255 0.833817959
