1919.898182528 0.000000000 0.000000000 0.000000000 0.000000000 0.000000000 0.000000000 1.000000000
1920.150870304 -0.003251534 -0.000769200 0.002158663 -0.000575627 0.000231890 -0.001968813 0.999997854
1920.397450048 -0.000690569 -0.000934758 0.000869366 -0.000379467 0.000052525 -0.000810169 0.999999583
1920.646803744 -0.007684767 0.001106431 0.103064269 -0.002154282 0.003561003 -0.004921420 0.999979198
1920.897403520 -0.070599124 0.022872565 0.218914598 0.002277923 0.019311760 -0.008093975 0.999778152
1921.150393824 -0.298228502 0.229448691 1.009370565 -0.003506965 -0.000231542 -0.007417042 0.999966323
1921.397724512 -0.586999357 0.383557260 1.620640278 -0.015023801 0.014590391 -0.018123843 0.999616385
1921.645890528 -0.852659464 0.574436784 2.212964058 -0.008281481 0.024203017 -0.024578361 0.999370575
1921.896862016 -1.113202095 0.762768090 2.815604448 -0.000431263 0.033792760 -0.030346191 0.998967946
1922.149468736 -1.428407550 0.935198784 3.396137714 0.005510748 0.064180866 -0.038011216 0.997198880
1922.397246144 -1.604195833 1.163469911 3.841928482 0.051176775 0.068225138 -0.009111754 0.996314824
1922.646150208 -1.604195833 1.163469911 3.841928482 0.051176775 0.068225138 -0.009111754 0.996314824
1922.897580288 -1.575012922 1.230092168 3.748729944 0.053054914 0.069619037 -0.006038458 0.996143520
1923.151450240 -1.583387136 1.297377825 3.651345968 0.055604003 0.075164333 -0.001522095 0.995618522
1923.400546368 -1.547169685 1.365527153 3.535739899 0.057509534 0.076967485 0.003968181 0.995365679
1923.650437792 -1.547169685 1.365527153 3.535739899 0.057509534 0.076967485 0.003968181 0.995365679
1923.900038720 -1.527691245 1.372802615 3.521394491 0.059068814 0.073040627 0.007219449 0.995552003
1924.150295488 -1.517326355 1.391074300 3.535955191 0.062946886 0.070145622 0.010766686 0.995490491
1924.400275360 -1.499172688 1.393699527 3.502761126 0.063926980 0.067021467 0.017984515 0.995539069
1924.650522976 -1.521576047 1.303379893 3.571446657 0.058624059 0.064702757 0.032816757 0.995640457
1924.900292416 -1.510868311 1.219171166 3.773872137 0.059548575 0.066843055 0.043766603 0.995022833
1925.151427968 -1.538278341 1.141933322 3.982709885 0.059509579 0.070682555 0.055202704 0.994190753
1925.400621280 -1.808895826 1.248751998 4.354019165 0.065191016 0.079889975 0.061682414 0.992755234
1925.650335808 -1.741515398 0.076862812 6.727003098 0.045855470 0.092151724 0.050121725 0.993424952
1925.900525920 -1.410373926 -1.252773643 11.251368523 0.027767982 0.098482378 0.050804671 0.993453085
1926.150250720 -1.126631141 -2.390582085 15.752277374 0.007569354 0.104266174 0.045693174 0.993470371
1926.399958912 -0.872192502 -2.456221819 15.336808205 -0.010607870 0.055607736 0.119743019 0.991189599
1926.650562656 -1.213656425 -2.465923548 15.885378838 -0.004170479 0.035971250 0.080268532 0.996115267
1926.900193152 -1.685304642 -2.702006578 16.321105957 0.025869055 0.031842556 0.119013347 0.992044687
1927.150016288 -1.290484428 -2.643432617 16.271984100 0.065469585 -0.064395823 0.140270397 0.985845387
1927.400955392 -0.920718312 -2.576859474 16.265783310 0.106610224 -0.152963445 0.159698620 0.969398141
1927.650501376 -0.538919866 -2.513349056 16.286537170 0.149821237 -0.235774040 0.167694300 0.945432603
1927.900308928 -0.202026427 -2.458175421 16.410461426 0.192777172 -0.314964801 0.175435632 0.912609696
1928.150191072 -0.202026427 -2.458175421 16.410461426 0.192777172 -0.314964801 0.175435632 0.912609696
1928.400170112 -0.047746167 -2.630628109 16.348337173 0.193256795 -0.315173239 0.175759867 0.912373900
1928.650301408 0.468253314 -2.747205973 16.117317200 0.187362537 -0.320204198 0.181257054 0.910774648
1928.900426688 0.986437142 -2.844386816 15.974512100 0.185822755 -0.328729182 0.188047960 0.906666934
1929.150264192 1.520047665 -2.923082113 15.837510109 0.184506476 -0.338402629 0.196681097 0.901530683
1929.400228704 2.054219961 -2.989203930 15.722515106 0.182812646 -0.346985906 0.209981859 0.895593643
1929.649919744 2.571677208 -3.071938276 15.608832359 0.177671030 -0.349723727 0.220676839 0.892988265
1929.901058368 2.968657255 -3.269696712 15.769486427 0.136661887 -0.378405422 0.252856761 0.879884243
1930.150322080 3.345313787 -3.444585562 15.982949257 0.094555423 -0.404025435 0.284704924 0.864156127
1930.400443008 3.713267803 -3.603539944 16.242721558 0.048523556 -0.428834438 0.314870059 0.845342100
1930.648399232 3.203871489 -3.700629711 16.974845886 0.059897136 -0.449382365 0.337927490 0.824786544
1930.899507680 2.720118999 -3.946404457 17.661594391 0.034413490 -0.468857735 0.361750364 0.805061996
1931.150146368 2.390564919 -4.117118835 18.379894257 0.013843048 -0.500952482 0.369504750 0.782509565
1931.398688352 1.487332821 -4.953472137 21.429924011 0.001014529 -0.529207110 0.366226554 0.765386820
1931.647760608 0.543556213 -5.787150383 24.467893600 -0.003992246 -0.553293884 0.341593951 0.759712696
1931.899297760 0.473978549 -5.749314785 24.476701736 -0.022019273 -0.582132161 0.358710915 0.729358435
1932.150376384 0.439954221 -5.703122616 24.478591919 -0.047102742 -0.610095978 0.379591465 0.693883598
1932.398122336 0.421383590 -5.698393822 24.407335281 -0.068587087 -0.621688485 0.392838508 0.674149215
1932.650772160 0.469206333 -6.210815430 24.484851837 -0.094256759 -0.626753867 0.384991139 0.670877874
1932.898526016 0.768182635 -6.709109306 24.297082901 -0.118778802 -0.626734138 0.375374734 0.672450483
1933.151978880 1.027066588 -7.206272125 24.086532593 -0.137482658 -0.619473219 0.372670203 0.677102983
1933.398755808 0.159127951 -6.940774918 24.445096970 -0.122573674 -0.624978125 0.378721803 0.671526492
1933.647093696 -0.578396618 -6.806527138 24.775041580 -0.118865430 -0.627059281 0.381587386 0.668624461
1933.899192800 -0.972220659 -7.174643517 24.833833694 -0.119334556 -0.626267314 0.383279592 0.668315232
1934.150454368 -1.367198706 -7.543513775 24.865861893 -0.119637370 -0.621427834 0.387658477 0.670250237
1934.398620224 -1.338021874 -7.768682003 24.996650696 -0.120538428 -0.621648431 0.387723416 0.669846237
1934.646634848 -1.447770476 -8.039881706 25.080188751 -0.120242588 -0.621088207 0.386988491 0.670843601
1934.899031456 -1.406174302 -7.945514202 25.051128387 -0.120129995 -0.621095836 0.387010366 0.670844078
