950.796142656 0.000000000 0.000000000 0.000000000 0.000000000 0.000000000 0.000000000 1.000000000
951.043296128 -0.000732727 -0.004195127 0.055976059 0.002141306 0.003513201 0.002430832 0.999988556
951.292344032 0.378351182 -1.085235834 1.684698224 -0.002905565 0.020528736 -0.004689047 0.999774039
951.543699648 2.995853186 -1.613359809 4.322684288 -0.006305865 0.006029359 -0.005775813 0.999945283
951.796078528 -0.551570058 -6.278750420 11.043015480 -0.001735579 0.034287259 -0.065812781 0.997241199
952.043671104 -0.657737494 -6.430789471 11.725563049 -0.019807989 0.040755078 -0.067343220 0.996700346
952.292365952 -1.408084512 -6.642470837 15.940670013 -0.021422854 0.043830931 -0.079056643 0.995675623
952.543686944 -2.318434954 -7.074637890 19.602121353 -0.020459758 0.051891007 -0.099996045 0.993423104
952.795626944 -2.393079042 -7.103979111 19.387538910 -0.004231730 0.063169003 -0.143137887 0.987675726
953.044057472 -2.531438828 -7.065073490 19.239408493 0.020551333 0.094182767 -0.194565192 0.976141214
953.292299680 -3.107859612 -7.384208679 18.484058380 0.010376149 0.118893310 -0.181888476 0.976049840
953.543846688 -0.624878407 -6.414319038 8.941638947 0.014366985 0.160238475 -0.181414574 0.970157683
953.796075456 1.166592240 -5.447022915 -0.178494453 0.012653036 0.192857549 -0.181345746 0.964240432
954.044023840 1.473973751 -5.403065681 1.698129177 0.004210633 0.199638397 -0.192651778 0.960735202
954.292148544 2.736759186 -5.443958759 2.773455143 0.000911160 0.179154932 -0.195510745 0.964198232
954.543743680 3.878446579 -5.578900814 3.947373152 -0.016463526 0.166548058 -0.188772872 0.967654645
954.796154240 3.774159193 -5.420476913 4.105611324 0.003825221 0.210378498 -0.171951652 0.962371469
955.044568352 3.721437693 -5.167951584 4.298482895 0.037612032 0.250235379 -0.171667963 0.952101707
955.292700544 3.724591017 -4.975672245 4.549595833 0.061013497 0.272935659 -0.197868749 0.939484656
955.545355552 3.771030188 -4.766920567 4.807524681 0.095857330 0.288877428 -0.222444028 0.926218033
955.795991936 3.815768242 -4.570750237 5.106122494 0.100105263 0.314924419 -0.277563781 0.902086437
956.046133728 3.234264374 -4.139226913 4.713829994 0.121157236 0.435223937 -0.320097893 0.832729518
956.295900416 2.511818409 -4.065783978 3.990766525 0.171703026 0.478457570 -0.248567313 0.824506402
956.546032224 2.511818409 -4.065783978 3.990766525 0.171703026 0.478457570 -0.248567313 0.824506402
956.796001312 1.869304895 -3.239586830 4.233467579 0.176067144 0.518495202 -0.299939185 0.781152725
957.046393568 1.535286307 -2.409904480 4.482930660 0.190079242 0.547530472 -0.353872150 0.734067321
957.296071104 1.508799314 -2.351971388 4.579569340 0.192377493 0.536777437 -0.350605458 0.742924392
957.546068352 1.461249471 -2.124363661 4.381247044 0.225713938 0.490208596 -0.296991944 0.787746489
957.796031136 3.294207335 -5.719419003 5.386032104 0.214299008 0.479552031 -0.257990360 0.810892582
958.045780320 2.812586784 -5.142435074 5.229361534 0.182621345 0.515497267 -0.305716932 0.779390275
958.296049600 2.428244114 -4.829493523 5.161291122 0.175603703 0.523957670 -0.289552540 0.781531155
958.545784416 5.238529205 -8.876510620 7.653511047 0.175572127 0.534355283 -0.262705088 0.783980131
958.796717792 5.076472282 -8.739573479 7.743923187 0.168888167 0.552023292 -0.257013083 0.775042772
959.046551776 4.938634872 -8.586849213 7.849956036 0.168310553 0.567676604 -0.251679569 0.765553534
959.296001536 5.187484741 -8.485154152 8.203753471 0.173965260 0.599662244 -0.248115182 0.740661919
959.546509312 5.807802677 -8.608753204 8.514701843 0.176793486 0.627746046 -0.247571275 0.716510534
959.796187808 6.093197346 -8.565612793 8.188035011 0.175440863 0.632706821 -0.245058522 0.713336408
960.046511680 7.424312115 -9.142522812 7.640738010 0.269486159 0.614589274 -0.255460083 0.695986629
960.296170144 6.799830914 -8.125889778 7.565837860 0.315488279 0.573056102 -0.344099730 0.673549712
960.546089728 6.436012745 -7.031529427 7.460773945 0.361827672 0.527292967 -0.426104546 0.639904559
960.796051360 7.023876667 -7.553323269 9.172701836 0.418088913 0.490227282 -0.439762026 0.625690281
961.045920032 7.111269474 -8.534212112 11.030385971 0.420216143 0.481044918 -0.440702438 0.630710363
961.295754752 7.111269474 -8.534212112 11.030385971 0.420216143 0.481044918 -0.440702438 0.630710363
961.546358848 7.111269474 -8.534212112 11.030385971 0.420216143 0.481044918 -0.440702438 0.630710363
961.795531296 2.820109367 0.053440094 13.633333206 0.431123942 0.409995914 -0.436376721 0.674989462
962.045879072 2.820109367 0.053440094 13.633333206 0.431123942 0.409995914 -0.436376721 0.674989462
962.294669888 2.820109367 0.053440094 13.633333206 0.431123942 0.409995914 -0.436376721 0.674989462
962.545584832 2.580612898 -0.407683760 12.660914421 0.393597573 0.388688117 -0.499143839 0.666976750
962.795585408 1.107126594 -0.346756548 11.745800972 0.302072138 0.424451381 -0.528865099 0.669996381
963.044205536 -0.124864340 -0.927930832 11.447890282 0.200185508 0.467250019 -0.562486887 0.652082562
963.293349856 -1.504722118 -1.480534673 11.378046036 0.095800459 0.503986061 -0.594575167 0.619112849
963.544740320 -1.956947565 -2.158107996 11.280581474 0.027189631 0.489789873 -0.611544073 0.620790064
963.795635200 -2.078393698 -3.037025928 10.940355301 -0.021638436 0.418947190 -0.657118201 0.626267254
964.043775456 -2.262996435 -3.929450274 10.801443100 -0.073849156 0.358479410 -0.695573270 0.618236780
964.292226368 -2.398069382 -4.815438271 10.898557663 -0.132353052 0.271686614 -0.749113500 0.589489639
964.543696160 -2.607551336 -5.643312454 11.188683510 -0.188383713 0.183344811 -0.793215454 0.549277306
964.795760576 -2.858128548 -6.369259834 11.644598961 -0.238087296 0.091239519 -0.825695574 0.503206134
965.043710944 -3.132971287 -6.978813171 12.238341331 0.281626105 0.003758481 0.844579101 -0.455366731
965.292560608 -3.419521093 -7.420032978 12.937756538 0.317774117 0.102987491 0.853845298 -0.399200976
965.543707904 -3.725333214 -7.658378124 13.699350357 0.345686227 0.201555386 0.852853060 -0.335437238
965.795521760 -0.840074062 1.329028606 13.126080513 0.331140935 0.316881359 0.855902135 -0.239506617
966.043704224 -0.861271262 1.652915716 13.819223404 0.354536533 0.397049844 0.828159213 -0.175520763
966.292110176 0.096142173 -0.212713122 14.123627663 0.046701785 0.684789121 0.724694848 0.060829397
966.542399424 0.397730529 -1.219050288 15.803383827 -0.269561201 0.801904738 0.459791124 0.269958794
966.793079104 0.233652174 -2.409214020 18.335664749 -0.504139185 0.751282573 0.221101642 0.364049822
967.042428448 -1.064083099 -2.841996670 20.580667496 0.669929266 -0.605132878 0.021361934 -0.429595739
967.291717024 -3.435562849 -2.904903412 21.981525421 0.767185926 -0.377769709 0.276491880 -0.438483715
967.542245760 -6.147361279 -3.226611137 21.964790344 0.768043339 -0.098143324 0.497832417 -0.390691847
967.793035296 -8.427872658 -4.489001274 20.738306046 0.662143767 0.190201506 0.656031489 -0.308239669
968.042563040 -9.486122131 -6.587614059 19.253446579 0.480915040 0.449515402 0.728590727 -0.189241126
968.291760672 -9.748980522 -10.996395111 18.408473969 0.223615557 0.647036552 0.723419309 -0.089466952
968.542333920 -8.702900887 -15.475258827 19.150327682 -0.054470371 0.769431889 0.636142135 0.018186737
968.793621984 -7.404433250 -19.220310211 21.824161530 -0.325053841 0.806350529 0.478372961 0.123685807
969.042909696 -7.161530972 -21.683544159 26.034832001 -0.564570844 0.753275752 0.259313881 0.215851218
969.292213504 -8.769881248 -23.000305176 30.404695511 0.734302640 -0.616293907 -0.015514340 -0.284148812
969.543085152 -12.180250168 -23.880386353 33.700424194 0.821816802 -0.409957409 0.229373306 -0.322397321
969.794436896 -16.610887527 -25.181177139 35.158626556 0.816667736 -0.158545777 0.448871464 -0.326238275
970.043258528 -21.094827652 -27.769496918 34.736213684 0.716392577 0.102318086 0.619623661 -0.303939670
970.292727392 -23.648401260 -29.535375595 34.473392487 0.667186320 0.185220435 0.664430678 -0.281225562
970.543423744 -25.919239044 -31.265365601 33.797203064 0.604574800 0.252994180 0.715986490 -0.240513146
970.795176864 -28.077062607 -33.280586243 32.844654083 0.536024153 0.311132520 0.756156981 -0.210003272
971.043759712 -29.914360046 -35.296207428 31.703157425 0.466363400 0.353644431 0.789869428 -0.183158532
971.292813056 -31.249792099 -37.303554535 30.446445465 0.389046162 0.399174601 0.814313054 -0.161854610
971.544422304 -32.334880829 -39.633666992 28.862699509 0.298207909 0.440278620 0.835268795 -0.139831483
971.795503552 -32.790176392 -41.586608887 27.197040558 0.183936477 0.461025208 0.863266587 -0.091618471
972.044558976 -33.049148560 -43.439750671 25.622224808 0.070961840 0.477652282 0.874961615 -0.035424661
972.293275936 -33.007637024 -45.158393860 24.231584549 -0.033953629 0.490188658 0.870691180 0.021425137
972.544635200 -32.463584900 -47.430164337 22.796068192 -0.127976820 0.525697291 0.840388119 0.031813227
972.795542208 -31.575040817 -49.575981140 21.854812622 -0.216265321 0.558815479 0.800096571 0.028281815
973.044478560 -32.306190491 -50.251815796 20.217401505 -0.222783968 0.553885162 0.801533639 0.033500198
973.293158816 -32.306190491 -50.251815796 20.217401505 -0.222783968 0.553885162 0.801533639 0.033500198
973.545673472 -32.570709229 -50.165046692 20.118783951 -0.222040340 0.554008245 0.801572144 0.035426650
973.795542752 -32.879909515 -50.053981781 20.053710938 -0.224196747 0.554629385 0.800329328 0.039937753
974.045581632 -33.127765656 -49.872524261 19.483482361 -0.169772685 0.529343426 0.831227899 0.005736656
974.295524320 -33.113136292 -49.798175812 18.887622833 -0.131584212 0.487167329 0.862855375 -0.028882567
974.546694944 -33.611507416 -49.797245026 18.601924896 -0.056601081 0.490583837 0.868258178 -0.047450874
974.795862720 -33.725517273 -50.111862183 18.186494827 -0.015428219 0.471414685 0.880661011 -0.044343814
975.046025280 -34.207962036 -50.140857697 18.362459183 0.008041929 0.474861890 0.880020261 -0.002412704
975.295514624 -33.974651337 -51.267562866 16.273290634 0.045496259 0.413464159 0.908358097 -0.043163057
975.545496960 -34.461017609 -50.144763947 17.080020905 0.060741913 0.406067789 0.910569251 -0.047780953
975.795543680 -34.255546570 -48.387004852 17.914058685 0.041556641 0.373709232 0.925124168 -0.052533582
976.045513760 -34.398048401 -47.712497711 18.981292725 0.028359961 0.391643733 0.919195652 -0.029835818
976.295553920 -34.452571869 -47.359344482 19.395820618 0.023451723 0.396250635 0.917390764 -0.028802989
976.545514848 -34.815769196 -45.674346924 21.211685181 0.012281876 0.403989315 0.914597690 -0.012364299
976.795559904 -35.241924286 -42.976997375 23.052314758 0.045432612 0.388865560 0.920172036 -0.001722002
977.045585088 -35.346855164 -43.517654419 22.331611633 0.056786913 0.341889709 0.938020706 -0.001966935
977.295484448 -35.507373810 -43.563209534 22.601221085 0.093860537 0.337582856 0.936130047 -0.029809589
977.546115840 -36.110675812 -43.616962433 23.110490799 0.167369798 0.337169141 0.925735831 -0.036297321
977.795750720 -36.599010468 -43.603298187 23.663492203 0.237700939 0.331631392 0.911957860 -0.043031409
978.045868352 -36.962432861 -43.665702820 24.035551071 0.307852775 0.311403781 0.897013485 -0.060176250
978.295917632 -37.100082397 -43.671054840 24.438098907 0.376743376 0.288077772 0.877013206 -0.076963998
978.545694272 -37.191101074 -43.700267792 24.837839127 0.442003608 0.261626363 0.852515817 -0.096960239
978.795542592 -37.163784027 -43.742187500 25.232120514 0.501984477 0.238789573 0.822869658 -0.117799118
979.045565568 -37.251888275 -43.862541199 25.668561935 0.561685443 0.213456541 0.786951959 -0.140186846
979.295650592 -36.867637634 -43.861072540 26.033117294 0.620645165 0.183599323 0.743614018 -0.167717218
979.545597984 -36.442558289 -43.883197784 26.265316010 0.671262383 0.152156219 0.697690070 -0.198705599
979.795837792 -35.967182159 -43.915950775 26.392257690 0.713026047 0.119959228 0.650233567 -0.233237937
980.046058400 -35.484214783 -43.950859070 26.438137054 0.749476671 0.088009059 0.599333107 -0.267093629
980.295887424 -35.138622284 -43.992050171 26.430810928 0.784310341 0.056560408 0.547105134 -0.286939263
980.545600192 -34.831214905 -44.050251007 26.348449707 0.811405897 0.030045675 0.496522546 -0.306892723
980.795504384 -34.632289886 -44.076328278 26.220621109 0.827084541 0.012279500 0.462258935 -0.319526285
981.045619648 -34.542755127 -44.068534851 25.957130432 0.831588924 -0.017610664 0.434968710 -0.344894171
981.294175328 -34.472297668 -44.175621033 25.640192032 0.833068728 -0.047036540 0.405968666 -0.372791499
981.545529728 -34.459896088 -44.264518738 25.304481506 0.831700206 -0.075555734 0.378682941 -0.398955256
981.796679744 -34.487319946 -44.321323395 24.986526489 0.830481768 -0.105321415 0.347911090 -0.422096372
982.046597792 -34.607177734 -44.012870789 24.425170898 0.804351568 -0.105924077 0.370195240 -0.452497721
982.293615040 -34.782825470 -43.677627563 23.895013809 0.777027011 -0.106984831 0.394479871 -0.478715926
982.546032352 -34.956905365 -43.282844543 23.347352982 -0.745049655 0.106766917 -0.424558520 0.503241301
982.795719552 -35.081912994 -42.848781586 22.823364258 -0.712721586 0.108275287 -0.451593310 0.525707185
983.046457824 -35.956882477 -42.618152618 22.290948868 -0.683152020 0.104119055 -0.492405862 0.529149294
983.292361344 -35.793209076 -42.224781036 21.940088272 -0.643846750 0.114677146 -0.520289898 0.549189270
983.545045952 -35.570125580 -41.730545044 21.593290329 -0.597690940 0.122455955 -0.553394258 0.567031503
983.795985184 -35.288253784 -41.217586517 21.313623428 -0.549550414 0.132020697 -0.583715439 0.582958937
984.045330656 -34.984268188 -40.719257355 21.122280121 -0.513935447 0.142268449 -0.601164579 0.595173299
984.293404608 -36.163532257 -41.827735901 20.487382889 -0.496829271 0.156021163 -0.604052305 0.603273451
984.544360224 -37.280723572 -42.861942291 19.857860565 -0.481827289 0.170643151 -0.606625199 0.608875453
984.795855872 -38.404193878 -43.819183350 19.185926437 -0.466135681 0.188315243 -0.606434882 0.616029024
985.046170304 -39.247852325 -44.514316559 18.487787247 -0.433997244 0.212534383 -0.601576686 0.636066854
985.296066208 -53.129409790 -50.705139160 12.602587700 -0.420255840 0.282604009 -0.619098663 0.600197315
985.546381152 -63.075172424 -53.661430359 7.516698360 -0.363254219 0.330456138 -0.627996564 0.603709698
985.796323232 -73.430793762 -56.544811249 1.762793541 -0.328483015 0.354432940 -0.611875951 0.626166046
986.045961760 -83.711441040 -58.741371155 -4.644800663 -0.287899196 0.372337729 -0.603863716 0.643294156
986.294448736 -71.621765137 -63.934345245 3.565783024 -0.203664705 0.385945708 -0.422109514 0.794600606
986.545977792 -73.270278931 -63.157855988 3.214212418 -0.193772271 0.405945629 -0.418235481 0.789138436
986.795911840 -74.800445557 -62.435649872 3.002638578 -0.205319136 0.425421923 -0.420961320 0.774371862
987.046050848 -75.322792053 -61.934104919 2.987406969 -0.201855302 0.432929933 -0.428271085 0.767078876
987.293061344 -75.419807434 -61.916110992 3.038764238 -0.214194924 0.432991147 -0.429188430 0.763175249
987.545514400 -74.995666504 -61.935657501 3.253354549 -0.218409240 0.428411245 -0.431184798 0.763440192
987.795776000 -74.632164001 -61.947872162 3.443706036 -0.219410032 0.426161468 -0.434131771 0.762741923
988.046337152 -74.441390991 -61.970005035 3.529777765 -0.219075248 0.424223900 -0.434715956 0.763585091
988.292485472 -74.375221252 -61.984661102 3.565857649 -0.219163075 0.423635334 -0.434923828 0.763768256
