2365.397843872 0.000000000 0.000000000 0.000000000 0.000000000 0.000000000 0.000000000 1.000000000
2365.646139872 -0.009325309 -0.000843244 0.088869058 -0.002511397 0.006003026 -0.005280345 0.999964893
2365.897669856 -0.052512459 0.024103129 0.295583963 -0.008823332 0.019388124 0.012549623 0.999694347
2366.150401568 -0.070309244 0.027915562 0.485454679 -0.007418069 0.017592877 0.007978391 0.999785900
2366.397837088 -0.221799552 -0.001517640 0.710781336 -0.020116491 0.046532437 -0.001987924 0.998712242
2366.646651808 -0.295606345 0.000931020 0.924283206 -0.018161522 0.050007839 -0.014406364 0.998479784
2366.898270144 -0.395058572 -0.031853430 1.163112044 -0.025396805 0.075187609 0.004510794 0.996835768
2367.150669952 -0.407824486 -0.100909904 1.491149664 -0.039991356 0.091255821 0.006355066 0.995003879
2367.398160480 -0.402894616 -0.159572959 1.838145018 -0.056744423 0.106875390 0.014610885 0.992544353
2367.646743328 -0.386838168 -0.206274927 2.183665991 -0.072705276 0.122200862 0.025787722 0.989502847
2367.898706816 -0.279667169 -0.087491132 2.704543829 -0.093629390 0.064514130 0.024121895 0.993221819
2368.150763328 -0.103009999 0.196016282 4.538220406 -0.091727741 0.076584436 0.028894581 0.992414176
2368.401319200 -0.113442123 -0.078815579 4.529734135 -0.165187597 0.048318706 0.046282455 0.983990014
2368.650174752 -0.148126855 -0.039380673 4.575278282 -0.139998063 0.032338087 0.015086313 0.989508569
2368.901130784 -0.331784517 -0.053412631 4.711677074 -0.128809080 0.036158916 -0.009820384 0.990961313
2369.150711552 -0.627386212 -0.224362448 4.812898636 -0.151915789 0.049043134 -0.059901685 0.985356867
2369.401068160 -0.946067333 -0.245031714 4.952709198 -0.162777439 0.064119838 -0.100783750 0.979405284
2369.651093184 -1.111826897 -0.262066692 4.963552475 -0.173981130 0.065933846 -0.133629501 0.973409712
2369.900300096 -1.210363388 -0.210041165 4.979910374 -0.180117950 0.062797673 -0.156258851 0.969121873
2370.150544064 -1.332335949 -0.136379570 5.015676022 -0.184547484 0.061177853 -0.177355289 0.964751065
2370.400595104 -1.519958854 -0.036607176 5.053383350 -0.185385302 0.067825876 -0.200877815 0.959520757
2370.650569504 -1.676059961 -0.027506679 4.989655018 -0.189186260 0.074155763 -0.213004604 0.955687463
2370.900350880 -1.881899595 -0.005526595 4.924983025 -0.192945108 0.083156645 -0.222939178 0.951921880
2371.150846176 -2.083745241 0.006779894 4.848865509 -0.195964277 0.094961390 -0.228666633 0.948837161
2371.401332864 -2.248513937 0.023578897 4.912822723 -0.201419488 0.106704608 -0.224942952 0.947335720
2371.650230144 -2.426454782 0.031172246 5.046332836 -0.210686654 0.118281640 -0.223731026 0.944227219
2371.900639744 -2.711898327 0.146091014 5.021166801 -0.196403071 0.130441383 -0.226720035 0.944991469
2372.150534496 -3.140687227 -0.018009245 4.837311745 -0.197470874 0.147627160 -0.256769210 0.934495032
2372.400700800 -3.460533619 -0.020413816 4.600128174 -0.170794725 0.152568609 -0.277239174 0.933107972
2372.650757184 -3.785371065 -0.005140826 4.357425213 -0.144605607 0.157234937 -0.298788458 0.930103123
2372.900170016 -4.112616062 0.023678415 4.105378151 -0.121424712 0.160744026 -0.318607867 0.926232398
2373.150466880 -4.433067799 0.071632795 3.844548941 -0.098576061 0.162412748 -0.339430392 0.921244740
2373.401274272 -4.733771324 0.160019487 3.615906239 -0.071339138 0.168460697 -0.357806861 0.915699720
2373.650563232 -4.710354328 0.183064848 3.673022032 -0.072832167 0.163502529 -0.354402423 0.917802453
2373.900418464 -4.679659843 0.213542506 3.739302158 -0.072971083 0.158054754 -0.349443644 0.920642734
2374.150253152 -4.562371731 0.314785898 3.917649508 -0.079879552 0.169458941 -0.378419250 0.906477690
2374.400571264 -4.429284573 0.426966041 4.108134747 -0.085137732 0.181366712 -0.407872856 0.890784740
2374.650636640 -4.481958866 0.197101727 3.898755312 -0.121278815 0.164622962 -0.337563723 0.918826103
2374.900741120 -4.509098053 -0.037895665 3.719799757 -0.154581383 0.146733120 -0.270398706 0.938860238
2375.150497728 -4.497204781 -0.252142996 3.563056469 -0.181990787 0.128847554 -0.204003587 0.953236699
2375.400886784 -4.423756123 -0.434373170 3.481139898 -0.208294809 0.110425070 -0.137776777 0.961996436
2375.650319296 -4.349994183 -0.615236402 3.381141901 -0.231637105 0.092876323 -0.073810942 0.965541363
2375.900222240 -4.252251625 -0.784841597 3.312026739 -0.256953537 0.077049918 -0.007085724 0.963321328
2376.150426016 -4.159594536 -1.006837130 3.189257145 -0.280795306 0.060705550 0.060643706 0.955924273
2376.401250848 -4.007994652 -1.185110211 3.115845919 -0.306617498 0.041014157 0.135196522 0.941289246
2376.649078528 -3.880279064 -1.360698223 3.106751442 -0.342001647 0.029573772 0.198556855 0.918006241
2376.900720512 -3.747944355 -1.500146866 3.114536762 -0.374857992 0.019832509 0.263692766 0.888568699
2377.150315072 -3.624934196 -1.574597359 3.160685301 -0.403560549 0.008865696 0.326210976 0.854778707
2377.400531808 -3.542877197 -1.592903137 3.235763788 -0.420594007 -0.005608403 0.369498581 0.828577042
2377.647895136 -3.520466089 -1.540997982 3.324723482 -0.434433877 -0.018619614 0.397903323 0.807832539
2377.900486592 -3.550601721 -1.536424637 3.412772417 -0.449301064 -0.021115841 0.406945556 0.795033336
2378.150829760 -3.697684288 -1.349268198 3.623226643 -0.449512541 -0.018856427 0.404292285 0.796323240
2378.400839744 -3.845606804 -1.110923409 3.836820602 -0.445749402 -0.019120978 0.404109716 0.798521876
2378.647261984 -3.902339935 -1.035071611 3.921024084 -0.447544515 -0.018214792 0.404712528 0.797232628
