29 1834651193024 1834.6511930240001
30 1834900522976 1834.900522976
31 1835151957472 1835.151957472
32 1835400680288 1835.400680288
33 1835650549696 1835.650549696
34 1835900365568 1835.900365568
35 1836150531072 1836.1505310720001
36 1836400412256 1836.4004122560002
37 1836649824896 1836.6498248960002
38 1836900604704 1836.9006047040002
39 1837150696128 1837.1506961280002
41 1837648174240 1837.6481742400001
42 1837899419456 1837.899419456
43 1838150255392 1838.1502553920002
44 1838399311968 1838.3993119680001
45 1838647692512 1838.647692512
46 1838899778272 1838.899778272
48 1839398378944 1839.3983789440001
52 1840398672064 1840.398672064
