28 2372400700800 2372.4007008000003
30 2372900170016 2372.900170016
31 2373150466880 2373.1504668800003
32 2373401274272 2373.401274272
34 2373900418464 2373.9004184640003
35 2374150253152 2374.150253152
36 2374400571264 2374.400571264
37 2374650636640 2374.6506366400004
38 2374900741120 2374.90074112
39 2375150497728 2375.150497728
42 2375900222240 2375.90022224
43 2376150426016 2376.150426016
44 2376401250848 2376.401250848
45 2376649078528 2376.6490785280002
46 2376900720512 2376.900720512
49 2377647895136 2377.647895136
