1 2429302399328 2429.3023993280003
9 2430903786336 2430.903786336
13 2431702765248 2431.702765248
14 2431902133312 2431.902133312
17 2432501700896 2432.5017008960003
21 2433302434240 2433.3024342400004
25 2434101948160 2434.10194816
29 2434901846112 2434.901846112
33 2435701800352 2435.701800352
37 2436502141344 2436.502141344
41 2437301765888 2437.3017658880003
45 2438104251392 2438.104251392
49 2438902660000 2438.90266
53 2439701905184 2439.701905184
57 2440501878464 2440.501878464
61 2441303161760 2441.30316176
