2881.931041600 0.000000000 0.000000000 0.000000000 -0.000000000 -0.000000000 -0.000000000 1.000000000
2881.993979008 0.000634819 -0.000389410 0.000475508 0.000514023 -0.000278290 0.000795749 0.999999523
2882.056789600 0.001551526 -0.001820998 0.011600197 0.002857734 0.000990481 0.000977048 0.999994993
2882.116010368 0.004209520 -0.004906116 0.037663165 0.001404995 0.001945626 0.003504656 0.999991000
2882.180033056 0.005017702 -0.005742071 0.083503880 -0.001713236 0.002656720 0.001012107 0.999994576
2882.243986656 0.009156866 -0.010678498 0.146384522 0.002926823 0.000831675 0.006839503 0.999971986
2882.305616096 0.010348343 -0.013737988 0.226562619 0.004864730 -0.002813109 0.006956663 0.999960005
2882.367669920 0.013132036 -0.021372402 0.318391174 0.012390529 -0.004705198 0.009626435 0.999865890
2882.430305664 -0.003362645 -0.008036234 0.474950343 0.014428652 -0.004932209 0.012106595 0.999810457
2882.494501280 0.021412434 -0.028141011 0.559998989 0.021373736 -0.005911098 0.006092631 0.999735534
2882.554796896 0.032571197 -0.032318495 0.640688956 0.024328902 -0.003074206 0.005540755 0.999683917
2882.616308448 0.031212641 -0.023437159 0.794275284 0.023486974 -0.001563176 0.000847997 0.999722600
2882.680329280 0.038669050 -0.027359888 0.971422195 0.017997205 -0.006010578 -0.001497712 0.999818861
2882.744984704 0.041278381 -0.048048005 1.146123171 0.014031518 -0.009594175 -0.001056841 0.999854982
2882.805897280 0.048136298 -0.056215256 1.321849942 0.009036184 -0.010907720 -0.003358435 0.999894083
2882.866861696 0.077389039 -0.074810952 1.413230419 0.012235521 -0.008239554 0.006672450 0.999868929
2882.930355616 0.089445651 -0.080708899 1.597412348 0.007729969 -0.008149973 0.006438755 0.999916196
2882.993974592 0.070979938 -0.076297902 1.848910689 0.011007701 -0.005228563 0.005900362 0.999908328
2883.055365184 0.081725605 -0.084776960 2.045366287 0.004535794 -0.002573851 0.013839531 0.999890625
2883.116118272 0.085914910 -0.088155486 2.246968985 -0.003380772 0.003280874 0.006933635 0.999964893
2883.180494432 0.091273867 -0.098411098 2.448689461 0.003119312 0.002963107 0.002170709 0.999988437
2883.243907040 0.095570475 -0.102563947 2.657674074 -0.003678530 -0.004915770 -0.000581737 0.999980986
2883.305452288 0.100120477 -0.106676802 2.863054037 -0.001624511 -0.014795177 0.001894379 0.999887466
2883.369095328 0.045271121 -0.133778363 3.039026976 -0.006609218 -0.013421859 -0.003976088 0.999880195
2883.430086144 -0.018045031 -0.160147235 3.214299202 -0.011913204 -0.008602080 -0.006845718 0.999868631
2883.494296480 -0.093319498 -0.170396715 3.443884850 -0.008766918 0.004581677 0.003707103 0.999944210
2883.556120896 -0.057693426 -0.170371279 3.764173031 -0.002683866 0.012170786 0.002340334 0.999919593
2883.615816832 -0.045678295 -0.174132496 3.984145164 -0.009301062 0.015080746 0.008838602 0.999803960
2883.680529568 -0.032348301 -0.181576058 4.209525108 -0.010680844 0.014993600 0.011338708 0.999766231
2883.743959104 -0.016572965 -0.180004746 4.437724590 -0.009986679 0.018142015 0.013522100 0.999694109
2883.804919968 -0.003998078 -0.182663381 4.664655209 -0.011147118 0.020449109 0.010247916 0.999676287
2883.868005376 0.014803071 -0.218634069 4.812391758 -0.010072987 0.021264050 0.007796219 0.999692738
2883.931081472 0.087039657 -0.314279884 4.816888809 -0.021812936 0.018247660 0.003516826 0.999589384
2883.998775360 0.043387357 -0.191009045 5.365431309 -0.009652634 0.011971182 0.003518397 0.999875605
2884.059786112 0.289714456 0.219916880 5.370526314 0.012049576 0.007347622 0.004393406 0.999890804
2884.121868064 1.060538769 -0.166197106 7.496389389 -0.001620436 0.005238273 0.008853875 0.999945819
2884.121868064 1.060538769 -0.166197106 7.496389389 -0.001620436 0.005238273 0.008853875 0.999945819
2884.248781248 0.387874871 -0.120725535 6.282601357 -0.011650284 0.014730463 0.017148420 0.999676585
2884.248781248 0.387874871 -0.120725535 6.282601357 -0.011650284 0.014730463 0.017148420 0.999676585
2884.248781248 0.387874871 -0.120725535 6.282601357 -0.011650284 0.014730463 0.017148420 0.999676585
2884.248781248 0.387874871 -0.120725535 6.282601357 -0.011650284 0.014730463 0.017148420 0.999676585
2884.248781248 0.387874871 -0.120725535 6.282601357 -0.011650284 0.014730463 0.017148420 0.999676585
2884.248781248 0.387874871 -0.120725535 6.282601357 -0.011650284 0.014730463 0.017148420 0.999676585
2884.248781248 0.387874871 -0.120725535 6.282601357 -0.011650284 0.014730463 0.017148420 0.999676585
2884.248781248 0.387874871 -0.120725535 6.282601357 -0.011650284 0.014730463 0.017148420 0.999676585
2884.248781248 0.387874871 -0.120725535 6.282601357 -0.011650284 0.014730463 0.017148420 0.999676585
2884.248781248 0.387874871 -0.120725535 6.282601357 -0.011650284 0.014730463 0.017148420 0.999676585
2884.248781248 0.387874871 -0.120725535 6.282601357 -0.011650284 0.014730463 0.017148420 0.999676585
2884.248781248 0.387874871 -0.120725535 6.282601357 -0.011650284 0.014730463 0.017148420 0.999676585
2884.248781248 0.387874871 -0.120725535 6.282601357 -0.011650284 0.014730463 0.017148420 0.999676585
2884.248781248 0.387874871 -0.120725535 6.282601357 -0.011650284 0.014730463 0.017148420 0.999676585
2884.248781248 0.387874871 -0.120725535 6.282601357 -0.011650284 0.014730463 0.017148420 0.999676585
2884.248781248 0.387874871 -0.120725535 6.282601357 -0.011650284 0.014730463 0.017148420 0.999676585
2884.248781248 0.387874871 -0.120725535 6.282601357 -0.011650284 0.014730463 0.017148420 0.999676585
2884.248781248 0.387874871 -0.120725535 6.282601357 -0.011650284 0.014730463 0.017148420 0.999676585
2884.248781248 0.387874871 -0.120725535 6.282601357 -0.011650284 0.014730463 0.017148420 0.999676585
2884.248781248 0.387874871 -0.120725535 6.282601357 -0.011650284 0.014730463 0.017148420 0.999676585
2884.248781248 0.387874871 -0.120725535 6.282601357 -0.011650284 0.014730463 0.017148420 0.999676585
2884.248781248 0.387874871 -0.120725535 6.282601357 -0.011650284 0.014730463 0.017148420 0.999676585
2884.248781248 0.387874871 -0.120725535 6.282601357 -0.011650284 0.014730463 0.017148420 0.999676585
2884.248781248 0.387874871 -0.120725535 6.282601357 -0.011650284 0.014730463 0.017148420 0.999676585
2884.248781248 0.387874871 -0.120725535 6.282601357 -0.011650284 0.014730463 0.017148420 0.999676585
2884.248781248 0.387874871 -0.120725535 6.282601357 -0.011650284 0.014730463 0.017148420 0.999676585
2884.248781248 0.387874871 -0.120725535 6.282601357 -0.011650284 0.014730463 0.017148420 0.999676585
2884.248781248 0.387874871 -0.120725535 6.282601357 -0.011650284 0.014730463 0.017148420 0.999676585
2884.248781248 0.387874871 -0.120725535 6.282601357 -0.011650284 0.014730463 0.017148420 0.999676585
2884.248781248 0.387874871 -0.120725535 6.282601357 -0.011650284 0.014730463 0.017148420 0.999676585
2884.248781248 0.387874871 -0.120725535 6.282601357 -0.011650284 0.014730463 0.017148420 0.999676585
2884.248781248 0.387874871 -0.120725535 6.282601357 -0.011650284 0.014730463 0.017148420 0.999676585
2884.248781248 0.387874871 -0.120725535 6.282601357 -0.011650284 0.014730463 0.017148420 0.999676585
2884.248781248 0.387874871 -0.120725535 6.282601357 -0.011650284 0.014730463 0.017148420 0.999676585
2884.248781248 0.387874871 -0.120725535 6.282601357 -0.011650284 0.014730463 0.017148420 0.999676585
2884.248781248 0.387874871 -0.120725535 6.282601357 -0.011650284 0.014730463 0.017148420 0.999676585
2884.248781248 0.387874871 -0.120725535 6.282601357 -0.011650284 0.014730463 0.017148420 0.999676585
2884.248781248 0.387874871 -0.120725535 6.282601357 -0.011650284 0.014730463 0.017148420 0.999676585
2884.248781248 0.387874871 -0.120725535 6.282601357 -0.011650284 0.014730463 0.017148420 0.999676585
2884.248781248 0.387874871 -0.120725535 6.282601357 -0.011650284 0.014730463 0.017148420 0.999676585
2884.248781248 0.387874871 -0.120725535 6.282601357 -0.011650284 0.014730463 0.017148420 0.999676585
2884.248781248 0.387874871 -0.120725535 6.282601357 -0.011650284 0.014730463 0.017148420 0.999676585
2884.248781248 0.387874871 -0.120725535 6.282601357 -0.011650284 0.014730463 0.017148420 0.999676585
2884.248781248 0.387874871 -0.120725535 6.282601357 -0.011650284 0.014730463 0.017148420 0.999676585
2884.248781248 0.387874871 -0.120725535 6.282601357 -0.011650284 0.014730463 0.017148420 0.999676585
2884.248781248 0.387874871 -0.120725535 6.282601357 -0.011650284 0.014730463 0.017148420 0.999676585
2884.248781248 0.387874871 -0.120725535 6.282601357 -0.011650284 0.014730463 0.017148420 0.999676585
2884.248781248 0.387874871 -0.120725535 6.282601357 -0.011650284 0.014730463 0.017148420 0.999676585
2884.248781248 0.387874871 -0.120725535 6.282601357 -0.011650284 0.014730463 0.017148420 0.999676585
2884.248781248 0.387874871 -0.120725535 6.282601357 -0.011650284 0.014730463 0.017148420 0.999676585
2884.248781248 0.387874871 -0.120725535 6.282601357 -0.011650284 0.014730463 0.017148420 0.999676585
2884.248781248 0.387874871 -0.120725535 6.282601357 -0.011650284 0.014730463 0.017148420 0.999676585
2884.248781248 0.387874871 -0.120725535 6.282601357 -0.011650284 0.014730463 0.017148420 0.999676585
2884.248781248 0.387874871 -0.120725535 6.282601357 -0.011650284 0.014730463 0.017148420 0.999676585
2884.248781248 0.387874871 -0.120725535 6.282601357 -0.011650284 0.014730463 0.017148420 0.999676585
2884.248781248 0.387874871 -0.120725535 6.282601357 -0.011650284 0.014730463 0.017148420 0.999676585
2884.248781248 0.387874871 -0.120725535 6.282601357 -0.011650284 0.014730463 0.017148420 0.999676585
2884.248781248 0.387874871 -0.120725535 6.282601357 -0.011650284 0.014730463 0.017148420 0.999676585
2884.248781248 0.387874871 -0.120725535 6.282601357 -0.011650284 0.014730463 0.017148420 0.999676585
2884.248781248 0.387874871 -0.120725535 6.282601357 -0.011650284 0.014730463 0.017148420 0.999676585
2884.248781248 0.387874871 -0.120725535 6.282601357 -0.011650284 0.014730463 0.017148420 0.999676585
2884.248781248 0.387874871 -0.120725535 6.282601357 -0.011650284 0.014730463 0.017148420 0.999676585
2884.248781248 0.387874871 -0.120725535 6.282601357 -0.011650284 0.014730463 0.017148420 0.999676585
2884.248781248 0.387874871 -0.120725535 6.282601357 -0.011650284 0.014730463 0.017148420 0.999676585
2884.248781248 0.387874871 -0.120725535 6.282601357 -0.011650284 0.014730463 0.017148420 0.999676585
2884.248781248 0.387874871 -0.120725535 6.282601357 -0.011650284 0.014730463 0.017148420 0.999676585
2884.248781248 0.387874871 -0.120725535 6.282601357 -0.011650284 0.014730463 0.017148420 0.999676585
2884.248781248 0.387874871 -0.120725535 6.282601357 -0.011650284 0.014730463 0.017148420 0.999676585
2884.248781248 0.387874871 -0.120725535 6.282601357 -0.011650284 0.014730463 0.017148420 0.999676585
2884.248781248 0.387874871 -0.120725535 6.282601357 -0.011650284 0.014730463 0.017148420 0.999676585
2884.248781248 0.387874871 -0.120725535 6.282601357 -0.011650284 0.014730463 0.017148420 0.999676585
2884.248781248 0.387874871 -0.120725535 6.282601357 -0.011650284 0.014730463 0.017148420 0.999676585
2884.248781248 0.387874871 -0.120725535 6.282601357 -0.011650284 0.014730463 0.017148420 0.999676585
2884.248781248 0.387874871 -0.120725535 6.282601357 -0.011650284 0.014730463 0.017148420 0.999676585
2884.248781248 0.387874871 -0.120725535 6.282601357 -0.011650284 0.014730463 0.017148420 0.999676585
2884.248781248 0.387874871 -0.120725535 6.282601357 -0.011650284 0.014730463 0.017148420 0.999676585
2884.248781248 0.387874871 -0.120725535 6.282601357 -0.011650284 0.014730463 0.017148420 0.999676585
2884.248781248 0.387874871 -0.120725535 6.282601357 -0.011650284 0.014730463 0.017148420 0.999676585
2884.248781248 0.387874871 -0.120725535 6.282601357 -0.011650284 0.014730463 0.017148420 0.999676585
2884.248781248 0.387874871 -0.120725535 6.282601357 -0.011650284 0.014730463 0.017148420 0.999676585
2884.248781248 0.387874871 -0.120725535 6.282601357 -0.011650284 0.014730463 0.017148420 0.999676585
