3228.856848800 0.000000000 0.000000000 0.000000000 -0.000000000 -0.000000000 -0.000000000 1.000000000
3228.888825888 -0.001014531 -0.000935105 0.094510458 -0.006395890 -0.003122106 -0.002710780 0.999970973
3228.920771072 -0.001475592 -0.000499830 0.191762149 -0.013985831 -0.006734940 -0.003227653 0.999874353
3228.952275424 0.001501634 -0.003003268 0.280660510 -0.019064449 -0.011417310 -0.005138824 0.999739885
3228.983653888 -0.003130936 -0.004117266 0.390982449 -0.020256175 -0.016103664 -0.008452334 0.999629438
3229.015470016 -0.012374257 -0.001858915 0.473784447 -0.021326736 -0.020259414 -0.009223504 0.999524713
3229.047084832 -0.013131509 -0.000361461 0.568483233 -0.022195227 -0.024247445 -0.002100418 0.999457359
3229.080459584 -0.010871940 -0.003705903 0.655957580 -0.020556079 -0.026800193 0.005423027 0.999414742
3229.112318528 -0.018013122 -0.003966455 0.755867064 -0.013888231 -0.027379718 0.008870653 0.999489307
3229.143934304 -0.022207424 -0.002542312 0.850018501 -0.010099586 -0.027463274 0.008207858 0.999538064
3229.178711360 -0.032224979 -0.001923081 0.943630636 -0.009563975 -0.028546678 0.007378415 0.999519467
3229.210678208 -0.043037795 -0.001747859 1.034360170 -0.006452989 -0.030033393 -0.005812188 0.999511182
3229.242532704 -0.044303756 -0.001454553 1.135315776 -0.011843055 -0.034845535 0.001707638 0.999321103
3229.274272256 -0.048990011 0.001498907 1.241792083 -0.017785762 -0.041051377 0.009624207 0.998952448
3229.306110752 -0.063214757 0.003748260 1.344917655 -0.024563244 -0.049390230 0.009679745 0.998430550
3229.337679136 -0.069067299 0.005643344 1.417566538 -0.036538169 -0.056961633 0.010071503 0.997656763
3229.369871968 -0.082290336 0.014065680 1.529373050 -0.046218324 -0.063797176 0.002818809 0.996888101
3229.402165312 -0.088838041 0.025191620 1.621072531 -0.052341633 -0.070819810 -0.011958146 0.996043205
3229.433581312 -0.106691077 0.018767433 1.702691793 -0.063242272 -0.075088970 -0.025567068 0.994840860
3229.465170304 -0.133645579 0.037434686 1.826398611 -0.080542378 -0.080389708 -0.010022864 0.993453562
3229.496685280 -0.150313526 0.063111879 1.925442815 -0.081527434 -0.086833373 -0.005123198 0.992868125
3229.528540096 -0.149148673 0.067949988 2.008325100 -0.083058447 -0.093188435 -0.005006121 0.992165446
3229.562075680 -0.184826151 0.079706088 2.121124744 -0.083454572 -0.097532578 -0.008528838 0.991690516
3229.593609888 -0.202148676 0.124949187 2.227615595 -0.079295568 -0.103781871 -0.003536813 0.991427779
3229.625102656 -0.254291534 0.228731140 2.341464758 -0.061168008 -0.102819048 -0.007426510 0.992789805
3229.625102656 -0.254291534 0.228731140 2.341464758 -0.061168008 -0.102819048 -0.007426510 0.992789805
3229.696858368 -0.278116077 0.122941546 2.529187441 -0.058633611 -0.117430136 -0.003915871 0.991341054
3229.696858368 -0.278116077 0.122941546 2.529187441 -0.058633611 -0.117430136 -0.003915871 0.991341054
3229.760409760 -0.326059490 0.140644729 2.722161531 -0.058026776 -0.128172040 -0.009379899 0.990008533
3229.792116064 -0.497488081 0.303904980 2.740609646 -0.034554601 -0.117179155 -0.049824450 0.991258085
3229.825024352 -0.376296490 0.159637779 2.934522152 -0.057571225 -0.128028482 -0.009998098 0.990047634
3229.856628608 -0.401449680 0.168033302 3.035846233 -0.058304518 -0.127800480 -0.013781275 0.989988744
3229.888468096 -0.428460747 0.182523564 3.148008585 -0.063248970 -0.127989754 -0.012494633 0.989677787
3229.920615552 -0.449066669 0.192559183 3.253063679 -0.063030809 -0.128256351 -0.010760833 0.989677548
3229.952355360 -0.484348983 0.192722544 3.362260818 -0.056856979 -0.128274471 -0.013980029 0.990008831
3229.983829920 -0.498104900 0.199268073 3.462416172 -0.058470245 -0.128192931 -0.016539507 0.989885986
3230.015774208 -0.532843769 0.215732828 3.573020458 -0.058714509 -0.127528951 -0.019103831 0.989911139
3230.047675232 -0.556949973 0.202705115 3.695572853 -0.055619299 -0.128196061 -0.019395771 0.989998102
3230.079529120 -0.580498755 0.240374938 3.789045572 -0.051351786 -0.128520280 -0.013979248 0.990277827
3230.111077536 -0.604079604 0.282222897 3.894507647 -0.051224809 -0.128433734 -0.010987901 0.990333319
3230.144958272 -0.634795964 0.293597847 4.010858536 -0.060593419 -0.127198875 -0.013195259 0.989936829
3230.177698368 -0.665155590 0.307277232 4.127055168 -0.069956325 -0.125952035 -0.015401375 0.989446878
3230.210697728 -0.695487797 0.291370898 4.251686573 -0.075278379 -0.125043139 -0.024691366 0.988983214
3230.242050816 -0.784533858 0.280377567 4.335710526 -0.093484633 -0.111814059 -0.004140873 0.989313483
3230.273348160 -0.751075864 0.314693063 4.470794201 -0.070726253 -0.129177704 -0.020994095 0.988873184
3230.273348160 -0.751075864 0.314693063 4.470794201 -0.070726253 -0.129177704 -0.020994095 0.988873184
3230.336213312 -0.809026957 0.341461360 4.705404282 -0.070970520 -0.132813513 -0.023137026 0.988326132
3230.367762080 -0.696100295 0.265579253 4.512402534 -0.064564593 -0.142759010 -0.040763143 0.986807883
3230.367762080 -0.696100295 0.265579253 4.512402534 -0.064564593 -0.142759010 -0.040763143 0.986807883
3230.367762080 -0.696100295 0.265579253 4.512402534 -0.064564593 -0.142759010 -0.040763143 0.986807883
3230.367762080 -0.696100295 0.265579253 4.512402534 -0.064564593 -0.142759010 -0.040763143 0.986807883
3230.367762080 -0.696100295 0.265579253 4.512402534 -0.064564593 -0.142759010 -0.040763143 0.986807883
3230.367762080 -0.696100295 0.265579253 4.512402534 -0.064564593 -0.142759010 -0.040763143 0.986807883
3230.367762080 -0.696100295 0.265579253 4.512402534 -0.064564593 -0.142759010 -0.040763143 0.986807883
3230.367762080 -0.696100295 0.265579253 4.512402534 -0.064564593 -0.142759010 -0.040763143 0.986807883
3230.367762080 -0.696100295 0.265579253 4.512402534 -0.064564593 -0.142759010 -0.040763143 0.986807883
3230.367762080 -0.696100295 0.265579253 4.512402534 -0.064564593 -0.142759010 -0.040763143 0.986807883
3230.367762080 -0.696100295 0.265579253 4.512402534 -0.064564593 -0.142759010 -0.040763143 0.986807883
3230.367762080 -0.696100295 0.265579253 4.512402534 -0.064564593 -0.142759010 -0.040763143 0.986807883
3230.367762080 -0.696100295 0.265579253 4.512402534 -0.064564593 -0.142759010 -0.040763143 0.986807883
3230.367762080 -0.696100295 0.265579253 4.512402534 -0.064564593 -0.142759010 -0.040763143 0.986807883
3230.367762080 -0.696100295 0.265579253 4.512402534 -0.064564593 -0.142759010 -0.040763143 0.986807883
3230.367762080 -0.696100295 0.265579253 4.512402534 -0.064564593 -0.142759010 -0.040763143 0.986807883
3230.367762080 -0.696100295 0.265579253 4.512402534 -0.064564593 -0.142759010 -0.040763143 0.986807883
3230.367762080 -0.696100295 0.265579253 4.512402534 -0.064564593 -0.142759010 -0.040763143 0.986807883
3230.367762080 -0.696100295 0.265579253 4.512402534 -0.064564593 -0.142759010 -0.040763143 0.986807883
3230.367762080 -0.696100295 0.265579253 4.512402534 -0.064564593 -0.142759010 -0.040763143 0.986807883
3230.367762080 -0.696100295 0.265579253 4.512402534 -0.064564593 -0.142759010 -0.040763143 0.986807883
3230.367762080 -0.696100295 0.265579253 4.512402534 -0.064564593 -0.142759010 -0.040763143 0.986807883
3230.367762080 -0.696100295 0.265579253 4.512402534 -0.064564593 -0.142759010 -0.040763143 0.986807883
3230.367762080 -0.696100295 0.265579253 4.512402534 -0.064564593 -0.142759010 -0.040763143 0.986807883
3230.367762080 -0.696100295 0.265579253 4.512402534 -0.064564593 -0.142759010 -0.040763143 0.986807883
3230.367762080 -0.696100295 0.265579253 4.512402534 -0.064564593 -0.142759010 -0.040763143 0.986807883
3230.367762080 -0.696100295 0.265579253 4.512402534 -0.064564593 -0.142759010 -0.040763143 0.986807883
3230.367762080 -0.696100295 0.265579253 4.512402534 -0.064564593 -0.142759010 -0.040763143 0.986807883
3230.367762080 -0.696100295 0.265579253 4.512402534 -0.064564593 -0.142759010 -0.040763143 0.986807883
3230.367762080 -0.696100295 0.265579253 4.512402534 -0.064564593 -0.142759010 -0.040763143 0.986807883
3230.367762080 -0.696100295 0.265579253 4.512402534 -0.064564593 -0.142759010 -0.040763143 0.986807883
3230.367762080 -0.696100295 0.265579253 4.512402534 -0.064564593 -0.142759010 -0.040763143 0.986807883
3230.367762080 -0.696100295 0.265579253 4.512402534 -0.064564593 -0.142759010 -0.040763143 0.986807883
3230.367762080 -0.696100295 0.265579253 4.512402534 -0.064564593 -0.142759010 -0.040763143 0.986807883
3230.367762080 -0.696100295 0.265579253 4.512402534 -0.064564593 -0.142759010 -0.040763143 0.986807883
3230.367762080 -0.696100295 0.265579253 4.512402534 -0.064564593 -0.142759010 -0.040763143 0.986807883
3230.367762080 -0.696100295 0.265579253 4.512402534 -0.064564593 -0.142759010 -0.040763143 0.986807883
3230.367762080 -0.696100295 0.265579253 4.512402534 -0.064564593 -0.142759010 -0.040763143 0.986807883
3230.367762080 -0.696100295 0.265579253 4.512402534 -0.064564593 -0.142759010 -0.040763143 0.986807883
3230.367762080 -0.696100295 0.265579253 4.512402534 -0.064564593 -0.142759010 -0.040763143 0.986807883
3230.367762080 -0.696100295 0.265579253 4.512402534 -0.064564593 -0.142759010 -0.040763143 0.986807883
3230.367762080 -0.696100295 0.265579253 4.512402534 -0.064564593 -0.142759010 -0.040763143 0.986807883
3230.367762080 -0.696100295 0.265579253 4.512402534 -0.064564593 -0.142759010 -0.040763143 0.986807883
3230.367762080 -0.696100295 0.265579253 4.512402534 -0.064564593 -0.142759010 -0.040763143 0.986807883
3230.367762080 -0.696100295 0.265579253 4.512402534 -0.064564593 -0.142759010 -0.040763143 0.986807883
3230.367762080 -0.696100295 0.265579253 4.512402534 -0.064564593 -0.142759010 -0.040763143 0.986807883
3230.367762080 -0.696100295 0.265579253 4.512402534 -0.064564593 -0.142759010 -0.040763143 0.986807883
3230.367762080 -0.696100295 0.265579253 4.512402534 -0.064564593 -0.142759010 -0.040763143 0.986807883
3230.367762080 -0.696100295 0.265579253 4.512402534 -0.064564593 -0.142759010 -0.040763143 0.986807883
3230.367762080 -0.696100295 0.265579253 4.512402534 -0.064564593 -0.142759010 -0.040763143 0.986807883
3230.367762080 -0.696100295 0.265579253 4.512402534 -0.064564593 -0.142759010 -0.040763143 0.986807883
3230.367762080 -0.696100295 0.265579253 4.512402534 -0.064564593 -0.142759010 -0.040763143 0.986807883
3230.367762080 -0.696100295 0.265579253 4.512402534 -0.064564593 -0.142759010 -0.040763143 0.986807883
3230.367762080 -0.696100295 0.265579253 4.512402534 -0.064564593 -0.142759010 -0.040763143 0.986807883
3230.367762080 -0.696100295 0.265579253 4.512402534 -0.064564593 -0.142759010 -0.040763143 0.986807883
3230.367762080 -0.696100295 0.265579253 4.512402534 -0.064564593 -0.142759010 -0.040763143 0.986807883
3230.367762080 -0.696100295 0.265579253 4.512402534 -0.064564593 -0.142759010 -0.040763143 0.986807883
3230.367762080 -0.696100295 0.265579253 4.512402534 -0.064564593 -0.142759010 -0.040763143 0.986807883
3230.367762080 -0.696100295 0.265579253 4.512402534 -0.064564593 -0.142759010 -0.040763143 0.986807883
3230.367762080 -0.696100295 0.265579253 4.512402534 -0.064564593 -0.142759010 -0.040763143 0.986807883
3230.367762080 -0.696100295 0.265579253 4.512402534 -0.064564593 -0.142759010 -0.040763143 0.986807883
3230.367762080 -0.696100295 0.265579253 4.512402534 -0.064564593 -0.142759010 -0.040763143 0.986807883
3230.367762080 -0.696100295 0.265579253 4.512402534 -0.064564593 -0.142759010 -0.040763143 0.986807883
3230.367762080 -0.696100295 0.265579253 4.512402534 -0.064564593 -0.142759010 -0.040763143 0.986807883
3230.367762080 -0.696100295 0.265579253 4.512402534 -0.064564593 -0.142759010 -0.040763143 0.986807883
3230.367762080 -0.696100295 0.265579253 4.512402534 -0.064564593 -0.142759010 -0.040763143 0.986807883
3230.367762080 -0.696100295 0.265579253 4.512402534 -0.064564593 -0.142759010 -0.040763143 0.986807883
3230.367762080 -0.696100295 0.265579253 4.512402534 -0.064564593 -0.142759010 -0.040763143 0.986807883
3230.367762080 -0.696100295 0.265579253 4.512402534 -0.064564593 -0.142759010 -0.040763143 0.986807883
3230.367762080 -0.696100295 0.265579253 4.512402534 -0.064564593 -0.142759010 -0.040763143 0.986807883
3230.367762080 -0.696100295 0.265579253 4.512402534 -0.064564593 -0.142759010 -0.040763143 0.986807883
3230.367762080 -0.696100295 0.265579253 4.512402534 -0.064564593 -0.142759010 -0.040763143 0.986807883
3230.367762080 -0.696100295 0.265579253 4.512402534 -0.064564593 -0.142759010 -0.040763143 0.986807883
3230.367762080 -0.696100295 0.265579253 4.512402534 -0.064564593 -0.142759010 -0.040763143 0.986807883
3230.367762080 -0.696100295 0.265579253 4.512402534 -0.064564593 -0.142759010 -0.040763143 0.986807883
3230.367762080 -0.696100295 0.265579253 4.512402534 -0.064564593 -0.142759010 -0.040763143 0.986807883
3230.367762080 -0.696100295 0.265579253 4.512402534 -0.064564593 -0.142759010 -0.040763143 0.986807883
3230.367762080 -0.696100295 0.265579253 4.512402534 -0.064564593 -0.142759010 -0.040763143 0.986807883
3230.367762080 -0.696100295 0.265579253 4.512402534 -0.064564593 -0.142759010 -0.040763143 0.986807883
3230.367762080 -0.696100295 0.265579253 4.512402534 -0.064564593 -0.142759010 -0.040763143 0.986807883
3230.367762080 -0.696100295 0.265579253 4.512402534 -0.064564593 -0.142759010 -0.040763143 0.986807883
3230.367762080 -0.696100295 0.265579253 4.512402534 -0.064564593 -0.142759010 -0.040763143 0.986807883
3230.367762080 -0.696100295 0.265579253 4.512402534 -0.064564593 -0.142759010 -0.040763143 0.986807883
3230.367762080 -0.696100295 0.265579253 4.512402534 -0.064564593 -0.142759010 -0.040763143 0.986807883
3230.367762080 -0.696100295 0.265579253 4.512402534 -0.064564593 -0.142759010 -0.040763143 0.986807883
3230.367762080 -0.696100295 0.265579253 4.512402534 -0.064564593 -0.142759010 -0.040763143 0.986807883
3230.367762080 -0.696100295 0.265579253 4.512402534 -0.064564593 -0.142759010 -0.040763143 0.986807883
3230.367762080 -0.696100295 0.265579253 4.512402534 -0.064564593 -0.142759010 -0.040763143 0.986807883
3230.367762080 -0.696100295 0.265579253 4.512402534 -0.064564593 -0.142759010 -0.040763143 0.986807883
3230.367762080 -0.696100295 0.265579253 4.512402534 -0.064564593 -0.142759010 -0.040763143 0.986807883
3230.367762080 -0.696100295 0.265579253 4.512402534 -0.064564593 -0.142759010 -0.040763143 0.986807883
3230.367762080 -0.696100295 0.265579253 4.512402534 -0.064564593 -0.142759010 -0.040763143 0.986807883
3230.367762080 -0.696100295 0.265579253 4.512402534 -0.064564593 -0.142759010 -0.040763143 0.986807883
3230.367762080 -0.696100295 0.265579253 4.512402534 -0.064564593 -0.142759010 -0.040763143 0.986807883
3230.367762080 -0.696100295 0.265579253 4.512402534 -0.064564593 -0.142759010 -0.040763143 0.986807883
3230.367762080 -0.696100295 0.265579253 4.512402534 -0.064564593 -0.142759010 -0.040763143 0.986807883
3230.367762080 -0.696100295 0.265579253 4.512402534 -0.064564593 -0.142759010 -0.040763143 0.986807883
3230.367762080 -0.696100295 0.265579253 4.512402534 -0.064564593 -0.142759010 -0.040763143 0.986807883
3230.367762080 -0.696100295 0.265579253 4.512402534 -0.064564593 -0.142759010 -0.040763143 0.986807883
3230.367762080 -0.696100295 0.265579253 4.512402534 -0.064564593 -0.142759010 -0.040763143 0.986807883
3230.367762080 -0.696100295 0.265579253 4.512402534 -0.064564593 -0.142759010 -0.040763143 0.986807883
3230.367762080 -0.696100295 0.265579253 4.512402534 -0.064564593 -0.142759010 -0.040763143 0.986807883
3230.367762080 -0.696100295 0.265579253 4.512402534 -0.064564593 -0.142759010 -0.040763143 0.986807883
3230.367762080 -0.696100295 0.265579253 4.512402534 -0.064564593 -0.142759010 -0.040763143 0.986807883
3230.367762080 -0.696100295 0.265579253 4.512402534 -0.064564593 -0.142759010 -0.040763143 0.986807883
3230.367762080 -0.696100295 0.265579253 4.512402534 -0.064564593 -0.142759010 -0.040763143 0.986807883
3230.367762080 -0.696100295 0.265579253 4.512402534 -0.064564593 -0.142759010 -0.040763143 0.986807883
3230.367762080 -0.696100295 0.265579253 4.512402534 -0.064564593 -0.142759010 -0.040763143 0.986807883
3230.367762080 -0.696100295 0.265579253 4.512402534 -0.064564593 -0.142759010 -0.040763143 0.986807883
3230.367762080 -0.696100295 0.265579253 4.512402534 -0.064564593 -0.142759010 -0.040763143 0.986807883
3230.367762080 -0.696100295 0.265579253 4.512402534 -0.064564593 -0.142759010 -0.040763143 0.986807883
3230.367762080 -0.696100295 0.265579253 4.512402534 -0.064564593 -0.142759010 -0.040763143 0.986807883
3230.367762080 -0.696100295 0.265579253 4.512402534 -0.064564593 -0.142759010 -0.040763143 0.986807883
3230.367762080 -0.696100295 0.265579253 4.512402534 -0.064564593 -0.142759010 -0.040763143 0.986807883
3230.367762080 -0.696100295 0.265579253 4.512402534 -0.064564593 -0.142759010 -0.040763143 0.986807883
3230.367762080 -0.696100295 0.265579253 4.512402534 -0.064564593 -0.142759010 -0.040763143 0.986807883
3230.367762080 -0.696100295 0.265579253 4.512402534 -0.064564593 -0.142759010 -0.040763143 0.986807883
3230.367762080 -0.696100295 0.265579253 4.512402534 -0.064564593 -0.142759010 -0.040763143 0.986807883
3230.367762080 -0.696100295 0.265579253 4.512402534 -0.064564593 -0.142759010 -0.040763143 0.986807883
3230.367762080 -0.696100295 0.265579253 4.512402534 -0.064564593 -0.142759010 -0.040763143 0.986807883
3230.367762080 -0.696100295 0.265579253 4.512402534 -0.064564593 -0.142759010 -0.040763143 0.986807883
3230.367762080 -0.696100295 0.265579253 4.512402534 -0.064564593 -0.142759010 -0.040763143 0.986807883
3230.367762080 -0.696100295 0.265579253 4.512402534 -0.064564593 -0.142759010 -0.040763143 0.986807883
3230.367762080 -0.696100295 0.265579253 4.512402534 -0.064564593 -0.142759010 -0.040763143 0.986807883
3230.367762080 -0.696100295 0.265579253 4.512402534 -0.064564593 -0.142759010 -0.040763143 0.986807883
3230.367762080 -0.696100295 0.265579253 4.512402534 -0.064564593 -0.142759010 -0.040763143 0.986807883
3230.367762080 -0.696100295 0.265579253 4.512402534 -0.064564593 -0.142759010 -0.040763143 0.986807883
3230.367762080 -0.696100295 0.265579253 4.512402534 -0.064564593 -0.142759010 -0.040763143 0.986807883
3230.367762080 -0.696100295 0.265579253 4.512402534 -0.064564593 -0.142759010 -0.040763143 0.986807883
3230.367762080 -0.696100295 0.265579253 4.512402534 -0.064564593 -0.142759010 -0.040763143 0.986807883
3230.367762080 -0.696100295 0.265579253 4.512402534 -0.064564593 -0.142759010 -0.040763143 0.986807883
3230.367762080 -0.696100295 0.265579253 4.512402534 -0.064564593 -0.142759010 -0.040763143 0.986807883
3230.367762080 -0.696100295 0.265579253 4.512402534 -0.064564593 -0.142759010 -0.040763143 0.986807883
3230.367762080 -0.696100295 0.265579253 4.512402534 -0.064564593 -0.142759010 -0.040763143 0.986807883
3230.367762080 -0.696100295 0.265579253 4.512402534 -0.064564593 -0.142759010 -0.040763143 0.986807883
3230.367762080 -0.696100295 0.265579253 4.512402534 -0.064564593 -0.142759010 -0.040763143 0.986807883
3230.367762080 -0.696100295 0.265579253 4.512402534 -0.064564593 -0.142759010 -0.040763143 0.986807883
3230.367762080 -0.696100295 0.265579253 4.512402534 -0.064564593 -0.142759010 -0.040763143 0.986807883
3230.367762080 -0.696100295 0.265579253 4.512402534 -0.064564593 -0.142759010 -0.040763143 0.986807883
3230.367762080 -0.696100295 0.265579253 4.512402534 -0.064564593 -0.142759010 -0.040763143 0.986807883
3230.367762080 -0.696100295 0.265579253 4.512402534 -0.064564593 -0.142759010 -0.040763143 0.986807883
