1676.813813984 0.000000000 0.000000000 0.000000000 -0.000000000 -0.000000000 -0.000000000 1.000000000
1676.938860000 0.122166924 -0.024778454 0.290359735 0.095090881 0.045915619 0.000978170 0.994408667
1677.063750400 0.207533926 -0.114042260 0.706020415 0.059706770 0.069359519 0.018821074 0.995625496
1677.189473184 0.321144164 -0.159743667 1.101444602 0.042373408 0.105187520 0.027610917 0.993165493
1677.314791232 0.507801235 -0.056296445 1.349974871 0.046137154 0.141365573 0.025237467 0.988559663
1677.438885440 0.641309440 -0.110226303 1.804258704 0.041916087 0.160600111 0.027776062 0.985737860
1677.563504960 0.733862042 -0.179537028 2.259558439 0.056279492 0.153162673 0.029565802 0.986154020
1677.689189792 0.889886916 -0.238158777 2.707913876 0.051180940 0.160312906 0.031177616 0.985245287
1677.813754112 1.049822569 -0.279429346 3.160954714 0.027246552 0.169649020 0.031496711 0.984624207
1677.938871808 1.234672785 -0.328060359 3.608565569 0.036576197 0.185925573 0.035087116 0.981255710
1678.063908192 1.438641906 -0.374239355 4.045438290 0.048895266 0.197203606 0.048517562 0.977939725
1678.188495872 1.671845317 -0.407620460 4.529935837 0.059777964 0.207337201 0.057357438 0.974755347
1678.314017632 1.918894291 -0.456609488 5.015686035 0.070491776 0.217338860 0.066104650 0.971300662
1678.440028384 1.947331309 -0.520082176 5.309305668 0.063408852 0.222888559 0.041889995 0.971877217
1678.563604864 2.109063148 -0.566430807 5.710245609 0.052659050 0.211675540 0.037781108 0.975188732
1678.689678592 2.288782597 -0.597652316 5.758569717 0.053599581 0.214325711 0.042225547 0.974376023
1678.814721600 2.433784962 -0.694487631 6.015488625 0.033203203 0.217665613 0.066519275 0.973187804
1678.938690080 2.769475937 -0.710580945 6.917860031 0.046683963 0.219262958 0.029310530 0.974107444
1679.063965920 2.846053123 -0.716260433 7.193876743 0.042759731 0.230770528 0.019132795 0.971879900
1679.188688256 3.359573841 -1.361304402 7.067103386 0.031349611 0.226141155 0.016930737 0.973442733
1679.313593024 3.132453680 -0.923850894 7.405515194 0.031372134 0.233855277 0.027325084 0.971380949
1679.438736512 3.281677485 -0.844640732 7.924859047 0.034768227 0.241019845 0.035421446 0.969250202
1679.564280416 3.415320873 -0.847466946 8.370715141 0.028328335 0.248669595 0.045731463 0.967093408
1679.688904736 3.643135071 -0.883730769 8.726486206 0.041733619 0.257194877 0.059247799 0.963638306
1679.813675648 3.848484039 -0.925980151 9.084726334 0.048256669 0.251228839 0.033342484 0.966148913
1679.938223168 4.056459904 -0.968074083 9.417141914 0.063677795 0.243223026 0.053355727 0.966406167
1680.063662624 4.235773087 -1.016103268 9.760055542 0.038835734 0.249175519 0.025732307 0.967337191
1680.188858624 4.385799885 -1.032526016 10.029149055 0.021881316 0.251251400 0.019894125 0.967469990
1680.313728576 4.512630939 -1.036126018 10.331706047 0.000297819 0.257347822 0.000517570 0.966318667
1680.438828384 4.674975395 -1.038024902 10.625837326 -0.021546289 0.262931019 -0.018701032 0.964392781
1680.564167680 4.617509365 -1.073489308 10.438426018 0.024357142 0.254014641 0.031457938 0.966381788
1680.689198592 4.641703129 -1.077197790 10.487797737 0.035827242 0.250995427 0.027835174 0.966924489
1680.814507584 4.610947609 -1.060050130 10.496407509 0.033235788 0.251969486 0.025898624 0.966817558
1680.939308256 4.702492714 -1.093342900 10.578868866 0.038166750 0.248103514 0.021013491 0.967753291
1681.063383040 4.696282864 -1.098081112 10.568977356 0.038824391 0.248671621 0.022030106 0.967558682
1681.188320512 4.689772606 -1.093120694 10.564726830 0.039180480 0.248543635 0.021866232 0.967580914
1681.313914208 4.688101768 -1.088392496 10.560619354 0.038685169 0.247868791 0.021633228 0.967779219
1681.438407168 4.678652287 -1.084377289 10.546844482 0.036157146 0.249210685 0.020779917 0.967551053
1681.563286976 4.673580647 -1.082394838 10.544328690 0.035583481 0.250660360 0.022065734 0.967169225
1681.688400448 4.669874668 -1.081247330 10.536169052 0.034461278 0.251375586 0.023536675 0.966989577
1681.813264448 4.668168068 -1.080765247 10.531267166 0.034552183 0.251795769 0.024599900 0.966850519
1681.938340960 4.668335438 -1.080649972 10.531660080 0.034448348 0.251741558 0.024390614 0.966873646
1682.063665312 4.669171333 -1.080708146 10.533546448 0.034353554 0.251771301 0.023938894 0.966880560
1682.188331552 4.669370174 -1.080549955 10.533205032 0.034432154 0.251754165 0.024168974 0.966876566
1682.313271744 4.668793201 -1.080792665 10.531906128 0.034469299 0.251720876 0.024378074 0.966878593
1682.438338784 4.668951988 -1.080786467 10.532628059 0.034402467 0.251785249 0.024200300 0.966868699
1682.563382240 4.669086456 -1.080841064 10.532765388 0.034373779 0.251785725 0.024202850 0.966869533
