3413.886606016 0.000000000 0.000000000 0.000000000 -0.000000000 -0.000000000 -0.000000000 1.000000000
3413.949093312 -0.001779190 -0.005268289 0.155604005 0.002724204 0.006893442 -0.012381046 0.999895930
3414.011812000 0.023329344 -0.017321657 0.244720325 0.005059520 0.013196627 -0.025017632 0.999587119
3414.074612384 0.012158409 -0.017949743 0.405126572 -0.000495979 0.021912191 0.011578023 0.999692738
3414.136661536 0.011649631 -0.013063829 0.508174300 -0.012529213 0.024223417 -0.000058847 0.999628127
3414.199001312 0.017915463 0.002935023 0.628491104 -0.023776356 0.025398973 -0.010551322 0.999338925
3414.261706112 0.014398294 -0.023477443 0.647426069 -0.003730938 0.018776286 -0.003959279 0.999808908
3414.324138080 0.017049488 -0.026515782 0.704290926 -0.005270858 0.020727826 0.000921387 0.999770880
3414.386642784 0.020222101 -0.025704810 0.749722183 -0.005008932 0.017237695 0.002770016 0.999835074
3414.448993312 0.021723671 -0.029172862 0.785738111 -0.003810026 0.016205655 0.002341505 0.999858677
3414.511862112 0.019722454 -0.030636277 0.813053370 -0.004086372 0.014096054 -0.000696426 0.999892056
3414.574071744 0.019533753 -0.032310311 0.833957493 -0.005783929 0.011713757 -0.000962175 0.999914229
3414.637019840 0.021598315 -0.032419886 0.849791646 -0.006034147 0.011147852 0.000438796 0.999919593
3414.699047712 0.022306625 -0.032793485 0.863830209 -0.006336917 0.010364032 0.001815511 0.999924600
3414.761533792 0.023522314 -0.033074353 0.874629498 -0.005423290 0.009755809 0.002915903 0.999933481
3414.824004224 0.024941461 -0.033327177 0.882467806 -0.005171379 0.009796115 0.003657361 0.999931991
3414.886681632 0.025024110 -0.033322033 0.890493035 -0.004738202 0.009216779 0.003882635 0.999938786
3414.948983776 0.025388543 -0.033531208 0.894888699 -0.004286882 0.008817896 0.004284671 0.999942780
3415.012484672 0.025940008 -0.033756506 0.895439923 -0.004049009 0.008670391 0.004463025 0.999944270
3415.073867392 0.025673572 -0.033809118 0.893953383 -0.003781209 0.008604868 0.004262070 0.999946773
3415.136815104 0.025137130 -0.033518221 0.892081678 -0.003863893 0.008419301 0.003970202 0.999949217
3415.199370944 0.025283311 -0.033525657 0.887826264 -0.003968617 0.008481229 0.003695838 0.999949336
3415.261906560 0.025117757 -0.033383928 0.887183189 -0.003990755 0.008464047 0.003541538 0.999949992
3415.324424128 0.025098454 -0.033322722 0.886382222 -0.004017503 0.008496595 0.003461091 0.999949932
3415.386728864 0.025153264 -0.033184402 0.887008548 -0.003981295 0.008473628 0.003575304 0.999949813
3415.449377728 0.025037037 -0.033306591 0.888226986 -0.003965058 0.008474710 0.003680208 0.999949515
3415.511827488 0.025127169 -0.033344470 0.890259266 -0.003936074 0.008476421 0.003755654 0.999949336
3415.574046752 0.025047416 -0.033124365 0.891615093 -0.003882431 0.008464819 0.003819701 0.999949396
3415.636620832 0.024981176 -0.033162352 0.891404510 -0.003900910 0.008425264 0.003808367 0.999949634
