3976.370279712 0.000000000 0.000000000 0.000000000 -0.000000000 -0.000000000 -0.000000000 1.000000000
3976.411071936 -0.000007363 0.000076836 -0.000091394 0.000028216 0.000009899 -0.000013188 1.000000000
3976.453904064 0.000383053 -0.000039052 -0.000254289 -0.000004388 -0.000120020 -0.000030773 1.000000000
3976.502711168 0.000350612 -0.000241175 -0.000193806 -0.000073527 -0.000112242 -0.000005257 1.000000000
3976.551926848 0.000697999 -0.000560916 0.000416668 0.001906398 -0.000358015 0.000844573 0.999997795
3976.593912544 0.001285922 -0.001370520 0.008420356 0.003965317 0.000972736 0.000628716 0.999991477
3976.641993248 0.003856785 -0.002088022 0.029032499 0.004672504 0.005734270 -0.000509900 0.999972522
3976.693723616 0.011319612 -0.006582147 0.058309179 0.008551007 0.009950747 0.007260668 0.999887645
3976.739340672 0.014075194 -0.003943633 0.103657067 -0.000367921 0.013822583 0.001591875 0.999903142
3976.788179776 0.023998655 -0.011122333 0.148573101 0.011904988 0.016534289 0.010928259 0.999732733
3976.853828416 0.030089105 -0.009077613 0.247098595 0.001918113 0.020289412 0.001059624 0.999791741
3976.891134112 0.037930574 -0.014809003 0.296479285 0.016164675 0.020096973 0.008759202 0.999629021
3976.934702272 0.044087999 -0.019523919 0.372989476 0.010631228 0.019561118 0.007458012 0.999724329
3976.974591872 0.050055251 -0.021546688 0.445884794 0.012580821 0.019436214 0.006103585 0.999713361
3977.039841312 0.061653983 -0.026422596 0.575685799 0.013098741 0.019687036 0.008577492 0.999683619
3977.077340736 0.065809250 -0.029925786 0.653034866 0.017890573 0.018244144 0.007421370 0.999645948
3977.120501760 0.070539638 -0.035213646 0.746853769 0.015697356 0.016529603 0.005778505 0.999723494
3977.162293984 0.071992338 -0.038901310 0.843504667 0.014683772 0.017068693 -0.001042327 0.999745965
3977.201382912 0.078921959 -0.043019209 0.940401912 0.011569473 0.017500704 -0.001257201 0.999779165
3977.244528800 0.087422699 -0.048338257 1.039812565 0.011548156 0.018667815 -0.001277194 0.999758244
3977.292773792 0.096912913 -0.054078400 1.157616138 0.009119960 0.020695107 -0.001252699 0.999743521
3977.333395232 0.104665630 -0.060286343 1.259810090 0.009373021 0.020790838 -0.004504120 0.999729812
3977.368726144 0.114093207 -0.063036643 1.355110765 0.003679692 0.021014925 -0.001753406 0.999770939
3977.414204768 0.113808706 -0.074109010 1.462297082 0.000910523 0.022043284 -0.007627967 0.999727547
3977.475188544 0.122460194 -0.084519647 1.603557348 0.001288629 0.024748992 -0.010528850 0.999637425
3977.520356160 0.172582611 -0.080685578 1.795152903 0.000067464 0.026729351 -0.006173673 0.999623656
3977.559197824 0.170508444 -0.094844617 1.907477021 0.003326463 0.028752783 -0.010875642 0.999521852
3977.602216448 0.176216185 -0.090298541 2.000801563 0.004796630 0.027356580 0.006106157 0.999595582
3977.651905344 0.190980047 -0.100224555 2.129159451 0.011823883 0.024395879 0.013114363 0.999546468
3977.695942400 0.216387004 -0.107441492 2.252251148 0.017051416 0.020688757 0.021657862 0.999405921
3977.731854592 0.209990829 -0.114891291 2.346031427 0.010729719 0.019930849 0.021830672 0.999505401
3977.808222240 0.153298020 -0.129857257 2.434758186 0.003484146 0.026020061 0.008410918 0.999619961
3977.850627136 0.193367243 -0.123090059 2.586133242 -0.001080442 0.024196919 0.008623711 0.999669433
3977.891218880 0.215950400 -0.126094490 2.730941296 0.000347341 0.019756690 -0.006239273 0.999785304
3977.950922400 0.231823847 -0.128280193 2.907660007 -0.002674644 0.012571986 0.003770449 0.999910295
3977.993247392 0.233855635 -0.131065354 3.011976719 -0.003258212 0.010764384 -0.005061663 0.999924004
3978.037928928 0.244010389 -0.134781048 3.150572062 -0.008220776 0.009350689 -0.001200226 0.999921799
3978.082797248 0.245331883 -0.135043502 3.292108536 -0.010464535 0.011193736 -0.012755786 0.999801219
3978.122091328 0.251187652 -0.141169637 3.413206577 -0.007340472 0.009336672 -0.006525951 0.999908149
3978.166315712 0.257471859 -0.144676283 3.544046879 -0.009144156 0.007002210 -0.001403681 0.999932706
3978.249033728 0.263946444 -0.142398953 3.753749609 -0.002363619 0.002412025 -0.000434699 0.999994218
3978.288349088 0.259242296 -0.162873954 3.915714025 -0.005774248 0.001801704 -0.006767667 0.999958813
3978.328291616 0.265357286 -0.165773839 4.045225143 -0.009956438 0.000736163 -0.000027422 0.999950171
3978.375417152 0.271580279 -0.171463951 4.185956001 -0.008025143 0.000534207 0.001578731 0.999966443
3978.421135424 0.276518762 -0.171225697 4.329734325 -0.011525741 0.002249162 0.000090876 0.999931037
3978.460614080 0.281964958 -0.178205028 4.456299305 -0.005777929 0.003927740 -0.001231329 0.999974847
3978.503045344 0.286415786 -0.176199153 4.595777035 -0.008413788 0.006306512 -0.002339632 0.999942005
3978.549715072 0.295820653 -0.180272445 4.737285614 -0.010396644 0.006076926 0.005162348 0.999914169
3978.597395712 0.297913194 -0.178470433 4.894606113 -0.010200066 0.006119058 -0.004319166 0.999919951
3978.645397440 0.303795695 -0.178798258 5.054069519 -0.012988253 0.007467062 -0.003546902 0.999881506
3978.686560896 0.308763564 -0.183581099 5.190582275 -0.010072307 0.008209845 -0.005050443 0.999902844
3978.724420800 0.315040559 -0.185979366 5.317858696 -0.005762808 0.009122716 -0.008381740 0.999906659
3978.772603872 0.313307732 -0.190015092 5.480387688 0.004650796 0.007905760 -0.018697325 0.999783099
3978.814521184 0.306426615 -0.251869589 5.604654789 0.003555360 0.011264554 -0.031026557 0.999448776
3978.854822176 0.326231718 -0.194327980 5.725533009 -0.008168858 0.006572193 -0.014714382 0.999836802
3978.899265600 0.447601646 0.131684884 5.776528358 -0.000226431 -0.000888552 0.070280984 0.997526884
3978.960076192 0.345796973 -0.212164968 6.068277836 0.008165062 0.012133880 -0.014988818 0.999780715
3978.999306048 0.358337045 -0.227022260 6.254090309 0.009900068 0.016697356 -0.004278029 0.999802411
3979.043623456 0.372853041 -0.242307395 6.439723015 0.011633705 0.021258520 0.006433351 0.999685645
3979.087609408 0.369488806 -0.191488683 6.507164955 -0.007862862 0.021905325 0.002008668 0.999727190
3979.087609408 0.369488806 -0.191488683 6.507164955 -0.007862862 0.021905325 0.002008668 0.999727190
3979.178850240 0.449262947 -0.179270208 6.725674629 0.002860458 0.026685376 0.006541056 0.999618411
3979.243216928 0.409514785 -0.210580543 7.062026024 -0.004325863 0.029095205 0.002055968 0.999565184
3979.279918720 0.435689241 -0.212671682 7.233633518 0.003112384 0.025511120 0.020300375 0.999463558
3979.354124032 0.422283262 -0.304803610 7.571631432 0.004738146 0.026210198 0.022563230 0.999390602
3979.419232736 0.483410358 -0.223209888 7.769380569 -0.000555779 0.024198886 0.014764828 0.999597967
3979.453879072 0.482291579 -0.224886417 7.829443932 0.004328257 0.024836073 0.011973678 0.999610424
3979.501258176 0.486203671 -0.233997017 7.937797546 0.004318941 0.027905852 0.010563078 0.999545455
3979.546865376 0.494762391 -0.231375098 8.082406998 0.003213421 0.033363320 0.003423496 0.999432325
3979.586605312 0.524004042 -0.242165431 8.293213844 0.005883789 0.037000839 0.013686696 0.999204218
3979.629997280 0.544470131 -0.236143857 8.419866562 0.005545824 0.038452208 0.014410993 0.999141157
3979.673120352 0.564145207 -0.263981104 8.627279282 0.009359388 0.039677974 0.011130521 0.999106705
3979.754771008 0.568623543 -0.249032930 8.886332512 0.016090140 0.036023356 0.011729582 0.999152660
3979.794812832 0.536288440 -0.230112553 9.031426430 0.008051832 0.034151487 0.015474153 0.999264419
3979.833003840 0.577641308 -0.212474972 9.169763565 -0.007128317 0.027350865 0.009095395 0.999559164
3979.879764992 -0.353036642 0.710627317 5.888664246 0.028900081 0.023429399 0.097024888 0.994586349
3979.879764992 -0.353036642 0.710627317 5.888664246 0.028900081 0.023429399 0.097024888 0.994586349
3979.879764992 -0.353036642 0.710627317 5.888664246 0.028900081 0.023429399 0.097024888 0.994586349
3979.879764992 -0.353036642 0.710627317 5.888664246 0.028900081 0.023429399 0.097024888 0.994586349
3979.879764992 -0.353036642 0.710627317 5.888664246 0.028900081 0.023429399 0.097024888 0.994586349
3979.879764992 -0.353036642 0.710627317 5.888664246 0.028900081 0.023429399 0.097024888 0.994586349
3979.879764992 -0.353036642 0.710627317 5.888664246 0.028900081 0.023429399 0.097024888 0.994586349
3979.879764992 -0.353036642 0.710627317 5.888664246 0.028900081 0.023429399 0.097024888 0.994586349
3979.879764992 -0.353036642 0.710627317 5.888664246 0.028900081 0.023429399 0.097024888 0.994586349
3979.879764992 -0.353036642 0.710627317 5.888664246 0.028900081 0.023429399 0.097024888 0.994586349
3979.879764992 -0.353036642 0.710627317 5.888664246 0.028900081 0.023429399 0.097024888 0.994586349
3979.879764992 -0.353036642 0.710627317 5.888664246 0.028900081 0.023429399 0.097024888 0.994586349
3979.879764992 -0.353036642 0.710627317 5.888664246 0.028900081 0.023429399 0.097024888 0.994586349
3979.879764992 -0.353036642 0.710627317 5.888664246 0.028900081 0.023429399 0.097024888 0.994586349
3979.879764992 -0.353036642 0.710627317 5.888664246 0.028900081 0.023429399 0.097024888 0.994586349
3979.879764992 -0.353036642 0.710627317 5.888664246 0.028900081 0.023429399 0.097024888 0.994586349
3979.879764992 -0.353036642 0.710627317 5.888664246 0.028900081 0.023429399 0.097024888 0.994586349
3979.879764992 -0.353036642 0.710627317 5.888664246 0.028900081 0.023429399 0.097024888 0.994586349
3979.879764992 -0.353036642 0.710627317 5.888664246 0.028900081 0.023429399 0.097024888 0.994586349
3979.879764992 -0.353036642 0.710627317 5.888664246 0.028900081 0.023429399 0.097024888 0.994586349
3979.879764992 -0.353036642 0.710627317 5.888664246 0.028900081 0.023429399 0.097024888 0.994586349
3979.879764992 -0.353036642 0.710627317 5.888664246 0.028900081 0.023429399 0.097024888 0.994586349
3979.879764992 -0.353036642 0.710627317 5.888664246 0.028900081 0.023429399 0.097024888 0.994586349
3979.879764992 -0.353036642 0.710627317 5.888664246 0.028900081 0.023429399 0.097024888 0.994586349
3979.879764992 -0.353036642 0.710627317 5.888664246 0.028900081 0.023429399 0.097024888 0.994586349
3979.879764992 -0.353036642 0.710627317 5.888664246 0.028900081 0.023429399 0.097024888 0.994586349
3979.879764992 -0.353036642 0.710627317 5.888664246 0.028900081 0.023429399 0.097024888 0.994586349
3979.879764992 -0.353036642 0.710627317 5.888664246 0.028900081 0.023429399 0.097024888 0.994586349
3979.879764992 -0.353036642 0.710627317 5.888664246 0.028900081 0.023429399 0.097024888 0.994586349
3979.879764992 -0.353036642 0.710627317 5.888664246 0.028900081 0.023429399 0.097024888 0.994586349
3979.879764992 -0.353036642 0.710627317 5.888664246 0.028900081 0.023429399 0.097024888 0.994586349
3979.879764992 -0.353036642 0.710627317 5.888664246 0.028900081 0.023429399 0.097024888 0.994586349
3979.879764992 -0.353036642 0.710627317 5.888664246 0.028900081 0.023429399 0.097024888 0.994586349
3979.879764992 -0.353036642 0.710627317 5.888664246 0.028900081 0.023429399 0.097024888 0.994586349
3979.879764992 -0.353036642 0.710627317 5.888664246 0.028900081 0.023429399 0.097024888 0.994586349
3979.879764992 -0.353036642 0.710627317 5.888664246 0.028900081 0.023429399 0.097024888 0.994586349
3979.879764992 -0.353036642 0.710627317 5.888664246 0.028900081 0.023429399 0.097024888 0.994586349
3979.879764992 -0.353036642 0.710627317 5.888664246 0.028900081 0.023429399 0.097024888 0.994586349
3979.879764992 -0.353036642 0.710627317 5.888664246 0.028900081 0.023429399 0.097024888 0.994586349
3979.879764992 -0.353036642 0.710627317 5.888664246 0.028900081 0.023429399 0.097024888 0.994586349
3979.879764992 -0.353036642 0.710627317 5.888664246 0.028900081 0.023429399 0.097024888 0.994586349
3979.879764992 -0.353036642 0.710627317 5.888664246 0.028900081 0.023429399 0.097024888 0.994586349
3979.879764992 -0.353036642 0.710627317 5.888664246 0.028900081 0.023429399 0.097024888 0.994586349
3979.879764992 -0.353036642 0.710627317 5.888664246 0.028900081 0.023429399 0.097024888 0.994586349
3979.879764992 -0.353036642 0.710627317 5.888664246 0.028900081 0.023429399 0.097024888 0.994586349
3979.879764992 -0.353036642 0.710627317 5.888664246 0.028900081 0.023429399 0.097024888 0.994586349
3979.879764992 -0.353036642 0.710627317 5.888664246 0.028900081 0.023429399 0.097024888 0.994586349
3979.879764992 -0.353036642 0.710627317 5.888664246 0.028900081 0.023429399 0.097024888 0.994586349
3979.879764992 -0.353036642 0.710627317 5.888664246 0.028900081 0.023429399 0.097024888 0.994586349
3979.879764992 -0.353036642 0.710627317 5.888664246 0.028900081 0.023429399 0.097024888 0.994586349
3979.879764992 -0.353036642 0.710627317 5.888664246 0.028900081 0.023429399 0.097024888 0.994586349
3979.879764992 -0.353036642 0.710627317 5.888664246 0.028900081 0.023429399 0.097024888 0.994586349
3979.879764992 -0.353036642 0.710627317 5.888664246 0.028900081 0.023429399 0.097024888 0.994586349
3979.879764992 -0.353036642 0.710627317 5.888664246 0.028900081 0.023429399 0.097024888 0.994586349
3979.879764992 -0.353036642 0.710627317 5.888664246 0.028900081 0.023429399 0.097024888 0.994586349
3979.879764992 -0.353036642 0.710627317 5.888664246 0.028900081 0.023429399 0.097024888 0.994586349
3979.879764992 -0.353036642 0.710627317 5.888664246 0.028900081 0.023429399 0.097024888 0.994586349
3979.879764992 -0.353036642 0.710627317 5.888664246 0.028900081 0.023429399 0.097024888 0.994586349
3979.879764992 -0.353036642 0.710627317 5.888664246 0.028900081 0.023429399 0.097024888 0.994586349
3979.879764992 -0.353036642 0.710627317 5.888664246 0.028900081 0.023429399 0.097024888 0.994586349
3979.879764992 -0.353036642 0.710627317 5.888664246 0.028900081 0.023429399 0.097024888 0.994586349
3979.879764992 -0.353036642 0.710627317 5.888664246 0.028900081 0.023429399 0.097024888 0.994586349
3979.879764992 -0.353036642 0.710627317 5.888664246 0.028900081 0.023429399 0.097024888 0.994586349
3979.879764992 -0.353036642 0.710627317 5.888664246 0.028900081 0.023429399 0.097024888 0.994586349
3979.879764992 -0.353036642 0.710627317 5.888664246 0.028900081 0.023429399 0.097024888 0.994586349
3979.879764992 -0.353036642 0.710627317 5.888664246 0.028900081 0.023429399 0.097024888 0.994586349
3979.879764992 -0.353036642 0.710627317 5.888664246 0.028900081 0.023429399 0.097024888 0.994586349
3979.879764992 -0.353036642 0.710627317 5.888664246 0.028900081 0.023429399 0.097024888 0.994586349
3979.879764992 -0.353036642 0.710627317 5.888664246 0.028900081 0.023429399 0.097024888 0.994586349
3979.879764992 -0.353036642 0.710627317 5.888664246 0.028900081 0.023429399 0.097024888 0.994586349
3979.879764992 -0.353036642 0.710627317 5.888664246 0.028900081 0.023429399 0.097024888 0.994586349
3979.879764992 -0.353036642 0.710627317 5.888664246 0.028900081 0.023429399 0.097024888 0.994586349
3979.879764992 -0.353036642 0.710627317 5.888664246 0.028900081 0.023429399 0.097024888 0.994586349
3979.879764992 -0.353036642 0.710627317 5.888664246 0.028900081 0.023429399 0.097024888 0.994586349
3979.879764992 -0.353036642 0.710627317 5.888664246 0.028900081 0.023429399 0.097024888 0.994586349
3979.879764992 -0.353036642 0.710627317 5.888664246 0.028900081 0.023429399 0.097024888 0.994586349
3979.879764992 -0.353036642 0.710627317 5.888664246 0.028900081 0.023429399 0.097024888 0.994586349
3979.879764992 -0.353036642 0.710627317 5.888664246 0.028900081 0.023429399 0.097024888 0.994586349
3979.879764992 -0.353036642 0.710627317 5.888664246 0.028900081 0.023429399 0.097024888 0.994586349
3979.879764992 -0.353036642 0.710627317 5.888664246 0.028900081 0.023429399 0.097024888 0.994586349
3979.879764992 -0.353036642 0.710627317 5.888664246 0.028900081 0.023429399 0.097024888 0.994586349
3979.879764992 -0.353036642 0.710627317 5.888664246 0.028900081 0.023429399 0.097024888 0.994586349
3979.879764992 -0.353036642 0.710627317 5.888664246 0.028900081 0.023429399 0.097024888 0.994586349
3979.879764992 -0.353036642 0.710627317 5.888664246 0.028900081 0.023429399 0.097024888 0.994586349
3979.879764992 -0.353036642 0.710627317 5.888664246 0.028900081 0.023429399 0.097024888 0.994586349
3979.879764992 -0.353036642 0.710627317 5.888664246 0.028900081 0.023429399 0.097024888 0.994586349
3979.879764992 -0.353036642 0.710627317 5.888664246 0.028900081 0.023429399 0.097024888 0.994586349
3979.879764992 -0.353036642 0.710627317 5.888664246 0.028900081 0.023429399 0.097024888 0.994586349
3979.879764992 -0.353036642 0.710627317 5.888664246 0.028900081 0.023429399 0.097024888 0.994586349
3979.879764992 -0.353036642 0.710627317 5.888664246 0.028900081 0.023429399 0.097024888 0.994586349
3979.879764992 -0.353036642 0.710627317 5.888664246 0.028900081 0.023429399 0.097024888 0.994586349
3979.879764992 -0.353036642 0.710627317 5.888664246 0.028900081 0.023429399 0.097024888 0.994586349
3979.879764992 -0.353036642 0.710627317 5.888664246 0.028900081 0.023429399 0.097024888 0.994586349
3979.879764992 -0.353036642 0.710627317 5.888664246 0.028900081 0.023429399 0.097024888 0.994586349
3979.879764992 -0.353036642 0.710627317 5.888664246 0.028900081 0.023429399 0.097024888 0.994586349
3979.879764992 -0.353036642 0.710627317 5.888664246 0.028900081 0.023429399 0.097024888 0.994586349
3979.879764992 -0.353036642 0.710627317 5.888664246 0.028900081 0.023429399 0.097024888 0.994586349
3979.879764992 -0.353036642 0.710627317 5.888664246 0.028900081 0.023429399 0.097024888 0.994586349
3979.879764992 -0.353036642 0.710627317 5.888664246 0.028900081 0.023429399 0.097024888 0.994586349
3979.879764992 -0.353036642 0.710627317 5.888664246 0.028900081 0.023429399 0.097024888 0.994586349
3979.879764992 -0.353036642 0.710627317 5.888664246 0.028900081 0.023429399 0.097024888 0.994586349
3979.879764992 -0.353036642 0.710627317 5.888664246 0.028900081 0.023429399 0.097024888 0.994586349
3979.879764992 -0.353036642 0.710627317 5.888664246 0.028900081 0.023429399 0.097024888 0.994586349
3979.879764992 -0.353036642 0.710627317 5.888664246 0.028900081 0.023429399 0.097024888 0.994586349
3979.879764992 -0.353036642 0.710627317 5.888664246 0.028900081 0.023429399 0.097024888 0.994586349
3979.879764992 -0.353036642 0.710627317 5.888664246 0.028900081 0.023429399 0.097024888 0.994586349
3979.879764992 -0.353036642 0.710627317 5.888664246 0.028900081 0.023429399 0.097024888 0.994586349
3979.879764992 -0.353036642 0.710627317 5.888664246 0.028900081 0.023429399 0.097024888 0.994586349
3979.879764992 -0.353036642 0.710627317 5.888664246 0.028900081 0.023429399 0.097024888 0.994586349
3979.879764992 -0.353036642 0.710627317 5.888664246 0.028900081 0.023429399 0.097024888 0.994586349
3979.879764992 -0.353036642 0.710627317 5.888664246 0.028900081 0.023429399 0.097024888 0.994586349
3979.879764992 -0.353036642 0.710627317 5.888664246 0.028900081 0.023429399 0.097024888 0.994586349
3979.879764992 -0.353036642 0.710627317 5.888664246 0.028900081 0.023429399 0.097024888 0.994586349
3979.879764992 -0.353036642 0.710627317 5.888664246 0.028900081 0.023429399 0.097024888 0.994586349
3979.879764992 -0.353036642 0.710627317 5.888664246 0.028900081 0.023429399 0.097024888 0.994586349
3979.879764992 -0.353036642 0.710627317 5.888664246 0.028900081 0.023429399 0.097024888 0.994586349
3979.879764992 -0.353036642 0.710627317 5.888664246 0.028900081 0.023429399 0.097024888 0.994586349
3979.879764992 -0.353036642 0.710627317 5.888664246 0.028900081 0.023429399 0.097024888 0.994586349
3979.879764992 -0.353036642 0.710627317 5.888664246 0.028900081 0.023429399 0.097024888 0.994586349
