262.144000032 0.000000000 0.000000000 0.000000000 -0.000000000 -0.000000000 -0.000000000 1.000000000
262.175289248 0.005247553 -0.005082542 0.129056633 -0.015979193 -0.002019600 0.000618523 0.999870121
262.209601280 0.003611634 -0.009734231 0.261457801 -0.030008938 -0.002368866 -0.010034515 0.999496460
262.241711104 0.003841695 -0.002054083 0.407493830 -0.044000927 -0.001479559 -0.017395353 0.998878956
262.278081216 0.029737892 -0.006568447 0.543583691 -0.056780249 0.000173852 -0.022173772 0.998140395
262.309692864 0.051023588 -0.005185013 0.670338631 -0.042519942 0.014705742 -0.007231774 0.998961210
262.342095616 0.068045802 0.000514903 0.799083829 -0.041297574 0.036456455 -0.012014621 0.998409331
262.374117408 0.087321110 0.007417847 0.930523872 -0.037998717 0.056834593 -0.020153318 0.997456670
262.405838656 0.116668180 0.014302949 1.057401419 -0.036649633 0.072574884 -0.011003778 0.996628642
262.438066592 0.153290480 0.018548030 1.186878443 -0.038592070 0.083145753 0.002267496 0.995787323
262.478587328 0.194603920 0.022490580 1.341926932 -0.039461195 0.092599489 0.004795127 0.994909644
262.508218048 0.222657576 0.031509098 1.465300202 -0.047627091 0.099408567 -0.001980998 0.993904293
262.540115264 0.255264342 0.046166856 1.596439600 -0.057887305 0.105349801 -0.005138126 0.992735684
262.572449728 0.286486655 0.056485552 1.720384955 -0.062318102 0.107768007 -0.002422181 0.992218018
262.604712544 0.319051594 0.066664465 1.852047205 -0.067236125 0.108600765 -0.004057057 0.991800725
262.636778432 0.350438535 0.082750991 1.983776689 -0.076159619 0.108392067 -0.007397585 0.991159022
262.668374624 0.390780985 0.104368903 2.104819059 -0.084596619 0.107122540 -0.006957156 0.990615845
262.700482112 0.414664209 -0.117867723 2.907822371 -0.062188517 0.110784002 -0.003906275 0.991889238
262.733283872 0.451570541 0.067224354 2.196432829 -0.030691704 0.112523876 -0.000511509 0.993174791
262.764917792 0.478136033 0.064074971 2.267330170 0.006508263 0.119838446 -0.012098752 0.992698371
262.804844192 0.509881735 0.036798336 2.398658991 0.038892005 0.130778089 -0.022284739 0.990397871
262.842970304 0.519210219 -0.023613932 2.428683043 0.069537170 0.141574442 -0.030049153 0.987025023
262.879834272 0.542545974 -0.072029456 2.461359501 0.100303598 0.151969939 -0.037521329 0.982566357
262.916198592 0.647792757 0.014437737 2.713532209 0.010404051 0.155707732 -0.012391099 0.987670660
262.954512864 0.699297071 0.001433487 2.847779036 0.000519165 0.162713140 -0.003493575 0.986667156
262.990173184 0.751310647 -0.007848226 2.991685390 -0.011196094 0.172229648 -0.008614915 0.984955549
263.028342336 0.800805926 -0.008182192 3.121842146 -0.018493429 0.182803631 -0.012960544 0.982890069
263.066283296 0.836752355 -0.000072014 3.264266968 -0.024993815 0.198985904 -0.021658801 0.979444146
263.101471040 0.878291368 0.000508539 3.373016596 -0.020759387 0.214095041 -0.025228525 0.976266325
263.140094912 0.931816399 0.004911475 3.505024910 -0.022439992 0.229633451 -0.044944622 0.971979916
263.183302656 1.013297081 -0.002747525 3.654631853 -0.021588197 0.242051020 -0.029347602 0.969579279
263.218098144 1.076884151 -0.006807585 3.764581203 -0.018767152 0.252328724 -0.012630368 0.967377126
263.253020512 1.136012793 -0.003963327 3.879725218 -0.020915179 0.265404016 -0.017395116 0.963753462
263.289282688 1.198957205 0.002722308 4.000233173 -0.025053205 0.276566029 -0.026334612 0.960307300
263.325166656 1.269620895 -0.002538444 4.111542225 -0.019733271 0.286733449 -0.017571030 0.957646012
263.359926560 1.372683764 0.001598544 4.234382629 -0.010713103 0.294511884 -0.009013362 0.955545247
263.397136992 1.444582701 -0.019765222 4.339136600 -0.017492538 0.292680055 -0.008440786 0.956013203
263.442117120 1.492561936 -0.021938847 4.487374306 -0.010937742 0.291886866 -0.017379172 0.956232429
263.476186944 1.558934450 -0.031376027 4.587666988 -0.005964669 0.289973676 -0.024564967 0.956700742
263.511074368 1.634433031 -0.039589453 4.690120220 -0.003006060 0.289439052 -0.018624963 0.957010567
263.546101664 1.708703041 -0.041301735 4.791823387 0.002124615 0.290301085 -0.018282937 0.956758320
263.584824288 1.815447927 -0.034143019 4.902887344 0.001448465 0.289470077 -0.014685210 0.957073331
263.621457088 1.909598947 -0.029535469 5.016770363 -0.009646039 0.291632175 -0.012846479 0.956395686
263.657842528 1.965234995 -0.041276477 5.113792896 -0.015460251 0.292301148 -0.012127550 0.956124485
263.694207072 2.038187504 -0.046249021 5.221233845 -0.023665639 0.291340768 -0.005056772 0.956313252
263.729307104 2.115405560 -0.042219795 5.333599091 -0.038370453 0.289856642 -0.005692994 0.956283748
263.764433696 2.003658056 -0.035119873 5.175818920 -0.031633496 0.292716563 -0.012756671 0.955590725
263.800225824 2.049044609 -0.044737302 5.273276329 -0.028081231 0.295781076 -0.008527323 0.954804897
263.837228064 2.107557297 -0.066803791 5.350014210 -0.033408288 0.298511147 -0.016496832 0.953678608
263.872471712 2.170346737 -0.049309429 5.489012718 -0.025550134 0.303537518 -0.021483926 0.952234566
263.907702464 2.238459110 -0.035886660 5.523426056 -0.015840899 0.306751341 -0.009966184 0.951605737
263.943655456 2.262324095 -0.135704756 5.775248528 -0.009695613 0.305300921 0.013884127 0.952105403
263.979252128 2.367624044 0.046129439 5.843411446 0.001764662 0.301576912 0.023090821 0.953160584
264.014864128 3.006982565 -0.301111400 6.491228104 -0.006792538 0.301334143 0.026680082 0.953121066
264.050425248 3.150004864 -0.071854882 6.306268215 -0.019165635 0.300723553 0.020008015 0.953308821
264.086590176 3.231862783 -0.076395452 6.407390594 -0.002262183 0.304298550 0.019622404 0.952371895
264.122313792 3.315730572 -0.081792049 6.512698174 -0.001295206 0.304752409 0.025416479 0.952091575
264.158855584 3.392009258 -0.088683397 6.613064766 0.003116529 0.305420578 0.020992769 0.951981008
264.194764064 3.460816145 -0.083512560 6.724839211 -0.002410772 0.307743549 -0.010210819 0.951411486
264.233117728 3.523066998 -0.068209022 6.846317291 -0.007401556 0.311224848 -0.036813091 0.949594200
264.270622848 3.598396063 -0.056304619 6.967103958 -0.003717312 0.309776038 -0.028184703 0.950384438
264.309061664 3.640329599 -0.059723705 7.122225761 -0.010915089 0.308930695 -0.050669938 0.949671149
264.345424032 3.685160637 -0.072709799 7.254710197 -0.008409638 0.310671031 -0.070607990 0.947854042
264.382904032 3.690319538 -0.075665802 7.378150940 -0.003534150 0.315691024 -0.091271125 0.944455564
264.420123168 3.764415741 -0.086500406 7.466941833 -0.010271213 0.314387053 -0.101320893 0.943816364
264.456435744 3.840833664 -0.092171252 7.568088531 -0.016056929 0.315580785 -0.103145525 0.943139434
264.500707136 3.924986124 -0.099598348 7.670991898 -0.018161433 0.315433383 -0.095495015 0.943955898
264.537932768 3.994621754 -0.104827493 7.711207867 -0.021409469 0.313196599 -0.088759072 0.945289016
264.576105792 4.022745132 -0.085999489 7.793347836 -0.035874091 0.321538985 -0.113315478 0.939406931
264.613001344 4.083438873 -0.103431344 7.875833511 -0.054688975 0.328574270 -0.116932906 0.935614645
264.649928704 4.137145042 -0.111101240 7.987165451 -0.059146721 0.334016472 -0.117018580 0.933403075
264.696817568 4.260946751 -0.117870003 8.100614548 -0.054401819 0.329306126 -0.076845430 0.939517260
264.725230592 4.370926380 -0.130482584 8.196893692 -0.051524885 0.325189501 -0.045271996 0.943158209
264.765303456 4.435154438 -0.128228664 8.290626526 -0.055215083 0.322514832 -0.076965854 0.941813052
264.809764000 4.538658142 -0.134158805 8.403694153 -0.049268961 0.320303321 -0.067350410 0.943632543
264.850596512 4.630138397 -0.128759354 8.513339996 -0.046558559 0.319363445 -0.076385640 0.943400562
264.894180480 4.727776051 -0.124369800 8.632069588 -0.045636032 0.319271535 -0.082123466 0.942994595
264.934739200 4.831787586 -0.106429279 8.758019447 -0.049199741 0.319649130 -0.090269327 0.941942334
264.975268640 4.926412582 -0.102521867 8.870976448 -0.043652989 0.321232617 -0.089842215 0.941717803
265.015905664 5.015276909 -0.109369755 8.981374741 -0.036112368 0.323408037 -0.093277074 0.940958381
265.056612128 5.098482609 -0.120059162 9.081619263 -0.029141404 0.322970450 -0.092025273 0.941473424
265.097092064 5.177379131 -0.118027449 9.191117287 -0.031339295 0.320977718 -0.110855952 0.940054297
265.137617600 5.265732288 -0.120100319 9.295551300 -0.027234977 0.317833662 -0.104862727 0.941936195
265.178581664 5.362159252 -0.107598007 9.436210632 -0.023876859 0.315642416 -0.104440860 0.942810655
265.220769120 5.436635971 -0.118582368 9.539117813 -0.023472672 0.310381919 -0.098999657 0.945151448
265.272025440 5.515842915 -0.128580421 9.644397736 -0.023357937 0.305171430 -0.094089836 0.947349966
265.272025440 5.515842915 -0.128580421 9.644397736 -0.023357937 0.305171430 -0.094089836 0.947349966
265.272025440 5.515842915 -0.128580421 9.644397736 -0.023357937 0.305171430 -0.094089836 0.947349966
265.370345344 5.593960762 -0.103744775 9.943857193 -0.038279112 0.312416643 -0.081952460 0.945629120
265.404480096 5.655526638 -0.114887834 9.877193451 -0.048097312 0.311000705 -0.090607457 0.944857359
265.436352352 5.702314377 -0.130805373 9.944001198 -0.057056028 0.311388820 -0.111834235 0.941952646
265.470208256 5.550106049 -0.276892751 9.721261024 -0.066179730 0.315287739 -0.117603220 0.939352691
265.501879744 5.643928051 -0.066199481 9.452947617 -0.065127626 0.314189970 -0.115011267 0.940114677
265.536730848 5.836687088 -0.175330758 10.121749878 -0.025737977 0.308506101 -0.087306723 0.946857452
265.577768096 5.909037113 -0.113109350 10.236843109 -0.024546402 0.309252471 -0.130157396 0.941710889
265.609616128 6.502476692 -0.011250615 10.156129837 -0.024598466 0.303777218 -0.168490306 0.937403560
265.641600064 6.010428429 -0.170903802 10.287693024 -0.034638874 0.313395917 -0.113996670 0.942118883
265.673237440 5.362097263 -0.356619060 10.182140350 -0.050811447 0.320575356 -0.073452108 0.943002880
265.704517984 6.026652336 -0.230772719 10.174451828 -0.088018745 0.310007751 -0.038634252 0.945862234
265.736147264 6.146711349 -0.079018295 10.680622101 -0.070120342 0.307371944 -0.058667574 0.947187304
265.768170720 6.157707691 -0.234867126 10.234437943 -0.037881974 0.299953699 -0.081255473 0.949731767
265.799653280 6.236776352 -0.225658476 10.554373741 -0.015709065 0.297040552 -0.103385620 0.949121475
265.844355616 6.285253048 -0.273937225 10.498868942 -0.021991028 0.299150765 -0.113241076 0.947207332
265.875380096 6.342083454 -0.264769793 10.590734482 -0.029087704 0.303687990 -0.090040512 0.948061347
265.906911904 6.397270203 -0.184596360 10.697144508 -0.033538099 0.307752341 -0.065939747 0.948586226
265.938327520 6.385745049 -0.193211436 10.827136993 -0.037680507 0.310902178 -0.095224641 0.944908619
265.970202368 6.507472992 -0.176207364 10.874991417 -0.034036908 0.312480062 -0.113425553 0.942513883
266.003122560 6.514863968 -0.153904915 10.895563126 -0.026541097 0.314162225 -0.095527790 0.944178045
266.044926432 6.567833900 -0.161327869 10.967632294 -0.025431987 0.311598569 -0.079199731 0.946565866
266.077330848 6.533060551 -0.243452281 11.018334389 -0.047212511 0.312916189 -0.062390342 0.946552694
266.108832960 6.709243774 -0.290654123 11.244135857 -0.072099738 0.310875148 -0.111937091 0.941078365
266.141344032 6.626069069 -0.295967698 11.063585281 -0.061526928 0.307044208 -0.116147146 0.942575336
266.176662208 6.863478184 -0.499906540 10.996634483 -0.056647345 0.298208475 -0.114634424 0.945897341
266.208130336 6.712341785 -0.239509195 11.180712700 -0.067368351 0.303089410 -0.089710005 0.946335316
266.241324640 6.514688969 0.238162816 11.234796524 -0.063769564 0.301624417 -0.069857344 0.948723435
266.274005952 6.712807655 -0.378006965 11.268277168 -0.053840015 0.294665754 -0.070559628 0.951469839
266.306325280 6.803396225 -0.352433324 11.362504005 -0.041302774 0.296643794 -0.077910393 0.950908303
266.339157440 6.568994045 -0.205859125 11.182297707 -0.063453749 0.306179762 -0.102245599 0.944337606
266.370557856 6.798449993 -0.281085968 11.414727211 -0.072478302 0.309224874 -0.084288880 0.944469333
266.404977600 7.010706425 -0.377576619 11.775114059 -0.059244704 0.310871214 -0.079083428 0.945301533
266.438514016 6.989641190 -0.440835297 11.832228661 -0.050014820 0.315690964 -0.096465439 0.942619860
266.471765600 7.010293961 -0.437518865 11.862745285 -0.063164473 0.319169313 -0.100169562 0.940269768
266.503544352 7.029110432 -0.435368389 11.886098862 -0.068553559 0.320556551 -0.098265976 0.939621091
266.535374784 7.041591167 -0.437297732 11.901331902 -0.057947360 0.320133299 -0.100504681 0.940242350
266.566699712 7.055332661 -0.438254148 11.916159630 -0.055632107 0.318632960 -0.098616041 0.941091359
266.597922208 7.068462372 -0.436830103 11.931021690 -0.055780757 0.316270739 -0.099827290 0.941751480
266.629604448 7.078066349 -0.434946537 11.942100525 -0.049506541 0.315746933 -0.103030860 0.941932976
266.661209312 7.087593079 -0.433226019 11.954362869 -0.049868446 0.318637520 -0.106104948 0.940598249
266.692740032 7.095931053 -0.432393432 11.967651367 -0.053976294 0.320980757 -0.108477741 0.939303219
266.724157088 7.102933884 -0.432554454 11.977797508 -0.052191481 0.320370913 -0.109279722 0.939519346
266.755524000 7.109161377 -0.431681097 11.986427307 -0.050549883 0.318022192 -0.109854907 0.940339625
266.787229120 7.115632534 -0.431274384 11.993957520 -0.050108321 0.316442758 -0.108065844 0.941103041
266.818640512 7.120847702 -0.432221293 12.000229836 -0.048807144 0.316110879 -0.107816562 0.941311538
266.850278112 7.124854088 -0.433130562 12.005658150 -0.049541097 0.315946460 -0.108006559 0.941306591
266.881542816 7.127555370 -0.433646739 12.009088516 -0.050410729 0.314369977 -0.107255273 0.941873968
266.913379104 7.128883362 -0.433646411 12.010645866 -0.050553113 0.312365919 -0.107355677 0.942521513
266.948988224 7.129426479 -0.433749348 12.010907173 -0.050068766 0.311748683 -0.106338009 0.942867041
266.989016192 7.127767563 -0.433436573 12.010130882 -0.050306682 0.312733382 -0.108019926 0.942336917
267.021919520 7.125665665 -0.433296502 12.007737160 -0.049475163 0.313063830 -0.108421147 0.942225158
267.062788896 7.122470856 -0.432612300 12.003406525 -0.048647236 0.313202381 -0.109129511 0.942140400
267.092391424 7.119610786 -0.432403922 11.999321938 -0.048588600 0.313940167 -0.109423846 0.941863656
267.124071712 7.116673470 -0.432305187 11.995318413 -0.048442811 0.314549357 -0.109663710 0.941640079
267.155582880 7.113910675 -0.432252556 11.991171837 -0.048633538 0.314626396 -0.109610915 0.941610575
267.186950560 7.111488819 -0.432231963 11.987868309 -0.049069885 0.314763606 -0.109454468 0.941560268
267.218757984 7.109080315 -0.432262570 11.985392570 -0.049217269 0.315248460 -0.110192217 0.941304266
267.250327936 7.107089520 -0.432075530 11.983528137 -0.050052132 0.315797269 -0.110658564 0.941021562
267.284082336 7.105751991 -0.432234406 11.981402397 -0.049717885 0.315867931 -0.110523835 0.941031456
267.313509088 7.105038643 -0.432263404 11.980157852 -0.049829908 0.315771967 -0.110395245 0.941072822
267.342910880 7.105166912 -0.432420522 11.980019569 -0.049780864 0.315888137 -0.110165499 0.941063344
267.375345408 7.105153084 -0.432243377 11.980226517 -0.050086986 0.315975159 -0.110427685 0.940987170
