2183.133592192 0.000000000 0.000000000 0.000000000 -0.000000000 -0.000000000 -0.000000000 1.000000000
2183.258009088 0.024952814 -0.006905581 0.234988347 -0.028331701 -0.009904078 0.015004424 0.999436915
2183.382710624 0.014096292 -0.003056328 0.415132821 -0.009548705 -0.014501633 -0.018442230 0.999679148
2183.508036352 0.018306803 -0.011411986 0.546620786 -0.024241989 0.000817941 -0.021112666 0.999482870
2183.633178080 0.031160919 -0.009736191 0.623007119 -0.017481107 0.004178283 -0.013492174 0.999747455
2183.757876480 0.033024449 -0.005321172 0.670390844 -0.012641346 0.003737711 -0.002911599 0.999908924
2183.882347648 0.040993676 -0.010235490 0.696841002 -0.019050281 0.008714106 0.003330776 0.999774992
2184.008022880 0.038222432 -0.009899831 0.707463086 -0.019507153 0.007843036 0.001873582 0.999777198
2184.133781504 0.040051814 -0.009508649 0.714201152 -0.020540623 0.008085303 0.003399298 0.999750555
2184.258017792 0.040903240 -0.009245421 0.718557775 -0.020175101 0.008421201 0.003982886 0.999753118
2184.382684416 0.040880281 -0.008866870 0.724914253 -0.020878227 0.008681077 0.003659708 0.999737680
2184.508122432 0.041642189 -0.008894573 0.730236888 -0.020835504 0.009278565 0.003740001 0.999732912
2184.633722176 0.041914608 -0.008651161 0.730531037 -0.021111704 0.009312277 0.003522328 0.999727547
2184.758082560 0.041617155 -0.008676952 0.729080558 -0.020892635 0.009361004 0.003565521 0.999731600
2184.883089152 0.041854806 -0.008486916 0.730643511 -0.021012010 0.009356854 0.003614450 0.999728918
2185.009242272 0.041808154 -0.008504687 0.729731381 -0.020931663 0.009396808 0.003618666 0.999730289
2185.133799648 0.041839719 -0.008576748 0.730352461 -0.021030108 0.009381432 0.003591145 0.999728382
2185.258098016 0.041719761 -0.008444488 0.730227470 -0.020969627 0.009407958 0.003602037 0.999729395
2185.382680672 0.041840214 -0.008467174 0.730337203 -0.020998482 0.009390488 0.003614637 0.999728918
2185.508475520 0.041735567 -0.008360714 0.730237782 -0.020962892 0.009409371 0.003587774 0.999729633
2185.633498816 0.041719064 -0.008551519 0.730693758 -0.021010505 0.009411923 0.003537268 0.999728739
2185.758371168 0.041771881 -0.008412583 0.730195224 -0.020979321 0.009416114 0.003581946 0.999729156
2185.882653856 0.041761924 -0.008463507 0.730390191 -0.020989543 0.009414473 0.003631980 0.999728858
2186.007977024 0.041764062 -0.008327656 0.730325699 -0.020983687 0.009411770 0.003591901 0.999729156
