3445.012194336 0.000000000 0.000000000 0.000000000 -0.000000000 -0.000000000 -0.000000000 1.000000000
3445.074163488 0.007050093 -0.014297770 0.249384582 0.011833937 0.002718519 -0.006219152 0.999906957
3445.140170304 0.019474924 -0.026449934 0.510058761 0.020810330 0.011653606 0.002221966 0.999713063
3445.201368000 0.037301015 -0.038970042 0.767351329 0.008438443 0.016443824 0.013152823 0.999742687
3445.261870336 0.051995598 -0.062744446 1.002682924 0.020192694 0.011006422 0.016220795 0.999603927
3445.324451136 0.066262439 -0.065033965 1.259544373 0.000535617 0.005612331 0.019548394 0.999793053
3445.386752352 0.072609231 -0.080203511 1.499035716 0.008557643 -0.000624229 0.019917728 0.999764800
3445.449237312 0.081817113 -0.110709839 1.726661682 0.035003331 -0.010005390 0.033922676 0.998761177
3445.511694336 0.077048905 -0.118021108 1.970821261 0.022058757 -0.008578343 0.020186173 0.999516070
3445.574206752 0.081860431 -0.136343673 2.209361076 0.011629825 -0.013232176 0.030515792 0.999379039
3445.636888704 0.080629826 -0.152237386 2.450498104 0.003038935 -0.019446380 0.028752821 0.999392748
3445.700061920 0.071452588 -0.148229465 2.692169189 -0.006951298 -0.029133674 0.019083237 0.999369204
3445.762529632 0.065924510 -0.156333610 2.930478573 -0.014050889 -0.032790173 0.021323100 0.999135971
3445.824345728 0.073412865 -0.175937340 3.155583858 -0.019690312 -0.035660051 0.027361630 0.998795271
3445.887459232 0.020316109 -0.153191715 3.366613865 -0.008577983 -0.037139721 0.005450757 0.999258399
3446.011835456 -0.008808283 -0.158394754 3.845623970 -0.015627267 -0.034250431 -0.000668528 0.999290884
3446.074542752 -0.017412826 -0.167910948 4.079697132 -0.006772582 -0.036885668 0.008279815 0.999262273
3446.136825632 -0.025856070 -0.181749925 4.313215256 0.005594836 -0.040649328 0.013105711 0.999071896
3446.199226016 -0.028888345 -0.195188001 4.549932957 0.018304612 -0.047138121 0.022919739 0.998457670
3446.262060480 -0.119551435 -0.166389525 4.505356312 -0.009448168 -0.038338028 0.013195161 0.999133050
3446.324300640 -0.131841078 -0.261224538 4.474357605 -0.004806485 -0.036012821 0.013339161 0.999250770
3446.386924224 -0.164597422 -0.295398265 4.683613777 0.008746606 -0.038437966 0.011299649 0.999158859
3446.449361120 -0.106759310 -0.154324412 5.426785469 0.000141580 -0.040962189 0.005983982 0.999142826
3446.511749280 -0.185164914 0.065672785 5.565621376 -0.000383694 -0.041013058 0.023496728 0.998882234
3446.574820320 -0.136448562 -0.074686244 5.666394711 -0.005053611 -0.044604395 0.020376347 0.998784184
3446.637292832 -0.162814841 -0.226209059 6.152590275 0.010010021 -0.051175673 0.010569151 0.998583615
3446.699505728 -0.209709391 -0.379804701 6.289593220 0.010965480 -0.053617183 0.004072449 0.998493075
3446.761479840 -0.196071252 -0.201217473 6.124715328 0.004841567 -0.051974013 -0.007882485 0.998605669
3446.824765984 -0.068919264 0.048215672 6.159021854 0.006169166 -0.054884080 -0.013787053 0.998378515
3446.889683712 -0.204444721 -0.031905953 6.617591858 0.007776930 -0.054609090 -0.010409984 0.998423338
3446.949655456 -0.305632859 -0.149786979 7.046371937 0.003842176 -0.054491498 -0.003542687 0.998500586
3447.011847552 -0.322166085 -0.218511820 7.354351521 0.005717562 -0.053397238 0.005079854 0.998544097
3447.074089632 -0.337990850 -0.280981153 7.531525135 0.001591822 -0.053690728 -0.000975737 0.998555899
3447.137222624 -0.386590958 -0.243476257 7.708145142 0.002070312 -0.055878833 0.005071228 0.998422563
3447.199208992 -0.424684584 -0.273916900 7.953752518 0.001195111 -0.058462881 0.001183766 0.998288214
3447.263766976 -0.536599755 -0.143660977 7.966072083 0.000773324 -0.056901094 0.013401018 0.998289585
3447.324281120 -0.617783964 -0.094910607 8.130644798 0.002309723 -0.050096735 0.004469027 0.998731732
3447.386773952 -0.715198040 -0.018405389 8.247361183 0.003531663 -0.046954725 0.001714833 0.998889327
3447.449207296 -0.754685938 0.017457981 8.449254036 0.001433336 -0.052255366 0.004793042 0.998621225
3447.512057280 -0.778060138 0.013564220 8.686491013 -0.000617808 -0.058032773 -0.002492950 0.998311400
3447.574050464 -0.805439651 0.007876863 8.927596092 -0.009876826 -0.062682085 -0.006511787 0.997963428
3447.636996160 -0.827363551 0.001846601 9.167999268 -0.013348453 -0.069095045 0.001939024 0.997518897
3447.699921600 -0.844777226 -0.005585666 9.398444176 -0.012727502 -0.078067474 0.012585062 0.996787429
3447.761980672 -0.870297670 0.011084329 9.632459641 -0.009725575 -0.087015703 0.020040132 0.995957851
3447.824134208 -0.887360096 -0.058319513 9.556020737 0.000360539 -0.090517879 -0.008429221 0.995859087
3447.887025024 -0.891372442 -0.122086987 9.694192886 -0.013770605 -0.093075939 -0.011643532 0.995495737
3447.949394400 -0.942885995 -0.138551354 9.940484047 -0.012337664 -0.093674131 -0.010659546 0.995469451
3448.012493024 -1.005184770 -0.136044905 10.113694191 -0.012639058 -0.092959806 -0.009580626 0.995543540
3448.074382208 -0.991628170 -0.025423696 10.261892319 -0.003065287 -0.094240420 -0.009132408 0.995502889
3448.137359840 -0.999820292 -0.138548568 10.506822586 0.002478644 -0.093067557 -0.007670190 0.995627224
3448.199925312 -0.964182734 -0.211206615 10.473180771 -0.012046386 -0.092336558 -0.006333049 0.995634854
3448.262065664 -1.075123191 -0.201988757 10.848304749 -0.018021621 -0.085670739 -0.009605718 0.996114194
3448.324830752 -1.204743028 -0.218771249 10.980240822 -0.032950167 -0.078439966 -0.005814419 0.996357203
3448.386810528 -1.561261058 -0.057119384 12.145003319 -0.021997137 -0.074890137 -0.007382149 0.996921837
3448.449305376 -1.007384419 -0.372039109 12.120072365 -0.035577450 -0.084075429 -0.006939664 0.995799959
3448.512221376 -1.035490274 -0.191882089 11.181740761 -0.027828800 -0.084515736 -0.007907977 0.996002138
3448.574423616 -0.997001886 0.353249073 10.511388779 -0.018128941 -0.082100898 -0.029361283 0.996026456
3448.636959296 -0.734550059 0.489724636 10.803422928 -0.026111944 -0.087854773 -0.031857684 0.995281339
3448.699541312 -0.866719067 -0.347551763 11.362535477 -0.040391799 -0.088626027 -0.007871822 0.995214522
3448.761947552 -1.055364013 -0.277131289 11.912142754 -0.042325929 -0.086524136 -0.005267405 0.995336294
3448.824551040 -1.213454008 -0.131563157 12.485956192 -0.041773193 -0.082932286 -0.002619563 0.995675862
3448.886975104 -1.311908841 -0.097821668 12.754979134 -0.038611665 -0.078612275 -0.002015216 0.996155202
3448.949310112 -1.343775392 -0.089533858 12.948417664 -0.041702323 -0.078551166 -0.002229726 0.996034980
3449.013206656 -1.373491645 -0.086239658 13.117824554 -0.037791304 -0.080173299 -0.003206557 0.996059179
3449.074212736 -1.399920702 -0.081641383 13.274007797 -0.041363906 -0.082853951 -0.002342205 0.995700181
3449.136839648 -1.422316074 -0.080177344 13.407770157 -0.035163470 -0.087816708 0.003531922 0.995509565
3449.206047520 -1.445697546 -0.078285627 13.525753975 -0.035405107 -0.089924827 -0.001148777 0.995318353
3449.261662848 -1.465809226 -0.076725639 13.624691963 -0.028488494 -0.093393564 0.000184804 0.995221615
3449.324382912 -1.479396582 -0.116129383 13.675372124 -0.032340899 -0.095461555 0.008952158 0.994867384
3449.386814688 -1.495009542 -0.121896893 13.748688698 -0.024914907 -0.092630170 0.005137508 0.995375633
3449.449201696 -1.508324623 -0.116555542 13.814312935 -0.024315683 -0.091615826 0.004263815 0.995488405
3449.511855456 -1.516455889 -0.115222313 13.870091438 -0.022337934 -0.092726283 0.006417377 0.995420396
3449.574312864 -1.524018764 -0.116750628 13.916819572 -0.022466721 -0.095393293 0.008383836 0.995150805
3449.639555392 -1.531463385 -0.114970535 13.957183838 -0.023090484 -0.096751109 0.009148027 0.994998693
3449.699432000 -1.536886334 -0.115707792 13.990253448 -0.022930775 -0.098005377 0.010108431 0.994870365
3449.761699008 -1.542527318 -0.115637645 14.017344475 -0.025202274 -0.097081356 0.008188371 0.994923651
3449.824612000 -1.549374223 -0.114945546 14.038830757 -0.025699442 -0.095823802 0.005232760 0.995052755
3449.886947296 -1.552333355 -0.114717722 14.056675911 -0.024206536 -0.097630091 0.006847631 0.994904816
3449.949197440 -1.553215742 -0.114919543 14.072809219 -0.023581479 -0.098005675 0.007799237 0.994875848
3450.014424288 -1.556508183 -0.114907257 14.085823059 -0.023238722 -0.098624893 0.006910037 0.994829297
3450.074308384 -1.559855700 -0.115435131 14.096330643 -0.022266559 -0.099165007 0.005840684 0.994804740
3450.136828224 -1.562138200 -0.115397409 14.106782913 -0.021434939 -0.099318504 0.006065825 0.994806290
3450.199407904 -1.563952923 -0.115143485 14.117668152 -0.020850927 -0.098920412 0.005723490 0.994860470
3450.261884032 -1.566100717 -0.114834704 14.126482010 -0.020728398 -0.099002667 0.005219088 0.994857550
3450.325443904 -1.567826152 -0.115167022 14.134378433 -0.020829393 -0.099664375 0.005216277 0.994789422
3450.388106816 -1.569450378 -0.115024224 14.140925407 -0.020433679 -0.099706754 0.005047468 0.994794250
3450.449874944 -1.570795059 -0.114809178 14.147273064 -0.020248424 -0.100050494 0.004922148 0.994764149
3450.512313312 -1.571783185 -0.114977762 14.152449608 -0.020319195 -0.100135468 0.004745719 0.994755030
3450.574376352 -1.572709322 -0.114846021 14.157938957 -0.020301748 -0.100251332 0.004863272 0.994743168
3450.637123328 -1.573592186 -0.114876859 14.162827492 -0.020155739 -0.100348711 0.005041381 0.994735420
3450.699451872 -1.574534416 -0.114927717 14.167780876 -0.020339204 -0.100455210 0.005088577 0.994720638
3450.761740832 -1.575442314 -0.114806779 14.172492027 -0.020492785 -0.100646079 0.005137111 0.994697988
3450.824061952 -1.576146483 -0.114865258 14.176544189 -0.020205092 -0.100825176 0.005293029 0.994684935
3450.886788512 -1.576642513 -0.114888959 14.179957390 -0.020288743 -0.101061694 0.005421935 0.994658530
3450.949138784 -1.577023625 -0.114834502 14.182110786 -0.020201342 -0.101119511 0.005527825 0.994653821
3451.011752384 -1.577336311 -0.114995360 14.183014870 -0.020394515 -0.101145111 0.005389259 0.994648039
3451.074084064 -1.577103853 -0.114862829 14.182476044 -0.020210404 -0.101137742 0.005618261 0.994651318
3451.136793824 -1.577021122 -0.114883125 14.181626320 -0.020146541 -0.101131797 0.005522244 0.994653761
3451.200044288 -1.576985478 -0.115074821 14.180008888 -0.020122262 -0.101190753 0.005538855 0.994648159
3451.261918368 -1.576801538 -0.114876293 14.179889679 -0.020088473 -0.101168290 0.005548118 0.994651079
3451.324597920 -1.576763153 -0.114825413 14.179631233 -0.020080362 -0.101189159 0.005490693 0.994649470
3451.388904128 -1.576829791 -0.114878267 14.180194855 -0.020096168 -0.101221457 0.005492627 0.994645774
3451.449650112 -1.576900125 -0.114907533 14.180738449 -0.020107431 -0.101196505 0.005521361 0.994647920
3451.511917248 -1.576966166 -0.114844486 14.181587219 -0.020119509 -0.101165205 0.005531791 0.994650781
3451.574280672 -1.577056289 -0.114919469 14.181619644 -0.020109871 -0.101164438 0.005527740 0.994651139
3451.637356736 -1.576933384 -0.114833742 14.181542397 -0.020094970 -0.101187788 0.005603224 0.994648635
3451.699594176 -1.576979280 -0.114791706 14.181519508 -0.020064838 -0.101176359 0.005592643 0.994650424
