1094.362234304 0.000000000 0.000000000 0.000000000 -0.000000000 -0.000000000 -0.000000000 1.000000000
1094.612531584 -0.024428802 -0.013966946 0.977888763 -0.004680193 -0.009052482 0.007581652 0.999919355
1094.862756576 -0.077429667 -0.031129645 1.923144937 -0.012898850 -0.009435138 0.008414330 0.999836922
1095.112464288 -0.087364703 -0.029023705 2.950561762 -0.026150474 -0.016874233 -0.005221018 0.999502003
1095.362486592 -0.102017120 -0.024854152 3.979008675 -0.018992124 -0.020194776 -0.006353384 0.999595463
1095.613129088 -0.136497796 -0.012540794 5.029321671 -0.017685028 -0.024575343 -0.014918643 0.999430239
1095.862725728 -0.165669560 0.015394259 6.114624023 -0.042190198 -0.010288178 -0.009126334 0.999014974
1096.112592768 -0.184369847 0.086128116 7.241388321 -0.045359932 -0.007643431 -0.002923093 0.998937190
1096.362390464 -0.187421381 0.146033511 8.172345161 -0.049606256 0.000958249 -0.000572745 0.998768270
1096.612782336 -0.190351322 0.215041563 9.080084801 -0.053514097 0.010140869 -0.002448574 0.998512626
1096.863211872 -0.216393992 0.184782237 9.064743042 -0.045931462 -0.000233878 -0.000260751 0.998944581
1097.113143072 -0.220802560 0.193002671 9.312534332 -0.042518832 -0.004934014 -0.003648702 0.999076843
1097.362991104 -0.210838765 0.195627317 9.389339447 -0.040446818 -0.002892711 -0.005092325 0.999164522
1097.612367968 -0.216269627 0.205338970 9.471595764 -0.039772090 -0.002259055 -0.003420524 0.999200344
1097.862596480 -0.212352768 0.206716537 9.483510971 -0.039031498 -0.002788644 -0.003491805 0.999228001
1098.112948448 -0.211585149 0.208998248 9.513335228 -0.039542206 -0.003475658 -0.002046001 0.999209821
1098.362496608 -0.209373996 0.210957900 9.551859856 -0.039498217 -0.003958677 0.000536480 0.999211669
1098.612351072 -0.208941117 0.211866468 9.573379517 -0.039145548 -0.004168605 0.001442414 0.999223828
1098.862341536 -0.209105611 0.211578146 9.574945450 -0.038797151 -0.004125099 0.001632315 0.999237299
1099.113978400 -0.209084913 0.211674213 9.574679375 -0.038833763 -0.004148285 0.001579626 0.999235809
