1051.112329248 0.000000000 0.000000000 0.000000000 -0.000000000 -0.000000000 -0.000000000 1.000000000
1051.362728352 0.008042431 -0.001585366 0.035108492 0.008466789 0.001147826 0.006348262 0.999943376
1051.613672896 0.037837960 -0.019549858 0.364485294 0.009569213 0.007821610 0.011833468 0.999853611
1051.862841056 0.090060368 -0.027717758 0.717452049 0.012892661 0.010983837 0.019450398 0.999667406
1052.112667424 0.095447257 -0.094496764 1.514826655 0.006701525 -0.011682096 -0.001460360 0.999908268
1052.362652096 0.120484821 -0.134564951 2.221039057 0.009533617 0.003287011 -0.001239619 0.999948382
1052.612426880 0.146652430 -0.156023011 2.961310863 -0.000490051 -0.005377321 -0.005534326 0.999970138
1052.862482496 0.167359218 -0.175416350 3.745765209 -0.000704489 -0.000322553 -0.004237291 0.999990702
1053.112675936 0.195098206 -0.189863846 4.562534332 -0.003085090 0.003980789 0.000778933 0.999987006
1053.362370624 0.207172915 -0.200061738 5.422059536 -0.011677827 -0.008332982 -0.012467168 0.999819338
1053.612654432 0.231131941 -0.222372815 6.311498642 -0.008497008 0.003384725 -0.004878318 0.999946296
1053.862703328 0.278113186 -0.235354558 7.214778900 -0.003473509 0.027699627 -0.002548483 0.999607027
1054.112631392 0.360207319 -0.277984768 8.115141869 0.008833762 0.031069325 0.000071989 0.999478221
1054.362981760 0.468473017 -0.323422402 9.002527237 0.012955595 0.035522230 0.009578045 0.999239028
1054.612452704 0.524046719 -0.323849797 9.950433731 -0.033686262 0.011563809 0.003750131 0.999358535
1054.862648864 0.553128719 -0.322546363 10.870517731 -0.019837586 0.010641295 -0.002854754 0.999742508
1055.112578176 0.577617884 -0.328086793 11.798624039 -0.010457586 0.023433363 -0.005841767 0.999653637
1055.362236544 0.614941597 -0.347131699 12.730986595 0.000540071 0.031863451 -0.013290637 0.999403715
1055.612612512 0.657613337 -0.387384564 13.654231071 0.011585505 0.041910235 -0.021296857 0.998827219
1055.612612512 0.657613337 -0.387384564 13.654231071 0.011585505 0.041910235 -0.021296857 0.998827219
1055.612612512 0.657613337 -0.387384564 13.654231071 0.011585505 0.041910235 -0.021296857 0.998827219
1055.612612512 0.657613337 -0.387384564 13.654231071 0.011585505 0.041910235 -0.021296857 0.998827219
1055.612612512 0.657613337 -0.387384564 13.654231071 0.011585505 0.041910235 -0.021296857 0.998827219
1055.612612512 0.657613337 -0.387384564 13.654231071 0.011585505 0.041910235 -0.021296857 0.998827219
1055.612612512 0.657613337 -0.387384564 13.654231071 0.011585505 0.041910235 -0.021296857 0.998827219
1055.612612512 0.657613337 -0.387384564 13.654231071 0.011585505 0.041910235 -0.021296857 0.998827219
1055.612612512 0.657613337 -0.387384564 13.654231071 0.011585505 0.041910235 -0.021296857 0.998827219
1055.612612512 0.657613337 -0.387384564 13.654231071 0.011585505 0.041910235 -0.021296857 0.998827219
1055.612612512 0.657613337 -0.387384564 13.654231071 0.011585505 0.041910235 -0.021296857 0.998827219
1055.612612512 0.657613337 -0.387384564 13.654231071 0.011585505 0.041910235 -0.021296857 0.998827219
1055.612612512 0.657613337 -0.387384564 13.654231071 0.011585505 0.041910235 -0.021296857 0.998827219
1055.612612512 0.657613337 -0.387384564 13.654231071 0.011585505 0.041910235 -0.021296857 0.998827219
1055.612612512 0.657613337 -0.387384564 13.654231071 0.011585505 0.041910235 -0.021296857 0.998827219
1055.612612512 0.657613337 -0.387384564 13.654231071 0.011585505 0.041910235 -0.021296857 0.998827219
1055.612612512 0.657613337 -0.387384564 13.654231071 0.011585505 0.041910235 -0.021296857 0.998827219
1055.612612512 0.657613337 -0.387384564 13.654231071 0.011585505 0.041910235 -0.021296857 0.998827219
1055.612612512 0.657613337 -0.387384564 13.654231071 0.011585505 0.041910235 -0.021296857 0.998827219
1055.612612512 0.657613337 -0.387384564 13.654231071 0.011585505 0.041910235 -0.021296857 0.998827219
