4016.694764608 0.000000000 0.000000000 0.000000000 -0.000000000 -0.000000000 -0.000000000 1.000000000
4016.767334688 0.003690315 -0.007681529 0.253266454 0.005163599 -0.000100767 -0.013325009 0.999897897
4016.809858368 0.010517001 -0.008916005 0.393844366 0.002292015 -0.003896038 -0.008743687 0.999951541
4016.850829920 -0.043059554 0.027355831 0.633709431 0.001095643 -0.008363534 -0.001000526 0.999963939
4016.893072000 0.027544947 -0.037440628 0.700456917 0.018860491 -0.013944375 0.012046504 0.999652326
4016.941810912 0.018044371 -0.038428411 0.863030076 0.011056862 -0.013583746 -0.014467685 0.999741912
4016.996278016 0.024405327 -0.044383574 1.048236370 0.008229682 -0.018151244 0.001387872 0.999800444
4017.040382240 0.057501476 -0.034297850 1.268911481 0.004663362 -0.025187043 0.012514308 0.999593616
4017.076195360 0.021522697 -0.055568911 1.331324935 -0.007296916 -0.028055012 -0.008378246 0.999544680
4017.118545984 0.022550138 -0.054886051 1.481777430 -0.015128709 -0.029451942 -0.006246810 0.999432206
4017.168089504 0.018890604 -0.056282867 1.637022376 -0.017984141 -0.033368550 -0.007016747 0.999256670
4017.209974784 -0.001968930 -0.049136225 1.785969734 -0.018808641 -0.035704277 -0.039163686 0.998417556
4017.246961504 -0.003000949 -0.048469692 1.928522110 -0.020882161 -0.036467098 -0.021835478 0.998878062
4017.292713568 -0.009127839 -0.052708700 2.073848963 -0.016751003 -0.040660888 -0.020516414 0.998821914
4017.342419840 -0.019228438 -0.049839035 2.240310431 -0.021184422 -0.045734689 -0.024013819 0.998440266
4017.385902976 -0.035974145 -0.040421493 2.377366304 -0.020845009 -0.049127337 -0.041990243 0.997691810
4017.449963424 -0.037137892 -0.046861269 2.611921310 -0.021753592 -0.053405091 -0.008820898 0.998296976
4017.489824640 -0.053451013 -0.041504744 2.737272501 -0.023332145 -0.055878673 -0.028268179 0.997764528
4017.538519328 -0.066085130 -0.033853155 2.899949074 -0.021995315 -0.054884553 -0.030529568 0.997783542
4017.578483584 -0.077112317 -0.035209954 3.045141459 -0.014427358 -0.054086380 -0.028560763 0.998023510
4017.617983424 -0.080359913 -0.044857033 3.180184603 -0.010883381 -0.053754162 -0.012754905 0.998413444
4017.661254784 -0.093122624 -0.044099309 3.319729328 -0.011501024 -0.051944628 -0.018271957 0.998416603
4017.703450496 -0.107408457 -0.031208906 3.467073917 -0.018981978 -0.048765697 -0.026952161 0.998266101
4017.749072416 -0.123319209 -0.026831824 3.629254580 -0.019268682 -0.047596995 -0.030881744 0.998203218
4017.822978496 -0.139761224 -0.036742281 3.879966021 -0.018284842 -0.050195053 -0.022727884 0.998313367
4017.861588288 -0.153999478 -0.036143385 4.000806808 -0.008947982 -0.054665215 -0.032004330 0.997951627
4017.906702400 -0.162058011 -0.036886960 4.142794609 -0.009813667 -0.058775563 -0.020152798 0.998019516
4017.948871264 -0.176726878 -0.036418483 4.292090416 -0.004032151 -0.060067117 -0.021996820 0.997943819
4017.989556064 -0.193003908 -0.032929249 4.442792416 -0.012669476 -0.057570964 -0.028478520 0.997854710
4018.032263968 -0.209138289 -0.031389579 4.589799404 -0.023123916 -0.057130825 -0.031080190 0.997614920
4018.077181696 -0.218923256 -0.023778163 4.709668636 -0.034084581 -0.057957903 -0.034411676 0.997143447
4018.123386560 -0.220517308 -0.053519193 4.575541973 -0.018946815 -0.063752569 -0.021241076 0.997559786
4018.161336480 -0.243950084 -0.043010779 4.707446575 -0.011162106 -0.069834657 -0.042776346 0.996578515
4018.203509568 -0.254325688 -0.044766985 4.848143578 -0.007999729 -0.073047847 -0.026826501 0.996935487
4018.254590976 -0.278791010 -0.051547337 5.016098976 -0.007446129 -0.072036266 -0.033290990 0.996818483
4018.300535008 -0.299182594 -0.054241497 5.170213699 -0.006081866 -0.070424251 -0.035081048 0.996881604
4018.374476032 -0.330367625 -0.050577350 5.416786194 -0.010454309 -0.071861364 -0.032562293 0.996828139
4018.415531488 -0.352065682 -0.050604936 5.557415485 -0.010655356 -0.074242294 -0.037261534 0.996486902
4018.487047392 -0.377912313 -0.060866494 5.760053158 -0.012541422 -0.079936273 -0.034669373 0.996117949
4018.522761888 -0.401916534 -0.056190558 5.883033752 -0.008974161 -0.081102788 -0.049401648 0.995440304
4018.576027040 -0.421095937 -0.053898733 6.075387001 -0.012601575 -0.080080897 -0.033147048 0.996157408
4018.622719136 -0.444074333 -0.059035156 6.227759838 -0.011341791 -0.079066731 -0.036623143 0.996131837
4018.655786848 -0.463190794 -0.059569433 6.341687202 -0.012999950 -0.077179946 -0.042765863 0.996014774
4018.695047680 -0.476758718 -0.059984889 6.459377289 -0.014059285 -0.076532923 -0.036931723 0.996283650
4018.737602432 -0.495005608 -0.056569736 6.610066891 -0.012460335 -0.077441126 -0.030665422 0.996447325
4018.810578496 -0.524826884 -0.060221199 6.818137169 -0.018888464 -0.075989306 -0.029088849 0.996505260
4018.842268288 -0.538275540 -0.092609435 6.944880009 -0.022503393 -0.075692452 -0.029058984 0.996453643
4018.874961824 -0.547677755 -0.095190987 7.067234516 -0.023820540 -0.076396912 -0.019515300 0.996601880
4018.922174592 -0.579412937 -0.085336663 7.203067303 -0.018742986 -0.072146997 -0.036993634 0.996531487
4018.968171968 -0.608533204 -0.070566773 7.382385254 -0.015752865 -0.068738066 -0.038435049 0.996769667
4019.006403648 -0.620344043 -0.054058433 7.498525620 -0.018481037 -0.069607742 -0.033307984 0.996846974
4019.044719776 -0.637588084 -0.052791499 7.640081406 -0.019780863 -0.074535385 -0.031424377 0.996526837
4019.088119296 -0.656579554 -0.053640243 7.785534859 -0.021114826 -0.079310559 -0.032513443 0.996095836
4019.165238016 -0.681537390 -0.041934747 8.017344475 -0.018333280 -0.087684818 -0.038033370 0.995253086
4019.199425088 -0.732382059 -0.031742729 8.185885429 -0.021832133 -0.089137457 -0.041366555 0.994920433
4019.240196160 -0.732411444 -0.038353615 8.293556213 -0.029716482 -0.087013066 -0.042376954 0.994861722
4019.277676736 -0.798618138 -0.035145171 8.465990067 -0.031608522 -0.081093222 -0.052279811 0.994832456
4019.366541856 -0.796161771 -0.023732483 8.871314049 -0.028200960 -0.078653790 -0.049480092 0.995273829
4019.409965824 -0.799363077 0.005070224 9.050100327 -0.024563851 -0.081217915 -0.045891013 0.995336294
4019.445463552 -0.809561312 0.005831644 9.203498840 -0.028341578 -0.083023287 -0.039358415 0.995366693
4019.494884320 -0.840156615 0.048659690 9.410406113 -0.024625903 -0.087350436 -0.021081489 0.995650053
4019.544996000 -0.875347316 0.061995257 9.585853577 -0.034788337 -0.088957883 -0.027562743 0.995046020
4019.588942656 -0.918627977 0.075243279 9.753293991 -0.031607598 -0.091170520 -0.025471831 0.995007634
4019.627397888 -0.943240523 0.081262656 9.892992020 -0.034232020 -0.093671478 -0.026092617 0.994672358
4019.673132704 -0.973826528 0.085206367 10.052837372 -0.037685346 -0.094913200 -0.032779384 0.994231761
4019.744122784 -1.013886094 0.092450380 10.301293373 -0.025571799 -0.091809191 -0.024287181 0.995151937
4019.785657056 -1.039801717 0.096404687 10.450957298 -0.026555432 -0.089717127 -0.025720283 0.995280921
4019.823524224 -1.063140273 0.100346588 10.589859009 -0.022629758 -0.086942196 -0.027351869 0.995580673
4019.870407008 -1.088344932 0.108122237 10.753334045 -0.027464744 -0.085615605 -0.027109619 0.995580614
4019.923302656 -1.112275481 0.109076008 10.936677933 -0.032469388 -0.086707801 -0.017491588 0.995550871
4019.955658368 -1.134612441 0.115407690 11.059136391 -0.033570617 -0.086293198 -0.025877068 0.995367706
4019.995736960 -1.163861036 0.134513244 11.210663795 -0.041920219 -0.087063611 -0.032162212 0.994800568
4020.044412288 -1.184267282 0.121537715 11.392802238 -0.044515263 -0.089200847 -0.022377506 0.994766772
4020.080172928 -1.188848257 0.094459385 11.573915482 -0.052490160 -0.092838794 -0.024623439 0.993991673
4020.118402400 -1.218764782 0.108573221 11.700020790 -0.051457185 -0.095782511 -0.025497055 0.993744314
4020.164986016 -1.249087691 0.128542304 11.862288475 -0.052141987 -0.096271269 -0.025651261 0.993657410
4020.218974720 -1.289929867 0.141671479 12.057115555 -0.048105616 -0.094629467 -0.022913124 0.994085550
4020.254428640 -1.311476111 0.163767695 12.185483932 -0.051586594 -0.093520701 -0.022694780 0.994020939
4020.317527680 -1.347260714 0.169115692 12.382366180 -0.047737725 -0.090190135 -0.027261971 0.994406164
4020.353843168 -1.280861616 0.343022734 12.258349419 -0.044102781 -0.088501729 -0.033132862 0.994547486
4020.398573984 -1.369560838 0.471669644 12.280673027 -0.041368231 -0.083920665 -0.039249532 0.994839430
4020.440840320 -1.420220971 0.212260514 12.796630859 -0.063340716 -0.085588522 -0.026871286 0.993951976
4020.485838112 -1.442626238 0.222878471 12.927499771 -0.067090109 -0.084524103 -0.027123984 0.993790209
4020.524569760 -1.499259472 0.224906445 13.077113152 -0.067142338 -0.079445779 -0.038180254 0.993842363
4020.569306400 -1.505536795 0.271870822 13.176698685 -0.066319898 -0.081245735 -0.038092017 0.993755460
4020.604935840 -1.521933675 0.281904519 13.217082977 -0.065235563 -0.082661666 -0.027246218 0.994066894
4020.639088960 -1.553403258 0.294918954 13.415177345 -0.055995632 -0.084364213 -0.016986657 0.994715333
4020.679363008 -1.502255440 0.327655435 14.003076553 -0.049631365 -0.087417014 -0.005922610 0.994917095
4020.727246272 -1.553183198 0.339769274 14.029466629 -0.047833998 -0.088669583 -0.000027000 0.994911909
4020.775305632 -1.550500154 0.305431753 14.264621735 -0.049260311 -0.089756668 0.001619849 0.994743466
4020.821650752 -1.527398229 0.340143025 14.340857506 -0.050823290 -0.092688873 -0.006090412 0.994378567
4020.858506304 -1.526367903 0.356606573 14.463932037 -0.047620453 -0.094590895 -0.003698669 0.994369745
4020.941567136 -1.555606842 0.431620330 14.634385109 -0.047242668 -0.099754311 0.000517046 0.993889809
4020.978074304 -1.613085866 0.280010343 14.587736130 -0.049919836 -0.098972254 0.002343579 0.993834555
4021.012091328 -1.609729409 0.298955172 14.599097252 -0.049105261 -0.099476509 0.002282697 0.993824959
4021.058270464 -1.615117431 0.325334728 14.421656609 -0.048272684 -0.099878184 0.005444699 0.993813097
4021.109690784 -1.658508182 0.356732130 14.389513016 -0.045918357 -0.097605571 -0.003571863 0.994158924
4021.142485824 -1.691848040 0.339739680 14.362149239 -0.047520898 -0.095963515 -0.006733716 0.994227052
4021.180379424 -1.702696800 0.327480048 14.362793922 -0.050489325 -0.095791437 -0.005559913 0.994104624
4021.217509504 -1.674482703 0.311740220 14.331287384 -0.050995018 -0.095812023 -0.005650690 0.994076312
4021.264947584 -1.632344246 0.280093700 14.351419449 -0.050867736 -0.095875889 -0.006325637 0.994072616
4021.305052640 -1.646057367 0.230275258 14.421976089 -0.051765125 -0.095421582 -0.008317989 0.994055331
4021.339380576 -1.608043194 0.273235261 14.384035110 -0.050444085 -0.096523181 -0.009103701 0.994009972
4021.376868800 -1.601037383 0.277166307 14.447731018 -0.049751844 -0.096200705 -0.012817267 0.994035184
4021.424042016 -1.574664593 0.285819948 14.493719101 -0.051660050 -0.096337363 -0.014893672 0.993895710
4021.457515232 -1.601219058 0.265364230 14.428300858 -0.053617608 -0.095856197 -0.017889898 0.993789077
4021.519134752 -1.605960846 0.265116990 14.446963310 -0.054597761 -0.095933110 -0.019444861 0.993699133
4021.560944224 -1.608162642 0.266597807 14.458928108 -0.053932067 -0.096088827 -0.019583421 0.993717670
4021.611395200 -1.610758662 0.267987490 14.470415115 -0.052667119 -0.096698798 -0.019197164 0.993733943
4021.643766720 -1.612026095 0.269053668 14.477807999 -0.052354772 -0.096730433 -0.018791731 0.993755102
4021.682641824 -1.613457680 0.267954320 14.484954834 -0.052285369 -0.096782170 -0.018734941 0.993754804
4021.724586560 -1.613804817 0.268991292 14.492882729 -0.051753368 -0.097829111 -0.017795909 0.993697345
4021.775204736 -1.615204811 0.269636035 14.499809265 -0.051390395 -0.098188363 -0.017484831 0.993686318
4021.810433504 -1.615887165 0.270204693 14.504010201 -0.051199567 -0.097893402 -0.017094297 0.993732035
4021.847314272 -1.616982341 0.269831061 14.508347511 -0.051280044 -0.097680196 -0.017284105 0.993745625
4021.911101376 -1.617440462 0.270287275 14.514602661 -0.051290933 -0.097847305 -0.016809655 0.993736744
4021.952828192 -1.617921472 0.270538539 14.517995834 -0.051133085 -0.097982608 -0.016458226 0.993737400
4021.990739296 -1.618486166 0.271702677 14.521081924 -0.051169742 -0.098027326 -0.016383741 0.993732393
4022.042707680 -1.619005322 0.271439135 14.524503708 -0.051039200 -0.097965620 -0.016074680 0.993750155
4022.084155424 -1.619377851 0.271398842 14.527492523 -0.051173307 -0.097860865 -0.016247315 0.993750811
4022.138196832 -1.620137811 0.271964163 14.531655312 -0.050909523 -0.097701058 -0.015937481 0.993785083
4022.170170240 -1.620169878 0.272755384 14.534229279 -0.050763514 -0.097788163 -0.015860744 0.993785203
4022.210867616 -1.621048689 0.272347718 14.537573814 -0.050692432 -0.097758949 -0.015866777 0.993791640
4022.262210208 -1.621798992 0.272468448 14.541891098 -0.050928697 -0.097746491 -0.015817555 0.993781507
4022.310611488 -1.623006701 0.273164719 14.546891212 -0.050943457 -0.097606644 -0.015896861 0.993793309
4022.344725760 -1.623473763 0.273989290 14.550394058 -0.050909508 -0.097376369 -0.015946258 0.993816853
4022.378880096 -1.624598026 0.273641288 14.554461479 -0.050948214 -0.097083569 -0.016386842 0.993836343
