2212.261315232 0.000000000 0.000000000 0.000000000 -0.000000000 -0.000000000 -0.000000000 1.000000000
2212.386502464 -0.035371058 -0.104453452 0.579781234 0.066570356 -0.003024517 -0.011940615 0.997705758
2212.512275296 -0.019846871 -0.185229987 1.160562873 0.036502965 0.027681138 -0.003278556 0.998944759
2212.636447552 0.021992408 -0.235158816 1.740619302 0.008144894 0.059313796 0.001459585 0.998205125
2212.761157600 0.004554673 -0.325313747 2.284437180 0.073060378 0.032232460 0.003191281 0.996801436
2212.886256352 0.048057429 -0.401781410 2.834450245 0.045203615 0.034925602 0.023070045 0.998100519
2213.011333568 0.084082380 -0.467868745 3.383705139 0.036000315 0.035173960 0.008067821 0.998700023
2213.136404160 0.128054172 -0.516004622 3.906438112 0.028699690 0.036829472 0.015631294 0.998787045
2213.261575968 0.176817715 -0.567519844 4.428617001 0.025157787 0.035877116 0.031512123 0.998542368
2213.384245888 0.235094562 -0.620247543 4.932000637 0.050089218 0.039492540 0.052661940 0.996573210
2213.511011264 0.264222294 -0.679321468 5.337210178 0.039165806 0.037843484 0.076235741 0.995601356
2213.636556608 0.319149941 -0.757086217 5.950037479 0.050452683 0.021990083 0.054808974 0.996978939
2213.760790080 0.352178782 -0.762201250 6.224905968 0.062553540 0.001915733 0.060812738 0.996185303
2213.883398208 0.375864327 -0.814233363 6.710798740 0.039205302 -0.013114107 0.056019593 0.997573435
2214.010814336 0.360209763 -0.855411887 7.134337425 0.029322876 -0.026646510 0.024433222 0.998916030
2214.136176288 0.352237850 -0.903453708 7.601528645 0.029694414 -0.034974858 0.027893296 0.998557448
2214.260891424 0.340810984 -0.943020403 8.070859909 0.023134660 -0.039318394 0.034271412 0.998370826
2214.383735360 0.323793292 -0.990556240 8.537240982 0.033888385 -0.041996006 0.043567687 0.997592092
2214.510835904 0.605999410 -0.965238512 8.899510384 0.033887275 -0.052201949 0.025503015 0.997735560
2214.636705888 0.626050174 -0.971668303 9.488837242 0.046166886 -0.050905835 0.004049012 0.997627616
2214.760782784 0.602525413 -1.024533987 9.959597588 0.045166932 -0.035458818 0.019069806 0.998167813
2214.883837568 0.588910699 -1.073722005 10.425849915 0.045564558 -0.021417120 0.025764516 0.998399377
2215.011134784 0.591484845 -1.123213530 10.899414062 0.043748662 -0.008399624 0.032146808 0.998489916
2215.136532064 0.606327534 -1.170871139 11.372383118 0.041819643 0.004913006 0.038370013 0.998376071
2215.260747392 0.305655301 -1.308171749 11.530762672 0.038071614 -0.031035008 0.021599574 0.998559415
2215.383618880 0.136880845 -1.270794988 11.495473862 0.037970845 -0.026851609 0.023251545 0.998647392
2215.510862624 0.295168757 -1.358229518 12.213752747 0.042268444 -0.030169694 0.027488809 0.998272359
2215.636262592 0.425447106 -1.490649819 12.935303688 0.033946402 -0.031168891 0.050468266 0.997661829
2215.760810944 0.479531467 -1.436640143 13.244012833 0.029707139 -0.042276692 0.020236386 0.998459160
2215.883729408 0.491982996 -1.454189301 13.709863663 0.023511920 -0.044901490 0.010907142 0.998655200
2216.011072704 0.429405093 -1.502893686 14.419025421 0.025387067 -0.035655834 0.014902225 0.998930454
2216.136473120 0.635253608 -1.754598856 14.914564133 0.022002112 -0.037005547 0.032589525 0.998541176
2216.260903744 0.137591198 -1.632737160 14.690424919 0.011022148 -0.041770406 0.011837661 0.998996317
2216.260903744 0.137591198 -1.632737160 14.690424919 0.011022148 -0.041770406 0.011837661 0.998996317
2216.260903744 0.137591198 -1.632737160 14.690424919 0.011022148 -0.041770406 0.011837661 0.998996317
2216.260903744 0.137591198 -1.632737160 14.690424919 0.011022148 -0.041770406 0.011837661 0.998996317
2216.260903744 0.137591198 -1.632737160 14.690424919 0.011022148 -0.041770406 0.011837661 0.998996317
2216.260903744 0.137591198 -1.632737160 14.690424919 0.011022148 -0.041770406 0.011837661 0.998996317
2216.260903744 0.137591198 -1.632737160 14.690424919 0.011022148 -0.041770406 0.011837661 0.998996317
2216.260903744 0.137591198 -1.632737160 14.690424919 0.011022148 -0.041770406 0.011837661 0.998996317
2216.260903744 0.137591198 -1.632737160 14.690424919 0.011022148 -0.041770406 0.011837661 0.998996317
2216.260903744 0.137591198 -1.632737160 14.690424919 0.011022148 -0.041770406 0.011837661 0.998996317
2216.260903744 0.137591198 -1.632737160 14.690424919 0.011022148 -0.041770406 0.011837661 0.998996317
2216.260903744 0.137591198 -1.632737160 14.690424919 0.011022148 -0.041770406 0.011837661 0.998996317
2216.260903744 0.137591198 -1.632737160 14.690424919 0.011022148 -0.041770406 0.011837661 0.998996317
2216.260903744 0.137591198 -1.632737160 14.690424919 0.011022148 -0.041770406 0.011837661 0.998996317
2216.260903744 0.137591198 -1.632737160 14.690424919 0.011022148 -0.041770406 0.011837661 0.998996317
2216.260903744 0.137591198 -1.632737160 14.690424919 0.011022148 -0.041770406 0.011837661 0.998996317
2216.260903744 0.137591198 -1.632737160 14.690424919 0.011022148 -0.041770406 0.011837661 0.998996317
2216.260903744 0.137591198 -1.632737160 14.690424919 0.011022148 -0.041770406 0.011837661 0.998996317
2216.260903744 0.137591198 -1.632737160 14.690424919 0.011022148 -0.041770406 0.011837661 0.998996317
2216.260903744 0.137591198 -1.632737160 14.690424919 0.011022148 -0.041770406 0.011837661 0.998996317
2216.260903744 0.137591198 -1.632737160 14.690424919 0.011022148 -0.041770406 0.011837661 0.998996317
2216.260903744 0.137591198 -1.632737160 14.690424919 0.011022148 -0.041770406 0.011837661 0.998996317
2216.260903744 0.137591198 -1.632737160 14.690424919 0.011022148 -0.041770406 0.011837661 0.998996317
2216.260903744 0.137591198 -1.632737160 14.690424919 0.011022148 -0.041770406 0.011837661 0.998996317
2216.260903744 0.137591198 -1.632737160 14.690424919 0.011022148 -0.041770406 0.011837661 0.998996317
2216.260903744 0.137591198 -1.632737160 14.690424919 0.011022148 -0.041770406 0.011837661 0.998996317
2216.260903744 0.137591198 -1.632737160 14.690424919 0.011022148 -0.041770406 0.011837661 0.998996317
2216.260903744 0.137591198 -1.632737160 14.690424919 0.011022148 -0.041770406 0.011837661 0.998996317
2216.260903744 0.137591198 -1.632737160 14.690424919 0.011022148 -0.041770406 0.011837661 0.998996317
2216.260903744 0.137591198 -1.632737160 14.690424919 0.011022148 -0.041770406 0.011837661 0.998996317
2216.260903744 0.137591198 -1.632737160 14.690424919 0.011022148 -0.041770406 0.011837661 0.998996317
2216.260903744 0.137591198 -1.632737160 14.690424919 0.011022148 -0.041770406 0.011837661 0.998996317
2216.260903744 0.137591198 -1.632737160 14.690424919 0.011022148 -0.041770406 0.011837661 0.998996317
2216.260903744 0.137591198 -1.632737160 14.690424919 0.011022148 -0.041770406 0.011837661 0.998996317
2216.260903744 0.137591198 -1.632737160 14.690424919 0.011022148 -0.041770406 0.011837661 0.998996317
