530.909630624 0.000000000 0.000000000 0.000000000 -0.000000000 -0.000000000 -0.000000000 1.000000000
531.159290592 0.098094940 -0.043851446 0.672997773 0.007518759 0.048251770 0.027732942 0.998421848
531.408838368 0.320875436 -0.149811953 1.157694101 0.006220115 0.053231440 0.020921111 0.998343647
531.656875104 0.420716763 -0.233268142 2.061187267 -0.016476497 0.093117051 0.014128178 0.995418608
531.908287200 0.434488237 -0.200664222 3.223642588 0.006772148 0.102907978 0.030243538 0.994207919
532.159520640 0.650148392 -0.234864920 4.021889687 -0.005455983 0.107942067 0.036312353 0.993478835
532.407550560 0.824077487 -0.259435117 4.780390739 0.002360071 0.092408858 0.002417730 0.995715439
532.656176192 0.941254437 -0.243407562 5.438091278 -0.011495118 0.114020757 0.016352264 0.993277311
532.907457888 1.178170204 -0.271257609 6.208727360 0.011153916 0.117206410 0.015310359 0.992926955
533.159185952 1.351062655 -0.302051008 6.924090385 -0.007882825 0.085535914 -0.004873912 0.996291995
533.407298688 1.515310168 -0.310557961 7.639791965 -0.001357195 0.101830654 0.004287554 0.994791627
533.656066016 1.662518620 -0.316482574 8.322554588 0.000980939 0.127379641 0.006123212 0.991834641
533.907504576 1.841761351 -0.348275930 9.046527863 0.012519951 0.157613531 0.021694094 0.987183154
534.159502432 2.038297176 -0.350726604 9.613220215 -0.016926767 0.147477046 0.027270343 0.988544524
534.407560992 2.143732548 -0.361179173 10.005167961 0.000914629 0.139669612 0.014390622 0.990093172
534.655979104 2.250918150 -0.399398148 10.390839577 0.017232735 0.132885456 -0.000852724 0.990981281
534.655979104 2.250918150 -0.399398148 10.390839577 0.017232735 0.132885456 -0.000852724 0.990981281
534.655979104 2.250918150 -0.399398148 10.390839577 0.017232735 0.132885456 -0.000852724 0.990981281
535.405867392 2.216349363 -0.370545417 10.251391411 -0.009025207 0.154943973 0.004134757 0.987873435
535.655492192 2.215996504 -0.371784598 10.249321938 -0.008667512 0.154998139 0.004025511 0.987868547
535.905823520 2.216667175 -0.371048182 10.249382019 -0.008834998 0.154856250 0.004021139 0.987889349
