291.875296224 0.000000000 0.000000000 0.000000000 -0.000000000 -0.000000000 -0.000000000 1.000000000
291.903873952 0.001035709 -0.002760008 0.151550248 -0.005392272 -0.000093035 -0.000662241 0.999985278
291.932669792 0.004812028 -0.005543377 0.302163899 -0.003003146 0.000256930 0.000423228 0.999995410
291.961425504 0.009878231 -0.010099529 0.449736357 -0.000496741 0.000613625 0.000227631 0.999999702
291.991183904 0.009707689 -0.014200957 0.598846078 -0.002146512 0.000791003 0.000072744 0.999997437
292.021029568 0.012314106 -0.018754933 0.756994545 -0.002675424 0.000104420 -0.000171624 0.999996424
292.049801088 0.013405246 -0.021995749 0.910226166 -0.002888380 0.000001150 -0.001648130 0.999994516
292.080340672 0.016415982 -0.027028963 1.058962584 -0.002160375 0.000110217 -0.000374262 0.999997616
292.121041728 0.028175130 -0.033440925 1.270420790 -0.004537890 -0.001711599 0.000575460 0.999988079
292.152661600 0.032956898 -0.030636825 1.452935457 -0.000159536 -0.003479246 0.001447403 0.999992907
292.184054176 0.037964612 -0.046511475 1.594734192 -0.001014712 -0.001467409 -0.001618592 0.999997139
292.221882688 0.039607711 -0.050106015 1.764772654 0.000847045 -0.002138642 -0.001398062 0.999996424
292.253230016 0.044182424 -0.053378653 1.957667470 -0.003912339 -0.003646916 -0.003970933 0.999977827
292.285015328 0.048518062 -0.059957832 2.120381832 -0.004055775 -0.003867867 -0.003995950 0.999976337
292.317143968 0.050409652 -0.068043232 2.283753157 0.002037863 -0.004163178 -0.004859391 0.999977469
292.351949472 0.051036477 -0.074198201 2.458005905 0.002720686 -0.006142194 -0.006618073 0.999955535
292.383419648 0.050662421 -0.077772543 2.631548882 0.000867158 -0.007960547 -0.007758183 0.999937892
292.415412512 0.049950130 -0.083149269 2.799436092 0.001002817 -0.007918340 -0.006479706 0.999947190
292.448469664 0.050371639 -0.096190453 2.968431473 0.004727157 -0.008870498 -0.007756796 0.999919415
292.479842112 0.046949718 -0.104409382 3.128235102 0.007573735 -0.010088845 -0.014553266 0.999814570
292.511445952 0.045127682 -0.109114744 3.291439056 0.008901156 -0.010385454 -0.013340478 0.999817431
292.543040384 0.045844350 -0.116476588 3.455644131 0.005728935 -0.010936555 -0.008918890 0.999884069
292.576599136 0.044465870 -0.117580816 3.634408951 0.005049851 -0.012617699 -0.009996482 0.999857724
292.608923168 0.039477766 -0.125160277 3.802517653 0.002772494 -0.012937961 -0.014934693 0.999800920
292.642466528 0.035560850 -0.131114334 3.980018377 0.005164963 -0.011049625 -0.018778581 0.999749303
292.674630816 0.028490344 -0.143926784 4.143643856 0.005983985 -0.013002143 -0.011352357 0.999833226
292.706631712 0.023731479 -0.147120073 4.307510853 0.009364055 -0.015700353 -0.013559079 0.999740958
292.738356096 0.028254140 -0.149137422 4.483017921 0.011838871 -0.015474777 -0.013122374 0.999724090
292.769920192 0.027815634 -0.160550430 4.646532536 0.016316598 -0.014231097 -0.014843101 0.999655426
292.802957120 0.028629834 -0.169005677 4.808958530 0.018189307 -0.013410226 -0.014486874 0.999639690
292.834374400 0.033635210 -0.178294733 4.978899956 0.021661004 -0.012115190 -0.011904559 0.999621153
292.865670304 0.038375266 -0.195031539 5.139649868 0.023809668 -0.011310461 -0.010956595 0.999592483
292.897018336 0.052081000 -0.208870694 5.303865433 0.021421328 -0.011864806 -0.010726309 0.999642611
292.928803456 0.053856935 -0.220255986 5.467383385 0.020930411 -0.012050483 -0.009511543 0.999663115
292.960281568 0.055984102 -0.232076243 5.625484467 0.025883362 -0.012312277 -0.010649016 0.999532461
292.992244352 0.059368216 -0.248442069 5.785067081 0.028012896 -0.014410404 -0.009888064 0.999454856
293.024172736 0.058867380 -0.262141675 5.948534489 0.027839065 -0.015760928 -0.003802959 0.999480903
293.055664608 0.066599451 -0.269504666 6.102787018 0.025123039 -0.021196179 -0.000214164 0.999459624
293.087468448 0.062016934 -0.282939672 6.264113426 0.023065500 -0.021008650 -0.006866382 0.999489605
293.119056736 0.059246868 -0.300316244 6.423798561 0.019383345 -0.021665681 -0.002483948 0.999574304
293.150732256 0.055636592 -0.313747317 6.586242676 0.019135075 -0.023548068 -0.000740834 0.999539316
293.182105536 0.046896432 -0.321062833 6.750110149 0.018745929 -0.024744567 -0.010326625 0.999464691
293.213425472 0.043334279 -0.334011346 6.908671379 0.019355943 -0.024656272 -0.008200503 0.999475002
293.249028416 0.039251801 -0.350766689 7.081208229 0.022391887 -0.025896942 -0.005613391 0.999398053
293.290916032 0.028773645 -0.362591326 7.301863194 0.018436331 -0.026284300 -0.013164549 0.999397814
293.319848192 0.024421353 -0.375957936 7.450574875 0.021098552 -0.025930857 -0.012315458 0.999365211
293.356662048 0.018347707 -0.390287608 7.611493587 0.023084629 -0.027783545 -0.013081463 0.999261737
293.390360000 0.007939611 -0.407580733 7.795531273 0.030507606 -0.031673837 -0.017492991 0.998879433
293.432734912 -0.002858127 -0.429170072 8.014533997 0.035525624 -0.033841681 -0.019578399 0.998603761
293.463088864 -0.012077305 -0.445195258 8.169775963 0.039385833 -0.033270493 -0.024026789 0.998380959
293.494438944 -0.021057747 -0.461888969 8.329059601 0.039145552 -0.031372454 -0.027548425 0.998360932
293.526694912 -0.029904403 -0.480354518 8.492239952 0.038073845 -0.029161576 -0.031918969 0.998339236
293.559910496 -0.036411829 -0.500218093 8.657058716 0.041804023 -0.029945428 -0.029648015 0.998236775
293.599215360 -0.047148980 -0.522203624 8.852898598 0.041845329 -0.033143118 -0.031171205 0.998087645
293.629609504 -0.061389305 -0.550101459 9.029230118 0.042163808 -0.033918399 -0.035861798 0.997890651
293.629609504 -0.061389305 -0.550101459 9.029230118 0.042163808 -0.033918399 -0.035861798 0.997890651
293.692810816 -0.076376826 -0.532090008 9.330134392 -0.016409069 -0.035478573 -0.041988093 0.998353124
293.724766240 -0.081604853 -0.545989156 9.491901398 -0.013864748 -0.039436907 -0.029104533 0.998701870
293.756700640 -0.092787609 -0.563010573 9.647433281 -0.012684477 -0.042850114 -0.018568432 0.998828471
293.756700640 -0.092787609 -0.563010573 9.647433281 -0.012684477 -0.042850114 -0.018568432 0.998828471
293.821179552 -0.124032438 -0.593794703 9.932493210 0.067144684 -0.042341765 -0.054363575 0.995360911
293.862036864 -0.127800629 -0.610689878 10.101180077 0.050967224 -0.045278162 -0.033172034 0.997121811
293.895422848 -0.125163719 -0.640711069 10.297904968 0.042722858 -0.047668945 0.000706372 0.997948885
293.931864608 -0.152131274 -0.676391780 10.519327164 0.030892208 -0.044996753 0.021303153 0.998282075
293.963286528 -0.162675470 -0.664067149 10.639843941 0.011543184 -0.030730534 -0.042791285 0.998544574
293.994636224 -0.173399255 -0.662853062 10.797812462 -0.007745490 -0.026634829 -0.047584396 0.998481989
294.025937664 -0.182467043 -0.640804410 10.968334198 -0.021477913 -0.019149782 -0.050050087 0.998332143
294.058242304 -0.179424271 -0.684761882 11.089071274 0.013453337 -0.024915338 -0.018059159 0.999435902
294.090512352 -0.194424465 -0.695624709 11.219341278 0.046914611 -0.025914025 -0.029693343 0.998121142
294.122752864 -0.108292758 -0.799407721 11.309123039 0.056287702 -0.026499810 -0.046138290 0.996995866
294.154031136 -0.025271092 -0.909927189 11.405294418 0.061227869 -0.024014391 -0.053499881 0.996399701
294.185390112 -0.247292101 -0.808671057 11.523829460 0.060633734 -0.022871718 -0.026727384 0.997540057
294.217060864 -0.258623749 -0.767213225 11.683432579 0.059840776 -0.023877086 -0.019769330 0.997726500
294.248647968 -0.264470398 -0.775554478 11.874283791 0.041418213 -0.024030497 -0.015703246 0.998729467
294.280040576 -0.230231971 -0.809527040 12.087818146 0.030705377 -0.024521522 -0.012122415 0.999154150
294.311987360 -0.239719629 -0.820363343 12.223826408 0.034045931 -0.025374494 -0.017914984 0.998937488
294.344529248 -0.242625460 -0.843984604 12.372381210 0.031707812 -0.027888568 -0.017327467 0.998957753
294.384538560 -0.251120806 -0.861025929 12.544245720 0.033698630 -0.030402338 -0.024056325 0.998679876
294.441060640 -0.271910936 -0.879119873 12.737454414 0.021512322 -0.030414246 -0.027397344 0.998930275
294.470784672 -0.208594501 -0.831557930 13.022586823 0.019582132 -0.028031670 -0.031264849 0.998926103
294.505458112 -0.271929383 -0.898676455 13.222480774 0.017466921 -0.026106151 -0.030244090 0.999048948
294.542789472 -0.266603261 -0.894192874 13.452022552 0.022772577 -0.026133791 -0.022565139 0.999144316
294.575094784 -0.685255170 -1.075078368 14.433739662 0.008401900 -0.021547407 -0.025503473 0.999407172
294.616716224 -0.332267672 -0.935217202 13.707180023 0.019714070 -0.024652109 -0.035179503 0.998882473
294.647447456 -0.464375436 -0.728137195 12.288778305 0.025384802 -0.019679977 -0.044895042 0.998475194
294.647447456 -0.464375436 -0.728137195 12.288778305 0.025384802 -0.019679977 -0.044895042 0.998475194
294.711221088 -0.335447937 -0.965191185 13.720047951 0.040067833 -0.026964733 -0.019493688 0.998642802
294.742879712 -0.370271772 -1.001154304 14.144589424 0.046238918 -0.026683392 -0.009313381 0.998530567
294.774353120 -0.328192115 -1.021889687 14.514307022 0.047068018 -0.024562430 -0.026088942 0.998248875
294.806014112 -0.361616254 -1.024450421 14.612416267 0.044080760 -0.021176463 -0.043731309 0.997845709
294.837692672 -0.581888080 -1.514465094 14.441473961 0.029585859 -0.015347094 -0.057268638 0.997802317
294.837692672 -0.581888080 -1.514465094 14.441473961 0.029585859 -0.015347094 -0.057268638 0.997802317
294.837692672 -0.581888080 -1.514465094 14.441473961 0.029585859 -0.015347094 -0.057268638 0.997802317
294.837692672 -0.581888080 -1.514465094 14.441473961 0.029585859 -0.015347094 -0.057268638 0.997802317
294.837692672 -0.581888080 -1.514465094 14.441473961 0.029585859 -0.015347094 -0.057268638 0.997802317
294.837692672 -0.581888080 -1.514465094 14.441473961 0.029585859 -0.015347094 -0.057268638 0.997802317
294.837692672 -0.581888080 -1.514465094 14.441473961 0.029585859 -0.015347094 -0.057268638 0.997802317
294.837692672 -0.581888080 -1.514465094 14.441473961 0.029585859 -0.015347094 -0.057268638 0.997802317
294.837692672 -0.581888080 -1.514465094 14.441473961 0.029585859 -0.015347094 -0.057268638 0.997802317
294.837692672 -0.581888080 -1.514465094 14.441473961 0.029585859 -0.015347094 -0.057268638 0.997802317
294.837692672 -0.581888080 -1.514465094 14.441473961 0.029585859 -0.015347094 -0.057268638 0.997802317
294.837692672 -0.581888080 -1.514465094 14.441473961 0.029585859 -0.015347094 -0.057268638 0.997802317
294.837692672 -0.581888080 -1.514465094 14.441473961 0.029585859 -0.015347094 -0.057268638 0.997802317
294.837692672 -0.581888080 -1.514465094 14.441473961 0.029585859 -0.015347094 -0.057268638 0.997802317
294.837692672 -0.581888080 -1.514465094 14.441473961 0.029585859 -0.015347094 -0.057268638 0.997802317
294.837692672 -0.581888080 -1.514465094 14.441473961 0.029585859 -0.015347094 -0.057268638 0.997802317
294.837692672 -0.581888080 -1.514465094 14.441473961 0.029585859 -0.015347094 -0.057268638 0.997802317
294.837692672 -0.581888080 -1.514465094 14.441473961 0.029585859 -0.015347094 -0.057268638 0.997802317
294.837692672 -0.581888080 -1.514465094 14.441473961 0.029585859 -0.015347094 -0.057268638 0.997802317
294.837692672 -0.581888080 -1.514465094 14.441473961 0.029585859 -0.015347094 -0.057268638 0.997802317
294.837692672 -0.581888080 -1.514465094 14.441473961 0.029585859 -0.015347094 -0.057268638 0.997802317
294.837692672 -0.581888080 -1.514465094 14.441473961 0.029585859 -0.015347094 -0.057268638 0.997802317
294.837692672 -0.581888080 -1.514465094 14.441473961 0.029585859 -0.015347094 -0.057268638 0.997802317
294.837692672 -0.581888080 -1.514465094 14.441473961 0.029585859 -0.015347094 -0.057268638 0.997802317
294.837692672 -0.581888080 -1.514465094 14.441473961 0.029585859 -0.015347094 -0.057268638 0.997802317
294.837692672 -0.581888080 -1.514465094 14.441473961 0.029585859 -0.015347094 -0.057268638 0.997802317
294.837692672 -0.581888080 -1.514465094 14.441473961 0.029585859 -0.015347094 -0.057268638 0.997802317
294.837692672 -0.581888080 -1.514465094 14.441473961 0.029585859 -0.015347094 -0.057268638 0.997802317
294.837692672 -0.581888080 -1.514465094 14.441473961 0.029585859 -0.015347094 -0.057268638 0.997802317
294.837692672 -0.581888080 -1.514465094 14.441473961 0.029585859 -0.015347094 -0.057268638 0.997802317
294.837692672 -0.581888080 -1.514465094 14.441473961 0.029585859 -0.015347094 -0.057268638 0.997802317
294.837692672 -0.581888080 -1.514465094 14.441473961 0.029585859 -0.015347094 -0.057268638 0.997802317
294.837692672 -0.581888080 -1.514465094 14.441473961 0.029585859 -0.015347094 -0.057268638 0.997802317
294.837692672 -0.581888080 -1.514465094 14.441473961 0.029585859 -0.015347094 -0.057268638 0.997802317
294.837692672 -0.581888080 -1.514465094 14.441473961 0.029585859 -0.015347094 -0.057268638 0.997802317
294.837692672 -0.581888080 -1.514465094 14.441473961 0.029585859 -0.015347094 -0.057268638 0.997802317
294.837692672 -0.581888080 -1.514465094 14.441473961 0.029585859 -0.015347094 -0.057268638 0.997802317
294.837692672 -0.581888080 -1.514465094 14.441473961 0.029585859 -0.015347094 -0.057268638 0.997802317
294.837692672 -0.581888080 -1.514465094 14.441473961 0.029585859 -0.015347094 -0.057268638 0.997802317
294.837692672 -0.581888080 -1.514465094 14.441473961 0.029585859 -0.015347094 -0.057268638 0.997802317
294.837692672 -0.581888080 -1.514465094 14.441473961 0.029585859 -0.015347094 -0.057268638 0.997802317
294.837692672 -0.581888080 -1.514465094 14.441473961 0.029585859 -0.015347094 -0.057268638 0.997802317
294.837692672 -0.581888080 -1.514465094 14.441473961 0.029585859 -0.015347094 -0.057268638 0.997802317
294.837692672 -0.581888080 -1.514465094 14.441473961 0.029585859 -0.015347094 -0.057268638 0.997802317
294.837692672 -0.581888080 -1.514465094 14.441473961 0.029585859 -0.015347094 -0.057268638 0.997802317
294.837692672 -0.581888080 -1.514465094 14.441473961 0.029585859 -0.015347094 -0.057268638 0.997802317
294.837692672 -0.581888080 -1.514465094 14.441473961 0.029585859 -0.015347094 -0.057268638 0.997802317
294.837692672 -0.581888080 -1.514465094 14.441473961 0.029585859 -0.015347094 -0.057268638 0.997802317
294.837692672 -0.581888080 -1.514465094 14.441473961 0.029585859 -0.015347094 -0.057268638 0.997802317
294.837692672 -0.581888080 -1.514465094 14.441473961 0.029585859 -0.015347094 -0.057268638 0.997802317
294.837692672 -0.581888080 -1.514465094 14.441473961 0.029585859 -0.015347094 -0.057268638 0.997802317
294.837692672 -0.581888080 -1.514465094 14.441473961 0.029585859 -0.015347094 -0.057268638 0.997802317
294.837692672 -0.581888080 -1.514465094 14.441473961 0.029585859 -0.015347094 -0.057268638 0.997802317
294.837692672 -0.581888080 -1.514465094 14.441473961 0.029585859 -0.015347094 -0.057268638 0.997802317
294.837692672 -0.581888080 -1.514465094 14.441473961 0.029585859 -0.015347094 -0.057268638 0.997802317
294.837692672 -0.581888080 -1.514465094 14.441473961 0.029585859 -0.015347094 -0.057268638 0.997802317
294.837692672 -0.581888080 -1.514465094 14.441473961 0.029585859 -0.015347094 -0.057268638 0.997802317
294.837692672 -0.581888080 -1.514465094 14.441473961 0.029585859 -0.015347094 -0.057268638 0.997802317
294.837692672 -0.581888080 -1.514465094 14.441473961 0.029585859 -0.015347094 -0.057268638 0.997802317
294.837692672 -0.581888080 -1.514465094 14.441473961 0.029585859 -0.015347094 -0.057268638 0.997802317
294.837692672 -0.581888080 -1.514465094 14.441473961 0.029585859 -0.015347094 -0.057268638 0.997802317
294.837692672 -0.581888080 -1.514465094 14.441473961 0.029585859 -0.015347094 -0.057268638 0.997802317
294.837692672 -0.581888080 -1.514465094 14.441473961 0.029585859 -0.015347094 -0.057268638 0.997802317
294.837692672 -0.581888080 -1.514465094 14.441473961 0.029585859 -0.015347094 -0.057268638 0.997802317
294.837692672 -0.581888080 -1.514465094 14.441473961 0.029585859 -0.015347094 -0.057268638 0.997802317
294.837692672 -0.581888080 -1.514465094 14.441473961 0.029585859 -0.015347094 -0.057268638 0.997802317
294.837692672 -0.581888080 -1.514465094 14.441473961 0.029585859 -0.015347094 -0.057268638 0.997802317
294.837692672 -0.581888080 -1.514465094 14.441473961 0.029585859 -0.015347094 -0.057268638 0.997802317
294.837692672 -0.581888080 -1.514465094 14.441473961 0.029585859 -0.015347094 -0.057268638 0.997802317
294.837692672 -0.581888080 -1.514465094 14.441473961 0.029585859 -0.015347094 -0.057268638 0.997802317
294.837692672 -0.581888080 -1.514465094 14.441473961 0.029585859 -0.015347094 -0.057268638 0.997802317
294.837692672 -0.581888080 -1.514465094 14.441473961 0.029585859 -0.015347094 -0.057268638 0.997802317
294.837692672 -0.581888080 -1.514465094 14.441473961 0.029585859 -0.015347094 -0.057268638 0.997802317
294.837692672 -0.581888080 -1.514465094 14.441473961 0.029585859 -0.015347094 -0.057268638 0.997802317
294.837692672 -0.581888080 -1.514465094 14.441473961 0.029585859 -0.015347094 -0.057268638 0.997802317
294.837692672 -0.581888080 -1.514465094 14.441473961 0.029585859 -0.015347094 -0.057268638 0.997802317
294.837692672 -0.581888080 -1.514465094 14.441473961 0.029585859 -0.015347094 -0.057268638 0.997802317
294.837692672 -0.581888080 -1.514465094 14.441473961 0.029585859 -0.015347094 -0.057268638 0.997802317
294.837692672 -0.581888080 -1.514465094 14.441473961 0.029585859 -0.015347094 -0.057268638 0.997802317
294.837692672 -0.581888080 -1.514465094 14.441473961 0.029585859 -0.015347094 -0.057268638 0.997802317
294.837692672 -0.581888080 -1.514465094 14.441473961 0.029585859 -0.015347094 -0.057268638 0.997802317
294.837692672 -0.581888080 -1.514465094 14.441473961 0.029585859 -0.015347094 -0.057268638 0.997802317
294.837692672 -0.581888080 -1.514465094 14.441473961 0.029585859 -0.015347094 -0.057268638 0.997802317
294.837692672 -0.581888080 -1.514465094 14.441473961 0.029585859 -0.015347094 -0.057268638 0.997802317
294.837692672 -0.581888080 -1.514465094 14.441473961 0.029585859 -0.015347094 -0.057268638 0.997802317
294.837692672 -0.581888080 -1.514465094 14.441473961 0.029585859 -0.015347094 -0.057268638 0.997802317
294.837692672 -0.581888080 -1.514465094 14.441473961 0.029585859 -0.015347094 -0.057268638 0.997802317
294.837692672 -0.581888080 -1.514465094 14.441473961 0.029585859 -0.015347094 -0.057268638 0.997802317
294.837692672 -0.581888080 -1.514465094 14.441473961 0.029585859 -0.015347094 -0.057268638 0.997802317
294.837692672 -0.581888080 -1.514465094 14.441473961 0.029585859 -0.015347094 -0.057268638 0.997802317
294.837692672 -0.581888080 -1.514465094 14.441473961 0.029585859 -0.015347094 -0.057268638 0.997802317
294.837692672 -0.581888080 -1.514465094 14.441473961 0.029585859 -0.015347094 -0.057268638 0.997802317
294.837692672 -0.581888080 -1.514465094 14.441473961 0.029585859 -0.015347094 -0.057268638 0.997802317
294.837692672 -0.581888080 -1.514465094 14.441473961 0.029585859 -0.015347094 -0.057268638 0.997802317
294.837692672 -0.581888080 -1.514465094 14.441473961 0.029585859 -0.015347094 -0.057268638 0.997802317
294.837692672 -0.581888080 -1.514465094 14.441473961 0.029585859 -0.015347094 -0.057268638 0.997802317
294.837692672 -0.581888080 -1.514465094 14.441473961 0.029585859 -0.015347094 -0.057268638 0.997802317
294.837692672 -0.581888080 -1.514465094 14.441473961 0.029585859 -0.015347094 -0.057268638 0.997802317
294.837692672 -0.581888080 -1.514465094 14.441473961 0.029585859 -0.015347094 -0.057268638 0.997802317
294.837692672 -0.581888080 -1.514465094 14.441473961 0.029585859 -0.015347094 -0.057268638 0.997802317
294.837692672 -0.581888080 -1.514465094 14.441473961 0.029585859 -0.015347094 -0.057268638 0.997802317
294.837692672 -0.581888080 -1.514465094 14.441473961 0.029585859 -0.015347094 -0.057268638 0.997802317
294.837692672 -0.581888080 -1.514465094 14.441473961 0.029585859 -0.015347094 -0.057268638 0.997802317
294.837692672 -0.581888080 -1.514465094 14.441473961 0.029585859 -0.015347094 -0.057268638 0.997802317
294.837692672 -0.581888080 -1.514465094 14.441473961 0.029585859 -0.015347094 -0.057268638 0.997802317
294.837692672 -0.581888080 -1.514465094 14.441473961 0.029585859 -0.015347094 -0.057268638 0.997802317
294.837692672 -0.581888080 -1.514465094 14.441473961 0.029585859 -0.015347094 -0.057268638 0.997802317
294.837692672 -0.581888080 -1.514465094 14.441473961 0.029585859 -0.015347094 -0.057268638 0.997802317
294.837692672 -0.581888080 -1.514465094 14.441473961 0.029585859 -0.015347094 -0.057268638 0.997802317
294.837692672 -0.581888080 -1.514465094 14.441473961 0.029585859 -0.015347094 -0.057268638 0.997802317
294.837692672 -0.581888080 -1.514465094 14.441473961 0.029585859 -0.015347094 -0.057268638 0.997802317
294.837692672 -0.581888080 -1.514465094 14.441473961 0.029585859 -0.015347094 -0.057268638 0.997802317
294.837692672 -0.581888080 -1.514465094 14.441473961 0.029585859 -0.015347094 -0.057268638 0.997802317
294.837692672 -0.581888080 -1.514465094 14.441473961 0.029585859 -0.015347094 -0.057268638 0.997802317
294.837692672 -0.581888080 -1.514465094 14.441473961 0.029585859 -0.015347094 -0.057268638 0.997802317
294.837692672 -0.581888080 -1.514465094 14.441473961 0.029585859 -0.015347094 -0.057268638 0.997802317
294.837692672 -0.581888080 -1.514465094 14.441473961 0.029585859 -0.015347094 -0.057268638 0.997802317
294.837692672 -0.581888080 -1.514465094 14.441473961 0.029585859 -0.015347094 -0.057268638 0.997802317
294.837692672 -0.581888080 -1.514465094 14.441473961 0.029585859 -0.015347094 -0.057268638 0.997802317
294.837692672 -0.581888080 -1.514465094 14.441473961 0.029585859 -0.015347094 -0.057268638 0.997802317
294.837692672 -0.581888080 -1.514465094 14.441473961 0.029585859 -0.015347094 -0.057268638 0.997802317
294.837692672 -0.581888080 -1.514465094 14.441473961 0.029585859 -0.015347094 -0.057268638 0.997802317
294.837692672 -0.581888080 -1.514465094 14.441473961 0.029585859 -0.015347094 -0.057268638 0.997802317
294.837692672 -0.581888080 -1.514465094 14.441473961 0.029585859 -0.015347094 -0.057268638 0.997802317
294.837692672 -0.581888080 -1.514465094 14.441473961 0.029585859 -0.015347094 -0.057268638 0.997802317
294.837692672 -0.581888080 -1.514465094 14.441473961 0.029585859 -0.015347094 -0.057268638 0.997802317
294.837692672 -0.581888080 -1.514465094 14.441473961 0.029585859 -0.015347094 -0.057268638 0.997802317
294.837692672 -0.581888080 -1.514465094 14.441473961 0.029585859 -0.015347094 -0.057268638 0.997802317
294.837692672 -0.581888080 -1.514465094 14.441473961 0.029585859 -0.015347094 -0.057268638 0.997802317
294.837692672 -0.581888080 -1.514465094 14.441473961 0.029585859 -0.015347094 -0.057268638 0.997802317
294.837692672 -0.581888080 -1.514465094 14.441473961 0.029585859 -0.015347094 -0.057268638 0.997802317
294.837692672 -0.581888080 -1.514465094 14.441473961 0.029585859 -0.015347094 -0.057268638 0.997802317
294.837692672 -0.581888080 -1.514465094 14.441473961 0.029585859 -0.015347094 -0.057268638 0.997802317
294.837692672 -0.581888080 -1.514465094 14.441473961 0.029585859 -0.015347094 -0.057268638 0.997802317
294.837692672 -0.581888080 -1.514465094 14.441473961 0.029585859 -0.015347094 -0.057268638 0.997802317
294.837692672 -0.581888080 -1.514465094 14.441473961 0.029585859 -0.015347094 -0.057268638 0.997802317
294.837692672 -0.581888080 -1.514465094 14.441473961 0.029585859 -0.015347094 -0.057268638 0.997802317
294.837692672 -0.581888080 -1.514465094 14.441473961 0.029585859 -0.015347094 -0.057268638 0.997802317
294.837692672 -0.581888080 -1.514465094 14.441473961 0.029585859 -0.015347094 -0.057268638 0.997802317
294.837692672 -0.581888080 -1.514465094 14.441473961 0.029585859 -0.015347094 -0.057268638 0.997802317
294.837692672 -0.581888080 -1.514465094 14.441473961 0.029585859 -0.015347094 -0.057268638 0.997802317
294.837692672 -0.581888080 -1.514465094 14.441473961 0.029585859 -0.015347094 -0.057268638 0.997802317
294.837692672 -0.581888080 -1.514465094 14.441473961 0.029585859 -0.015347094 -0.057268638 0.997802317
294.837692672 -0.581888080 -1.514465094 14.441473961 0.029585859 -0.015347094 -0.057268638 0.997802317
294.837692672 -0.581888080 -1.514465094 14.441473961 0.029585859 -0.015347094 -0.057268638 0.997802317
294.837692672 -0.581888080 -1.514465094 14.441473961 0.029585859 -0.015347094 -0.057268638 0.997802317
294.837692672 -0.581888080 -1.514465094 14.441473961 0.029585859 -0.015347094 -0.057268638 0.997802317
294.837692672 -0.581888080 -1.514465094 14.441473961 0.029585859 -0.015347094 -0.057268638 0.997802317
294.837692672 -0.581888080 -1.514465094 14.441473961 0.029585859 -0.015347094 -0.057268638 0.997802317
294.837692672 -0.581888080 -1.514465094 14.441473961 0.029585859 -0.015347094 -0.057268638 0.997802317
294.837692672 -0.581888080 -1.514465094 14.441473961 0.029585859 -0.015347094 -0.057268638 0.997802317
294.837692672 -0.581888080 -1.514465094 14.441473961 0.029585859 -0.015347094 -0.057268638 0.997802317
294.837692672 -0.581888080 -1.514465094 14.441473961 0.029585859 -0.015347094 -0.057268638 0.997802317
294.837692672 -0.581888080 -1.514465094 14.441473961 0.029585859 -0.015347094 -0.057268638 0.997802317
294.837692672 -0.581888080 -1.514465094 14.441473961 0.029585859 -0.015347094 -0.057268638 0.997802317
