1 3052604798624 3052.604798624
3 3053105141696 3053.1051416960004
4 3053355211232 3053.3552112320003
6 3053855141376 3053.855141376
7 3054105162944 3054.1051629440003
8 3054354897920 3054.35489792
32 3060354838496 3060.3548384960004
33 3060605301984 3060.605301984
34 3060855004224 3060.8550042240004
35 3061105496928 3061.1054969280003
36 3061355148832 3061.3551488320004
37 3061605086752 3061.6050867520003
38 3061855197920 3061.85519792
39 3062105413280 3062.10541328
40 3062355155296 3062.3551552960002
41 3062605229376 3062.6052293760004
42 3062855541696 3062.8555416960003
43 3063105778848 3063.105778848
44 3063355019904 3063.355019904
45 3063605157344 3063.6051573440004
46 3063855590144 3063.8555901440004
47 3064105594560 3064.10559456
48 3064355240992 3064.3552409920003
49 3064605394688 3064.605394688
50 3064855319872 3064.855319872
51 3065105390784 3065.105390784
52 3065355087296 3065.355087296
53 3065605628320 3065.60562832
