355.910794368 0.000000000 0.000000000 0.000000000 0.000000000 0.000000000 0.000000000 1.000000000
355.942398592 0.000000000 0.000000000 0.000000000 0.000000000 0.000000000 0.000000000 1.000000000
355.974048576 0.000767580 -0.000508180 0.001169781 0.002976472 -0.000011423 0.001580663 0.999994278
356.005784096 0.001027082 -0.000029821 0.009467087 0.001234741 0.001472698 0.000360512 0.999998093
356.037637088 0.002574053 -0.000294854 0.022009507 0.001828955 0.003761900 0.000519270 0.999991119
356.069145280 0.003923912 -0.000479376 0.040136807 0.002714409 0.006531297 -0.000961915 0.999974549
356.100581568 0.004051701 0.000455879 0.063615441 0.003608643 0.008574862 -0.005486278 0.999941647
356.132882368 0.005128456 0.001019288 0.093592659 0.000862240 0.010024911 -0.006920098 0.999925435
356.164596224 0.008714933 -0.000985391 0.128845692 -0.000569170 0.009479446 -0.000594989 0.999954700
356.195843872 0.007711338 -0.002764838 0.165848672 0.001714766 0.004650356 -0.000266410 0.999987662
356.238493280 0.003657746 -0.009517916 0.222001135 0.006987044 -0.006780256 0.004563693 0.999942183
356.268870784 0.001906287 -0.016014401 0.266995013 0.007769123 -0.015456706 0.011964820 0.999778748
356.308072384 -0.006942697 -0.019162653 0.330608517 0.009189478 -0.024669271 0.006253257 0.999633849
356.337008992 -0.012076740 -0.021188308 0.379019588 0.014641542 -0.028550766 0.004233631 0.999476135
356.369185120 -0.012072772 -0.021633130 0.440564722 0.012064954 -0.031592105 0.013973260 0.999330342
356.401308768 -0.016590435 -0.022427706 0.504608095 0.014437286 -0.031039175 0.009683860 0.999366999
356.432992480 -0.022227561 -0.025825784 0.568205178 0.026142379 -0.026119912 0.000206463 0.999316931
356.465383968 -0.024384646 -0.028772688 0.642439842 0.028727144 -0.018636089 -0.001604237 0.999412298
356.496970656 -0.024221839 -0.028974421 0.718528032 0.025327919 -0.011354245 -0.000394504 0.999614656
356.528617120 -0.025739446 -0.031871811 0.796911240 0.022014560 -0.007725107 -0.004387667 0.999718189
356.560085440 -0.020137414 -0.040615775 0.874032378 0.018966338 -0.007388846 0.004541196 0.999782503
356.591432544 -0.019053197 -0.045867108 0.953296542 0.016529083 -0.006253176 0.002524639 0.999840617
356.622818272 -0.019965379 -0.048120130 1.035466194 0.013754769 -0.007456950 0.000593976 0.999877393
356.654035072 -0.020399285 -0.050664708 1.118991375 0.013491456 -0.009127904 0.001413413 0.999866307
356.685152096 -0.024200968 -0.055798333 1.203211188 0.013825105 -0.009501684 -0.003269030 0.999853909
356.716834400 -0.026553014 -0.061603565 1.292580605 0.012465754 -0.009410872 -0.004515994 0.999867797
356.748307488 -0.028884100 -0.062946014 1.386735916 0.009978202 -0.008564445 -0.007974597 0.999881744
356.779798144 -0.027385969 -0.066781119 1.477349043 0.008525674 -0.006472458 -0.003033421 0.999938071
356.811079968 -0.026148891 -0.074917793 1.566467643 0.015512310 -0.003806805 -0.001106069 0.999871790
356.842926912 -0.027063474 -0.078750923 1.660430670 0.010341891 -0.001605917 -0.002204208 0.999942780
356.874438976 -0.028760126 -0.081552669 1.749346733 0.010021451 0.001034639 -0.006131053 0.999930441
356.906617920 -0.028328994 -0.087616600 1.841401219 0.011905486 0.003201645 -0.006119706 0.999905288
356.939049600 -0.025647204 -0.092921384 1.940287352 0.010291958 0.004512827 -0.000246501 0.999936819
356.978218880 -0.020447707 -0.097065307 2.050367355 0.008911580 0.006352087 0.008135833 0.999907017
357.010296320 -0.018456753 -0.104583122 2.160464764 0.010279729 0.007789894 0.005005828 0.999904275
357.041871200 -0.017408840 -0.104323044 2.258137226 0.005987088 0.009773104 -0.003773996 0.999927163
357.073371264 -0.016868116 -0.106897555 2.359974623 0.000738412 0.011456802 -0.003357643 0.999928474
357.104872128 -0.013578318 -0.113472693 2.459826469 0.007156371 0.010597200 0.002518283 0.999915063
357.136971072 -0.011448069 -0.118944608 2.563333273 0.006528329 0.008269537 0.002369244 0.999941707
357.168646688 -0.011774747 -0.120607041 2.667770863 -0.001420612 0.004409374 -0.002041053 0.999987185
357.200159296 -0.013987849 -0.119844444 2.769835234 -0.001688955 -0.001353222 -0.006494944 0.999976575
357.231764864 -0.014019409 -0.122976437 2.867214203 0.004518310 -0.007673473 -0.004546661 0.999949992
357.263709024 -0.015566438 -0.126459390 2.973016977 0.002500445 -0.010818336 -0.005168655 0.999924958
357.295679680 -0.019755697 -0.128312126 3.079418898 -0.006579423 -0.010912932 -0.008930953 0.999878883
357.327392544 -0.023234488 -0.130567014 3.184442520 -0.007839534 -0.011122928 -0.012270926 0.999832094
357.359059104 -0.025099428 -0.131491348 3.289090872 -0.002769426 -0.010125617 -0.013988976 0.999847054
357.390500672 -0.024282888 -0.132679865 3.397288322 -0.007035613 -0.008078220 -0.009423191 0.999898195
357.422535616 -0.024176301 -0.138319731 3.504940748 -0.004302125 -0.005522768 -0.007059953 0.999950588
357.455029184 -0.023401342 -0.143447027 3.616221428 -0.001717972 -0.002991158 -0.003085965 0.999989271
357.486495200 -0.022707326 -0.142830089 3.726099253 -0.002355626 -0.000068103 -0.002071404 0.999995053
357.518956032 -0.026170064 -0.142772764 3.834474325 0.001234409 0.002170210 -0.008558108 0.999960244
357.550710720 -0.026519600 -0.144758537 3.948751450 -0.001103955 0.002957052 -0.006515443 0.999973774
357.582033760 -0.022737287 -0.147138149 4.062602043 -0.006094648 0.002793483 0.000896415 0.999977112
357.613659264 -0.022651346 -0.152559698 4.172910213 -0.001177141 0.002831897 0.002248933 0.999992788
357.655646080 -0.023446552 -0.154329389 4.327786446 -0.008863292 0.001742826 -0.001369638 0.999958277
357.697397152 -0.024570933 -0.156468734 4.476446629 -0.004086564 -0.000354218 -0.002822560 0.999987602
357.726060352 -0.024108827 -0.158488601 4.576589108 0.000818556 -0.001392226 -0.001082940 0.999998093
357.757510816 -0.024374612 -0.159099564 4.697266102 -0.004719777 -0.001923661 -0.000849735 0.999986649
357.788986496 -0.025593974 -0.161293358 4.813713074 -0.007683445 -0.003890465 -0.001422251 0.999961913
357.820560256 -0.031174561 -0.164227724 4.928546906 -0.003980071 -0.005693785 -0.009581708 0.999929965
357.861686080 -0.035532396 -0.167182416 5.077993393 -0.003773660 -0.007507239 -0.011600247 0.999897420
357.891768736 -0.035813764 -0.164542735 5.193304539 -0.014672508 -0.009989595 -0.006602019 0.999820650
357.923822624 -0.038340107 -0.163188457 5.311990738 -0.010708910 -0.010465626 -0.008553905 0.999851286
357.955527872 -0.041908700 -0.166339785 5.429806709 -0.004990141 -0.008950372 -0.012967890 0.999863386
357.987011328 -0.046949975 -0.167999744 5.552385330 -0.017221613 -0.004972926 -0.019700702 0.999645233
358.018763872 -0.048803680 -0.173316747 5.667280197 -0.008192861 -0.002042892 -0.019815708 0.999768019
358.050520224 -0.049474210 -0.174889058 5.787965298 0.005259583 0.000649844 -0.014979070 0.999873757
358.082710208 -0.050667863 -0.171910048 5.913870335 -0.003211744 0.001466005 -0.016101813 0.999864101
358.114750144 -0.048590433 -0.170540377 6.040195942 -0.013168680 0.003165347 -0.012498683 0.999830186
358.149155936 -0.047593389 -0.176021501 6.166087151 0.000744302 0.004369422 -0.011145348 0.999928057
358.181595136 -0.045742899 -0.181141332 6.291199207 -0.003152093 0.007343798 -0.009328995 0.999924541
358.213512832 -0.042001396 -0.182848617 6.421949863 -0.011265843 0.010138739 -0.004684725 0.999874175
358.247713312 -0.045658119 -0.179957435 6.551048756 -0.002661601 0.013067548 -0.019170374 0.999727309
358.278894304 -0.039182782 -0.182030484 6.676006794 -0.007018477 0.015791332 -0.011605393 0.999783337
358.310529376 -0.030730687 -0.187209755 6.797362804 -0.008317680 0.020895422 -0.004599629 0.999736488
358.343322816 -0.021112619 -0.193776593 6.918137074 -0.002559870 0.026382098 -0.000799693 0.999648333
358.375109984 -0.015927702 -0.193698496 7.043959618 0.004629775 0.032248892 -0.006153424 0.999450207
358.409913696 -0.010126166 -0.196327060 7.170771599 -0.002387473 0.038235113 -0.010267573 0.999213159
358.441265248 0.009934098 -0.201396987 7.303552628 0.003287394 0.038928583 0.014855140 0.999126136
358.472766400 0.014919721 -0.205703601 7.427113056 0.002387101 0.041744895 0.003408294 0.999119639
358.504211200 0.019195464 -0.206443250 7.549652100 0.002311978 0.041258138 -0.005532641 0.999130547
358.535617152 0.030611103 -0.210163027 7.674288273 -0.001498108 0.040906634 -0.001014461 0.999161363
358.567324992 0.046267744 -0.218417749 7.794481754 0.003155206 0.038561996 0.009419727 0.999206841
358.598723040 0.057268117 -0.227965519 7.918888569 0.009536994 0.035754215 0.008804110 0.999276340
358.630510912 0.065213442 -0.234459326 8.042728424 0.011234576 0.036180668 0.004274868 0.999273002
358.661965312 0.072582662 -0.232636586 8.172258377 0.009315898 0.037761059 -0.003883517 0.999235809
358.693099680 0.087455399 -0.234442100 8.295625687 0.007806153 0.041002519 0.009789326 0.999080598
358.724782240 0.104281589 -0.239345849 8.419768333 0.002633903 0.043247148 0.017915806 0.998900294
358.756259616 0.118151948 -0.252398819 8.540953636 0.008164094 0.045120813 0.019073240 0.998766065
358.787691296 0.126476571 -0.255100250 8.665865898 0.008795754 0.046991728 0.008936765 0.998816609
358.819261152 0.138277754 -0.258007646 8.796148300 0.003435245 0.047443621 0.008756173 0.998829663
358.850529536 0.151813835 -0.264511347 8.909943581 0.018319605 0.044040829 0.014989789 0.998749256
358.881892576 0.164502189 -0.267289758 9.034778595 0.008171331 0.038705144 0.018265005 0.999050319
358.913464288 0.174812749 -0.269733727 9.157884598 -0.003252638 0.034380984 0.014133358 0.999303579
358.944941792 0.181637019 -0.272031218 9.279672623 0.003053082 0.029969286 0.008266490 0.999511957
358.976689728 0.193288550 -0.277652204 9.403043747 0.004484813 0.028444881 0.012943324 0.999501526
359.008699104 0.203103632 -0.280598342 9.533540726 -0.008131126 0.028706117 0.012501445 0.999476671
359.040289056 0.211112931 -0.280280441 9.660249710 -0.011470197 0.028875362 0.010016125 0.999467015
359.071823968 0.222433046 -0.271911055 9.788855553 -0.016146198 0.029300831 0.015927626 0.999313295
359.103393088 0.230283290 -0.265974581 9.921004295 -0.028596478 0.028149996 0.013762278 0.999099791
359.135639264 0.237391353 -0.268436044 10.048768044 -0.029125126 0.023790941 0.014884887 0.999181688
359.167352480 0.244079217 -0.268490881 10.177670479 -0.031823423 0.020273153 0.012617855 0.999208212
359.198838720 0.252003461 -0.267127365 10.304330826 -0.028619988 0.016719736 0.015321466 0.999333084
359.230451456 0.254887700 -0.258766055 10.432925224 -0.024365954 0.013081928 0.009372745 0.999573529
359.262164704 0.262124300 -0.261527210 10.550345421 -0.005699123 0.012175337 0.011401350 0.999844611
359.293829760 0.267131537 -0.265053213 10.679113388 -0.004494254 0.014584664 0.012482796 0.999805629
359.327230784 0.266570777 -0.265203953 10.812428474 -0.006746544 0.015810857 0.003592935 0.999845803
359.360763040 0.264627755 -0.262566835 10.954128265 -0.003518211 0.015735853 -0.005707143 0.999853730
359.393772000 0.268238097 -0.262108803 11.091170311 -0.012276505 0.013691399 -0.004247404 0.999821901
359.430392192 0.273386627 -0.266886979 11.248579025 -0.014508253 0.009476695 -0.000337450 0.999849796
359.473446080 0.278465658 -0.265108466 11.416112900 -0.020849638 0.004776639 0.006175635 0.999752104
359.504226336 0.276943713 -0.260981292 11.560483932 -0.019268449 0.004181791 -0.002617866 0.999802172
359.535750368 0.279357553 -0.262936562 11.694331169 -0.011715154 0.004836197 -0.000109614 0.999919653
359.567405984 0.288386941 -0.268369943 11.827242851 -0.009069606 0.006913434 0.014736734 0.999826372
359.598925632 0.289010376 -0.269064337 11.954322815 -0.004761152 0.010608527 0.009294868 0.999889195
359.630587840 0.289721429 -0.269601077 12.085132599 0.004003033 0.013158955 0.002605019 0.999902010
359.662024128 0.297981828 -0.276594698 12.215283394 0.009608906 0.014672774 0.014938458 0.999734521
359.693284704 0.302763164 -0.280844599 12.354215622 0.005489280 0.015279979 0.014293759 0.999766052
359.725111424 0.304331988 -0.283122271 12.492180824 0.003280784 0.015288155 0.008108183 0.999844849
359.757618592 0.307413459 -0.284117579 12.628684998 -0.004083435 0.014815152 0.007698142 0.999852240
359.790595936 0.312785506 -0.289332002 12.769468307 -0.006891790 0.013155357 0.010304332 0.999836624
359.822508672 0.314446151 -0.291664809 12.909633636 -0.007903160 0.012016133 0.003194873 0.999891460
359.853856960 0.316726327 -0.288738936 13.048636436 -0.010830658 0.010105760 -0.001911935 0.999888480
359.885420928 0.325315028 -0.288435727 13.187623978 -0.014919517 0.009596325 0.011365559 0.999778092
359.917273792 0.329834521 -0.291537523 13.324802399 -0.015079883 0.010961453 0.010173662 0.999774456
359.949034048 0.328720778 -0.293493956 13.460734367 -0.009078409 0.012691832 -0.002467756 0.999875188
359.980986304 0.332750708 -0.295518577 13.599046707 -0.012800002 0.015254671 -0.002475827 0.999798656
360.012560544 0.337655753 -0.288497686 13.742247581 -0.018749226 0.014184016 -0.002203737 0.999721169
360.044272000 0.344735891 -0.283499241 13.885383606 -0.023032697 0.014703459 0.003069368 0.999621868
360.075802368 0.352936238 -0.286498189 14.023578644 -0.020551190 0.016001988 0.012166624 0.999586701
360.108600480 0.360312253 -0.283919215 14.169412613 -0.028800674 0.019657377 0.016207483 0.999260426
360.140595904 0.365475804 -0.278614044 14.316899300 -0.031291131 0.026688864 0.012744063 0.999072671
360.172272960 0.373782754 -0.275285512 14.452875137 -0.019552991 0.035455991 0.016546715 0.999042928
360.203670656 0.380290598 -0.274802536 14.593079567 -0.015249533 0.039590772 0.010190108 0.999047637
360.235684864 0.390033007 -0.272952735 14.734169960 -0.010969687 0.039588597 0.016724693 0.999015868
360.267402304 0.398660570 -0.280846387 14.866055489 0.007155323 0.038316336 0.026805405 0.998880446
360.298538560 0.402318448 -0.291352510 14.987565041 0.032335859 0.036338158 0.017641867 0.998660445
360.329786944 0.408382982 -0.299852848 15.124971390 0.029381562 0.035275493 0.015283090 0.998828709
360.361696064 0.414550036 -0.298544288 15.266100883 0.019818058 0.033844955 0.014985436 0.999118209
360.393798656 0.422670960 -0.291729063 15.420573235 -0.013561295 0.035021883 0.014484574 0.999189556
360.425448256 0.422998279 -0.283668250 15.573048592 -0.047884699 0.035523511 -0.001965031 0.998219013
360.456966368 0.429997921 -0.288252592 15.708623886 -0.038514078 0.037011344 -0.007271993 0.998545885
360.488508800 0.442609638 -0.291239768 15.840339661 -0.027874077 0.038791213 0.004427343 0.998848677
360.520874624 0.473826706 -0.292627215 15.976954460 -0.030512635 0.040566470 0.050417345 0.997437418
360.552447136 0.483833313 -0.286851615 16.112192154 -0.022613773 0.045307539 0.037942320 0.997996092
360.584595616 0.484360039 -0.292551190 16.240188599 0.007636440 0.052751217 0.011953107 0.998506963
360.624602208 0.506591439 -0.308290035 16.391988754 0.044215828 0.056027833 0.022577913 0.997194052
360.654074656 0.521320045 -0.314972579 16.519950867 0.039040156 0.054499146 0.031268269 0.997260273
360.696482880 0.543283463 -0.309185654 16.708040237 0.017547078 0.051280964 0.047823608 0.997384250
360.727238432 0.553480387 -0.304866672 16.858184814 -0.024174299 0.050395664 0.042858690 0.997516394
360.758543328 0.557608604 -0.304931283 16.997949600 -0.034645632 0.048477128 0.021378186 0.997994304
360.789912608 0.566662431 -0.309468031 17.132574081 -0.029419083 0.049997307 0.019440234 0.998126686
360.821395072 0.584918141 -0.305960119 17.265628815 -0.017108072 0.049200378 0.026998075 0.998277426
360.852782240 0.598010302 -0.298101753 17.405700684 -0.018190242 0.046238240 0.024387559 0.998467028
360.884262048 0.606844783 -0.293993473 17.545099258 -0.020813359 0.041896906 0.019832809 0.998708248
360.916163584 0.615477443 -0.295549780 17.685642242 -0.019902954 0.039046180 0.019967655 0.998839617
360.947834176 0.619944155 -0.296322018 17.826141357 -0.017516401 0.037286393 0.015870573 0.999025047
360.979365952 0.625683665 -0.296984255 17.964229584 -0.011417212 0.035608146 0.011002775 0.999240041
361.010729824 0.630164206 -0.299469322 18.104595184 -0.008072041 0.034120932 0.007504713 0.999356925
361.043717664 0.635984182 -0.303159982 18.245300293 -0.005381470 0.032548424 0.007895162 0.999424517
361.087416800 0.647673607 -0.305751204 18.436544418 -0.002895781 0.031424008 0.005216306 0.999488354
361.118090656 0.655501127 -0.308984011 18.577192307 -0.002815628 0.031676717 0.003072823 0.999489486
361.149538624 0.662058175 -0.312876433 18.727428436 -0.001669049 0.031510465 -0.001098728 0.999501407
361.180979520 0.672505677 -0.316020846 18.870326996 -0.003730010 0.031408474 0.001307085 0.999498785
361.213266976 0.680782378 -0.320597410 19.012472153 -0.000176341 0.030929744 -0.000517311 0.999521434
361.256574784 0.690776885 -0.325330019 19.212137222 -0.000673818 0.030044401 -0.002128322 0.999546051
361.286953056 0.696210623 -0.327212721 19.353599548 -0.002664630 0.029033676 -0.004215354 0.999566019
361.322120800 0.703355551 -0.331666976 19.516328812 -0.003726758 0.028412323 -0.003797773 0.999582171
361.353798016 0.710106254 -0.332850814 19.667821884 -0.012265734 0.028907627 -0.003442217 0.999500871
361.385540736 0.721314669 -0.329390675 19.813913345 -0.012378586 0.029681176 -0.005552545 0.999467313
361.417867936 0.728387356 -0.329518735 19.961540222 -0.012748395 0.030140959 -0.008516661 0.999428034
361.452818944 0.735914946 -0.332581669 20.114189148 -0.014310613 0.030462604 -0.005562242 0.999417961
361.484595936 0.745959461 -0.335183531 20.275501251 -0.009711042 0.030937411 -0.000952845 0.999473691
361.516733632 0.752018332 -0.334401906 20.425075531 -0.008976456 0.031613506 -0.002968616 0.999455452
361.548360928 0.758284211 -0.332496613 20.578304291 -0.010899737 0.032429822 -0.005370739 0.999400139
361.579687936 0.767674088 -0.337083310 20.727546692 -0.009665619 0.034057874 -0.003662187 0.999366403
361.611056864 0.774993777 -0.340593308 20.876066208 -0.007846402 0.037440866 -0.002927861 0.999263763
361.642872960 0.786245346 -0.341947258 21.025476456 -0.006998262 0.040543295 -0.003265850 0.999147952
361.677022464 0.799498141 -0.344679207 21.175415039 -0.002003621 0.042003285 -0.000459687 0.999115348
361.715884000 0.814503312 -0.350800484 21.364763260 -0.000697328 0.043281205 -0.002465304 0.999059677
361.748200928 0.826695859 -0.354676098 21.514049530 0.004712859 0.043392360 -0.004504893 0.999036849
361.789237344 0.841006696 -0.359275281 21.705410004 0.002986949 0.043336779 -0.002891527 0.999051869
361.819719680 0.855187535 -0.366073430 21.847618103 0.004277144 0.042517420 -0.001097408 0.999085963
361.851149632 0.865023553 -0.370345354 22.003870010 0.005177778 0.042408906 -0.004176052 0.999078214
361.882633344 0.874030709 -0.376835138 22.154201508 0.005730771 0.043101687 -0.004845498 0.999042511
361.914130208 0.884034038 -0.380758494 22.304248810 0.004426428 0.042827912 -0.005150632 0.999059439
361.945671040 0.894551218 -0.386236936 22.458023071 -0.002460159 0.042284809 -0.004480099 0.999092519
361.977594784 0.912390351 -0.390766233 22.603080750 0.002538893 0.041540250 -0.006640390 0.999111533
362.009036064 0.924939752 -0.398038924 22.752435684 0.005847506 0.041133612 -0.005453097 0.999121666
362.040594144 0.933022618 -0.405316353 22.903177261 0.005837962 0.040625367 -0.007192352 0.999131501
362.072087520 0.942136824 -0.410203665 23.053997040 0.007803010 0.040319350 -0.008642390 0.999118984
362.103725280 0.951134920 -0.412526935 23.204744339 0.010678652 0.040340580 -0.010368065 0.999075115
362.135248768 0.959071696 -0.420467138 23.356262207 0.008999221 0.039969500 -0.010806484 0.999101937
362.167239584 0.968559384 -0.429965675 23.508377075 0.009803265 0.038767803 -0.009462876 0.999155343
362.195862080 0.975570619 -0.438764572 23.645164490 0.010379933 0.037787687 -0.010698119 0.999174595
362.231117504 0.985401690 -0.443898767 23.795272827 0.012119314 0.037398454 -0.014521750 0.999121428
362.263669760 0.997747421 -0.451953560 23.967535019 0.014633365 0.036997508 -0.013169086 0.999121428
362.292336608 1.006541014 -0.458195269 24.107212067 0.009004076 0.036565248 -0.011900546 0.999219835
362.321621120 1.011433363 -0.467307657 24.245101929 0.009754156 0.036148455 -0.013847888 0.999202907
362.351763776 1.017548919 -0.475784987 24.384321213 0.013360898 0.036334559 -0.014670447 0.999142647
362.385434912 1.027233362 -0.483108878 24.549373627 0.012299768 0.035794642 -0.014832492 0.999173343
362.415668640 1.038608074 -0.486537158 24.691482544 0.012594257 0.035424575 -0.014956192 0.999181032
362.447240096 1.050399303 -0.496094704 24.844465256 0.012471666 0.034539875 -0.015317693 0.999208093
362.475886592 1.058782101 -0.504094541 24.985422134 0.010810025 0.034308597 -0.014995067 0.999240339
362.504601440 1.064788461 -0.512131214 25.122947693 0.014004027 0.034001574 -0.017107258 0.999177217
362.533596256 1.082012296 -0.514911532 25.253963470 0.010674349 0.031424373 -0.016512021 0.999312699
362.563919168 1.086963534 -0.526203573 25.402317047 0.011026607 0.031616770 -0.015434328 0.999320090
362.592853152 1.092830181 -0.535048366 25.538951874 0.014710140 0.031831708 -0.015766492 0.999260604
362.622552256 1.098430872 -0.540970147 25.686407089 0.010407944 0.031996522 -0.017919408 0.999273121
362.651340320 1.102684736 -0.546374619 25.827161789 0.011602644 0.031950802 -0.017902711 0.999261737
362.688932288 1.112750530 -0.555937886 26.008819580 0.009489407 0.031818751 -0.013956686 0.999351144
362.717349856 1.118061543 -0.563509047 26.144403458 0.012650480 0.032358266 -0.015846524 0.999270678
362.746046464 1.124990225 -0.570294321 26.279272079 0.016382864 0.033009622 -0.016710699 0.999180973
362.774645696 1.132324100 -0.577775419 26.419174194 0.013291693 0.032977145 -0.014393246 0.999264061
362.803423392 1.138259768 -0.587861538 26.554216385 0.017032580 0.033126961 -0.013077493 0.999220431
362.833219712 1.144611120 -0.596866429 26.691669464 0.020514384 0.033332139 -0.014765418 0.999124646
362.863358272 1.151894927 -0.604550362 26.836122513 0.019163860 0.033453532 -0.014099206 0.999157071
362.895601504 1.156994462 -0.613242805 26.991312027 0.019293796 0.033389859 -0.012965200 0.999172032
362.925102368 1.163673639 -0.623203158 27.133810043 0.017327951 0.033069316 -0.011934570 0.999231577
362.955277568 1.168923259 -0.630635262 27.274097443 0.017593756 0.033823747 -0.012981659 0.999188602
362.984169312 1.179510236 -0.639677048 27.412670135 0.018619224 0.033430450 -0.011714559 0.999198914
363.018520096 1.186998487 -0.646881402 27.568866730 0.015664168 0.033271659 -0.011940187 0.999252260
363.047895072 1.195378900 -0.655718923 27.713624954 0.013964802 0.032790124 -0.010873774 0.999305546
363.077831648 1.201079130 -0.664016962 27.852777481 0.016086781 0.033011090 -0.012207409 0.999250948
363.106725280 1.208237529 -0.671207070 27.993522644 0.018767415 0.032656971 -0.012153120 0.999216497
363.135412960 1.216337085 -0.679853976 28.133724213 0.016548831 0.031501211 -0.012979363 0.999282420
363.164024064 1.224370360 -0.689697087 28.270544052 0.017081184 0.030580791 -0.011312343 0.999322295
363.192802624 1.231829405 -0.698200762 28.405431747 0.018396337 0.030822979 -0.012067105 0.999282718
363.221386688 1.245151639 -0.705614150 28.540901184 0.015158701 0.032341953 -0.013356590 0.999272645
363.250559808 1.249385595 -0.713309348 28.679895401 0.013836017 0.035846528 -0.013134328 0.999175191
363.279277632 1.257238746 -0.722479999 28.814388275 0.013356577 0.037258580 -0.010099384 0.999165356
363.307889056 1.260059595 -0.731135249 28.950601578 0.012572003 0.038345385 -0.011620432 0.999117851
363.339514144 1.274221182 -0.741340816 29.099893570 0.015960140 0.037255049 -0.012131219 0.999104679
363.370760352 1.282330394 -0.749034524 29.245033264 0.019981969 0.036202956 -0.010921511 0.999084949
363.402579648 1.293243408 -0.754120886 29.397047043 0.013107235 0.034651153 -0.009932189 0.999264181
363.435843232 1.305590391 -0.763864100 29.549249649 0.015460061 0.032896008 -0.010790083 0.999280989
363.468469024 1.314935088 -0.775153518 29.702146530 0.020118106 0.032398399 -0.011590056 0.999205351
363.500073568 1.326460123 -0.780888736 29.857231140 0.014270582 0.030459022 -0.012255723 0.999359012
363.534368064 1.350407362 -0.797297239 30.000877380 0.017800337 0.026899217 -0.009606805 0.999433458
363.566529760 1.352684736 -0.805812597 30.164714813 0.017299909 0.028141223 -0.010462540 0.999399483
363.598132672 1.360904813 -0.814775705 30.316162109 0.016542437 0.028359145 -0.010712821 0.999403536
363.629770368 1.367145300 -0.822319448 30.466604233 0.015584062 0.030778466 -0.014435040 0.999300480
363.661201248 1.376433730 -0.829500556 30.618879318 0.011801807 0.034083650 -0.011372552 0.999284565
363.693004672 1.388670683 -0.841352284 30.770381927 0.016287882 0.038711932 -0.010079290 0.999066830
363.724382176 1.399042130 -0.849448860 30.918066025 0.017960299 0.043486677 -0.010928289 0.998832762
363.755911648 1.412788272 -0.856282353 31.068191528 0.018041797 0.047611207 -0.012573632 0.998623848
363.787737472 1.426920891 -0.868497133 31.214588165 0.021305870 0.049863834 -0.007482989 0.998500705
363.819817856 1.439910293 -0.877379000 31.364065170 0.022835849 0.050536890 -0.007993134 0.998429120
363.851231712 1.452664018 -0.887996972 31.513778687 0.026335329 0.050189722 -0.008295120 0.998357952
363.882582880 1.463485956 -0.898785591 31.660385132 0.027647801 0.050052114 -0.007448014 0.998336077
363.914189184 1.478129983 -0.910669446 31.808403015 0.025001289 0.049307752 -0.003916927 0.998462975
363.945991392 1.491995215 -0.923189044 31.957036972 0.025379013 0.049752776 -0.004762583 0.998427689
363.977822304 1.507470727 -0.935091436 32.104007721 0.030453933 0.050004307 -0.002405172 0.998281658
364.009101760 1.516056657 -0.944386065 32.253208160 0.023805190 0.051346570 -0.002549078 0.998393893
364.040872608 1.529706717 -0.956777692 32.400131226 0.023656247 0.051179260 -0.000042058 0.998409271
364.072609888 1.545498848 -0.971452773 32.542659760 0.030516621 0.051880859 -0.000013226 0.998186886
364.104264864 1.560239434 -0.983223140 32.692108154 0.026917156 0.052771326 0.001964820 0.998241842
364.144416320 1.577420831 -0.997597396 32.873653412 0.030699745 0.052921347 0.000511308 0.998126566
364.193971392 1.601346850 -1.016023159 33.102939606 0.028726624 0.053867940 0.004064538 0.998126507
364.243268160 1.623458624 -1.037195086 33.328891754 0.031959016 0.053737242 0.002297559 0.998040915
364.282945952 1.642563105 -1.051468372 33.514785767 0.029908577 0.052817207 0.003156612 0.998151243
364.313834752 1.657222867 -1.063938141 33.652297974 0.032167204 0.052664127 0.003424777 0.998088181
364.345809856 1.673208237 -1.078604698 33.798648834 0.036581554 0.052946728 0.004636994 0.997916281
364.377449312 1.687740803 -1.093204737 33.943698883 0.037932560 0.052638199 0.002521326 0.997889757
364.409061600 1.703486919 -1.111211181 34.087123871 0.039484076 0.051991407 0.001714851 0.997865200
364.440537408 1.719442606 -1.124784589 34.230224609 0.040540118 0.051823091 0.002937468 0.997828722
364.471913376 1.736313820 -1.138824821 34.370414734 0.045518517 0.051757306 0.006792518 0.997598708
364.503608352 1.752393126 -1.153510451 34.513339996 0.045669131 0.051823329 0.006541500 0.997590005
364.535155072 1.767184377 -1.168743491 34.660762787 0.035862330 0.051499058 0.005763548 0.998012304
364.567363968 1.783386230 -1.184673667 34.801322937 0.041663881 0.051387068 0.002210107 0.997806907
364.598732960 1.797113299 -1.204014063 34.936119080 0.051722817 0.051412098 0.001846404 0.997335494
364.630127520 1.811209798 -1.220198035 35.077857971 0.048621278 0.050003570 -0.001194267 0.997564137
364.661551776 1.826709747 -1.238605022 35.212421417 0.056912698 0.046517447 0.003370355 0.997289181
364.693033376 1.839995146 -1.253433585 35.353004456 0.053848028 0.044440743 0.004280158 0.997550547
364.724455776 1.848942161 -1.266323805 35.497810364 0.041786864 0.044300582 -0.003292050 0.998138547
364.755852896 1.858684182 -1.284748554 35.636466980 0.043310191 0.044858515 -0.007877341 0.998023033
364.788700576 1.871721506 -1.300586104 35.785774231 0.029670423 0.044576127 -0.003535873 0.998559058
364.820076000 1.882500291 -1.310964465 35.924682617 0.025152529 0.041939937 -0.003049703 0.998798788
364.852448768 1.895130754 -1.326648474 36.058658600 0.042579599 0.041537110 -0.001131751 0.998228610
364.885184160 1.904803276 -1.342172384 36.199234009 0.042135905 0.041602325 -0.003905412 0.998237729
364.918315520 1.911794901 -1.354028583 36.351749420 0.036779586 0.040355295 -0.012120396 0.998434663
364.950182240 1.921332955 -1.367354751 36.492736816 0.040665053 0.038941808 -0.011166605 0.998351216
364.981522528 1.930850863 -1.382667303 36.628784180 0.036164884 0.037821107 -0.009451875 0.998585165
365.013207520 1.938373446 -1.398633122 36.764144897 0.036087070 0.035713989 -0.013558029 0.998618245
365.045083168 1.946042657 -1.411973834 36.904205322 0.036681820 0.033844575 -0.015861252 0.998627782
365.076594048 1.955476522 -1.424800754 37.040901184 0.038378228 0.032483019 -0.012601700 0.998655677
365.108087744 1.965741754 -1.441926360 37.167953491 0.044263672 0.032996923 -0.011442187 0.998409271
365.140164864 1.976606846 -1.461330295 37.296104431 0.053205684 0.034121517 -0.009424518 0.997955918
365.171781920 1.986569285 -1.483552933 37.422927856 0.064671606 0.036078051 -0.013106260 0.997168124
365.203140864 1.995345473 -1.502015471 37.553081512 0.064629659 0.036866795 -0.016672572 0.997088671
365.234608320 2.004636288 -1.514102817 37.689559937 0.054439679 0.035964064 -0.016126590 0.997738898
365.266230752 2.016635656 -1.528680682 37.818134308 0.045553066 0.033027533 -0.009195176 0.998373449
365.297720224 2.024331808 -1.538783550 37.958984375 0.026488392 0.029853867 -0.010959426 0.999143124
365.329193120 2.026330233 -1.549608469 38.101646423 0.006978511 0.028115490 -0.020311551 0.999373913
365.360778432 2.025748253 -1.555507183 38.245830536 -0.007897211 0.026669351 -0.033761222 0.999042809
365.394150016 2.036074877 -1.554607034 38.393711090 -0.018563949 0.026989419 -0.025361078 0.999141514
365.427061760 2.052918196 -1.559745073 38.541381836 -0.008620186 0.031038819 -0.007486577 0.999452949
365.467853504 2.067021132 -1.566722155 38.718261719 0.001820272 0.038275670 -0.006320449 0.999245584
365.498160512 2.073346853 -1.568410039 38.854213715 0.005376628 0.046140920 -0.018754646 0.998744428
365.530276704 2.091438532 -1.570702076 38.990123749 0.005909719 0.052511089 -0.010948447 0.998542845
365.562028896 2.115251064 -1.575579047 39.133239746 0.001336667 0.059610892 -0.001961245 0.998218834
365.593774144 2.138819695 -1.579571128 39.275733948 -0.006166662 0.068454593 -0.002734561 0.997631431
365.625281696 2.161755323 -1.578653455 39.417663574 -0.013591923 0.079346299 -0.007639955 0.996725142
365.656825152 2.188611746 -1.573142409 39.560161591 -0.023781536 0.089928336 -0.008708268 0.995626211
365.688576448 2.218909979 -1.570083857 39.691120148 -0.026859831 0.100080468 -0.010536457 0.994560957
365.719916544 2.252688885 -1.567301989 39.831619263 -0.033626951 0.108914554 -0.009950316 0.993432343
365.751338848 2.286473036 -1.558910370 39.976448059 -0.041710842 0.120053515 -0.014981869 0.991777658
365.782627168 2.324538231 -1.561829567 40.104038239 -0.026429847 0.131433502 -0.011625534 0.990904391
365.814200672 2.370075703 -1.571731329 40.215850830 -0.001363385 0.138682052 -0.002982320 0.990331531
365.845715488 2.408002853 -1.584522247 40.354465485 0.023271423 0.148172349 -0.009839376 0.988638759
365.896624192 2.468233109 -1.610229850 40.527038574 0.071431339 0.166413292 -0.017742546 0.983305335
365.932087424 2.509966850 -1.642076492 40.592147827 0.080514267 0.177817956 -0.014171153 0.980661690
365.968261248 2.562535524 -1.653925061 40.737262726 0.069851317 0.184789717 -0.013281690 0.980202615
366.004250848 2.630105972 -1.672113180 40.904220581 0.043493848 0.189753786 -0.006439246 0.980846763
366.039966560 2.694152355 -1.689059854 41.051601410 0.031907953 0.198695481 -0.000005226 0.979541719
366.075908928 2.758667707 -1.707267761 41.196071625 0.025533997 0.210664615 0.000812615 0.977224529
366.111191424 2.819942713 -1.716758847 41.328540802 0.027292030 0.222386464 -0.001516992 0.974575400
366.146167648 2.875634670 -1.724231362 41.458972931 0.022829279 0.232166752 0.004602670 0.972397149
366.180810144 2.899997234 -1.744510770 41.584564209 0.020402241 0.245509103 0.003544972 0.969173074
366.215363040 2.972634077 -1.758083940 41.708412170 0.024993302 0.259662330 0.006475400 0.965354264
366.249777856 3.050359964 -1.770828843 41.832157135 0.023470337 0.273249894 0.014830933 0.961542308
366.284349088 3.128454924 -1.773774505 41.956890106 0.015938440 0.286771566 0.019517303 0.957667530
366.319311136 3.202460766 -1.781994462 42.075244904 0.015535671 0.299909651 0.015096329 0.953721642
366.354037408 3.283571005 -1.794419408 42.192165375 0.020612760 0.311671108 0.015546337 0.949839234
366.388811296 3.369847059 -1.800501943 42.312492371 0.018535024 0.322798789 0.014180568 0.946179867
366.423884768 3.453997612 -1.805918336 42.432971954 0.011971975 0.329583436 0.009314475 0.944004595
366.459098816 3.543056726 -1.819331050 42.544292450 0.019493613 0.332872391 0.015837397 0.942637324
366.493904736 3.623659134 -1.827369452 42.652084351 0.034401689 0.335237175 0.015679661 0.941374898
366.528802528 3.706552744 -1.833367944 42.765075684 0.033624392 0.336567491 0.006757997 0.941034555
366.563824320 3.788760662 -1.843566298 42.874225616 0.029388057 0.335586399 0.002782921 0.941546798
366.598684960 3.871020794 -1.851386309 42.976528168 0.023593731 0.333958358 0.007802911 0.942260206
366.636254592 3.966031551 -1.862063646 43.081176758 0.027998842 0.333632141 0.027936945 0.941873252
366.674147904 4.054163933 -1.867135525 43.205745697 0.020912390 0.336334884 0.008887154 0.941468298
366.710953856 4.152321339 -1.874889493 43.331428528 0.002889845 0.335638136 0.009255625 0.941941082
366.747024544 4.242693424 -1.877338529 43.438674927 0.006947569 0.336894274 0.017508440 0.941354036
366.782097824 4.337768078 -1.879054666 43.544528961 0.006870418 0.335169464 0.031307332 0.941612482
366.818908480 4.421872616 -1.882517338 43.637752533 0.012269900 0.337369621 0.028018009 0.940875232
366.854130464 4.516673088 -1.887061954 43.752552032 0.007897438 0.340570897 0.023739845 0.939885914
366.889305408 4.609101295 -1.888559461 43.862064362 0.003213737 0.342356145 0.026077557 0.939202785
366.924861760 4.693952560 -1.895016074 43.965976715 0.018870307 0.343960583 0.015475168 0.938666880
366.960289632 4.786037445 -1.900148869 44.070583344 0.016884448 0.342853725 0.017797871 0.939068377
366.995811424 4.881766796 -1.902461886 44.178977966 0.009554567 0.341252804 0.029917810 0.939446688
367.031368384 4.972452164 -1.906799436 44.285781860 0.013052457 0.342167944 0.024049880 0.939240277
367.067820480 5.059302807 -1.917266130 44.391986847 0.016174911 0.345798910 0.012020009 0.938092232
367.103924768 5.158006668 -1.931611896 44.488803864 0.034306239 0.345445603 0.032445982 0.937250078
367.140742752 5.252077103 -1.931231856 44.608207703 0.026905211 0.347331196 0.020554638 0.937131107
367.177228640 5.337618828 -1.931174636 44.712059021 0.018270429 0.346978247 0.021523636 0.937448144
367.213741792 5.431877136 -1.942593098 44.818584442 0.025454428 0.339097440 0.026697490 0.940027773
367.250415840 5.515198708 -1.957906604 44.925582886 0.030887045 0.332513034 0.027024902 0.942205250
367.288065280 5.613942623 -1.968408465 45.038661957 0.032518979 0.328978986 0.036560412 0.943068743
367.326077984 5.703985691 -1.966692686 45.165115356 0.010901973 0.327378124 0.021047484 0.944596052
367.362714624 5.795133114 -1.970824361 45.274066925 0.013905575 0.328591168 0.021715777 0.944120169
367.405754848 5.894574165 -1.984391689 45.381019592 0.033132866 0.329678565 0.028283896 0.943087637
367.442991072 5.991786003 -1.995283246 45.495990753 0.036599886 0.330871820 0.029928135 0.942490637
367.479666816 6.084239483 -1.999969006 45.607990265 0.030862434 0.331786990 0.029175254 0.942397892
367.516416416 6.169567585 -2.006634474 45.714408875 0.031440873 0.332523197 0.026335457 0.942202866
367.553900096 6.263038635 -2.017213345 45.826499939 0.031606231 0.332225144 0.032581083 0.942107201
367.590673504 6.355109215 -2.022467613 45.948802948 0.014169375 0.332092434 0.026685530 0.942762852
367.628639840 6.447043896 -2.027861118 46.064319611 0.015245053 0.331205279 0.022893123 0.943157732
367.669188896 6.543401718 -2.044370174 46.176174164 0.041491110 0.326654702 0.027807398 0.943823040
367.717866496 6.662500381 -2.051205873 46.327987671 0.022658620 0.323333919 0.033025011 0.945437014
367.757777984 6.749074936 -2.043025017 46.459030151 0.014150658 0.322934300 0.008077068 0.946281135
367.798380032 6.838093758 -2.054569244 46.575008392 0.012473733 0.320243448 0.011509155 0.947183251
367.839645920 6.930484295 -2.070026398 46.683586121 0.034739573 0.317216784 0.028094616 0.947300017
367.880707296 7.028072834 -2.073704481 46.810989380 0.019914873 0.309866309 0.040474683 0.949709475
367.921836992 7.100022316 -2.074175119 46.926872253 0.006905265 0.304383397 0.019475726 0.952325463
367.967358624 7.200667858 -2.089800596 47.052448273 0.018722380 0.301544040 0.027412202 0.952874184
368.008059104 7.292876244 -2.102466345 47.164417267 0.037052110 0.300239474 0.037598964 0.952402115
368.048858080 7.360035896 -2.118082047 47.271404266 0.053056370 0.307952315 0.002369546 0.949918330
368.089979296 7.447414875 -2.123187304 47.396720886 0.039748605 0.312918305 -0.004078977 0.948939145
368.121559392 7.528485775 -2.124637127 47.487648010 0.030418413 0.309404343 0.026540682 0.950073302
368.162448864 7.621708870 -2.122215271 47.606124878 0.013705340 0.307923704 0.041414477 0.950410426
368.203665056 7.704893589 -2.131765604 47.727912903 0.000723357 0.313802510 0.026831649 0.949108839
368.245235616 7.774025917 -2.145682573 47.826229095 0.017388817 0.320410758 0.019648371 0.946915269
368.285838304 7.863313675 -2.152776957 47.937408447 0.028499048 0.321440995 0.028302992 0.946077406
368.318198880 7.940322399 -2.158900261 48.024158478 0.030884244 0.319199979 0.047231857 0.946005642
368.349539296 8.010827065 -2.154804707 48.130844116 0.017123900 0.316071689 0.034504924 0.947952986
368.381955744 8.067470551 -2.159178972 48.224445343 0.018703295 0.313802302 0.013505883 0.949208021
368.415691232 8.143280029 -2.167218924 48.321521759 0.014768133 0.310552925 0.024041370 0.950137258
368.454356352 8.241600990 -2.169304848 48.434185028 -0.004727610 0.302003413 0.059285279 0.951449871
368.486428288 8.308985710 -2.177715540 48.514698029 0.006562024 0.298578173 0.066249780 0.952060342
368.518074560 8.363563538 -2.185097218 48.602401733 0.021065803 0.296778917 0.040512238 0.953853905
368.560098720 8.438010216 -2.187776804 48.710624695 0.038108468 0.298737526 0.021057153 0.953341603
368.591693120 8.512540817 -2.187282085 48.804664612 0.037213452 0.298749745 0.037686203 0.952860713
368.623103456 8.577631950 -2.189727545 48.897148132 0.027775483 0.300001711 0.042692624 0.952578008
368.654750016 8.623567581 -2.194231272 49.003330231 0.021153059 0.303865194 -0.002938666 0.952475667
368.686226784 8.686123848 -2.209465742 49.089458466 0.022841878 0.307988673 0.003575388 0.951109111
368.718341600 8.753769875 -2.218975306 49.169727325 0.021345627 0.307555765 0.022159807 0.951032460
368.749981408 8.824590683 -2.221158504 49.251636505 0.027987858 0.306086928 0.047715776 0.950395048
368.782674688 8.870857239 -2.225381851 49.337825775 0.028288757 0.307026833 0.021014920 0.951048195
368.815104384 8.925042152 -2.230902195 49.425460815 0.023118705 0.312129557 0.010474190 0.949700475
368.847219840 8.974531174 -2.239903927 49.509025574 0.013258023 0.315007061 0.003451265 0.948990464
368.881533184 9.032836914 -2.255629063 49.586933136 0.018077880 0.313956231 0.013506513 0.949169278
368.913720256 9.076913834 -2.258916140 49.660930634 0.031094875 0.313711047 -0.001253603 0.949008405
368.945710176 9.129036903 -2.257102251 49.739875793 0.029519733 0.316555321 -0.002806383 0.948110461
368.977393312 9.168129921 -2.258825541 49.812301636 0.003005813 0.309505433 -0.007415558 0.950864017
369.008958400 9.207596779 -2.270101786 49.865020752 0.005697895 0.298614770 0.015983675 0.954222858
369.041109472 9.238408089 -2.270546675 49.921562195 0.010431845 0.291222036 0.006847616 0.956574082
369.072957952 9.266147614 -2.275190592 49.966892242 0.023462703 0.285203010 0.001417825 0.958178878
369.104453216 9.301858902 -2.278162718 50.010417938 0.017712206 0.275461674 0.019297715 0.960955143
369.135789856 9.335600853 -2.282302380 50.050800323 0.013553564 0.273056984 0.031386372 0.961390197
369.168006720 9.358227730 -2.279182434 50.093875885 0.006821883 0.276576877 0.016824855 0.960820317
369.199336160 9.379032135 -2.279199600 50.131481171 0.006744083 0.278595537 0.010013677 0.960332632
369.231077120 9.399307251 -2.280858278 50.163269043 0.011431007 0.281225294 0.009842123 0.959523201
369.263451808 9.420188904 -2.278763533 50.199527740 -0.004018167 0.288083255 0.008752041 0.957556963
369.295377952 9.434425354 -2.280141592 50.227882385 -0.008397635 0.290712416 0.003385423 0.956767619
369.326894848 9.449868202 -2.284770012 50.249347687 -0.006499880 0.287985682 0.007905845 0.957580030
369.358887296 9.467418671 -2.287796021 50.270294189 -0.009127253 0.287606657 0.012471656 0.957623899
369.390656768 9.483280182 -2.287167311 50.285629272 -0.005864043 0.288291484 0.017989116 0.957355738
369.422164224 9.492856979 -2.285659313 50.298221588 0.005399892 0.289022565 0.013595016 0.957210541
369.463902176 9.505646706 -2.283900499 50.316596985 0.006793338 0.289097607 0.013110911 0.957185745
369.494182528 9.515507698 -2.286153316 50.327781677 0.005583461 0.290231138 0.016431889 0.956799209
369.537069536 9.524881363 -2.288862705 50.343559265 0.004530454 0.292864650 0.013798032 0.956043601
369.575911232 9.533586502 -2.288987398 50.353504181 0.002371297 0.293882787 0.018386817 0.955661654
369.607693056 9.541468620 -2.289078712 50.363403320 0.001075283 0.293110579 0.018959848 0.955889940
369.639442944 9.548192024 -2.290508986 50.369892120 0.000526191 0.292269677 0.021653481 0.956090629
369.671104064 9.554061890 -2.291814327 50.375976562 -0.001318815 0.292911768 0.023308383 0.955854416
369.702696800 9.557557106 -2.292405367 50.381355286 -0.002632023 0.293751806 0.022420479 0.955615103
369.734697728 9.559259415 -2.292870522 50.385440826 -0.002783132 0.293912411 0.021810930 0.955579400
