3483.890341056 0.000000000 0.000000000 0.000000000 0.000000000 0.000000000 0.000000000 1.000000000
3483.921765856 0.134711787 -0.086755656 -0.251381636 -0.004495729 0.002578039 -0.009243561 0.999943852
3483.953494080 0.134711787 -0.086755656 -0.251381636 -0.004495729 0.002578039 -0.009243561 0.999943852
3483.985044128 0.134711787 -0.086755656 -0.251381636 -0.004495729 0.002578039 -0.009243561 0.999943852
3484.017671712 0.135548234 -0.087448739 -0.252261430 -0.004626928 0.002509950 -0.009208884 0.999943733
3484.050146752 0.135548234 -0.087448739 -0.252261430 -0.004626914 0.002509949 -0.009208884 0.999943733
3484.081617344 0.135548234 -0.087448739 -0.252261430 -0.004626928 0.002509958 -0.009208899 0.999943733
3484.112966560 0.135548234 -0.087448739 -0.252261430 -0.004626932 0.002509950 -0.009208892 0.999943733
3484.144759424 0.135249227 -0.087971620 -0.248822212 -0.005360994 0.001444431 -0.009331900 0.999941051
3484.176529024 0.135760874 -0.080995284 -0.239519730 -0.004767936 -0.000269409 -0.006549971 0.999967158
3484.207899776 0.135760874 -0.080995284 -0.239519730 -0.004767936 -0.000269409 -0.006549971 0.999967158
3484.239731104 0.135760874 -0.080995284 -0.239519730 -0.004767936 -0.000269409 -0.006549971 0.999967158
3484.272068320 0.135143772 -0.084242962 -0.220053524 -0.008148955 -0.005734867 -0.011951657 0.999878943
3484.304243232 0.139635816 -0.079096138 -0.204234853 -0.009372805 -0.012824310 -0.015287136 0.999756992
3484.336036480 0.139635816 -0.079096138 -0.204234853 -0.009372805 -0.012824310 -0.015287136 0.999756992
3484.369341536 0.139635816 -0.079096138 -0.204234853 -0.009372805 -0.012824310 -0.015287136 0.999756992
3484.402402176 0.151176065 -0.136182100 -0.086398005 -0.011725767 -0.020306876 -0.023422852 0.999450564
3484.434512032 0.278994530 -0.178507090 -0.027004641 -0.010402430 -0.038586799 -0.023013998 0.998936057
3484.466125728 0.278994530 -0.178507090 -0.027004641 -0.010402430 -0.038586799 -0.023013998 0.998936057
3484.499133056 0.278994530 -0.178507090 -0.027004641 -0.010402430 -0.038586799 -0.023013998 0.998936057
3484.530556608 0.260810256 -0.217001364 0.115549028 -0.005627301 -0.046629440 -0.033605754 0.998330951
3484.561939296 0.266842663 -0.204927608 0.127606943 0.007604997 -0.051760241 -0.038341653 0.997894228
3484.627240288 0.266842663 -0.204927608 0.127606943 0.007604997 -0.051760241 -0.038341653 0.997894228
3484.659606528 0.264154553 -0.223382398 0.179249197 0.004886365 -0.055215094 -0.033732127 0.997892559
3484.692189504 0.324428797 -0.160835803 0.286008656 0.009015871 -0.060636196 -0.032399211 0.997593224
3484.728233088 0.324428797 -0.160835803 0.286008656 0.009015871 -0.060636196 -0.032399211 0.997593224
3484.760900352 0.324428797 -0.160835803 0.286008656 0.009015871 -0.060636196 -0.032399211 0.997593224
3484.795572992 0.278666377 -0.092726551 0.256695002 0.007260826 -0.055090468 -0.018365609 0.998286009
3484.827116000 0.193167746 -0.215578109 0.335898787 0.007254872 -0.051200110 0.000321953 0.998661995
3484.868314688 0.193167746 -0.215578109 0.335898787 0.007254872 -0.051200110 0.000321953 0.998661995
3484.900067680 0.193167746 -0.215578109 0.335898787 0.007254872 -0.051200110 0.000321953 0.998661995
3484.931773984 0.201702312 -0.202077448 0.407978952 0.016267397 -0.055884592 -0.002245788 0.998302162
3484.965368128 0.201512113 -0.305232644 0.563033938 0.006895358 -0.053236075 -0.009931919 0.998508751
3484.997007136 0.201512113 -0.305232644 0.563033938 0.006895358 -0.053236075 -0.009931919 0.998508751
3485.028855360 0.251613021 -0.330248922 0.476589948 0.007549404 -0.052351207 -0.009921530 0.998550892
3485.070512032 0.130380198 -0.387085885 0.352587461 0.004211505 -0.038977638 -0.005686331 0.999215007
3485.115916800 5.025376797 -4.672690392 1.873204112 -0.324033558 -0.184600383 0.633327544 0.678101182
3485.147315040 5.025376797 -4.672690392 1.873204112 -0.324033558 -0.184600383 0.633327544 0.678101182
3485.181216512 5.025376797 -4.672690392 1.873204112 -0.324033558 -0.184600383 0.633327544 0.678101182
3485.212805952 4.883265018 -4.769113064 1.923212886 -0.320802063 -0.170633316 0.637598515 0.679292619
3485.244788672 5.441896439 -4.910068989 2.571145773 -0.353270322 -0.205034286 0.612798929 0.676489830
3485.277510976 5.441896439 -4.910068989 2.571145773 -0.353270322 -0.205034286 0.612798929 0.676489830
3485.320864992 5.441896439 -4.910068989 2.571145773 -0.353270322 -0.205034286 0.612798929 0.676489830
3485.352269696 5.429688931 -5.009364128 2.578349590 -0.359422535 -0.199173093 0.610802948 0.676805198
3485.384069088 6.069726944 -5.703779697 2.367375374 -0.361540288 -0.295217901 0.432144761 0.771612525
3485.417196736 6.069726944 -5.703779697 2.367375374 -0.361540288 -0.295217901 0.432144761 0.771612525
3485.448816224 6.477782249 -4.305030823 4.528573036 -0.363306463 -0.323020697 0.478968620 0.730927587
3485.480608320 7.017463207 -4.229234219 4.486582756 -0.363251746 -0.321037859 0.492252469 0.722959399
3485.512088320 8.023351669 -4.934710979 1.997219086 -0.338894457 -0.321346581 0.456174761 0.757490277
3485.543748896 8.023351669 -4.934710979 1.997219086 -0.338894457 -0.321346581 0.456174761 0.757490277
3485.575638720 8.023351669 -4.934710979 1.997219086 -0.338894457 -0.321346581 0.456174761 0.757490277
3485.638512960 7.871121407 -4.893501282 2.115026712 -0.349760443 -0.313603818 0.441190988 0.764637709
3485.670258464 7.871121407 -4.893501282 2.115026712 -0.349760443 -0.313603818 0.441190988 0.764637709
3485.702232064 7.871121407 -4.893501282 2.115026712 -0.349760443 -0.313603818 0.441190988 0.764637709
3485.733848736 7.752290249 -4.917431831 2.181691647 -0.353724182 -0.299286097 0.438941240 0.769829571
3485.765845280 7.788815498 -4.997596741 2.106237173 -0.366790175 -0.307375014 0.417315841 0.772549689
3485.797787616 7.788815498 -4.997596741 2.106237173 -0.366790175 -0.307375014 0.417315841 0.772549689
3485.829217472 7.745880127 -5.038742065 2.101200819 -0.368296206 -0.306280226 0.414729804 0.773659825
3485.860521344 7.693527699 -5.028441429 2.155649900 -0.381553799 -0.302680343 0.412517548 0.769825041
3485.892008032 7.502708912 -4.925888538 2.209457874 -0.386367470 -0.291720182 0.412176490 0.771835506
3485.923499424 7.502708912 -4.925888538 2.209457874 -0.386367470 -0.291720182 0.412176490 0.771835506
3485.956291072 7.502708912 -4.925888538 2.209457874 -0.386367470 -0.291720182 0.412176490 0.771835506
3485.991394176 7.406771660 -4.758299828 2.254884958 -0.389323533 -0.283563972 0.410963327 0.774033427
3486.037021600 7.715682983 -4.848108768 2.682183504 -0.419671625 -0.295395762 0.389174372 0.764957786
3486.100776608 7.715682983 -4.848108768 2.682183504 -0.419671625 -0.295395762 0.389174372 0.764957786
3486.132199456 7.643779755 -4.802718163 2.735882044 -0.428871632 -0.292483896 0.373371273 0.768840790
3486.163990880 7.572607040 -4.785623074 2.723607779 -0.433731973 -0.278877437 0.364070386 0.775600851
3486.195488256 7.572607040 -4.785623074 2.723607779 -0.433731973 -0.278877437 0.364070386 0.775600851
3486.226986656 7.572607040 -4.785623074 2.723607779 -0.433731973 -0.278877437 0.364070386 0.775600851
3486.258344512 7.530323982 -4.781061649 2.776318550 -0.442959279 -0.286501706 0.358421862 0.770219207
3486.289719712 7.447380066 -4.778187275 2.787588596 -0.443064690 -0.284156710 0.354736418 0.772729397
3486.321306464 7.447380066 -4.778187275 2.787588596 -0.443064690 -0.284156710 0.354736418 0.772729397
3486.352637504 7.447380066 -4.778187275 2.787588596 -0.443064690 -0.284156710 0.354736418 0.772729397
3486.383979552 7.412030220 -4.747297287 2.599684000 -0.420054883 -0.273814619 0.370204240 0.782002687
3486.416435712 7.351645470 -4.743690014 2.417025328 -0.397204787 -0.261696190 0.381493002 0.792594850
3486.447906848 7.351645470 -4.743690014 2.417025328 -0.397204787 -0.261696190 0.381493002 0.792594850
3486.479485824 7.351645470 -4.743690014 2.417025328 -0.397204787 -0.261696190 0.381493002 0.792594850
3486.513535296 7.334735870 -4.877693653 2.476787329 -0.399856567 -0.253175437 0.412389994 0.778428793
3486.545991936 7.339543819 -5.001340389 2.565707445 -0.404863864 -0.249702230 0.438947678 0.762272239
3486.577468480 7.339543819 -5.001340389 2.565707445 -0.404863864 -0.249702230 0.438947678 0.762272239
3486.609098496 7.339543819 -5.001340389 2.565707445 -0.404863864 -0.249702230 0.438947678 0.762272239
3486.640951456 7.270251751 -4.982687473 2.620067358 -0.403116018 -0.260148108 0.438794136 0.759789526
3486.672559200 7.197895527 -4.950911522 2.669745684 -0.403447747 -0.268957466 0.436194032 0.758041263
3486.704847328 7.197895527 -4.950911522 2.669745684 -0.403447747 -0.268957466 0.436194032 0.758041263
3486.736630240 7.197895527 -4.950911522 2.669745684 -0.403447747 -0.268957466 0.436194032 0.758041263
3486.768009760 7.105264664 -4.903487206 2.724293709 -0.406953424 -0.271979332 0.434314936 0.756165743
3486.799813760 7.023812771 -4.864165783 2.779527187 -0.410485625 -0.276129156 0.431603670 0.754302621
3486.831614496 6.940683365 -4.832613468 2.812803745 -0.412883103 -0.278442293 0.431951106 0.751941264
3486.864994816 6.864440441 -4.805465698 2.883169413 -0.415562153 -0.275369018 0.436227500 0.749123216
3486.901550208 6.954664230 -4.753100395 2.997559309 -0.418045610 -0.282625049 0.444994122 0.739825070
3486.934348192 7.029142857 -4.696233273 3.107486010 -0.420034945 -0.288709819 0.453095853 0.731383204
3486.966023168 7.308361053 -4.929427147 3.281780005 -0.454295337 -0.291487426 0.460932285 0.704409182
3487.001217568 7.362295628 -5.232833862 3.272790194 -0.475082159 -0.266402125 0.475415707 0.690873861
3487.032646112 7.265758991 -5.174888611 3.309434652 -0.475247264 -0.265821755 0.475650728 0.690822124
3487.064154208 7.185347557 -5.124133110 3.352517843 -0.478127033 -0.266926259 0.475517780 0.688496709
3487.096043360 7.085170269 -5.074687481 3.408569574 -0.483327270 -0.272434413 0.474790573 0.683189750
3487.129242368 6.988106251 -5.027948380 3.459284544 -0.487308741 -0.279518455 0.473633260 0.678285539
3487.160876448 7.203445435 -5.286221981 3.568362236 -0.511530221 -0.291331053 0.466728508 0.660020828
3487.192548160 7.401412964 -5.539459229 3.688308477 -0.534196794 -0.301242858 0.459067643 0.642762363
3487.224382112 7.421950817 -6.069309235 3.182544708 -0.533318400 -0.244824335 0.516582668 0.623518169
3487.256639872 10.242040634 -6.504006386 1.742988586 -0.523308575 -0.320342541 0.576416552 0.539696872
3487.288203936 23.183223724 -4.420384407 4.292608261 0.504407644 0.602910101 -0.394266546 -0.476052850
3487.320481664 32.595073700 -2.369999886 13.778822899 0.424408197 0.816702127 -0.172372684 -0.350945830
3487.351605568 34.947456360 -4.948447704 28.527248383 0.297848195 0.935037553 0.107627213 -0.159397647
3487.382959520 29.991952896 -14.498434067 40.231964111 0.112859763 0.915178180 0.382993490 0.055023231
3487.415046688 -0.598579407 -18.593624115 36.712070465 0.420203060 0.493558824 0.629120469 0.428994805
3487.449184672 -9.382490158 6.979209900 14.737749100 0.345323473 -0.131816730 0.587531328 0.719849288
3487.482951328 -11.629793167 13.835115433 17.133737564 0.535949528 -0.442413241 0.614717007 0.373030156
3487.517719712 -17.626018524 15.831028938 22.670488358 -0.577787697 0.648950875 -0.484021962 0.103666641
3487.551027968 -27.355995178 7.173500061 28.752471924 0.787356377 -0.379490405 0.311710179 -0.372684568
3487.583224032 -28.767965317 -1.194293976 31.414197922 0.838757455 -0.154732928 0.181577668 -0.489462167
3487.616224320 -25.074264526 -9.478729248 33.199413300 -0.817114890 -0.091259167 -0.025087614 0.568652332
3487.651776672 -16.700756073 -14.937864304 34.262115479 -0.710545242 -0.339708537 0.138395637 0.600474894
3487.694339808 -3.674463272 -13.658873558 36.058460236 -0.488612384 -0.608900666 0.306026518 0.544835269
3487.725829088 0.102144480 -10.938262939 35.601951599 -0.473798245 -0.535634160 0.578296900 0.392662674
3487.757635904 2.590804815 -8.118154526 32.901962280 -0.400506675 -0.393541515 0.796929240 0.222762823
3487.790109504 3.967991829 -8.809936523 32.488021851 -0.364619255 -0.267443269 0.778535247 0.435212404
3487.825743104 7.690133095 -17.003025055 23.162670135 -0.379451573 0.031408336 0.509291112 0.771785319
3487.857409568 2.953666687 -18.379821777 28.276630402 -0.380456179 0.310033321 0.254573643 0.833261490
3487.890104704 -2.370409012 -13.143125534 34.087253571 -0.293427050 0.538745642 -0.173056394 0.770522714
3487.921536224 11.904880524 -11.922553062 35.518955231 -0.346605748 0.613301933 -0.099018380 0.702794909
3487.963386496 11.904880524 -11.922553062 35.518955231 -0.346605748 0.613301933 -0.099018380 0.702794909
3488.003976064 11.952559471 -11.971190453 35.544692993 -0.346472174 0.615411222 -0.083380409 0.703046024
3488.035546912 11.941653252 -11.936968803 35.566837311 -0.333928555 0.619646370 -0.091711782 0.704357088
3488.067850816 11.903480530 -11.937633514 35.541397095 -0.316910416 0.624134183 -0.084756680 0.709112525
3488.102180544 9.882538795 -12.519789696 35.307956696 -0.319164574 0.622346163 -0.076401040 0.710620940
3488.142061920 7.740214348 -13.105133057 34.987709045 -0.298344851 0.626701772 -0.066569142 0.716801107
3488.181901280 5.467598915 -13.689767838 34.832798004 -0.283799142 0.644413173 -0.054406576 0.707975686
3488.213595072 4.321193695 -14.615558624 34.130226135 -0.308768183 0.603817403 -0.046233539 0.733436465
3488.248226816 3.136335850 -15.612102509 33.522777557 -0.344176948 0.577594161 -0.071325183 0.736776710
3488.285600416 2.786508322 -15.956093788 33.420063019 -0.348680258 0.575644493 -0.076178491 0.735698521
3488.329782240 2.388300180 -16.359182358 33.357196808 -0.364938229 0.575832307 -0.083392963 0.726830721
3488.361644608 3.018654823 -15.877785683 33.553421021 -0.357416064 0.582248628 -0.086225271 0.725124419
3488.393107872 2.442535400 -16.061098099 33.469467163 -0.349857390 0.587551475 -0.073087089 0.725976050
3488.425082240 2.981322289 -15.896472931 33.605472565 -0.355804473 0.584367752 -0.083639860 0.724514842
3488.457649344 3.297170162 -15.652702332 33.784103394 -0.369788140 0.589416742 -0.106050380 0.710350573
3488.491504320 3.230793715 -15.790584564 33.655651093 -0.363544464 0.581029534 -0.095916711 0.721831083
3488.523068544 2.485229015 -15.978640556 33.529808044 -0.364898324 0.581611633 -0.095683448 0.720709264
3488.554423904 2.994541407 -15.782937050 33.754005432 -0.371311337 0.581192493 -0.103508562 0.716679215
3488.586279360 3.321980953 -15.700587273 33.863983154 -0.379239172 0.582919598 -0.104020886 0.711028874
3488.618026144 3.523543596 -15.760581017 33.907478333 -0.399440259 0.576108158 -0.116328955 0.703572631
3488.649842944 3.033751249 -15.975442886 33.789844513 -0.401383728 0.574691892 -0.120445810 0.702931702
3488.681472480 3.723172426 -15.682808876 34.010486603 -0.401900291 0.580190241 -0.113072895 0.699335337
3488.714073344 4.302210331 -15.399372101 34.115913391 -0.385845691 0.592342019 -0.113784857 0.698073864
3488.754953824 6.351701736 -11.773224831 31.529329300 0.035593372 0.420725048 -0.419420600 0.803622961
3488.786324480 -2.154949188 -1.128193855 11.878913879 0.020480104 0.352341741 -0.461317033 0.814016223
3488.817678432 -2.478882790 -0.716541767 11.731295586 0.019949732 0.361117154 -0.488854676 0.793862402
3488.849307520 -2.483576298 -0.492298543 11.586852074 0.003440514 0.376307100 -0.533538043 0.757441938
3488.881846016 -2.378736734 -0.509621918 11.707349777 0.007124663 0.377795577 -0.542490661 0.750282347
3488.913202048 -2.402413368 -0.491592705 11.626247406 0.012476666 0.375765860 -0.541877389 0.751673639
3488.954410432 -2.274960518 -0.519056082 11.975100517 0.013010561 0.382215708 -0.542278469 0.748114824
3488.986115744 -2.351786852 -0.908435285 12.557686806 -0.002109381 0.389221549 -0.574278414 0.720212758
3489.017631168 4.120318413 -0.788085997 13.062951088 -0.211399734 -0.256197333 0.936547875 0.112032115
3489.053053696 4.307530403 -2.955732107 16.146877289 -0.298531413 -0.212958172 0.878440976 0.306380898
3489.087393824 3.909353018 -2.847565413 16.445907593 -0.297410280 -0.210545272 0.887628675 0.281661302
3489.120029536 3.204968452 -2.875423193 17.005691528 -0.292205393 -0.206572041 0.897608459 0.257377207
3489.153158144 5.520408630 -0.830418825 12.547480583 -0.306473255 -0.252403736 0.904755712 0.154219449
3489.185710336 5.865933418 -0.662241817 11.926341057 -0.306374818 -0.251500368 0.905509591 0.151441127
3489.217805440 5.706209183 -0.668089330 12.225867271 -0.319636852 -0.244377568 0.912134171 0.078250878
3489.250671264 5.359741211 -0.767339826 12.567710876 -0.320062697 -0.241297245 0.914430380 0.056148287
3489.283035488 6.253799915 1.104764581 9.154296875 -0.267677546 -0.249921352 0.930477738 -0.009957504
3489.314546816 6.614223957 1.622677803 8.142747879 -0.261827290 -0.256115973 0.930293024 -0.020149114
3489.346784576 6.240437508 1.130797982 9.282229424 -0.268052876 -0.254662901 0.928761363 -0.026395289
3489.378295168 5.903862476 0.864149094 9.708640099 -0.263048857 -0.251420408 0.931128621 -0.024343316
3489.409732736 5.728736877 0.787274361 9.790579796 -0.266915143 -0.250571012 0.930340350 -0.020913426
3489.442415232 5.810598850 0.818228483 9.641933441 -0.263460517 -0.249214128 0.931743264 -0.018312184
3489.475045120 5.482451439 0.514300346 9.845808029 -0.264202267 -0.249050379 0.931690156 -0.011162611
3489.507219136 5.145983696 0.234952062 10.017210960 -0.251478344 -0.244285628 0.936346233 -0.018409640
3489.538609856 5.145983696 0.234952062 10.017210960 -0.251478344 -0.244285628 0.936346233 -0.018409640
3489.570671040 5.356595039 0.311405718 9.734172821 -0.250481457 -0.243882447 0.936661065 -0.021128600
3489.604827936 5.218069077 0.222652301 9.988862038 -0.250169367 -0.246691152 0.935663521 -0.033054080
3489.636303584 5.164212227 0.178892747 10.217407227 -0.255114853 -0.246178865 0.933818281 -0.047914714
3489.668056864 5.164212227 0.178892747 10.217407227 -0.255114853 -0.246178865 0.933818281 -0.047914714
3489.699425568 5.300049782 0.227753088 9.969558716 -0.252162099 -0.248467326 0.934112728 -0.045953065
3489.730969536 5.097747803 0.112285301 10.303149223 -0.250737846 -0.248855859 0.934313059 -0.047544178
3489.762962048 4.781146049 -0.127154320 10.961780548 -0.255880713 -0.253665596 0.931673467 -0.046512485
3489.794813440 4.538102627 -1.822464824 11.206486702 -0.262086719 -0.177470237 0.947469950 0.045995634
3489.835439776 4.861768723 -1.919643641 10.742115974 -0.264105797 -0.174173683 0.946968019 0.056242298
3489.874332992 4.532078743 -2.061885357 11.246031761 -0.263626188 -0.173961982 0.946765423 0.062238596
3489.908635840 4.843263149 -2.622614384 11.453577042 -0.289686948 -0.160119295 0.937380135 0.108451575
3489.942816064 4.843263149 -2.622614384 11.453577042 -0.289686948 -0.160119295 0.937380135 0.108451575
3489.975805056 5.011027336 -2.657098532 11.169236183 -0.290078014 -0.158697173 0.937496066 0.108494602
3490.007491072 4.697483540 -2.699821234 11.650165558 -0.290790737 -0.157493085 0.937877476 0.104988150
3490.038999744 4.470264435 -2.579264641 12.056213379 -0.292841613 -0.164258555 0.935847521 0.107015505
3490.071111904 3.745587349 -5.470474720 12.055998802 -0.121736422 0.126266614 0.947188556 -0.268460065
3490.103361952 3.424491882 -9.888837814 13.433934212 -0.034648437 0.354153961 0.904708385 -0.234258816
3490.136180832 4.972630024 -11.422205925 21.155120850 -0.111133322 0.737840414 0.634153545 -0.202707604
3490.168040512 4.186461449 -10.125236511 20.077182770 -0.128426924 0.699689090 0.668651402 -0.216441706
3490.199571168 4.186461449 -10.125236511 20.077182770 -0.128426924 0.699689090 0.668651402 -0.216441706
3490.231255616 4.443509579 -10.452692986 20.213447571 -0.131236643 0.695137799 0.673183143 -0.215371549
3490.263194880 4.248562336 -10.075647354 20.132562637 -0.128500193 0.696239710 0.671493351 -0.218711168
3490.295849280 4.014840603 -9.601088524 20.030870438 -0.132102445 0.692509592 0.671168745 -0.229154617
3490.328969728 4.373423576 -9.288483620 19.895965576 -0.155570239 0.673802674 0.673305392 -0.261624783
3490.368751104 4.708140850 -9.551871300 20.005561829 -0.160644308 0.672708213 0.673762083 -0.260195524
3490.400168448 4.339398861 -9.083923340 19.825582504 -0.130603820 0.678734422 0.666077495 -0.280362397
3490.431708768 4.164534092 -8.784223557 19.624252319 -0.109504588 0.685743511 0.653981984 -0.300119966
3490.463198976 0.646511793 -7.035288811 18.518247604 0.391768128 0.571696937 0.566905677 -0.445306957
3490.495127648 -0.190681815 -12.151611328 18.246120453 -0.647494197 -0.326490074 -0.368028164 0.581988573
3490.527812160 -1.776615977 -18.449266434 19.514938354 -0.791344881 -0.011258389 -0.089100003 0.604737878
3490.560181376 -2.538927078 -17.248769760 19.314586639 -0.786744416 0.062008470 -0.115232393 0.603249133
3490.591839456 -1.931432009 -18.714984894 19.223320007 -0.756111205 -0.016960362 -0.079740517 0.649345517
3490.626166688 -1.821109533 -20.623542786 19.324899673 -0.738029242 -0.091644548 -0.124419659 0.656836390
3490.661490432 -1.763346076 -19.092380524 19.010530472 -0.739284277 -0.042017043 -0.069621406 0.668465614
3490.693319680 -1.874935031 -18.484609604 18.835443497 -0.741162598 0.009216420 -0.054151971 0.669074416
3490.724828576 -2.546726227 -19.192850113 18.986211777 -0.753898799 0.047463883 -0.063107871 0.652227879
3490.756690752 -2.794571638 -19.795759201 18.924650192 -0.747725487 0.025692523 -0.084775724 0.658072472
3490.788052800 -3.215642929 -19.393630981 19.047143936 -0.743413389 0.067806967 -0.065505907 0.662153900
3490.819503200 -3.635226965 -19.000852585 19.221664429 -0.736349761 0.112303749 -0.048834857 0.665426314
3490.853447712 -4.286775112 -19.859746933 20.591316223 -0.789342999 0.182196364 -0.026908245 0.585677385
3490.884942720 -5.108673573 -20.265993118 21.787954330 -0.832453847 0.206055820 -0.064753406 0.510263383
3490.917353792 -4.881141186 -19.529567719 21.707946777 0.833921075 -0.258095980 0.058814783 -0.484255016
3490.950557568 -4.586908817 -18.804182053 21.579881668 0.832765937 -0.309493333 0.049433228 -0.456367373
3490.982369792 -4.804903984 -19.343534470 21.840232849 0.850692153 -0.275194257 0.030059153 -0.446864039
3491.014050368 -4.985824585 -19.775163651 22.012918472 0.859248638 -0.234754339 0.032043070 -0.453382283
3491.055679136 -4.589152813 -19.548059464 21.781412125 0.866248846 -0.181347281 0.031910043 -0.464443594
3491.087635232 -4.307246685 -19.358482361 21.644176483 0.871149838 -0.146176845 0.035436537 -0.467412561
3491.119883232 -4.219775200 -19.157051086 21.519044876 0.872839689 -0.133877844 0.049659703 -0.466649294
3491.153946112 -4.234933853 -19.072616577 21.466623306 0.874791920 -0.129668593 0.053435165 -0.463756263
3491.185901472 -4.185690403 -18.913862228 21.356101990 0.871425629 -0.127584442 0.055583797 -0.470372230
3491.227227840 -4.124174595 -18.694694519 21.227956772 0.867910564 -0.123491123 0.058947910 -0.477500141
3491.270564896 -4.068747520 -18.512874603 21.065130234 0.859530628 -0.122182682 0.062662147 -0.492292553
3491.302785472 -4.046598434 -18.403896332 20.986476898 0.855918407 -0.121648856 0.065234840 -0.498346925
3491.334758016 -4.011820793 -18.236192703 20.902278900 0.854733407 -0.127524242 0.064566940 -0.498998463
3491.366845408 -3.998115778 -18.071989059 20.789587021 -0.850901544 0.134670049 -0.066402793 0.503409624
3491.398299968 -4.051700115 -18.046865463 20.737274170 -0.843709350 0.140961051 -0.089131407 0.510235310
3491.431094272 -4.154245853 -18.032947540 20.705677032 -0.836120963 0.147623569 -0.111635245 0.516378343
3491.468471456 -4.253314972 -18.093051910 20.747070312 -0.828616917 0.137954026 -0.153240070 0.520461380
3491.504058848 -4.543277264 -18.155969620 20.707263947 -0.797521412 0.134826139 -0.238358900 0.537556112
3491.547224032 -4.882484436 -18.250299454 20.600847244 -0.749090552 0.125239179 -0.341737956 0.553528368
3491.578671232 -5.125769615 -18.314817429 20.437377930 -0.707389832 0.116844878 -0.415082157 0.560047925
3491.610206400 -5.489792347 -18.364900589 20.199058533 -0.660109222 0.109111868 -0.487117827 0.561308026
3491.642200256 -5.489792347 -18.364900589 20.199058533 -0.660109222 0.109111868 -0.487117827 0.561308026
3491.673795648 -5.497516632 -18.370851517 20.198743820 -0.658612967 0.106759138 -0.492036819 0.559223771
3491.705182720 -5.431695461 -18.318925858 20.227434158 -0.658316493 0.103276484 -0.493086070 0.559302568
3491.737541536 -5.331870079 -18.248201370 20.277551651 -0.659225583 0.105279453 -0.489139646 0.561319947
3491.769083904 -5.331870079 -18.248201370 20.277551651 -0.659225583 0.105279453 -0.489139646 0.561319947
3491.800631360 -5.310425282 -18.194324493 20.246927261 -0.657776475 0.104860865 -0.490110517 0.562250853
3491.831861088 -5.229069233 -18.080896378 20.217819214 -0.656326830 0.104831614 -0.490739822 0.563400209
3491.863173632 -5.137106895 -17.955551147 20.174564362 -0.652624130 0.104490951 -0.491439104 0.567142665
3491.894521088 -5.137106895 -17.955551147 20.174564362 -0.652624130 0.104490951 -0.491439104 0.567142665
3491.925982240 -5.079836845 -17.798082352 20.085153580 -0.649280727 0.098390311 -0.496916205 0.567299008
3491.957414400 -5.030236244 -17.624952316 19.994604111 -0.646582901 0.096084066 -0.501311481 0.566908419
3491.988772192 -5.054750919 -17.424222946 19.925924301 -0.646700740 0.101535961 -0.500212371 0.566794693
3492.020015968 -5.054750919 -17.424222946 19.925924301 -0.646700740 0.101535961 -0.500212371 0.566794693
3492.052070624 -4.405878544 -15.174488068 19.307643890 -0.614011407 0.066356219 -0.528908491 0.582102060
3492.084029792 -4.005169392 -14.604273796 19.169864655 -0.597160995 0.034095328 -0.551502764 0.581447363
3492.123825088 -3.584673643 -13.940195084 19.009908676 -0.582776427 0.002688007 -0.571730256 0.577484965
3492.155369824 -3.584673643 -13.940195084 19.009908676 -0.582776427 0.002688007 -0.571730256 0.577484965
3492.186752640 -3.584673643 -13.940195084 19.009908676 -0.582776427 0.002688007 -0.571730256 0.577484965
3492.218244384 -3.626115799 -13.995244026 19.010076523 -0.584130168 0.002403033 -0.570442498 0.577391982
3492.249615424 -3.683424473 -14.065006256 18.873554230 -0.552461207 -0.036616277 -0.607757926 0.569276929
3492.281109184 -3.683424473 -14.065006256 18.873554230 -0.552461207 -0.036616277 -0.607757926 0.569276929
3492.312582080 -3.683424473 -14.065006256 18.873554230 -0.552461207 -0.036616277 -0.607757926 0.569276929
3492.348272576 -3.716405869 -14.088751793 18.864913940 -0.552012801 -0.037235036 -0.609024167 0.568317771
3492.379636160 -3.632205963 -14.201221466 18.881090164 -0.560129583 -0.022971915 -0.604309618 0.566159964
3492.411109312 -3.632205963 -14.201221466 18.881090164 -0.560129583 -0.022971915 -0.604309618 0.566159964
3492.442434016 -3.632205963 -14.201221466 18.881090164 -0.560129583 -0.022971915 -0.604309618 0.566159964
3492.475576640 -3.628966808 -14.193192482 18.876111984 -0.558083832 -0.025062608 -0.606991172 0.565222025
3492.507234688 -3.679941654 -14.179530144 18.904577255 -0.559277177 -0.028199721 -0.619226813 0.550428987
3492.572381984 -3.679941654 -14.179530144 18.904577255 -0.559277177 -0.028199721 -0.619226813 0.550428987
3492.605662752 -3.754062653 -14.152651787 18.929132462 -0.559685290 -0.027601836 -0.620245993 0.548894703
3492.637048480 -3.326504707 -13.870847702 19.555345535 -0.557076216 -0.026260350 -0.619441509 0.552511334
3492.700018816 -3.326504707 -13.870847702 19.555345535 -0.557076216 -0.026260350 -0.619441509 0.552511334
3492.731491776 -3.282508612 -13.805740356 19.598552704 -0.559231460 -0.021711398 -0.615558565 0.554866076
3492.762765856 -3.252957821 -13.759419441 19.644184113 -0.562931240 -0.014561277 -0.607101619 0.560645938
3492.825996064 -3.252957821 -13.759419441 19.644184113 -0.562931240 -0.014561277 -0.607101619 0.560645938
3492.857402272 -3.176259279 -13.684845924 19.694019318 -0.562995553 -0.015785227 -0.600213230 0.567918181
3492.888817888 -3.090163946 -13.584267616 19.777372360 -0.567868948 -0.013312163 -0.594820261 0.568802774
3492.957635072 -3.090163946 -13.584267616 19.777372360 -0.567868948 -0.013312163 -0.594820261 0.568802774
3492.989155200 -3.009478092 -13.506580353 19.832273483 -0.571095765 -0.002459597 -0.584960938 0.575903058
3493.027095872 -2.908328295 -13.399839401 19.901998520 -0.574956656 0.011750380 -0.572480857 0.584424973
3493.058699584 -2.908328295 -13.399839401 19.901998520 -0.574956656 0.011750380 -0.572480857 0.584424973
3493.090056640 -3.338354826 -14.798786163 19.989803314 -0.573005557 0.012299943 -0.577498317 0.581385434
3493.129731584 -3.913779736 -16.629289627 20.098957062 -0.571474314 0.012420068 -0.580602705 0.579796016
3493.161519520 -4.373224735 -18.088485718 20.183172226 -0.571029961 0.014236705 -0.581099689 0.579694092
3493.193436320 -4.373224735 -18.088485718 20.183172226 -0.571029961 0.014236705 -0.581099689 0.579694092
3493.228787552 -4.442367554 -18.258352280 20.053726196 -0.569170177 0.017270017 -0.580620885 0.581916094
3493.260076640 -4.366021156 -18.238857269 19.942758560 -0.568311572 0.020595251 -0.578048050 0.585199356
3493.291434688 -4.270034313 -18.214164734 19.838691711 -0.566162646 0.022980900 -0.572810471 0.592300534
3493.325390432 -4.270034313 -18.214164734 19.838691711 -0.566162646 0.022980900 -0.572810471 0.592300534
3493.358843648 -5.359617233 -17.658197403 20.718170166 -0.589132905 0.054643724 -0.573109686 0.566993654
3493.390309184 -6.222561836 -17.210975647 21.475004196 -0.608331800 0.084166534 -0.569810629 0.546044290
3493.422991168 -7.037108421 -16.562866211 22.316246033 -0.626720309 0.113768980 -0.566657364 0.522664249
3493.455130560 -7.037108421 -16.562866211 22.316246033 -0.626720309 0.113768980 -0.566657364 0.522664249
3493.486383744 -7.052872181 -16.568744659 22.325180054 -0.628928542 0.120944515 -0.561709821 0.523739755
3493.519496224 -7.074102402 -16.586076736 22.325086594 -0.629791021 0.126595169 -0.556004822 0.527442515
3493.552957344 -7.041689873 -16.587688446 22.326086044 -0.629793763 0.127681151 -0.551885605 0.531488180
3493.589755872 -7.041689873 -16.587688446 22.326086044 -0.629793763 0.127681151 -0.551885605 0.531488180
3493.622235968 -7.015890598 -16.488588333 22.286649704 -0.629000604 0.130251139 -0.551824093 0.531867623
3493.654100672 -6.875711441 -16.449197769 22.276187897 -0.628542960 0.137823462 -0.548385680 0.534052014
3493.686617920 -6.747741222 -16.427406311 22.227315903 -0.621452689 0.134102136 -0.548413992 0.543189883
3493.718037344 -6.747741222 -16.427406311 22.227315903 -0.621452689 0.134102136 -0.548413992 0.543189883
3493.749632608 -6.733261108 -16.365926743 22.216110229 -0.624922693 0.145399153 -0.543084204 0.541655123
3493.781404800 -6.643380642 -16.319366455 22.239025116 -0.627389371 0.148204818 -0.539470077 0.541654885
3493.816144736 -6.504648209 -16.250829697 22.260215759 -0.630830646 0.148282111 -0.535449684 0.541625977
3493.849405312 -6.504648209 -16.250829697 22.260215759 -0.630830646 0.148282111 -0.535449684 0.541625977
3493.880936416 -5.647151470 -14.737689972 21.947063446 -0.615190268 0.107904419 -0.558899760 0.545461953
3493.913387232 -5.038670063 -14.654238701 22.129776001 -0.614027143 0.048627686 -0.575474679 0.537991524
3493.946005408 -4.495267868 -14.374259949 22.243297577 -0.607278764 -0.009214994 -0.592084169 0.529682815
3493.977428896 -4.495267868 -14.374259949 22.243297577 -0.607278764 -0.009214994 -0.592084169 0.529682815
3494.009061504 -4.653274536 -14.624623299 22.323152542 -0.610349894 -0.005879046 -0.590601146 0.527852774
3494.041067584 -4.872383118 -14.369575500 22.414001465 -0.611956358 -0.000228670 -0.589858532 0.526854932
3494.074147584 -5.062898636 -13.926320076 22.244144440 -0.610733092 0.007386397 -0.589803219 0.528282940
3494.105985728 -5.062898636 -13.926320076 22.244144440 -0.610733092 0.007386397 -0.589803219 0.528282940
3494.138324160 -5.301402569 -14.101159096 22.028892517 -0.602909863 0.008606468 -0.597244561 0.528889716
3494.173684384 -5.557718754 -14.290601730 21.784961700 -0.593850315 0.008889683 -0.605159521 0.530136526
3494.210738016 -5.884250641 -14.502386093 21.509788513 -0.585649848 0.012122307 -0.612507939 0.530755281
3494.245662240 -5.884250641 -14.502386093 21.509788513 -0.585649848 0.012122307 -0.612507939 0.530755281
3494.280997472 -5.789087296 -14.387578964 21.462444305 -0.586583614 0.014893911 -0.608235002 0.534554064
3494.312620128 -5.658393860 -14.376344681 21.599502563 -0.587756038 0.006669256 -0.608825326 0.532756925
3494.344843680 -5.520558834 -14.350406647 21.754587173 -0.590181410 0.000602699 -0.606774211 0.532457113
3494.376602848 -5.520558834 -14.350406647 21.754587173 -0.590181410 0.000602699 -0.606774211 0.532457113
3494.407916576 -5.255445004 -14.195724487 21.737522125 -0.592816949 0.000140652 -0.601182163 0.535861969
3494.439347360 -5.025460720 -14.045939445 21.700592041 -0.594713807 0.000465607 -0.597143531 0.538270235
3494.470746688 -4.828221321 -13.905578613 21.634557724 -0.595108569 -0.000526489 -0.595193326 0.539990962
3494.502440960 -4.828221321 -13.905578613 21.634557724 -0.595108569 -0.000526489 -0.595193326 0.539990962
3494.537118240 -4.830076218 -13.839962959 21.661952972 -0.595674336 0.001057842 -0.594706655 0.539902866
3494.568485056 -4.829772472 -13.739534378 21.705804825 -0.594759345 -0.003875071 -0.599837780 0.535201490
3494.599727744 -4.913701057 -13.738290787 21.755929947 -0.594892740 -0.007230124 -0.605178893 0.528969765
3494.631041440 -4.913701057 -13.738290787 21.755929947 -0.594892740 -0.007230124 -0.605178893 0.528969765
3494.662466144 -5.020833015 -14.003767967 21.837491989 -0.597691715 -0.005379347 -0.602738023 0.528623283
3494.695516960 -5.014732361 -14.135471344 21.936382294 -0.596453369 -0.011135935 -0.602069676 0.530689716
3494.726773344 -4.961658001 -14.217525482 22.041465759 -0.596955895 -0.015160240 -0.599339068 0.533110082
3494.767744672 -4.961658001 -14.217525482 22.041465759 -0.596955895 -0.015160240 -0.599339068 0.533110082
3494.801450944 -5.236269951 -14.903718948 22.021366119 -0.595879912 -0.012550753 -0.599777699 0.533887863
3494.836093600 -5.516281128 -15.601309776 22.006402969 -0.594338238 -0.011065693 -0.601542115 0.533654392
3494.869395936 -5.735422134 -16.243963242 21.948213577 -0.591428518 -0.009318789 -0.603588402 0.534608603
3494.901193376 -5.826441288 -14.775129318 22.502662659 -0.601966739 -0.013361141 -0.606711328 0.518997908
3494.932926656 -5.922159672 -13.359352112 23.019727707 -0.611914933 -0.018014623 -0.610915601 0.502013803
3494.964381376 -5.877641201 -11.946186066 23.419883728 0.618695915 0.024763234 0.613783598 -0.489767075
3494.996728256 -5.503488541 -11.753694534 23.485095978 0.617444515 0.041347742 0.613055527 -0.491136581
3495.031631936 -5.503488541 -11.753694534 23.485095978 0.617444515 0.041347742 0.613055527 -0.491136581
3495.064678336 -5.446840286 -11.652952194 23.323272705 0.609752595 0.045374941 0.617522955 -0.494781047
3495.096553632 -5.432307720 -11.555749893 23.165500641 0.604818046 0.042062718 0.621986568 -0.495538652
3495.127928352 -5.408318996 -11.440019608 23.015312195 0.599121451 0.035425127 0.627043664 -0.496603101
3495.160099584 -5.044435978 -14.574890137 22.420354843 -0.590386748 -0.041477852 -0.617985070 0.517510951
3495.191475520 -4.575373650 -17.556482315 21.742076874 -0.581015468 -0.046351921 -0.609473348 0.537414551
3495.223413696 -3.984640598 -20.472131729 20.957891464 -0.570068121 -0.050517548 -0.601293445 0.557598889
3495.254596896 -3.296977282 -23.215339661 20.112241745 -0.557942688 -0.054936998 -0.594719350 0.576186478
3495.286516960 -3.296977282 -23.215339661 20.112241745 -0.557942688 -0.054936998 -0.594719350 0.576186478
3495.320975808 -3.332669735 -23.172948837 20.114105225 -0.558811307 -0.051750250 -0.594935298 0.575416148
3495.352695456 -3.259125471 -23.081548691 20.161781311 -0.556720138 -0.045519255 -0.595520377 0.577361703
3495.384073856 -3.198521614 -23.000425339 20.205186844 -0.555285335 -0.041712318 -0.596465945 0.578054011
3495.415536032 -3.198521614 -23.000425339 20.205186844 -0.555285335 -0.041712318 -0.596465945 0.578054011
3495.450187776 -3.210463524 -23.000108719 20.228275299 -0.557015657 -0.041263092 -0.595637679 0.577275276
3495.481653152 -3.173230171 -22.950138092 20.262390137 -0.559542298 -0.036628228 -0.593450487 0.577397287
3495.513804320 -3.071256161 -22.845689774 20.323642731 -0.559163868 -0.036791019 -0.595343113 0.575802743
3495.545456160 -3.071256161 -22.845689774 20.323642731 -0.559163868 -0.036791019 -0.595343113 0.575802743
3495.576910368 -3.054027081 -22.839984894 20.323968887 -0.557879210 -0.036842864 -0.597721040 0.574580729
3495.608569632 -3.003029823 -22.807296753 20.394180298 -0.561263621 -0.034674902 -0.597964406 0.571155906
3495.639866368 -2.956938267 -22.787218094 20.462707520 -0.563474476 -0.033047702 -0.596482217 0.570625186
3495.671361536 -2.956938267 -22.787218094 20.462707520 -0.563474476 -0.033047702 -0.596482217 0.570625186
3495.703790496 -2.976896763 -22.754394531 20.404996872 -0.558380306 -0.035893690 -0.601618767 0.570068359
3495.737539712 -2.982161522 -22.701410294 20.378948212 -0.558993518 -0.036302481 -0.599686861 0.571475089
3495.769063488 -2.904938221 -22.616115570 20.429431915 -0.562027574 -0.039252717 -0.597172141 0.570937693
3495.800584512 -2.904938221 -22.616115570 20.429431915 -0.562027574 -0.039252717 -0.597172141 0.570937693
3495.833443136 -2.909475565 -22.607452393 20.506992340 -0.564550519 -0.041437026 -0.598139346 0.567269742
3495.866548864 -2.838221312 -22.541580200 20.548202515 -0.568222702 -0.037271161 -0.595262885 0.566917777
3495.907297216 -2.763260603 -22.468036652 20.570926666 -0.568030775 -0.036736824 -0.598092258 0.564160347
3495.939404032 -2.763260603 -22.468036652 20.570926666 -0.568030775 -0.036736824 -0.598092258 0.564160347
3495.970885440 -2.725893259 -22.383172989 20.529945374 -0.565870821 -0.037765369 -0.599081278 0.565212727
3496.002325536 -2.684557438 -22.378166199 20.484182358 -0.562938273 -0.036161512 -0.597331464 0.570077062
3496.034212992 -2.697695971 -22.392297745 20.430007935 -0.562397420 -0.031055354 -0.592318654 0.576110601
3496.066064736 -2.697695971 -22.392297745 20.430007935 -0.562397420 -0.031055354 -0.592318654 0.576110601
3496.098147424 -2.669233322 -22.357942581 20.492465973 -0.561777830 -0.031966150 -0.594650567 0.574259758
3496.130085120 -2.621423006 -22.303848267 20.543106079 -0.563854575 -0.027478190 -0.593696952 0.573442936
3496.163600544 -2.558387280 -22.244934082 20.594423294 -0.566400886 -0.027626064 -0.596186221 0.568321109
3496.195285312 -2.558387280 -22.244934082 20.594423294 -0.566400886 -0.027626064 -0.596186221 0.568321109
3496.226722464 -2.541593313 -22.239154816 20.603179932 -0.568876147 -0.025463119 -0.595820487 0.566329837
3496.258282976 -2.482117414 -22.170547485 20.639554977 -0.574796796 -0.026033849 -0.596315682 0.559766412
3496.289728640 -2.428135395 -22.102752686 20.666124344 -0.578270853 -0.026680214 -0.598835647 0.553431809
3496.322220640 -2.428135395 -22.102752686 20.666124344 -0.578270853 -0.026680214 -0.598835647 0.553431809
3496.354581248 -2.536836386 -22.252504349 20.704616547 -0.574598730 -0.028664045 -0.608194292 0.546913445
3496.394520576 -2.763957024 -22.373291016 20.963422775 -0.578235924 -0.025049051 -0.610451341 0.540707767
3496.426304096 -2.912724495 -22.447917938 21.159111023 -0.580419779 -0.025872130 -0.613761365 0.534547091
3496.458807488 -2.912724495 -22.447917938 21.159111023 -0.580419779 -0.025872130 -0.613761365 0.534547091
3496.491350528 -2.910066843 -22.510381699 21.225934982 -0.582530916 -0.028764060 -0.613048613 0.532917976
3496.523245056 -2.859346151 -22.458469391 21.243837357 -0.579195738 -0.034197506 -0.620515466 0.527563572
3496.554985568 -2.834397316 -22.431850433 21.246446609 -0.579299986 -0.029448280 -0.621008933 0.527154922
3496.589516800 -2.834397316 -22.431850433 21.246446609 -0.579299986 -0.029448280 -0.621008933 0.527154922
3496.626753376 -2.795914173 -22.391851425 21.261444092 -0.579285741 -0.029784132 -0.622618496 0.525249600
3496.671452960 -2.738397837 -22.329551697 21.292434692 -0.582757294 -0.026817443 -0.620780528 0.523742437
3496.707325504 -2.706225395 -22.286153793 21.313919067 -0.582220137 -0.027445717 -0.619133353 0.526251078
3496.740590720 -2.706225395 -22.286153793 21.313919067 -0.582220137 -0.027445717 -0.619133353 0.526251078
3496.772149376 -2.688394547 -22.243206024 21.303604126 -0.581262946 -0.029128816 -0.621792436 0.524079204
3496.805856896 -2.677762270 -22.227010727 21.320676804 -0.585097194 -0.024195809 -0.618745089 0.523670077
3496.838624192 -2.644152164 -22.197746277 21.331951141 -0.586598873 -0.022909427 -0.619028151 0.521709800
3496.869955648 -2.644152164 -22.197746277 21.331951141 -0.586598873 -0.022909427 -0.619028151 0.521709800
3496.901548288 -2.652266026 -22.173965454 21.328746796 -0.586592436 -0.019996997 -0.620452762 0.520142019
3496.933506848 -2.651179552 -22.143373489 21.336456299 -0.585807025 -0.020388404 -0.620927215 0.520445704
3496.965518016 -2.645691633 -22.116483688 21.344417572 -0.584683120 -0.021234717 -0.620574594 0.522093534
3496.996951296 -2.645691633 -22.116483688 21.344417572 -0.584683120 -0.021234717 -0.620574594 0.522093534
3497.028464512 -2.632705688 -22.100219727 21.352104187 -0.584388673 -0.021525173 -0.621179223 0.521692216
3497.060468384 -2.593075514 -22.098991394 21.385021210 -0.584780931 -0.022140356 -0.621424675 0.520933926
3497.091997472 -2.572849035 -22.088342667 21.388328552 -0.584257841 -0.023132898 -0.622699797 0.519954443
3497.124587840 -2.572849035 -22.088342667 21.388328552 -0.584257841 -0.023132898 -0.622699797 0.519954443
3497.156261152 -2.570824623 -22.083864212 21.393844604 -0.585166752 -0.021807749 -0.622178435 0.519613624
3497.188092224 -2.574516058 -22.061258316 21.388439178 -0.585402548 -0.021789927 -0.621960998 0.519609153
3497.219384544 -2.567319393 -22.046503067 21.396432877 -0.585921824 -0.020323077 -0.621908724 0.519145429
3497.254131456 -2.567319393 -22.046503067 21.396432877 -0.585921824 -0.020323077 -0.621908724 0.519145429
3497.286014816 -2.562448263 -22.043554306 21.400121689 -0.586267769 -0.020803044 -0.621648014 0.519048274
3497.326532864 -2.553123951 -22.035625458 21.407541275 -0.587049425 -0.021009451 -0.620338380 0.519722939
3497.358525344 -2.541857243 -22.025884628 21.412509918 -0.587089658 -0.021256140 -0.620519519 0.519450963
3497.390327904 -2.541857243 -22.025884628 21.412509918 -0.587089658 -0.021256140 -0.620519519 0.519450963
3497.425092032 -2.539529324 -22.028656006 21.425022125 -0.587596178 -0.021440608 -0.620033324 0.519451261
3497.456802912 -2.535888195 -22.019645691 21.433609009 -0.588064432 -0.021934170 -0.619794905 0.519185364
3497.488023904 -2.527525425 -22.010581970 21.437089920 -0.588572085 -0.021638550 -0.619338751 0.519166708
3497.519809472 -2.529634237 -22.006139755 21.439643860 -0.588579953 -0.021655271 -0.619357109 0.519135356
3497.551452704 -2.523356199 -22.010385513 21.442729950 -0.588399947 -0.022131700 -0.619621634 0.519003332
3497.583085088 -2.522734880 -22.004020691 21.447008133 -0.588668704 -0.022079431 -0.619355500 0.519018531
3497.616422656 -2.517950058 -21.997602463 21.450138092 -0.589222550 -0.022427943 -0.618554354 0.519330859
3497.649006080 -2.517950058 -21.997602463 21.450138092 -0.589222550 -0.022427943 -0.618554354 0.519330859
3497.681548128 -2.520246983 -22.002237320 21.454404831 -0.589560747 -0.022682514 -0.617635965 0.520028353
3497.713360384 -2.523672819 -21.998554230 21.453508377 -0.589133501 -0.022703908 -0.618015289 0.520060778
3497.745284096 -2.516694069 -21.992309570 21.455961227 -0.588543653 -0.022152029 -0.618996203 0.519585848
3497.776859264 -2.516694069 -21.992309570 21.455961227 -0.588543653 -0.022152029 -0.618996203 0.519585848
3497.808237152 -2.514459610 -21.998838425 21.455238342 -0.589117467 -0.022145942 -0.618485808 0.519543588
3497.840181536 -2.508383751 -21.994340897 21.458066940 -0.590217650 -0.022870081 -0.618204832 0.518597007
3497.871570048 -2.501341820 -21.988208771 21.459215164 -0.590622723 -0.023161352 -0.618328154 0.517975569
3497.902967808 -2.501341820 -21.988208771 21.459215164 -0.590622723 -0.023161352 -0.618328154 0.517975569
3497.935319040 -2.500176430 -21.993015289 21.461259842 -0.590552688 -0.023535516 -0.618339717 0.518024802
3497.967323136 -2.489972115 -21.989225388 21.464094162 -0.590258360 -0.024016865 -0.617933571 0.518822312
3497.999650304 -2.483916283 -21.984176636 21.466650009 -0.589959085 -0.023890004 -0.618014395 0.519071817
3498.042261760 -2.483916283 -21.984176636 21.466650009 -0.589959085 -0.023890004 -0.618014395 0.519071817
3498.074296448 -2.483249664 -21.986112595 21.471496582 -0.590073109 -0.023743121 -0.617846727 0.519148707
3498.106182816 -2.466241360 -21.978919983 21.481967926 -0.590710759 -0.024110297 -0.617038250 0.519367993
3498.137495456 -2.461320639 -21.974224091 21.483459473 -0.590717733 -0.023955459 -0.616299570 0.520243645
3498.169376736 -3.355747700 -23.013803482 21.529058456 -0.586276889 -0.017436314 -0.625351131 0.514695227
3498.201457344 -4.278594017 -24.028825760 21.550975800 -0.578557849 -0.015879910 -0.637615144 0.508395195
3498.234456224 -5.257454872 -25.085121155 21.704862595 0.577107131 0.012220719 0.646265090 -0.499138683
3498.265947808 -6.198188782 -26.060821533 21.852018356 0.576055408 0.010212054 0.655154467 -0.488700926
3498.297650816 -6.198188782 -26.060821533 21.852018356 0.576055408 0.010212054 0.655154467 -0.488700926
3498.329340672 -6.201904774 -26.062707901 21.855504990 0.576138079 0.010348974 0.655325890 -0.488370538
3498.360784128 -6.196983814 -26.060026169 21.857877731 0.576100528 0.010454077 0.655428171 -0.488275379
3498.392396384 -6.191718578 -26.056478500 21.858615875 0.575823009 0.010617091 0.655669272 -0.488275439
3498.424038336 -6.191718578 -26.056478500 21.858615875 0.575823009 0.010617091 0.655669272 -0.488275439
3498.456183488 -6.189167023 -26.056489944 21.859031677 0.575887024 0.010749652 0.655630767 -0.488248795
3498.487696032 -6.178329468 -26.046895981 21.857099533 0.575758278 0.010697258 0.655572593 -0.488479793
3498.520163584 -6.172265053 -26.042377472 21.857927322 0.575609922 0.010768124 0.655606210 -0.488607943
3498.561383776 -5.987706184 -25.699581146 21.762138367 0.576307535 0.010765680 0.654334903 -0.489489049
3498.593139904 -5.875627518 -25.447311401 21.689401627 0.575225353 0.011794580 0.655594826 -0.489052236
3498.624809472 -5.862255096 -25.456779480 21.649320602 0.575036526 0.012408991 0.655524254 -0.489353687
3498.656245120 -5.887689114 -25.476446152 21.593280792 0.573963583 0.011940639 0.656440914 -0.489396095
3498.687494624 -5.887689114 -25.476446152 21.593280792 0.573963583 0.011940639 0.656440914 -0.489396095
3498.719239776 -5.888339043 -25.478340149 21.593019485 0.574069381 0.011799992 0.656402886 -0.489326447
3498.751160832 -5.886808872 -25.476922989 21.592836380 0.574061155 0.011949410 0.656278312 -0.489499450
3498.782765536 -5.886099815 -25.476924896 21.592683792 0.574140728 0.011619680 0.656341136 -0.489329815
3498.817158080 -5.886099815 -25.476924896 21.592683792 0.574140728 0.011619680 0.656341136 -0.489329815
3498.848983200 -5.887902260 -25.475881577 21.592235565 0.574139953 0.011545901 0.656334221 -0.489341766
3498.881918304 -5.887570858 -25.476390839 21.591926575 0.574220777 0.011506684 0.656233728 -0.489382684
