3789.447069472 0.000000000 0.000000000 0.000000000 0.000000000 0.000000000 0.000000000 1.000000000
3789.509044288 0.000077447 0.000701566 0.000195545 -0.000210747 0.000102542 0.000006475 1.000000000
3789.572040000 0.000049382 0.000707372 0.000924500 0.000356047 -0.000041649 0.000129292 0.999999940
3789.633881984 0.000241255 0.000558007 0.002344885 -0.000209704 -0.000045031 0.000103720 0.999999940
3789.697004448 0.000241255 0.000558007 0.002344885 -0.000209704 -0.000045031 0.000103720 0.999999940
3789.758859712 -0.000046304 0.000544497 0.001953453 0.000016358 -0.000117127 -0.000251792 1.000000000
3789.821820928 -0.000046304 0.000544497 0.001953453 0.000016358 -0.000117127 -0.000251792 1.000000000
3789.884021856 -0.000046304 0.000544497 0.001953453 0.000016358 -0.000117127 -0.000251792 1.000000000
3789.946951328 -0.000046304 0.000544497 0.001953453 0.000016358 -0.000117127 -0.000251792 1.000000000
3790.008901472 0.000789914 -0.000638925 0.002215497 0.003585547 -0.000597138 0.002056367 0.999991238
3790.071593568 0.001173068 -0.005822744 0.017219717 0.011579825 0.004617359 0.000624273 0.999922097
3790.134248640 -0.001119748 -0.008365372 0.054711036 0.024526086 0.017257655 -0.013776004 0.999455333
3790.197594400 0.000546925 -0.003816250 0.120966054 0.013360417 0.030472221 -0.027158236 0.999077260
3790.258716032 0.004549795 -0.015228907 0.196107149 0.030488210 0.035488788 -0.028004102 0.998512268
3790.321678656 0.007234109 -0.011521276 0.300050914 0.016605852 0.037987955 -0.032563265 0.998609424
3790.383865568 0.014186759 -0.019362083 0.413957328 0.015402895 0.041394264 -0.032982998 0.998479545
3790.446662912 0.034232091 -0.027047809 0.542032361 0.013093663 0.044990774 -0.016572211 0.998764098
3790.509236768 0.044130608 -0.029916815 0.676546097 0.016778721 0.050099127 -0.021823268 0.998364866
3790.572037344 0.055309303 -0.041385308 0.822731376 0.007408383 0.053365305 -0.019334706 0.998360336
3790.634503776 0.059305273 -0.040171329 0.976682186 -0.005251195 0.059082970 -0.031463183 0.997743309
3790.697114496 0.083761238 -0.050282195 1.122095227 0.010737651 0.066045061 -0.005852006 0.997741699
3790.759249216 0.107669979 -0.061976917 1.276086688 0.010515333 0.066372968 0.008346801 0.997704566
3790.822805600 0.116945043 -0.062044147 1.439199209 0.007396037 0.072492771 -0.012606964 0.997261822
3790.884308096 0.124892555 -0.075194478 1.583068848 0.030983090 0.077339932 -0.025994683 0.996184170
3790.946620416 0.109315850 -0.107758030 1.692417026 0.032287963 0.083282880 -0.022075057 0.995758057
3791.010231776 0.184915274 -0.103048466 1.878947496 0.027285082 0.064442739 0.000982548 0.997547865
3791.072146080 0.206956536 -0.118681028 2.031977892 0.030647676 0.071004227 -0.012376189 0.996928275
3791.134800480 0.235261530 -0.125092193 2.190706253 0.023570502 0.079725571 0.006776258 0.996515095
3791.197407904 0.257697940 -0.128188804 2.351211309 0.022198109 0.083635904 -0.001595235 0.996247828
3791.260257760 0.282593936 -0.146652326 2.513495684 0.016300770 0.078472026 0.007990194 0.996751010
3791.322942624 0.295461297 -0.148389101 2.681927443 0.008274185 0.075296178 -0.012597366 0.997047305
3791.385569376 0.322922915 -0.162401289 2.847355843 0.011051926 0.075820945 0.002559204 0.997056901
3791.448802784 0.346754134 -0.168024361 3.020078897 0.010360883 0.074898578 0.003139498 0.997132421
3791.511225632 0.377803385 -0.176260665 3.192976713 0.007627910 0.075709768 0.015571222 0.996979117
3791.573679136 0.401146293 -0.183910459 3.371797323 0.001731273 0.069131657 0.012548802 0.997527122
3791.636420800 0.434799463 -0.194449529 3.543829918 0.014460674 0.071271397 0.031465255 0.996855676
3791.699143232 0.458198339 -0.197941035 3.727150917 0.009190434 0.073920414 0.030079531 0.996768057
3791.761501600 0.477191657 -0.204172388 3.911100388 0.016382955 0.081179649 0.018445071 0.996394098
3791.824250880 0.513772666 -0.219356611 4.094939709 0.011735732 0.076897316 0.042288017 0.996072710
3791.886978720 0.536793232 -0.213957980 4.290427685 -0.002159920 0.066225424 0.032171179 0.997283578
3791.950706816 0.562610745 -0.206348166 4.495119572 -0.024601247 0.059947394 0.038201328 0.997166872
3792.014715104 0.577486038 -0.216871351 4.702135086 -0.026092324 0.053325687 0.033331707 0.997679591
3792.074828896 0.593843222 -0.230044097 4.875368595 0.011035972 0.046542883 0.037113201 0.998165607
3792.136786848 0.605936944 -0.251192600 5.051910877 0.062516339 0.051159691 0.028405404 0.996326983
3792.199760480 0.624213398 -0.276980132 5.240733147 0.082875088 0.051031336 0.030771064 0.994776726
3792.261616448 0.642770410 -0.308299541 5.438729763 0.085855655 0.050106600 0.030450104 0.994580805
3792.324496192 0.656091928 -0.344871551 5.647369385 0.070196345 0.049784314 0.022989692 0.996024847
3792.386660288 0.674175978 -0.374029994 5.853520393 0.055354446 0.048443325 0.024120256 0.996999145
3792.449486912 0.684477508 -0.398493826 6.060903072 0.046273362 0.046417400 0.020279555 0.997643709
3792.513042080 0.702208817 -0.424430728 6.264487267 0.042167298 0.045046814 0.025077352 0.997779489
3792.574125440 0.723778486 -0.451683015 6.463749409 0.052868620 0.046252318 0.037445135 0.996826708
3792.636661024 0.735958874 -0.485942811 6.669068813 0.058268733 0.053475935 0.031669065 0.996364474
3792.699584448 0.756712914 -0.506419897 6.876606941 0.052887820 0.058215603 0.034287862 0.996312320
3792.761522496 0.784374714 -0.529031515 7.086900711 0.039542429 0.050145216 0.043175600 0.997024417
3792.824185472 0.796719313 -0.543319225 7.304907799 0.015158641 0.042567428 0.028756417 0.998564661
3792.886964288 0.809215486 -0.541830897 7.530632019 -0.011985580 0.039353568 0.029410675 0.998720467
3792.949173728 0.828264236 -0.550497174 7.746810913 -0.015147545 0.039185755 0.033162981 0.998566628
3793.011856256 0.834604383 -0.557764471 7.963103294 -0.005896772 0.044134062 0.024863841 0.998698771
3793.074522080 0.848439097 -0.556119144 8.180007935 0.006590492 0.044380043 0.025569299 0.998665690
3793.136942912 0.866498947 -0.569729507 8.399509430 0.011520774 0.039434534 0.031521842 0.998658359
3793.199835104 0.876716018 -0.583457708 8.625738144 0.011549123 0.038576566 0.026497960 0.998837471
3793.262054944 0.888661444 -0.590369940 8.856662750 0.007837423 0.036883030 0.022055695 0.999045432
3793.324245184 0.903939605 -0.601356506 9.088578224 0.008788828 0.036882479 0.028009163 0.998888373
3793.386883200 0.914266348 -0.615942597 9.324763298 0.007478132 0.037952337 0.017494701 0.999098361
3793.449655840 0.930131674 -0.618027091 9.557607651 0.017943412 0.036094192 0.024334986 0.998890936
3793.511735360 0.946163356 -0.627626002 9.802420616 -0.000358087 0.034321964 0.020911368 0.999191999
3793.574390624 0.955140352 -0.633081019 10.050657272 -0.008304902 0.034475856 0.013554939 0.999279082
3793.637205984 0.986221075 -0.637785792 10.309927940 -0.000828042 0.031796400 0.017557783 0.999339759
3793.699976224 0.995762646 -0.644420385 10.559980392 -0.000504891 0.029151443 0.013018614 0.999490082
3793.762156224 1.005180597 -0.649936914 10.810368538 0.008635554 0.029616227 0.012948819 0.999440134
3793.824133248 1.016187191 -0.662022293 11.067648888 0.002644840 0.028688297 0.013155579 0.999498308
3793.886726976 1.022481680 -0.672119737 11.324126244 0.006660232 0.024267321 0.015111183 0.999569058
3793.949293760 1.029882193 -0.685271859 11.577816963 0.012017868 0.023269987 0.010701387 0.999599695
3794.011795040 1.040291071 -0.696280658 11.834188461 0.015611324 0.020894405 0.014311487 0.999557316
3794.074476544 1.045733690 -0.712616265 12.099061966 0.013980106 0.020173796 0.012727067 0.999617755
3794.137155136 1.051044583 -0.725204885 12.367821693 0.014186898 0.019502649 0.015033527 0.999596119
3794.199860576 1.057703733 -0.740238965 12.633932114 0.014270031 0.019633161 0.017011182 0.999560654
3794.261573440 1.061763048 -0.757447064 12.904056549 0.015591490 0.021507839 0.015856793 0.999521315
3794.325295104 1.068866491 -0.772645175 13.178398132 0.020409856 0.022187512 0.022005433 0.999303162
3794.386739808 1.075150847 -0.788380206 13.447385788 0.013992054 0.022766642 0.020777248 0.999426961
3794.449573376 1.085725546 -0.803858817 13.724389076 0.017045524 0.023153825 0.024930798 0.999275625
3794.511759168 1.103467226 -0.825232446 13.988275528 0.020946501 0.023876809 0.026207983 0.999151766
3794.574199712 1.110727429 -0.845839560 14.263428688 0.022317670 0.024211325 0.027445689 0.999080837
3794.636709664 1.119966269 -0.868068099 14.538640022 0.026415098 0.024650129 0.027287280 0.998974502
3794.699363616 1.128755927 -0.890109360 14.814763069 0.027633386 0.022235028 0.028928107 0.998952031
3794.761689472 1.137444377 -0.913974583 15.096174240 0.023884038 0.022862261 0.028881861 0.999035895
3794.824863072 1.145681739 -0.934977353 15.375141144 0.023945475 0.020936986 0.029640809 0.999054372
3794.886725728 1.156727076 -0.960079968 15.657535553 0.027584910 0.018631766 0.032092974 0.998930395
3794.949412864 1.173005581 -0.980005026 15.936465263 0.024953175 0.016051332 0.028271796 0.999159813
3795.011926784 1.183426023 -1.001015544 16.219167709 0.026593082 0.016753908 0.029356277 0.999074757
3795.074378848 1.189845681 -1.027823925 16.498521805 0.028857140 0.016601589 0.029162597 0.999020100
3795.136767744 1.197172284 -1.046655059 16.779926300 0.025956018 0.018158447 0.027462784 0.999120831
3795.202371136 1.204816580 -1.069154024 17.063173294 0.022140149 0.017407637 0.029831601 0.999158084
3795.261717472 1.211518288 -1.089265704 17.342126846 0.027164642 0.015985334 0.026929149 0.999140322
3795.324275168 1.212615728 -1.114713907 17.627956390 0.026893176 0.015098701 0.025628243 0.999195695
3795.386803648 1.216318846 -1.133137941 17.916986465 0.023139775 0.014105462 0.024455843 0.999333501
3795.450993888 1.221128941 -1.159859538 18.199649811 0.022446968 0.013537617 0.025011480 0.999343455
3795.512842272 1.225679040 -1.179786682 18.484764099 0.022030888 0.012832283 0.023504103 0.999398589
3795.574745568 1.230445385 -1.205267668 18.769777298 0.022210315 0.011687269 0.024331495 0.999388874
3795.637317792 1.233509421 -1.228398323 19.058490753 0.027184153 0.011366052 0.025736902 0.999234438
3795.699240416 1.241140246 -1.249683857 19.343889236 0.028060524 0.011890156 0.025840979 0.999201417
3795.761885440 1.243287206 -1.273132324 19.633136749 0.025455225 0.012247930 0.029289747 0.999171734
3795.825338816 1.241921902 -1.304781437 19.922592163 0.026458457 0.012918551 0.027937090 0.999175966
3795.887137120 1.248856664 -1.328486562 20.205001831 0.029916815 0.012051704 0.028233731 0.999080837
3795.949315136 1.252282143 -1.350249290 20.497755051 0.029447503 0.011717921 0.025464771 0.999173224
3796.011926016 1.256860495 -1.370670199 20.790962219 0.025355030 0.009610387 0.025436822 0.999308646
3796.074225024 1.259490371 -1.399100423 21.085006714 0.028307039 0.008913021 0.024299711 0.999264121
3796.136988512 1.257792234 -1.421677709 21.378465652 0.031779401 0.007543087 0.022179270 0.999220312
3796.199595872 1.258342624 -1.451076746 21.670827866 0.031084258 0.006942684 0.020124888 0.999290049
3796.261678624 1.260265827 -1.477611065 21.963052750 0.030606586 0.006401544 0.019409101 0.999322534
3796.325032288 1.260982037 -1.507632732 22.259641647 0.032331228 0.005945899 0.017400490 0.999308050
3796.386538368 1.253437757 -1.540417194 22.542863846 0.038829252 0.005224167 0.016271727 0.999099731
3796.449436896 1.249183893 -1.561873794 22.836324692 0.040489674 0.007172214 0.011696565 0.999085724
3796.512004288 1.257028937 -1.592545748 23.130598068 0.036966611 0.012778044 0.012471711 0.999156952
3796.574234496 1.264396429 -1.623992682 23.420709610 0.039050315 0.018622505 0.011194997 0.999001026
3796.636854464 1.264755368 -1.656527281 23.709054947 0.039267033 0.019491954 0.011840935 0.998968482
3796.700989376 1.273502588 -1.691082954 23.998918533 0.040266264 0.017754208 0.011028850 0.998970389
3796.761528544 1.283342719 -1.724383712 24.286340714 0.045843374 0.015214662 0.011466731 0.998766959
3796.824241952 1.289256573 -1.761284113 24.572067261 0.051892832 0.014612535 0.011848315 0.998475492
3796.886592544 1.295681119 -1.790822029 24.857250214 0.049184676 0.014108911 0.017657766 0.998533905
3796.949350528 1.295676470 -1.824938655 25.141662598 0.056447446 0.015519409 0.017622478 0.998129427
3797.011689760 1.300320745 -1.857459664 25.425207138 0.060245387 0.013324318 0.017177036 0.997946858
3797.074537280 1.319673419 -1.900744319 25.706075668 0.052508406 0.007591099 0.013716089 0.998497427
3797.136701984 1.320515275 -1.934348583 25.988103867 0.045397960 0.004004335 0.008992586 0.998920441
3797.200052448 1.317339063 -1.966849685 26.265176773 0.050350636 0.001461810 0.003718044 0.998723626
3797.262065312 1.314181089 -2.005045414 26.530519485 0.051462851 -0.003180177 0.001246226 0.998669088
3797.326052192 1.304223895 -2.042844057 26.812017441 0.049842022 -0.005602831 -0.006862452 0.998717844
3797.386821952 1.299145818 -2.077393293 27.080141068 0.054442208 -0.009499376 -0.004551209 0.998461366
3797.449843616 1.293607950 -2.120522022 27.346755981 0.063415967 -0.009947607 -0.006925697 0.997913539
3797.511788384 1.284104824 -2.162577868 27.613864899 0.072505109 -0.012775541 -0.008407919 0.997250795
3797.574604096 1.270120144 -2.209480047 27.892194748 0.072806448 -0.015381556 -0.011879185 0.997156739
3797.636927904 1.255848169 -2.253958464 28.165927887 0.070083149 -0.020252688 -0.011428680 0.997270048
3797.700318496 1.239884257 -2.296413183 28.432493210 0.058409989 -0.021358976 -0.019661417 0.997870445
3797.762217824 1.224529266 -2.311275721 28.722124100 0.020677207 -0.027186878 -0.017096385 0.999270260
3797.824380416 1.213072181 -2.352345467 28.990049362 0.033548728 -0.020888634 -0.009335075 0.999175191
3797.886778432 1.199568272 -2.393962622 29.225990295 0.092336185 -0.013524274 -0.009842033 0.995587409
3797.949730656 1.190175176 -2.853595257 29.490732193 0.056055777 -0.012868987 -0.018256407 0.998177767
3798.012046688 1.210460186 -3.137566566 29.806764603 0.012056352 -0.012180847 0.038975962 0.999093175
3798.075782208 1.178744435 -3.171285152 30.057205200 0.017586740 0.001001281 -0.017820459 0.999686003
3798.136511040 1.182765365 -3.200887442 30.288682938 0.042846654 -0.001405490 0.010465328 0.999025881
3798.199363232 1.168837190 -3.214311361 30.540506363 0.058832951 -0.007463123 -0.001874784 0.998238206
3798.261844320 1.158959866 -3.255091190 30.786327362 0.062379364 -0.004233327 0.004040420 0.998035371
3798.325253248 1.152507663 -3.294177294 31.037136078 0.064131923 -0.002742567 0.005757928 0.997921050
3798.387516896 1.154059410 -3.327864408 31.277193069 0.057339668 -0.003883402 0.021780273 0.998109579
3798.449459552 1.146284938 -3.361452341 31.517864227 0.053244852 -0.007623093 0.009680553 0.998505473
3798.512536416 1.149333239 -3.393512487 31.763187408 0.055903520 -0.015801858 0.027408509 0.997934818
3798.574168096 1.140101790 -3.423950434 32.006175995 0.050989773 -0.012093144 0.011499108 0.998559773
3798.636655104 1.140723944 -3.447844505 32.245918274 0.046737842 -0.013093438 0.024977760 0.998508990
3798.699456704 1.129411936 -3.478919506 32.485496521 0.038717356 -0.012205249 0.012630841 0.999095857
3798.761852128 1.124886155 -3.500301123 32.727096558 0.029807186 -0.015964814 0.021464689 0.999197662
3798.824316704 1.114090323 -3.523113489 32.954448700 0.037029311 -0.014547084 0.020819696 0.998991370
3798.887507072 1.107976794 -3.554819107 33.184486389 0.033917416 -0.013649908 0.031513087 0.998834431
3798.949342016 1.103447914 -3.579996109 33.416217804 0.039894696 -0.008831986 0.034630351 0.998564541
3799.012069056 1.108483553 -3.608762264 33.646896362 0.052562665 -0.001010213 0.049610477 0.997384071
3799.074351872 1.116339207 -3.641791344 33.882396698 0.059195314 0.004386012 0.060745351 0.996386826
3799.137261056 1.115569353 -3.667087555 34.122810364 0.047083866 0.003953894 0.050730303 0.997594059
3799.199509632 1.132743359 -3.693120241 34.352996826 0.036458720 -0.001715261 0.074142098 0.996579528
3799.261638816 1.130712271 -3.728179216 34.570953369 0.038096398 0.006200076 0.051409606 0.997931480
3799.326076064 1.137194991 -3.739526749 34.790084839 0.070349604 0.010544758 0.064624511 0.995370984
3799.386925280 1.147299170 -3.792148352 35.019943237 0.075835824 -0.000302809 0.055780705 0.995558858
3799.449141856 1.146931887 -3.830145359 35.240146637 0.066772394 -0.013083276 0.050735947 0.996391535
3799.511658816 1.137184501 -3.853166103 35.461071014 0.046789646 -0.024732083 0.043475296 0.997651696
3799.574348832 1.125569582 -3.884602547 35.667446136 0.040955313 -0.034614783 0.038838025 0.997805655
3799.636965120 1.113471627 -3.909022093 35.880195618 0.041864119 -0.040156595 0.037429862 0.997614086
3799.702459552 1.084086776 -3.924791574 36.101776123 0.039969325 -0.045329250 0.019215384 0.997987211
3799.761616032 1.059313536 -3.949942112 36.309944153 0.038293626 -0.049362436 0.016845256 0.997904360
3799.824573792 1.031815529 -3.965654612 36.525764465 0.020698218 -0.058904964 0.010002249 0.997998834
3799.886877440 1.016487241 -3.984294653 36.728855133 0.032822438 -0.067692526 0.026533656 0.996813118
3799.949228576 0.985321701 -4.007002354 36.940155029 0.032977931 -0.061453320 0.008844588 0.997525811
3800.011880288 0.960710287 -4.026708603 37.147884369 0.040448856 -0.059396248 0.015512493 0.997294009
3800.074354240 0.940462708 -4.051308632 37.358360291 0.038294662 -0.064893208 0.029380489 0.996724248
3800.136875008 0.909007728 -4.073741913 37.566848755 0.038553998 -0.066018254 0.023212330 0.996803105
3800.200536448 0.877239287 -4.091533184 37.777938843 0.033258669 -0.067215443 0.019219816 0.996998787
3800.263122912 0.844313920 -4.114786148 37.996582031 0.027733745 -0.071373142 0.021188557 0.996838868
3800.324698816 0.805358052 -4.137810707 38.191211700 0.047004979 -0.071539231 0.005430467 0.996314824
3800.386703776 0.780132473 -4.164253712 38.397766113 0.047382105 -0.076542296 0.021809362 0.995701015
3800.450080192 0.747012317 -4.185619354 38.608501434 0.048714686 -0.079098009 0.020140294 0.995472133
3800.512076576 0.708259761 -4.209488392 38.825469971 0.036787953 -0.076926731 0.008673751 0.996320069
3800.574656704 0.680626094 -4.240192890 39.036495209 0.040144190 -0.079032592 0.019309059 0.995876253
3800.636696992 0.638486445 -4.256208897 39.243183136 0.048505303 -0.081739172 0.004714675 0.995461524
3800.700514176 0.608866096 -4.281322002 39.452850342 0.046004694 -0.078875639 0.012563147 0.995743096
3800.761906048 0.578584731 -4.312105179 39.653724670 0.054172065 -0.070013046 0.006089815 0.996055424
3800.824395360 0.546024799 -4.332000732 39.873344421 0.040825360 -0.060288034 -0.000843710 0.997345448
3800.887285728 0.519042611 -4.360211849 40.086894989 0.048497397 -0.061375733 0.005524684 0.996920466
3800.949188384 0.486686468 -4.390829086 40.299171448 0.044275980 -0.065942876 0.004983855 0.996828139
3801.011597792 0.454929024 -4.410336018 40.508583069 0.044985957 -0.067124724 -0.000663087 0.996729672
3801.074272192 0.425792247 -4.436814785 40.720623016 0.045112036 -0.067854919 0.005047959 0.996662021
3801.136740000 0.391739964 -4.465318680 40.930149078 0.043193460 -0.069478408 0.002022016 0.996645868
3801.199623712 0.364013940 -4.485803604 41.142704010 0.045332257 -0.071358979 0.011034500 0.996358931
3801.261921152 0.326397985 -4.509720802 41.360626221 0.038128015 -0.074340463 0.005292471 0.996489704
3801.324359840 0.292917758 -4.536839485 41.573898315 0.040554140 -0.076207496 0.013810859 0.996171176
3801.386999424 0.259766757 -4.559116840 41.785736084 0.044627775 -0.074764378 0.015883654 0.996075451
3801.449550208 0.219267964 -4.580038548 42.001754761 0.041242857 -0.074562036 0.009948398 0.996313512
3801.511797792 0.180884391 -4.605637074 42.215091705 0.034883779 -0.079704046 0.006469802 0.996186972
3801.574200608 0.144477040 -4.628266811 42.425670624 0.040720470 -0.089261197 0.007631545 0.995146215
3801.636831776 0.098577768 -4.644829750 42.643054962 0.035231110 -0.094089337 -0.004175960 0.994931400
3801.699539488 0.058079846 -4.669907093 42.856803894 0.033086073 -0.094136633 0.000799257 0.995009065
3801.764282336 0.010952014 -4.690384865 43.076137543 0.030069994 -0.092002720 -0.007593303 0.995275676
3801.824226496 -0.024688371 -4.709171295 43.296752930 0.032524601 -0.089277886 0.008786098 0.995436788
3801.886777280 -0.069837593 -4.732224464 43.515518188 0.031394813 -0.086678006 -0.002007634 0.995739579
3801.954267264 -0.111857660 -4.747469902 43.734935760 0.035804342 -0.085414000 0.002067329 0.995699883
3802.012086976 -0.155123472 -4.771133900 43.956291199 0.032537688 -0.083842725 -0.001672783 0.995946229
3802.074244032 -0.194964156 -4.789371967 44.181301117 0.028631061 -0.082893312 -0.000600805 0.996146858
3802.136564064 -0.240625829 -4.809259892 44.400875092 0.031614900 -0.083406381 -0.005141193 0.996000707
3802.200202528 -0.282761365 -4.835765839 44.622123718 0.033854727 -0.086065218 0.007583616 0.995685279
3802.261961184 -0.332039356 -4.851452351 44.843582153 0.036878794 -0.088519812 0.001772149 0.995389938
3802.326228832 -0.383388788 -4.870652199 45.073898315 0.031270742 -0.091249906 -0.001543045 0.995335758
3802.387112576 -0.431789994 -4.891140461 45.293861389 0.027054332 -0.096499667 0.003014983 0.994960666
3802.449531936 -0.483585656 -4.905564785 45.521224976 0.020800287 -0.100793466 -0.002154995 0.994687557
3802.511588448 -0.535722971 -4.919006824 45.745933533 0.016382568 -0.098221526 -0.007076649 0.995004535
3802.574128352 -0.583496213 -4.933622360 45.973255157 0.016220020 -0.094698660 -0.003230599 0.995368600
3802.636896352 -0.634181738 -4.945016384 46.208930969 0.008170958 -0.091225132 -0.004327072 0.995787382
3802.699341696 -0.678570926 -4.959862709 46.435932159 0.016740873 -0.088740639 0.000297275 0.995914042
3802.761517088 -0.726784110 -4.964980125 46.658748627 0.001974401 -0.086734481 -0.009232693 0.996186733
3802.824394112 -0.761173904 -4.973464966 46.862918854 -0.005757867 -0.088505305 0.005923661 0.996041477
3802.887064320 -0.803446949 -4.980792046 47.035686493 0.000364164 -0.085446842 -0.006413540 0.996322036
3802.949268000 -0.833527148 -4.986737728 47.196678162 -0.004702835 -0.090232991 -0.000162863 0.995909572
3803.011810336 -0.863067806 -4.991935253 47.337924957 -0.001615251 -0.094783649 0.000039093 0.995496571
3803.074374400 -0.890430748 -4.994504929 47.465778351 -0.001880014 -0.095028847 -0.003442868 0.995466769
3803.136836288 -0.912082434 -5.000412464 47.576938629 -0.002977216 -0.092356138 -0.000921528 0.995721161
3803.199935872 -0.933322072 -5.003951550 47.673042297 -0.001011115 -0.088191412 -0.005983260 0.996085048
3803.261821536 -0.948184848 -5.009417057 47.755538940 0.004464926 -0.085541517 -0.000048450 0.996324599
3803.324399648 -0.964798987 -5.011690140 47.829647064 0.001932123 -0.083449140 -0.002888478 0.996505976
3803.386786784 -0.974964559 -5.014925480 47.892105103 0.003417187 -0.085051827 0.001791795 0.996369064
3803.449388960 -0.986594737 -5.018600464 47.941905975 0.007205211 -0.085962415 -0.001012619 0.996271789
3803.511784480 -0.992245078 -5.022559643 47.986537933 0.004074846 -0.086166009 0.006507670 0.996251225
3803.574446784 -1.003505945 -5.021666527 48.023693085 0.006925296 -0.081611589 -0.001144713 0.996639490
3803.636832896 -1.012328386 -5.021884441 48.054771423 0.006324643 -0.079497010 -0.005234396 0.996801317
3803.699613600 -1.015819430 -5.025167465 48.081043243 0.008633600 -0.082649276 -0.003061923 0.996536613
3803.762113056 -1.018388391 -5.025576591 48.104022980 0.008167406 -0.081918553 -0.001662003 0.996604145
3803.824182528 -1.022164106 -5.027594566 48.120689392 0.009346616 -0.081209026 -0.003322397 0.996647716
3803.886793888 -1.026016593 -5.028476238 48.136749268 0.009431833 -0.081730194 -0.002958500 0.996605456
3803.949209088 -1.028081179 -5.029000759 48.150382996 0.008907369 -0.081623577 -0.002644503 0.996619940
3804.011819040 -1.030134201 -5.029550076 48.161308289 0.008712923 -0.081530526 -0.002376196 0.996629953
3804.074973280 -1.031601787 -5.030161381 48.169639587 0.008755402 -0.081326440 -0.002332125 0.996646345
3804.136819552 -1.032744288 -5.030492783 48.176078796 0.008737830 -0.081266329 -0.002317192 0.996651411
3804.199582112 -1.033827066 -5.030760765 48.180644989 0.008716066 -0.081117615 -0.002732798 0.996662676
3804.261635168 -1.034441948 -5.031083107 48.183349609 0.008931277 -0.081080198 -0.002854689 0.996663511
3804.324499296 -1.034687638 -5.031102657 48.184577942 0.008784817 -0.081044212 -0.002882193 0.996667624
3804.386776192 -1.034687638 -5.031102657 48.184577942 0.008784817 -0.081044212 -0.002882193 0.996667624
3804.449391040 -1.034618020 -5.031092644 48.184379578 0.008926685 -0.081032872 -0.002911860 0.996667206
3804.511952768 -1.034618020 -5.031092644 48.184379578 0.008926685 -0.081032872 -0.002911860 0.996667206
3804.574470272 -1.034471869 -5.030963421 48.183525085 0.009030086 -0.080993608 -0.002816787 0.996669710
3804.636548512 -1.034471869 -5.030963421 48.183525085 0.009030086 -0.080993608 -0.002816787 0.996669710
3804.699011104 -1.034399152 -5.030948162 48.183094025 0.009032289 -0.080973551 -0.002752761 0.996671498
3804.761419168 -1.034399152 -5.030948162 48.183094025 0.009032289 -0.080973551 -0.002752761 0.996671498
3804.824137568 -1.034406900 -5.030947685 48.183162689 0.009029990 -0.080972150 -0.002763273 0.996671617
