3831.824076224 0.000000000 0.000000000 0.000000000 0.000000000 0.000000000 0.000000000 1.000000000
3831.887006240 0.000000509 0.000416542 0.000129986 -0.000291012 -0.000008451 -0.000041463 0.999999940
3831.949410912 0.000000509 0.000416542 0.000129986 -0.000291012 -0.000008451 -0.000041463 0.999999940
3832.011862784 0.000000509 0.000416542 0.000129986 -0.000291012 -0.000008451 -0.000041463 0.999999940
3832.074164192 0.000000509 0.000416542 0.000129986 -0.000291012 -0.000008451 -0.000041463 0.999999940
3832.136787744 0.000000509 0.000416542 0.000129986 -0.000291012 -0.000008451 -0.000041463 0.999999940
3832.199985024 0.000916700 -0.000137708 0.003550339 0.001186804 0.000654395 0.001239876 0.999998331
3832.261917056 0.002994508 -0.001005272 0.021320162 0.001048456 0.003115711 0.002579447 0.999991238
3832.324431744 0.004330268 -0.001496340 0.056018598 0.003096892 0.007048869 -0.000423288 0.999970257
3832.386666400 0.008880632 0.001780792 0.106134422 0.010570689 0.008476107 0.001630018 0.999906898
3832.449078016 0.007266510 0.003431018 0.183437169 0.005949145 0.006763594 -0.007057876 0.999934494
3832.511873984 0.003620799 -0.000143733 0.277069271 0.000656953 -0.007159546 -0.001824825 0.999972463
3832.574446336 -0.006030169 -0.011706809 0.375044823 0.014546002 -0.024808923 -0.001039682 0.999585867
3832.637164128 -0.012851326 -0.020266280 0.490326256 0.012182197 -0.028002145 -0.002915316 0.999529362
3832.699902656 -0.013918180 -0.021351054 0.619757771 0.011159039 -0.026145183 0.003502016 0.999589741
3832.761686656 -0.021918051 -0.028772088 0.753938079 0.028536271 -0.022612877 -0.005015356 0.999324381
3832.824531680 -0.028098477 -0.029998489 0.908322453 0.017241221 -0.015861861 -0.009133541 0.999683797
3832.886509184 -0.029984297 -0.047384102 1.063162923 0.015717188 -0.012393047 -0.006675642 0.999777377
3832.949201280 -0.035076331 -0.050900862 1.226961732 0.012376511 -0.014106651 -0.008116335 0.999790967
3833.011737888 -0.044062518 -0.060133606 1.391707063 0.010119921 -0.014272928 -0.012002977 0.999774873
3833.074162144 -0.048226129 -0.065908737 1.563315392 0.007847502 -0.012236165 -0.009621407 0.999848068
3833.137165504 -0.053916428 -0.078140900 1.737765908 0.010107960 -0.008350005 -0.012121093 0.999840558
3833.200246816 -0.056823883 -0.084390014 1.916380882 0.012421391 -0.005034483 -0.009920510 0.999860942
3833.261900000 -0.052981056 -0.091834955 2.100737572 0.009263557 -0.000922321 0.000245695 0.999956667
3833.324482272 -0.054138720 -0.102680422 2.286397696 0.007819971 0.003699100 -0.004731348 0.999951363
3833.386897792 -0.052626412 -0.105454795 2.474436283 0.003693056 0.007018717 -0.003989556 0.999960601
3833.449234016 -0.048621427 -0.117187783 2.662250757 0.008153312 0.008147621 -0.003391693 0.999927819
3833.511532864 -0.047648296 -0.120159060 2.858963490 -0.002073450 0.004197888 -0.009414931 0.999944687
3833.574449344 -0.045705464 -0.124422908 3.047937632 0.002247763 -0.002991728 -0.006924449 0.999969006
3833.637204160 -0.050811742 -0.130609661 3.249342918 -0.004972111 -0.005899214 -0.015451936 0.999850869
3833.700278400 -0.053615782 -0.131364107 3.451110840 -0.003747208 -0.006527062 -0.018352939 0.999803245
3833.761996160 -0.049944207 -0.141015470 3.653133631 -0.001399640 -0.004773440 -0.010143597 0.999936163
3833.824855744 -0.056359321 -0.143102273 3.856935740 0.002344742 0.000296836 -0.017422846 0.999845445
3833.887103456 -0.057967957 -0.146852329 4.069242954 -0.002160159 0.001835174 -0.017371761 0.999845088
3833.949360160 -0.054794054 -0.153358310 4.279319286 -0.002052917 -0.000731904 -0.007684826 0.999968112
3834.011969856 -0.056703083 -0.156222507 4.492629051 -0.006946359 -0.001161398 -0.009122333 0.999933600
3834.074167136 -0.059196129 -0.165198341 4.704085350 -0.002970606 -0.002290877 -0.012641258 0.999913037
3834.137233504 -0.060214784 -0.163059384 4.924828529 -0.002386796 -0.003095845 -0.010863525 0.999933362
3834.199787392 -0.060924541 -0.166893318 5.145123959 -0.007675760 -0.004203686 -0.011003684 0.999901175
3834.262161088 -0.064322099 -0.172626927 5.365935802 -0.007963767 -0.006576823 -0.014735749 0.999838054
3834.324114464 -0.071057238 -0.167918906 5.595898151 -0.008690706 -0.009053343 -0.020672489 0.999707520
3834.387073824 -0.071822263 -0.178881571 5.817029953 0.000528677 -0.009136886 -0.009991040 0.999908209
3834.449117440 -0.079691008 -0.180155888 6.047493458 -0.008822151 -0.007826743 -0.016219009 0.999798894
3834.511591584 -0.078115925 -0.178563535 6.272748947 0.001660734 -0.001207648 -0.011151168 0.999935687
3834.574319424 -0.067199975 -0.186137140 6.510264397 -0.017679702 0.002304006 0.011113008 0.999779344
3834.636839136 -0.073260166 -0.186716735 6.731976986 -0.002210391 0.006660885 -0.003354918 0.999969721
3834.699551840 -0.061187960 -0.193054318 6.973671913 -0.005389994 0.010422802 0.016587321 0.999793589
3834.761710912 -0.064165562 -0.199092716 7.203093052 0.001365524 0.011265351 0.004873444 0.999923706
3834.824269568 -0.052901290 -0.213539228 7.436168671 0.016968397 0.012254572 0.021306043 0.999553859
3834.887766272 -0.055951338 -0.219495356 7.679843426 0.003400520 0.015694933 0.001968727 0.999869108
3834.949027072 -0.048190471 -0.222827062 7.910274982 0.004395644 0.008743497 0.011618770 0.999884605
3835.012082496 -0.047186673 -0.237658665 8.144851685 0.002017564 -0.000000500 0.002886175 0.999993801
3835.074369952 -0.045514859 -0.239498809 8.376729965 -0.001160021 -0.009343909 0.006283988 0.999935925
3835.137004352 -0.032278240 -0.254235983 8.614753723 0.006701231 -0.004808330 0.020173939 0.999762475
3835.199941664 -0.046444502 -0.264662325 8.849577904 0.009351067 0.006821214 -0.007114329 0.999907732
3835.261702752 -0.040370665 -0.270008057 9.082666397 0.012626726 0.004588831 0.008321647 0.999875128
3835.324176704 -0.041030049 -0.277621984 9.321667671 -0.001891047 -0.003642833 0.003396678 0.999985814
3835.386981088 -0.040033057 -0.290060759 9.550537109 0.000734925 -0.007125481 0.005830924 0.999957323
3835.449487680 -0.043295924 -0.291228384 9.787533760 -0.008706151 -0.002322809 -0.002912757 0.999955177
3835.511656896 -0.043849360 -0.278072894 10.034909248 -0.029825509 -0.001579977 -0.001085745 0.999553263
3835.574796256 -0.046033379 -0.280791998 10.271764755 -0.030144641 -0.005447369 -0.004576025 0.999520242
3835.637105760 -0.053511810 -0.273665488 10.510471344 -0.024239510 -0.012495274 -0.012410938 0.999551058
3835.699665536 -0.054063197 -0.276436836 10.737890244 -0.002268110 -0.016847407 -0.000686480 0.999855280
3835.762094016 -0.075674221 -0.278377742 10.990963936 -0.008617374 -0.013367605 -0.026912972 0.999511242
3835.825472896 -0.082576089 -0.278587908 11.239578247 -0.015758801 -0.020820396 -0.017130023 0.999512255
3835.888111840 -0.096300244 -0.278591990 11.477071762 -0.017856622 -0.028775088 -0.023340233 0.999153793
3835.949083200 -0.105455019 -0.277973890 11.726169586 -0.016937638 -0.028231349 -0.019555632 0.999266565
3836.012360352 -0.117574796 -0.285160571 11.967830658 0.001545139 -0.018500820 -0.017634021 0.999672115
3836.074210432 -0.132972196 -0.285989076 12.217947006 0.004494481 -0.012392749 -0.019073548 0.999731183
3836.136817472 -0.129136950 -0.297482729 12.472262383 0.008053440 -0.015956821 -0.002403073 0.999837339
3836.199761984 -0.148008078 -0.298418432 12.725942612 0.002499377 -0.016442055 -0.025990317 0.999523818
3836.261498560 -0.149140045 -0.312479109 12.979120255 -0.001813659 -0.009184960 -0.011357353 0.999891698
3836.325082944 -0.154487208 -0.312815011 13.237198830 -0.005622843 0.002422847 -0.020100873 0.999779224
3836.386599264 -0.149357527 -0.304863602 13.495885849 -0.023732506 0.009739514 -0.013754332 0.999576271
3836.449095520 -0.151183411 -0.306242704 13.746941566 -0.023529164 0.011816869 -0.024042686 0.999364138
3836.511514336 -0.144801825 -0.306833178 13.994837761 -0.008681175 0.011811935 -0.012930450 0.999808967
3836.574495968 -0.145481840 -0.300079763 14.261886597 -0.027660688 0.012653427 -0.019402560 0.999348938
3836.636755776 -0.134636983 -0.297403306 14.515135765 -0.018044256 0.017618041 -0.006572918 0.999660373
3836.699384320 -0.123607174 -0.301194131 14.774757385 -0.011378895 0.023243966 0.000773592 0.999664783
3836.761707552 -0.115965098 -0.297363937 15.033854485 -0.005308136 0.028377175 -0.008615252 0.999546051
3836.824234560 -0.116525657 -0.305339307 15.287235260 -0.003576012 0.021493053 -0.024001498 0.999474466
3836.887464320 -0.088857502 -0.326521128 15.533193588 0.023510488 0.015775163 0.017437004 0.999447048
3836.949164864 -0.100600332 -0.316030055 15.805617332 0.000538911 0.030018490 -0.045673508 0.998505175
3837.011781376 -0.126909494 -0.506425023 15.986101151 -0.032451838 0.034583680 -0.045285154 0.997847736
3837.074215616 -0.116908386 -0.510445595 16.236574173 -0.044810839 0.030834261 -0.065182507 0.996389747
3837.136728608 -0.097036377 -0.501707017 16.440727234 0.022827622 0.019671550 -0.065697908 0.997384429
3837.199669664 -0.077072784 -0.514813006 16.689208984 0.017439833 0.017646352 -0.053204883 0.998275340
3837.262419424 -0.056578740 -0.500452995 16.956481934 -0.039956093 0.026541043 -0.055206321 0.997322083
3837.324632160 -0.045529716 -0.505619466 17.199649811 -0.030965064 0.032228861 -0.062987998 0.997013032
3837.386764512 -0.031660601 -0.490502328 17.450462341 -0.034336340 0.028749112 -0.064593911 0.996906281
3837.449708128 -0.023246747 -0.485471785 17.703578949 -0.029725775 0.029210165 -0.068299696 0.996794045
3837.511888864 -0.014239248 -0.477657884 17.958122253 -0.024636205 0.030074229 -0.074592315 0.996456027
3837.574118048 -0.003650155 -0.476940989 18.215011597 -0.017678505 0.030549966 -0.074777111 0.996575415
3837.636770560 0.006127818 -0.475602090 18.472551346 -0.010374301 0.030793358 -0.077806197 0.996438861
3837.699198016 0.015297957 -0.479238391 18.734024048 -0.011298422 0.029979046 -0.081449747 0.996162415
3837.761999424 0.026968095 -0.477981299 18.996028900 -0.011595931 0.030218493 -0.083176330 0.996009052
3837.824612736 0.036768973 -0.482398987 19.261150360 -0.012027051 0.029246164 -0.086590789 0.995741963
3837.886970400 0.049688626 -0.480349541 19.525672913 -0.009820449 0.030977283 -0.088105977 0.995580912
3837.949039296 0.061111741 -0.480802119 19.798429489 -0.019909324 0.032006469 -0.090222888 0.995208025
3838.011516896 0.079010978 -0.474142909 20.070680618 -0.022862069 0.035239592 -0.094199367 0.994666755
3838.074307424 0.106010899 -0.482034355 20.342140198 -0.017742742 0.042964783 -0.089097254 0.994937658
3838.137068512 0.125205681 -0.475945145 20.613534927 -0.015255998 0.048966262 -0.092564918 0.994384885
3838.199709088 0.146853954 -0.483423859 20.885774612 -0.014624080 0.050266787 -0.087572783 0.994781613
3838.261721984 0.170359612 -0.485916257 21.158380508 -0.012646505 0.050467011 -0.085981645 0.994937360
3838.325623072 0.191348240 -0.484969944 21.439512253 -0.007919492 0.052700434 -0.086895525 0.994790971
3838.386706432 0.215196982 -0.493550330 21.705797195 -0.004826806 0.051375706 -0.086318687 0.994930267
3838.449564000 0.235728920 -0.501735270 21.981243134 0.000730993 0.053561784 -0.088663667 0.994620204
3838.511900160 0.262181044 -0.508419573 22.258800507 -0.001719345 0.053617775 -0.088153787 0.994661272
3838.574164736 0.278281391 -0.517105341 22.542354584 -0.005275199 0.056577086 -0.091788657 0.994155943
3838.636801952 0.304393351 -0.524103165 22.819574356 -0.004086205 0.054700892 -0.089046419 0.994515896
3838.700101664 0.325537831 -0.534519672 23.093921661 0.001176841 0.054814313 -0.094578490 0.994006515
3838.761820960 0.348636508 -0.538394094 23.370191574 -0.000474862 0.054015208 -0.096332602 0.993882358
3838.824530624 0.370152026 -0.553856194 23.648368835 0.003613259 0.054056063 -0.096776389 0.993830562
3838.886652448 0.392028570 -0.561150789 23.924617767 0.004567284 0.054135680 -0.101878978 0.993312180
3838.949316640 0.416797876 -0.573013067 24.201000214 0.003795183 0.053550415 -0.100077361 0.993530273
3839.011865184 0.435563534 -0.584026396 24.474849701 0.007169727 0.052586168 -0.103003919 0.993264079
3839.074431744 0.458935380 -0.592876494 24.749000549 0.005864243 0.051355287 -0.100776605 0.993565500
3839.136678656 0.481894851 -0.603877127 25.026393890 0.005313730 0.048385352 -0.103145555 0.993474543
3839.200665696 0.497475594 -0.616381347 25.302850723 0.006802158 0.045513213 -0.103566252 0.993557394
3839.261982432 0.518426776 -0.626290381 25.576721191 0.007333615 0.045510601 -0.102720208 0.993641555
3839.324219776 0.536027610 -0.637147665 25.854253769 0.004884421 0.045219872 -0.104163349 0.993519664
3839.386600416 0.552217007 -0.647147477 26.131433487 0.003621368 0.047000777 -0.102028064 0.993663967
3839.449038368 0.571802735 -0.661813736 26.404005051 0.009063968 0.045443065 -0.101503626 0.993755400
3839.511628512 0.590025663 -0.676453233 26.677604675 0.016650148 0.047493387 -0.101569131 0.993554652
3839.574330080 0.617028356 -0.690389693 26.950572968 0.013299019 0.051817529 -0.100221924 0.993525863
3839.636965152 0.636574090 -0.710442662 27.222665787 0.014434159 0.055944521 -0.099032536 0.993405461
3839.699886272 0.658332169 -0.727177083 27.496150970 0.012985016 0.056631211 -0.098259725 0.993463337
3839.761803936 0.688728869 -0.747487187 27.764089584 0.011942334 0.056563493 -0.096443042 0.993658245
3839.824514240 0.716008067 -0.765741408 28.034814835 0.010484886 0.054764073 -0.096578144 0.993762374
3839.886770208 0.741148353 -0.783916533 28.303020477 0.011837820 0.053170457 -0.095484965 0.993939340
3839.949279872 0.776930809 -0.796242237 28.578117371 0.010260331 0.049667988 -0.095355272 0.994150460
3840.012140416 0.802983701 -0.814265251 28.852689743 0.007488455 0.048797008 -0.093965597 0.994350672
3840.074840992 0.822200656 -0.829224467 29.125835419 0.005887167 0.049250118 -0.094395183 0.994298398
3840.136933984 0.836585045 -0.844301939 29.383384705 0.011243152 0.048959315 -0.093558230 0.994345725
3840.199770720 0.860210061 -0.852269769 29.653522491 0.010706179 0.047854718 -0.095235661 0.994246185
3840.262515200 0.879367232 -0.862422347 29.925518036 0.006505244 0.047186580 -0.095091291 0.994328320
3840.324515872 0.900243402 -0.881338358 30.189706802 0.012592766 0.047942966 -0.094416834 0.994297922
3840.386869376 0.907012939 -0.883899033 30.459819794 0.013897394 0.049190946 -0.094352834 0.994225621
3840.449358592 0.917682528 -0.885848403 30.732423782 0.013773510 0.051625010 -0.096458092 0.993901908
3840.511315072 0.935478210 -0.904883265 31.002143860 0.013916911 0.050600581 -0.095454775 0.994049430
3840.574373280 0.961623490 -0.925090134 31.267854691 0.020607306 0.049939275 -0.096108191 0.993903756
3840.636658176 0.979507208 -0.942013085 31.534397125 0.022175714 0.050608080 -0.095421709 0.993902266
3840.699378848 1.000385880 -0.962937176 31.803100586 0.024827078 0.052131739 -0.092622228 0.994025648
3840.761615712 1.023264647 -0.982797086 32.071956635 0.023934422 0.053386122 -0.091975540 0.994041026
3840.824490208 1.048362017 -1.005220771 32.342472076 0.021585679 0.055346951 -0.088606343 0.994293571
3840.887062912 1.067554474 -1.027583957 32.601799011 0.028706729 0.057790011 -0.086152017 0.994190156
3840.949204832 1.090640783 -1.049140215 32.866962433 0.028754842 0.058668729 -0.084911264 0.994244039
3841.011575360 1.119314671 -1.070917845 33.130966187 0.026917309 0.060350578 -0.083852082 0.994284689
3841.074321088 1.144238353 -1.098914027 33.390617371 0.031143347 0.059626970 -0.082375109 0.994328439
3841.136590528 1.170554996 -1.123094320 33.652000427 0.033084359 0.061038297 -0.083715588 0.994068146
3841.199357920 1.198037505 -1.151260376 33.912975311 0.033496525 0.060140803 -0.082627803 0.994200051
3841.261740800 1.224341154 -1.181430578 34.169189453 0.040050756 0.060787238 -0.086200692 0.993614733
3841.324023360 1.251764894 -1.212780714 34.419433594 0.041934174 0.060442619 -0.082443044 0.993876874
3841.386499360 1.276779413 -1.245160222 34.678276062 0.036101632 0.061846483 -0.085085697 0.993796825
3841.449297632 1.299101353 -1.271518350 34.925724030 0.050252330 0.062113125 -0.086396612 0.993052006
3841.511897280 1.320485950 -1.306793332 35.177120209 0.051298097 0.060365628 -0.090840049 0.992709696
3841.574358016 1.350184083 -1.338777542 35.427272797 0.051159430 0.058795124 -0.086466692 0.993201554
3841.636715968 1.372805595 -1.367020965 35.677074432 0.043822061 0.058745280 -0.094586484 0.992815197
3841.699794432 1.398935080 -1.393403769 35.937210083 0.024954641 0.060754146 -0.093737394 0.993428171
3841.761504736 1.421820164 -1.420502186 36.171733856 0.044405155 0.056611441 -0.090705909 0.993275285
3841.824068768 1.438901305 -1.446115375 36.422897339 0.040754437 0.056335837 -0.102691069 0.992280126
3841.886500928 1.460755348 -1.469038963 36.668029785 0.038492631 0.052723844 -0.101967663 0.992643535
3841.949264896 1.479663730 -1.501426578 36.912414551 0.035763837 0.049509704 -0.104828574 0.992613077
3842.011629728 1.501003146 -1.523386002 37.157047272 0.039259672 0.047939777 -0.104283534 0.992615461
3842.074033824 1.519991875 -1.558581233 37.391006470 0.051102065 0.046569414 -0.099802613 0.992602289
3842.136512192 1.534446001 -1.594969630 37.616870880 0.069993354 0.047482230 -0.106978714 0.990657330
3842.199020416 1.560060143 -1.617718697 37.844173431 0.048157696 0.046155017 -0.104770020 0.992256939
3842.266969344 1.577483416 -1.643625617 38.091384888 0.017642183 0.042295452 -0.104576960 0.993460357
3842.324424896 1.585958838 -1.650884509 38.340888977 -0.008234082 0.038374405 -0.126292527 0.991216302
3842.386641728 1.615111589 -1.657184601 38.589199066 -0.011561230 0.037796423 -0.098672569 0.994334698
3842.449144352 1.634340763 -1.667764664 38.826103210 -0.003251893 0.051835902 -0.116574913 0.991822958
3842.511863808 1.676338792 -1.681580782 39.051406860 0.005062217 0.076662302 -0.109396435 0.991024554
3842.574122112 1.734619498 -1.696170926 39.296962738 0.000795595 0.101441734 -0.103822984 0.989408791
3842.636727200 1.797705293 -1.702696562 39.545043945 -0.014375782 0.125070319 -0.106658459 0.986293435
3842.700154560 1.870171309 -1.707980633 39.789394379 -0.024199201 0.145005122 -0.106188886 0.983418465
3842.761251360 1.961679578 -1.718212962 40.034702301 -0.015985571 0.162388980 -0.100924164 0.981421709
3842.824190528 2.048485994 -1.787436604 40.234783173 0.010368854 0.180155963 -0.097799487 0.978709102
3842.887342432 2.115118504 -1.810452580 40.399406433 0.063532978 0.202491298 -0.111919828 0.970790803
3842.948992320 2.172434092 -1.870978117 40.624542236 0.096658684 0.214696899 -0.095945224 0.967138469
3843.011780448 2.290396214 -1.922888875 40.800621033 0.069672845 0.222388893 -0.084210642 0.968812406
3843.074198848 2.371684790 -1.951823711 41.034580231 0.052122038 0.238034651 -0.073319413 0.967081726
3843.136477920 2.489573240 -1.985374570 41.253669739 0.037675533 0.259317666 -0.079519331 0.961775243
3843.199388384 2.632302046 -2.012319565 41.466960907 0.045553185 0.280506372 -0.063261092 0.956681311
3843.261213280 2.735392570 -2.046114206 41.652118683 0.053698950 0.296084017 -0.073330805 0.950827658
3843.322995872 2.850749016 -2.077798843 41.835491180 0.048227377 0.306385428 -0.079658240 0.947341859
3843.384758176 2.971000433 -2.108167887 42.003952026 0.044174485 0.307032347 -0.071784198 0.947959304
3843.447109536 3.088707447 -2.150327206 42.182247162 0.042740121 0.305473775 -0.071601540 0.948542178
3843.509435200 3.224672556 -2.179861307 42.371952057 0.046478089 0.308935136 -0.074817315 0.946995914
3843.571860128 3.356789827 -2.226619482 42.543128967 0.061079584 0.307598203 -0.061145090 0.947583199
3843.633900832 3.478403330 -2.265870571 42.719409943 0.067297161 0.308430046 -0.066702425 0.946516156
3843.697621216 3.600663662 -2.301998615 42.891132355 0.062712722 0.308603585 -0.066679575 0.946775973
3843.759181152 3.712217808 -2.347302675 43.061279297 0.051671311 0.307025522 -0.062533304 0.948237836
3843.822225568 3.758846521 -2.347536802 43.248737335 0.035777733 0.304245651 -0.059432786 0.950064361
3843.883750464 3.809898376 -2.349350929 43.523246765 0.028050764 0.307672620 -0.059497330 0.949215889
3843.946679712 3.906042099 -2.328279972 43.815917969 0.032455206 0.313867658 -0.063238926 0.946802318
3844.009052288 4.174737453 -2.162145376 43.623233795 0.053169064 0.311935514 -0.066236146 0.946299136
3844.071820608 4.369743824 -2.098988533 43.555679321 0.047353223 0.303168684 -0.066281088 0.949448943
3844.134622496 4.562997818 -2.103334427 43.615215302 0.041723326 0.300403774 -0.067758061 0.950487018
3844.197073504 4.400745869 -2.288791895 44.143901825 0.051579680 0.305734664 -0.062172651 0.948683500
3844.259908704 4.458010674 -2.361146212 44.413085938 0.052160434 0.310798168 -0.071776517 0.946325481
3844.322211904 4.517328262 -2.434005499 44.510265350 0.051004183 0.314174116 -0.068114668 0.945544124
3844.384852576 4.650402546 -2.466866016 44.654956818 0.049896158 0.314590394 -0.060487129 0.945983410
3844.447504512 4.785662174 -2.504132032 44.832145691 0.046373200 0.314698428 -0.053764053 0.946532547
3844.509882112 4.907589912 -2.538330793 44.993534088 0.062011622 0.313673913 -0.063584358 0.945367813
3844.572366560 5.033588886 -2.571833849 45.147872925 0.062585883 0.312252611 -0.056961469 0.946222305
3844.635175904 5.169929981 -2.612949848 45.325092316 0.064894125 0.314790428 -0.054853924 0.945350051
3844.698335712 5.309906006 -2.648514032 45.518978119 0.042841483 0.317448914 -0.056334201 0.945630610
3844.761065792 5.436631203 -2.683842421 45.699008942 0.049692810 0.307165891 -0.049275745 0.949079394
3844.823853248 5.557528973 -2.724152565 45.874149323 0.051180966 0.294150293 -0.055406380 0.952778161
3844.886767328 5.664828777 -2.744332314 46.061969757 0.045179576 0.277253747 -0.081554361 0.956262529
3844.948826016 5.787993431 -2.782033205 46.240215302 0.043420456 0.265126467 -0.051286645 0.961869180
3845.012067680 5.884098053 -2.807816744 46.408794403 0.044083428 0.263993084 -0.072042510 0.960819542
3845.073974912 6.001448631 -2.839334488 46.594417572 0.041148018 0.269407302 -0.062793598 0.960095584
3845.137278144 6.109716892 -2.871721029 46.776641846 0.044379026 0.270330280 -0.064505309 0.959578633
3845.199118272 6.212388515 -2.906726599 46.952934265 0.050137732 0.271668553 -0.078942850 0.957836330
3845.261518016 6.332383633 -2.943295956 47.141807556 0.049581394 0.277706385 -0.074981779 0.956450999
3845.325855584 6.443229198 -2.970400333 47.312709808 0.044986360 0.291641742 -0.062314089 0.953435004
3845.386940832 6.551125526 -3.003639221 47.498615265 0.028192103 0.300775975 -0.086624861 0.949334085
3845.449274592 6.677453995 -3.047508955 47.668876648 0.065448038 0.299080044 -0.062090814 0.949953914
3845.511702912 6.783420086 -3.067277908 47.846111298 0.047650371 0.297539324 -0.059828706 0.951640844
3845.574836064 6.898361683 -3.080646515 48.025722504 0.033008657 0.295522630 -0.072605751 0.952000618
3845.636602080 7.013940334 -3.121624947 48.188694000 0.030674806 0.294383526 -0.056406073 0.953528047
3845.699284192 7.117862701 -3.151038647 48.344249725 0.064108424 0.295516580 -0.065403216 0.950937688
3845.761752064 7.241048813 -3.294727802 48.556591034 0.039898757 0.306492627 -0.065436803 0.948782563
3845.825420512 7.372900963 -3.324055672 48.724464417 0.051511474 0.306033790 -0.042871241 0.949658871
3845.887054272 7.479998589 -3.354650736 48.894718170 0.034926623 0.302293301 -0.065215051 0.950339913
3845.949027904 7.598856926 -3.390424013 49.046356201 0.055346351 0.293261230 -0.045392588 0.953348935
3846.011460960 7.703283787 -3.415318489 49.213417053 0.039040241 0.293382585 -0.073089018 0.952397227
3846.074077312 7.797560692 -3.446406364 49.344589233 0.046244718 0.293595821 -0.066422291 0.952497244
3846.136761888 7.881647587 -3.463123560 49.462757111 0.043782860 0.290398300 -0.060329732 0.953998029
3846.199658656 7.943363667 -3.486242771 49.556869507 0.039340466 0.296692342 -0.064547837 0.951976657
3846.261648576 7.995456219 -3.505200386 49.633087158 0.047850661 0.300533593 -0.071578994 0.949877024
3846.324375616 8.028688431 -3.525930405 49.684215546 0.065922081 0.295706362 -0.076844983 0.949898362
3846.386915232 8.064251900 -3.525693893 49.745681763 0.038626060 0.297893584 -0.077921167 0.950629115
3846.449047488 8.098828316 -3.531324625 49.778388977 0.050778061 0.294145077 -0.062155560 0.952384830
3846.511573120 8.128023148 -3.530493021 49.821128845 0.039075624 0.294780046 -0.063543215 0.952648997
3846.574051456 8.141856194 -3.529144526 49.852859497 0.042484693 0.298442692 -0.078919522 0.950209856
3846.637217696 8.155269623 -3.540149212 49.872291565 0.038457494 0.305430442 -0.079843514 0.948081374
3846.699146784 8.167229652 -3.541399956 49.881107330 0.042408880 0.310209006 -0.080358863 0.946316183
3846.761544832 8.171816826 -3.541985035 49.886943817 0.045433689 0.309939772 -0.082195275 0.946106255
3846.824192160 8.169962883 -3.543493509 49.889759064 0.043752085 0.310110211 -0.085909113 0.945799649
3846.886864800 8.168894768 -3.541875362 49.887130737 0.043921851 0.310044438 -0.084519379 0.945938587
3846.948981376 8.166045189 -3.541425943 49.880748749 0.043349940 0.310245812 -0.081805356 0.946137488
3847.011777312 8.161577225 -3.539992571 49.875591278 0.041878331 0.308290213 -0.080665313 0.946940601
3847.074129536 8.158079147 -3.538509846 49.868450165 0.041124150 0.308170646 -0.078059882 0.947230875
3847.137659424 8.155086517 -3.535993814 49.860824585 0.040656541 0.307261497 -0.075456984 0.947757185
3847.199155328 8.148444176 -3.534635782 49.853164673 0.040876437 0.304952919 -0.075511672 0.948488712
3847.261697600 8.142154694 -3.532228708 49.844852448 0.041744485 0.303479820 -0.074805431 0.948979199
