2423.636947168 0.000000000 0.000000000 0.000000000 0.000000000 0.000000000 0.000000000 1.000000000
2423.761999104 -0.000405703 0.000217579 -0.000842752 -0.000184550 0.000022016 -0.000117332 1.000000000
2423.883192768 -0.000158924 0.000728081 0.009933225 0.003340417 0.001312476 -0.000833296 0.999993205
2424.011109376 -0.034049943 -0.007609074 0.084809653 0.006559478 0.009309337 0.001317752 0.999934256
2424.136370432 -0.028751738 -0.015758753 0.230072469 0.009149035 -0.002722061 0.000557888 0.999954283
2424.261358880 -0.011172062 -0.018634412 0.437837601 0.010902846 -0.015650701 0.009686731 0.999771178
2424.383533600 0.001227610 -0.038266875 0.669882715 0.023197569 -0.011652061 0.000829783 0.999662638
2424.510982400 -0.010376072 -0.089194432 0.978466630 0.010260350 -0.010824407 -0.000371345 0.999888659
2424.636337248 -0.017573632 -0.107912563 1.290907979 0.004963349 -0.013259659 -0.008073523 0.999867141
2424.761183616 0.004417861 -0.123930983 1.623821735 0.003171287 -0.006478015 -0.003670582 0.999967217
2424.883119168 0.008761941 -0.140718713 1.957173824 0.002901812 -0.003318705 0.006856405 0.999966800
2425.011510912 -0.003165038 -0.148684815 2.326715469 0.001503657 0.005110479 -0.001671218 0.999984384
2425.136593120 -0.067181155 -0.107448742 2.725953102 0.004575531 -0.004501015 -0.006327556 0.999959409
2425.261019040 -0.071737714 -0.115167119 3.105714321 -0.007092033 -0.008240877 -0.013037654 0.999855876
2425.383075840 -0.056198187 -0.122458003 3.514489889 -0.003097668 0.005335373 -0.005498493 0.999965847
2425.511267296 -0.024426572 -0.163130388 3.924250841 -0.008592853 0.007233582 0.002008930 0.999934912
2425.637832704 -0.004048809 -0.188862219 4.291314125 -0.006365444 0.000097883 -0.001442645 0.999978721
2425.761116640 -0.010450512 -0.198713467 4.709147453 -0.004937569 -0.010100454 -0.009307378 0.999893486
2425.883250368 -0.025277700 -0.206637114 5.133472919 -0.011726674 -0.014354834 -0.009180372 0.999786079
2426.011870432 -0.095145971 -0.146951705 5.581012726 0.003776771 -0.000261662 -0.013358803 0.999903619
2426.136640352 -0.127036855 -0.157414690 5.967647552 -0.001402737 0.010480558 -0.015511533 0.999823809
2426.261640640 -0.135820627 -0.176000401 6.389561176 -0.010755355 0.016263168 -0.010584725 0.999753833
2426.383030880 -0.124063462 -0.195076987 6.822375774 -0.003537195 0.023117471 -0.012800590 0.999644518
2426.511584800 -0.103920288 -0.232293248 7.331810474 -0.002686546 0.025182182 -0.013326585 0.999590456
2426.636182368 -0.068290487 -0.264125764 7.718379498 0.001531531 0.014467463 -0.000956294 0.999893725
2426.761593184 -0.055307601 -0.283071071 8.158601761 0.005568421 0.009278184 -0.003297715 0.999936044
2426.883129632 -0.072512731 -0.292395502 8.596742630 -0.003795986 -0.001181297 -0.020294141 0.999786139
2427.011257024 -0.098095715 -0.266049325 9.074168205 -0.004440388 -0.008449370 -0.035351057 0.999329388
2427.136725024 -0.107147515 -0.269268453 9.537535667 -0.033492796 -0.012494281 -0.035404354 0.998733521
2427.261512128 -0.277254164 -0.032482371 9.994006157 -0.029097784 0.011673856 -0.044712752 0.998507798
2427.383188672 -0.366521031 0.265458643 10.458426476 0.002479590 0.019100297 -0.062005538 0.997889936
2427.511197760 -0.464988589 0.538836718 10.978264809 0.032617781 0.030435605 -0.082181491 0.995618403
2427.637293984 -0.588798821 0.785428643 11.512705803 0.063150480 0.054334894 -0.100847282 0.991407871
2427.762009536 -0.574835002 0.913771391 11.901031494 0.066817857 0.051935676 -0.098454326 0.991536558
2427.883603040 -0.614072680 0.934640706 12.323299408 0.057769910 0.059100382 -0.102566898 0.991286933
2428.011503072 -0.632004380 0.966023684 12.765249252 0.050105598 0.061700810 -0.107460313 0.991027117
2428.136400448 -0.675247908 1.010318875 13.133552551 0.048355427 0.065921083 -0.107710414 0.990815103
2428.261683232 -0.757989466 1.055073380 13.496173859 0.047540676 0.084079899 -0.106693514 0.989589274
2428.383719808 -0.795117855 1.123167276 13.809254646 0.060334586 0.088634573 -0.098159023 0.989377856
2428.511298560 -0.668699622 1.095340252 14.107701302 0.090531133 0.058359779 -0.049108341 0.992968559
2428.636818176 -0.566465497 1.062202692 14.410715103 0.120777033 0.030125750 0.000379458 0.992222369
2428.761447136 -0.493467450 1.118362904 14.804216385 0.204454839 0.012015281 0.004950622 0.978789747
2428.886264224 -1.148231268 0.419806361 16.434160233 0.210677162 0.023211436 0.092485748 0.972894013
2429.012257376 -1.096729636 0.339867473 16.035192490 0.210341915 0.020772064 0.086182602 0.973600209
2429.136833248 -1.053074241 0.257550985 15.731403351 0.207152262 0.017282763 0.096169487 0.973416984
2429.261734464 -0.929170489 0.217433333 15.646103859 0.213781804 0.015846981 0.085500665 0.973003507
2429.386543328 -0.944523215 0.030826673 15.969815254 0.210272729 0.019618234 0.080806188 0.974100053
2429.511182912 -0.864720106 -0.292933166 16.530694962 0.210438982 0.016445871 0.079976633 0.974191308
2429.636729632 -0.793683052 -0.689000487 17.002119064 0.193441570 0.017730810 0.075944364 0.978007376
2429.762337888 -0.764076769 -0.912028551 17.487110138 0.198388457 0.019294599 0.080160648 0.976649404
2429.886558976 -0.737809718 -1.141167641 17.966539383 0.204207301 0.020989429 0.087613799 0.974773169
2430.011244160 -0.687333882 -1.377865195 18.474142075 0.209365800 0.021543561 0.086033426 0.973807037
2430.136445600 -0.638192177 -1.671751618 19.006832123 0.210926846 0.023926519 0.077230826 0.974152386
2430.261343072 -0.059773684 -0.766669273 19.335407257 0.265313536 -0.016315794 0.052491605 0.962593973
2430.386270912 -0.181665912 -0.683972836 19.236892700 0.267402500 -0.013679807 0.056673042 0.961819589
2430.511514400 -0.248919666 -0.614488065 19.204265594 0.270406783 -0.009714793 0.055675115 0.961085916
2430.636503264 -0.357518464 -0.533624411 19.178821564 0.275303751 -0.009273660 0.065062709 0.959108293
2430.762090048 0.331401080 0.463740945 18.160005569 0.275198072 -0.092919528 0.059251722 0.955050409
2430.886618848 0.349165618 0.654816747 18.059347153 0.282882452 -0.082878537 0.038481645 0.954792023
2431.011517760 0.151059315 0.081354141 18.750984192 0.280113786 -0.077384174 0.031381495 0.956327975
2431.137661024 -0.044899479 -0.477192163 19.505678177 0.287582755 -0.074642330 0.030790733 0.954346180
2431.261925728 -0.304094136 -1.044109941 20.221488953 0.294863373 -0.065027408 0.033466570 0.952736616
2431.386309536 -0.732749939 -1.787264824 21.058200836 0.304093391 -0.014658453 -0.016988583 0.952377915
2431.511463552 -0.811294854 -2.218318224 21.411451340 0.300130367 -0.017718054 -0.011696185 0.953661919
2431.638579392 -0.870986700 -2.652340889 21.865331650 0.305704027 -0.025428126 -0.011353625 0.951719284
2431.761579840 -2.552489281 -2.500054121 22.013402939 0.313999712 0.141290501 0.046708696 0.937688351
2431.886973952 -2.588791609 -2.503886700 22.433853149 0.332581908 0.152507007 0.047148887 0.929466426
2432.012286560 -2.380890846 -2.910513401 22.792472839 0.318251193 0.154575378 0.047119670 0.934131861
2432.136682720 -2.169511795 -3.298269987 23.164400101 0.305269808 0.155714393 0.048770472 0.938181639
2432.261255072 -2.014037132 -3.645389557 23.628234863 0.305733085 0.168505371 0.065495744 0.934795976
2432.386221536 -1.795775533 -3.924808264 24.019428253 0.303623348 0.167786732 0.071050853 0.935207069
2432.511732288 -1.633161426 -4.256194115 24.455432892 0.307695508 0.171624437 0.078439273 0.932585537
2432.636706144 -1.470200777 -4.586085320 24.884641647 0.312107712 0.175822243 0.085042112 0.929754376
2432.761395040 -1.310546637 -4.907289028 25.279577255 0.315230757 0.178775907 0.088759474 0.927787960
2432.886330464 -1.193613768 -5.237584591 25.633937836 0.319651544 0.179427862 0.101109378 0.924881339
2433.012539168 -1.014580011 -5.516706467 25.939119339 0.325487822 0.175152630 0.111655138 0.922449112
2433.136642016 -0.830582976 -5.804751396 26.232603073 0.325601399 0.168557152 0.119770877 0.922619700
2433.261787392 -0.830582976 -5.804751396 26.232603073 0.325601399 0.168557152 0.119770877 0.922619700
2433.386251264 -0.827495217 -5.791605473 26.256696701 0.331914604 0.167626604 0.120845906 0.920396805
2433.511793824 -0.679417789 -5.918065548 26.409912109 0.329540968 0.163458124 0.119368903 0.922190487
2433.637042784 -0.707703590 -6.207575798 26.728466034 0.353095233 0.171525374 0.119660385 0.911912382
2433.761885632 3.609038353 0.128393173 21.081697464 0.348635823 0.171792656 0.020166179 0.921158910
2433.884971168 8.449584007 5.139453411 15.134290695 0.342066526 0.171472356 -0.077580169 0.920635104
2434.011242880 9.149115562 5.715069294 14.672670364 0.361688018 0.194784194 -0.073858976 0.908727527
2434.137242176 9.301677704 5.391739368 14.942259789 0.344969749 0.219302729 -0.055102490 0.910969794
2434.260258080 9.477088928 5.016250134 15.422618866 0.330245674 0.246575296 -0.045976933 0.909958541
2434.384681824 9.933631897 3.920165062 16.242996216 0.359545738 0.314572901 -0.121149145 0.870111287
2434.510208416 9.913497925 3.881601095 16.199268341 0.380123198 0.360742867 -0.126125321 0.842296422
2434.636597248 9.695388794 3.587366343 15.684808731 0.339572728 0.400288820 -0.097546533 0.845543563
2434.759970048 9.980416298 3.266567945 15.858723640 0.345358610 0.436768562 -0.081987604 0.826582551
2434.883822112 10.513317108 2.851395845 16.058113098 0.354101390 0.439699590 -0.078676015 0.821636498
2435.009597760 10.813222885 2.533130884 16.238761902 0.347580463 0.441352546 -0.079743311 0.823429883
2435.136630208 11.084350586 2.238111734 16.423069000 0.369635254 0.445711643 -0.078741044 0.811486781
2435.259618656 11.283895493 1.955586433 16.472145081 0.350866944 0.450551420 -0.072089627 0.817740142
2435.382885504 11.528666496 1.682468653 16.518445969 0.331393749 0.450902313 -0.068938419 0.825901151
2435.508099744 11.768827438 1.477998734 16.622114182 0.342489153 0.452749342 -0.078122810 0.819521844
2435.633677088 12.004874229 1.234362721 16.704223633 0.339182138 0.453133076 -0.076902963 0.820799530
2435.758057760 12.333645821 0.969015479 16.890949249 0.353036284 0.445375055 -0.079671293 0.818937659
2435.882400096 12.650470734 0.671341479 17.049747467 0.349128395 0.448259860 -0.069147058 0.819994569
2436.007665376 12.951758385 0.361367047 17.196472168 0.364991188 0.438576490 -0.057225384 0.819241941
2436.133961024 13.261297226 0.052174717 17.364561081 0.346742421 0.452533722 -0.064549908 0.819033742
2436.258016224 13.536384583 -0.240747511 17.530988693 0.347989559 0.452156454 -0.083708264 0.816976547
2436.383189728 13.814676285 -0.512539029 17.691066742 0.346790940 0.436471254 -0.091784358 0.825108767
2436.507926432 14.019064903 -0.683254182 17.760154724 0.346526891 0.426832795 -0.070184849 0.832350254
2436.634020640 14.188167572 -0.841489136 17.830102921 0.360196948 0.425200105 -0.046240956 0.829050541
2436.758133472 14.456839561 -1.109300137 17.986818314 0.357928693 0.433857739 -0.062118970 0.824497283
2436.882544448 14.677000999 -1.316031337 18.084850311 0.336005837 0.441318661 -0.077719502 0.828430831
2437.007635936 14.918325424 -1.559607387 18.276325226 0.350635499 0.430988252 -0.059447784 0.829318941
2437.134442016 15.186664581 -1.813930750 18.415565491 0.336777210 0.434091747 -0.032391451 0.834922910
2437.258674496 15.452205658 -2.115734816 18.663604736 0.363066226 0.436621547 -0.072560385 0.819926560
2437.383709440 15.659618378 -2.372218370 18.814125061 0.360693336 0.455088377 -0.069514789 0.811148942
2437.510929088 15.994807243 -2.679151058 19.013639450 0.361816764 0.465217859 -0.066906936 0.805099070
2437.633813696 16.242431641 -2.950378656 19.171295166 0.349543571 0.485761136 -0.080779269 0.797075987
2437.758123808 16.470724106 -3.162876129 19.284900665 0.317350656 0.502080917 -0.069167435 0.801510572
2437.882290432 16.642160416 -3.317031145 19.357000351 0.344272673 0.511264563 -0.033535834 0.786740184
2438.007789504 16.761404037 -3.432009220 19.423641205 0.350177646 0.524724603 -0.015632996 0.775754631
2438.133589088 16.837074280 -3.513418198 19.467828751 0.332394242 0.522473752 -0.036983199 0.784326136
2438.258831552 16.874515533 -3.523921728 19.478233337 0.337551236 0.513131618 -0.045433797 0.787839353
2438.382348800 16.891794205 -3.538380623 19.472980499 0.344371021 0.503867030 -0.053292196 0.790371120
2438.507887584 16.897434235 -3.551462650 19.487033844 0.346572459 0.498057574 -0.054933529 0.792974472
2438.634832992 16.886953354 -3.544291973 19.487768173 0.344122320 0.503764987 -0.058183704 0.790199518
2438.758021120 16.878749847 -3.532443762 19.479526520 0.340160728 0.508183300 -0.054026332 0.789380431
2438.882419392 16.874391556 -3.527705431 19.477951050 0.338704139 0.509186745 -0.052414518 0.789468884
2439.007959456 16.876005173 -3.529379368 19.478919983 0.338595152 0.509175837 -0.052213743 0.789535940
2439.134381536 16.877765656 -3.532932997 19.481023788 0.339180887 0.508891761 -0.052604280 0.789441764
2439.258345472 16.878381729 -3.533703089 19.480749130 0.339549780 0.508649230 -0.053013381 0.789412081
2439.382863808 16.878618240 -3.534101248 19.480869293 0.339679629 0.508581877 -0.053307481 0.789379895
