3165.005373696 0.000000000 0.000000000 0.000000000 0.000000000 0.000000000 0.000000000 1.000000000
3165.066621504 0.000000000 0.000000000 0.000000000 0.000000000 0.000000000 0.000000000 1.000000000
3165.127146144 0.000043137 0.000383821 -0.000111753 -0.000067992 0.000001621 -0.000069238 1.000000000
3165.193111008 -0.000275181 0.008669186 0.001598146 0.002445580 0.000756823 0.001332043 0.999995828
3165.254968576 0.003367769 0.009240915 0.020161975 0.004017096 0.003565016 -0.000745450 0.999985278
3165.317331808 0.009039929 0.007517782 0.052222028 0.003979120 0.006789011 0.000236038 0.999969006
3165.377576640 0.017406994 0.000136204 0.102069043 0.003871705 -0.002125487 0.006995232 0.999965787
3165.443541056 -0.008177361 -0.019514747 0.184681460 0.007395785 -0.014127630 0.008852225 0.999833703
3165.505064704 -0.008977823 -0.022197288 0.269252628 0.012191745 -0.020467449 0.011706439 0.999647617
3165.566223392 -0.014727935 -0.028361734 0.376982033 0.011332910 -0.023961380 0.018806331 0.999471724
3165.627075744 -0.012213846 -0.034724902 0.456714392 0.021086453 -0.023624884 0.008595274 0.999461532
3165.694904640 -0.009308466 -0.038320795 0.594334424 0.024181126 -0.016708946 0.006814730 0.999544680
3165.754986400 -0.010734373 -0.041601747 0.743409634 0.016253976 -0.012581365 0.008699095 0.999750853
3165.816986016 -0.010526623 -0.046915956 0.891825497 0.013793410 -0.014366069 0.005601622 0.999785960
3165.876798880 -0.013185099 -0.053064689 1.042111397 0.010784352 -0.015870029 0.001607356 0.999814630
3165.941583968 -0.034526788 -0.068129934 1.215789676 0.007888499 -0.016712777 -0.000449786 0.999829113
3166.008118592 -0.035826229 -0.077365547 1.401159048 0.013171919 -0.014821175 0.002912913 0.999799132
3166.070518880 -0.024634706 -0.084560685 1.553861737 0.004189058 -0.011925316 0.000111909 0.999920130
3166.130059712 -0.031667504 -0.118858427 1.706074953 0.011000930 -0.009121258 0.002636374 0.999894381
3166.195140000 -0.027322972 -0.127080962 1.888488531 0.004495156 -0.005439722 0.013239086 0.999887466
3166.258550528 -0.037501641 -0.120337605 2.087780237 0.003036483 -0.000556469 -0.000480636 0.999995112
3166.321380800 -0.036350604 -0.126584440 2.283467770 0.003570690 0.001733750 0.007296159 0.999965489
3166.380438688 -0.038704187 -0.131742224 2.478761911 -0.005138237 -0.001944068 0.001824268 0.999983251
3166.445717344 -0.051975999 -0.130062744 2.691514254 0.004764433 -0.011628157 0.001480050 0.999919951
3166.508589664 -0.071635850 -0.179276109 2.908841133 -0.010138288 -0.015291933 -0.004113261 0.999823213
3166.569462560 -0.077390231 -0.182322308 3.109108686 -0.008251285 -0.011022245 -0.007506884 0.999877036
3166.630913408 -0.073074609 -0.190332875 3.301298141 -0.009381023 -0.004001974 -0.002023389 0.999945939
3166.694928064 -0.060958460 -0.160905078 3.517521143 -0.001067840 0.001704770 0.002942454 0.999993622
3166.760332736 -0.046326913 -0.156498745 3.720433712 -0.004011265 0.001792146 0.003375925 0.999984622
3166.822607328 -0.043260884 -0.162971690 3.924514771 -0.005446294 -0.002123954 0.008846013 0.999943793
3166.880061152 -0.045887958 -0.168676972 4.140794277 -0.008800290 -0.005130454 0.004696419 0.999937057
3166.946977952 -0.048432350 -0.164764553 4.375921249 -0.001796726 -0.008765156 0.005571262 0.999944448
3167.008393056 -0.059423126 -0.184223041 4.631553173 -0.010399812 -0.011026083 0.003680789 0.999878347
3167.069696832 -0.067458846 -0.191622943 4.847052574 -0.003016935 -0.012329337 -0.000799560 0.999919116
3167.130228992 -0.074530728 -0.188913703 5.073966503 -0.012745359 -0.013294176 -0.001876929 0.999828637
3167.195832192 -0.087805368 -0.182391271 5.320839405 -0.012274160 -0.013376328 -0.006888310 0.999811471
3167.258788160 -0.094193995 -0.189427361 5.535397053 -0.002378364 -0.013472942 -0.007794206 0.999876022
3167.320013920 -0.094332293 -0.186313450 5.762601376 -0.013296601 -0.012615501 0.000314318 0.999831975
3167.380312128 -0.104341671 -0.174754426 5.981818199 -0.001163667 -0.009169148 -0.001017587 0.999956727
3167.445343808 -0.090863667 -0.264486551 6.200687408 -0.014677122 -0.002822307 0.001036224 0.999887764
3167.508467776 -0.087343782 -0.269157499 6.434656143 -0.012394211 0.001622170 0.002692946 0.999918222
3167.570743104 -0.090646841 -0.278272897 6.678465366 -0.008950714 0.005486533 0.008424904 0.999909401
3167.630186848 -0.091899939 -0.278660595 6.899911880 -0.005175814 0.008619370 -0.004147097 0.999940813
3167.695728288 -0.083338574 -0.288731486 7.128793716 -0.002892882 0.009110365 0.016051702 0.999825478
3167.758576224 -0.085151307 -0.299329162 7.363939285 -0.006852696 0.005000647 0.005678562 0.999947906
3167.820714528 -0.076705813 -0.325143307 7.590190411 0.007198763 0.001092159 0.011679656 0.999905288
3167.880278720 -0.073742308 -0.328647017 7.818953037 0.000916209 0.000356083 0.010624746 0.999943078
3167.947718720 -0.076370358 -0.334828585 8.080689430 -0.000390351 0.000430061 0.016618956 0.999861717
3168.008949696 -0.077905700 -0.339330018 8.304028511 0.004805219 0.000398678 0.010684227 0.999931276
3168.070446944 -0.077563189 -0.344864994 8.539611816 0.003029655 -0.006394401 0.015911562 0.999848366
3168.130231776 -0.084257565 -0.340974182 8.773353577 -0.006869965 -0.014012433 0.007584618 0.999849439
3168.196635040 -0.086937085 -0.337042898 9.005310059 -0.006113658 -0.017121848 -0.008311293 0.999800205
3168.258523072 -0.091724299 -0.338898063 9.233466148 -0.006743088 -0.020017063 -0.011827523 0.999706924
3168.322798720 -0.112204701 -0.330923408 9.488790512 -0.020807933 -0.023553299 -0.023164963 0.999237537
3168.380463008 -0.122132234 -0.328650922 9.729043961 -0.041445937 -0.023482040 -0.011148488 0.998802543
3168.446709216 -0.143964231 -0.312015384 9.981785774 -0.027547263 -0.014287389 -0.023526864 0.999241471
3168.508931872 -0.159273684 -0.304967582 10.225700378 -0.031603999 -0.007635229 -0.028488128 0.999065220
3168.577384512 -0.180125907 -0.297135949 10.491443634 -0.013224780 -0.012770065 -0.036332224 0.999170661
3168.630644928 -0.203574941 -0.298752874 10.710773468 -0.011489525 -0.013283130 -0.051078308 0.998540223
3168.695964192 -0.220556691 -0.304059595 10.957995415 -0.018733062 -0.007883091 -0.047659975 0.998656809
3168.758869248 -0.222611606 -0.308769733 11.222177505 -0.022368865 0.008460795 -0.041894265 0.998835802
3168.827583200 -0.214183137 -0.315256834 11.485312462 -0.004444131 0.025189433 -0.020910036 0.999454141
3168.880677472 -0.203181460 -0.322125524 11.705859184 -0.004711412 0.032443501 -0.009119331 0.999420881
3168.946903872 -0.186087877 -0.326593965 11.967375755 -0.004814105 0.032825608 -0.003435702 0.999443591
3169.008417632 -0.174096778 -0.332899958 12.220968246 -0.009298865 0.034136962 -0.004087463 0.999365568
3169.072332640 -0.156555802 -0.331894279 12.480330467 -0.007985896 0.036080346 -0.002990365 0.999312520
3169.140469920 -0.142547116 -0.335447878 12.774015427 -0.019947125 0.038606621 -0.009993532 0.999005377
3169.205817344 -0.127439484 -0.342878282 13.019968033 -0.028108662 0.040499020 -0.009079278 0.998742878
3169.268001536 -0.118234813 -0.313881397 13.256723404 -0.023967240 0.041115526 -0.013187623 0.998779893
3169.329455360 -0.089486673 -0.298784286 13.507750511 -0.024660457 0.036101345 0.011797460 0.998974144
3169.390109632 -0.081709765 -0.291389674 13.776385307 -0.035771672 0.032704998 -0.012051380 0.998751938
3169.453807328 -0.091498740 -0.237307191 14.065563202 -0.031603668 0.037128109 -0.022768898 0.998551071
3169.516769344 -0.099420540 -0.165051803 14.337969780 -0.016082242 0.040632956 -0.033941764 0.998467922
3169.579756192 -0.083723970 -0.161549747 14.601022720 -0.009359463 0.038052022 -0.042324524 0.998335183
3169.641487968 -0.066372938 -0.165208563 14.858666420 -0.008089119 0.028308665 -0.038852077 0.998811126
3169.704107104 -0.074086376 -0.166466728 15.114949226 0.009570803 0.027191645 -0.017173158 0.999436855
3169.767267040 -0.149349749 -0.301491857 15.297949791 -0.011842245 0.036873620 -0.025389750 0.998927116
3169.828988608 -0.187779516 -0.488751769 15.467912674 -0.051786896 0.040391028 -0.041158482 0.996991813
3169.891305760 -0.141724199 -0.510012329 15.664462090 -0.046892591 0.030934341 -0.072810873 0.995762348
3169.954376480 0.007976949 -0.352339387 15.703448296 0.033896402 0.019018603 -0.054092068 0.997779250
3170.016863744 0.139777273 -0.187707677 15.775600433 0.117280453 0.009286947 -0.035464369 0.992421925
3170.079979296 0.356986105 -0.005031615 15.859038353 0.210476696 -0.024336973 -0.011655313 0.977226377
3170.141651584 0.343001783 -0.123193651 16.078025818 0.218107820 -0.018971125 -0.015012503 0.975624740
3170.205035232 0.329975694 -0.232679486 16.303632736 0.217259526 -0.021526173 -0.018542333 0.975700319
3170.266666688 0.310428977 -0.353879869 16.533344269 0.221019074 -0.019390253 -0.024457490 0.974769950
3170.329925536 0.292988122 -0.473547935 16.764966965 0.232155100 -0.018215548 -0.026186474 0.972155571
3170.393082752 0.272484630 -0.603784442 17.002275467 0.237712339 -0.017736237 -0.028894413 0.970743716
3170.453736224 0.253820091 -0.727415860 17.233583450 0.238019139 -0.018132821 -0.030878104 0.970600128
3170.517512384 0.231996402 -0.861278713 17.471370697 0.236862019 -0.016055470 -0.034454018 0.970799446
3170.579142560 0.216699854 -0.991159558 17.708427429 0.240227044 -0.011365119 -0.035238218 0.970010340
3170.641382784 0.201573014 -1.125346661 17.950916290 0.237774834 -0.003606735 -0.038242407 0.970560491
3170.704269120 0.193079650 -1.259206057 18.198015213 0.230799928 -0.002983890 -0.034951888 0.972368658
3170.766581920 0.176726907 -1.389640331 18.446132660 0.229529485 0.000140659 -0.043252025 0.972340167
3170.829573760 0.174626559 -1.533509970 18.702342987 0.232180506 -0.001634079 -0.036396623 0.971990108
3170.891531040 0.160646498 -1.663601637 18.951005936 0.233188346 0.002993716 -0.042209420 0.971510470
3170.954192992 0.159927711 -1.809400201 19.209945679 0.233533949 0.003829768 -0.038612757 0.971574128
3171.017279584 0.159164697 -1.950710297 19.465293884 0.238877684 0.004194883 -0.040073615 0.970213354
3171.079322912 0.163746014 -2.086820841 19.709762573 0.240402460 0.002525909 -0.034460783 0.970058084
3171.142368224 0.202856749 -2.184576035 19.998588562 0.247469649 0.004265948 -0.040763881 0.968028367
3171.203893568 0.231011823 -2.372603416 20.257242203 0.247905537 0.003590642 -0.043697175 0.967791557
3171.267177344 0.248767108 -2.568056822 20.554967880 0.250156432 0.002565976 -0.049478211 0.966936946
3171.329954112 0.466370463 -3.335802555 20.078840256 0.179898545 0.069560476 -0.217693999 0.956769109
3171.391648512 0.378502607 -3.138159513 19.906679153 0.188226953 0.072139174 -0.212867454 0.956061721
3171.454126272 0.322896212 -3.383520842 20.449253082 0.191225424 0.077006422 -0.221079111 0.953219235
3171.518886944 0.186539620 -3.614888668 21.005989075 0.195312172 0.094842233 -0.230335101 0.948579907
3171.579052064 -1.119369030 -3.489719629 20.264360428 0.219379574 0.069806539 0.009887386 0.973088861
3171.641875136 -1.383029222 -3.223860502 19.748741150 0.219656348 0.075122774 0.019963089 0.972475767
3171.704714784 -1.326972485 -3.518197536 20.090793610 0.211289078 0.073508702 0.023256397 0.974377990
3171.767341536 -1.341612935 -3.832137346 20.363512039 0.201431602 0.083101936 0.018973645 0.975786567
3171.830594304 -1.308953762 -3.952730656 20.634418488 0.201699525 0.082823165 0.021067202 0.975711942
3171.891465120 -1.266142011 -4.026695728 20.911499023 0.203084484 0.083042197 0.016224490 0.975498557
3171.956302656 -1.215469837 -4.268830776 21.199338913 0.196263552 0.081589386 0.018477801 0.976976156
3172.017709472 -1.168177962 -4.492203236 21.493127823 0.192558214 0.081887498 0.017918214 0.977698684
3172.080002656 -1.133189321 -4.738835335 21.561052322 0.175743386 0.077416800 0.026799532 0.981021225
3172.144533792 -1.161754608 -4.898365974 21.636978149 0.173498183 0.078187630 0.029187325 0.981291592
3172.205506624 -1.070537567 -5.046998024 21.994569778 0.174096704 0.075825378 0.035678782 0.981156409
3172.267296032 -1.015474558 -5.171916485 22.363338470 0.179215953 0.079144865 0.037433665 0.979906321
3172.330368352 -1.047807097 -5.186967850 22.701633453 0.188105777 0.083456807 0.046631288 0.977484882
3172.392255136 -1.003748298 -5.318484783 22.868913651 0.185153320 0.082090579 0.047141407 0.978139579
3172.455611456 -0.955738306 -5.518360138 23.101413727 0.179052845 0.080863215 0.053375058 0.979056835
3172.518164928 -0.948635399 -5.707484245 23.437824249 0.176043674 0.087420888 0.049406555 0.979247272
3172.580999424 -0.893934846 -5.825156689 23.669776917 0.172000229 0.087447852 0.049443338 0.979961336
3172.642680448 -0.916620374 -5.851638317 23.893726349 0.170919374 0.095268376 0.050099641 0.979387820
3172.706886560 -0.789644182 -6.246790409 24.346508026 0.165997252 0.105962239 0.066845872 0.978135228
3172.776340128 -0.633633554 -6.612912178 24.723789215 0.169823453 0.113008648 0.087174654 0.975084424
3172.830465856 0.578343809 -7.064318180 24.270708084 0.112090342 -0.005336786 0.060903925 0.991815507
3172.894428544 0.486022890 -7.106959343 24.374290466 0.112172879 -0.004447605 0.068698816 0.991301119
3172.955210016 1.411568642 -7.333257198 24.649738312 0.097350903 -0.051023487 0.045255270 0.992910504
3173.018013024 2.374783516 -7.607328892 25.024423599 0.081400849 -0.106929809 0.029153595 0.990499854
3173.080624416 2.345923185 -7.709060192 25.031423569 0.082002327 -0.107165307 0.028219793 0.990451813
3173.143102592 2.317513466 -7.784491539 25.231870651 0.083799526 -0.109879956 0.028565899 0.989993930
3173.204798592 2.222664356 -7.765617371 25.640497208 0.092612065 -0.110904284 0.030863704 0.989025116
3173.267421504 2.201430559 -7.741805553 26.003768921 0.103492104 -0.123454779 0.037266627 0.986235023
3173.331249856 2.206928492 -7.706256866 26.347244263 0.117518470 -0.142203420 0.052425854 0.981437325
3173.392689248 2.127400875 -7.707535267 26.598747253 0.118572116 -0.142349109 0.051579367 0.981334269
3173.454912864 1.986159086 -7.816127300 26.888362885 0.119375899 -0.139885038 0.061928093 0.980992556
3173.518720544 1.841761231 -7.927875042 27.179748535 0.121423960 -0.136821032 0.068032429 0.980768979
3173.582029088 1.686505556 -8.052755356 27.465559006 0.119209841 -0.130484298 0.070058651 0.981760979
3173.642837664 1.558215141 -8.155179024 27.711154938 0.117411762 -0.125025243 0.071544878 0.982580543
3173.704968896 1.462278724 -8.252024651 27.977502823 0.124900378 -0.121298760 0.067893177 0.982383370
3173.767251136 1.404617548 -8.369328499 28.234445572 0.114566229 -0.122108378 0.070056841 0.983390152
3173.831423552 1.343687415 -8.410295486 28.509256363 0.127355084 -0.121042356 0.070287175 0.981931329
3173.894541792 1.285464644 -8.395935059 28.770631790 0.137855142 -0.121367149 0.070708387 0.980441868
3173.955906336 1.216956854 -8.524415970 29.051038742 0.142043218 -0.121092759 0.074691959 0.979582250
3174.017317248 1.164392829 -8.726840973 29.266736984 0.119043134 -0.119159140 0.068067595 0.983359873
3174.079917920 1.132748246 -8.776494026 29.503412247 0.140253872 -0.123687781 0.078127429 0.979247808
3174.141596896 1.051952004 -8.721773148 29.809890747 0.162703022 -0.122837178 0.072317712 0.976324201
3174.205270560 1.003160357 -8.803477287 30.046718597 0.142988756 -0.123058178 0.066700704 0.979776502
3174.267816480 0.653789759 -9.289674759 30.359083176 0.102527134 -0.070542641 0.093893997 0.987773180
3174.330471680 0.221257806 -9.994848251 31.250453949 0.063903891 -0.016362341 0.113029055 0.991399527
3174.390644352 -0.249299109 -10.338045120 32.346977234 0.030966002 0.036512624 0.136213616 0.989521980
3174.456239008 -0.226732835 -10.355018616 32.618816376 0.030945813 0.034332801 0.134766117 0.989798844
3174.518951552 -0.205384597 -10.379634857 32.878604889 0.027286045 0.031950116 0.132370472 0.990309417
3174.580353408 -0.170985237 -10.400675774 33.139965057 0.027169133 0.029264089 0.135686308 0.989946783
3174.640099104 -0.144007936 -10.415678024 33.358539581 0.038226616 0.031584293 0.140789911 0.988796949
3174.703782432 -0.121675238 -10.451180458 33.609779358 0.055541959 0.035770435 0.138313696 0.988182664
3174.768315840 -0.087063432 -10.454853058 33.857688904 0.036241576 0.028020093 0.140199959 0.989062905
3174.829291584 -0.067288145 -10.463279724 34.113739014 0.001009001 0.015867582 0.144447386 0.989384770
3174.889566240 -0.070752159 -10.457645416 34.374237061 -0.022067977 0.009130082 0.121284030 0.992330492
3174.953452480 -0.064639151 -10.459503174 34.630767822 -0.021117032 0.008851813 0.140177920 0.989861548
3175.018297920 -0.042738579 -10.462046623 34.865287781 -0.011315834 0.026134700 0.121641859 0.992165387
3175.078897120 -0.015364695 -10.453140259 35.123123169 -0.015505916 0.050969623 0.129234731 0.990181804
3175.139615136 0.025139891 -10.433705330 35.390869141 -0.033144806 0.075192101 0.131934300 0.987846613
3175.203018944 0.080233648 -10.407304764 35.664085388 -0.055664118 0.101633459 0.125908554 0.985250831
3175.283780224 0.203539550 -10.338169098 36.067035675 -0.058313157 0.128147781 0.134192288 0.980902731
3175.330401600 0.271366566 -10.280362129 36.145080566 -0.039414421 0.154777184 0.132722765 0.978199959
3175.394454528 0.353810489 -10.289381981 36.382938385 0.004949993 0.192741424 0.138980910 0.971344709
3175.458146528 0.533506632 -10.333014488 36.602138519 0.039434552 0.209849298 0.152330786 0.964988887
3175.523130336 1.061076403 -10.869399071 36.193809509 0.001810645 0.197890192 0.166289762 0.966014445
3175.585455296 1.216527820 -10.831136703 36.292934418 -0.021455683 0.192786798 0.159147784 0.968010783
3175.650768448 1.250370264 -10.752041817 36.558204651 -0.027589772 0.193959534 0.157430872 0.967901886
3175.714974304 1.299242735 -10.692649841 36.775524139 -0.022593835 0.194796279 0.140021011 0.970534921
3175.776640544 1.361160040 -10.682896614 36.894523621 -0.016444253 0.198842496 0.154270500 0.967673421
3175.839326144 1.449571729 -10.661478996 37.133640289 -0.038091674 0.198340237 0.132904425 0.970333219
3175.901042912 1.554199934 -10.651215553 37.345832825 -0.017903831 0.209946901 0.128540337 0.969060957
3175.963961568 1.657608509 -10.621355057 37.574691772 -0.034997702 0.220912084 0.137925476 0.964857280
3176.027098464 1.764735699 -10.596491814 37.794055939 -0.026386034 0.239527360 0.148321614 0.959130406
3176.088604256 1.860872507 -10.584948540 38.004390717 -0.015390255 0.239869326 0.137359723 0.960915267
3176.151625440 1.966045976 -10.564345360 38.218486786 -0.022004101 0.231502235 0.144354209 0.961813092
3176.215195936 2.069215298 -10.540211678 38.432872772 -0.028136969 0.225314096 0.155089214 0.961451590
3176.278325984 2.172364712 -10.505690575 38.659152985 -0.042670671 0.226376250 0.147666708 0.961835504
3176.339262112 2.276520967 -10.482298851 38.869033813 -0.046314616 0.234609410 0.156498283 0.958291054
3176.400992416 2.378360033 -10.453438759 39.071273804 -0.032377087 0.240783617 0.155086190 0.957561076
3176.464134368 2.478833675 -10.424131393 39.270259857 -0.047699943 0.245155513 0.150179431 0.956592739
3176.526690240 2.581114769 -10.398487091 39.451045990 -0.026095958 0.257508695 0.175635025 0.949821353
3176.588737504 2.702760220 -10.365761757 39.695091248 -0.038920540 0.260423779 0.155231237 0.952138603
3176.652585568 2.826582432 -10.341839790 39.895454407 -0.025787987 0.258967727 0.174819067 0.949583590
3176.714911392 2.932211161 -10.325539589 40.089477539 -0.016636144 0.255948365 0.155760214 0.953914225
3176.777603072 3.049494028 -10.284072876 40.295955658 -0.036213931 0.251124144 0.168565109 0.952476263
3176.839209504 3.151383638 -10.256620407 40.486232758 -0.043670189 0.246517003 0.157473952 0.955261350
3176.901484512 3.216895342 -10.252116203 40.602539062 -0.024052469 0.247045621 0.153857544 0.956408799
3176.964250240 3.332508326 -10.223077774 40.804130554 -0.026346449 0.246214047 0.158717230 0.955768466
3177.027112128 3.429198027 -10.194165230 41.016677856 -0.038378105 0.245945007 0.138084888 0.958629608
3177.089086688 3.540761709 -10.172541618 41.209560394 -0.019682772 0.250185609 0.146825388 0.956797779
3177.151802432 3.656671286 -10.143581390 41.414562225 -0.027044905 0.262011945 0.154996440 0.952152491
3177.214159104 3.767165661 -10.114964485 41.613101959 -0.034741256 0.278613359 0.136140242 0.950070262
3177.277096448 3.892933369 -10.081859589 41.770324707 -0.055099230 0.275932878 0.163712785 0.945528030
3177.340436832 4.022624493 -10.053943634 41.958000183 -0.041516937 0.271386504 0.182485506 0.944099963
3177.401178656 4.117248058 -10.025166512 42.157489777 -0.052448865 0.272048891 0.131212339 0.951851785
3177.464739648 4.242763042 -9.988317490 42.341453552 -0.031931009 0.279606193 0.152192399 0.947437763
3177.528713888 4.364127159 -9.964235306 42.539371490 -0.039968997 0.281465501 0.139220372 0.948576510
3177.589204032 4.484720230 -9.933970451 42.718029022 -0.032059502 0.282207012 0.151206031 0.946820021
3177.650917472 4.597991943 -9.895576477 42.926937103 -0.061878722 0.275836587 0.131494954 0.950154841
3177.714612256 4.709351540 -9.872851372 43.120220184 -0.041895330 0.276658088 0.131594062 0.950993240
3177.777164032 4.822890282 -9.831143379 43.315971375 -0.049665637 0.273272008 0.124141127 0.952598929
3177.839368128 4.935321331 -9.805528641 43.480243683 -0.053026538 0.280461073 0.127778009 0.949843407
3177.900838336 5.058251858 -9.775536537 43.648887634 -0.050204687 0.293461561 0.132883400 0.945358038
3177.964132160 5.188780785 -9.747347832 43.829570770 -0.056847014 0.306029618 0.133885592 0.940844774
3178.027099680 5.314648628 -9.706630707 44.053070068 -0.038605522 0.323708028 0.114447504 0.938415945
3178.089116256 5.457373142 -9.661626816 44.218318939 -0.050342683 0.328045160 0.150313064 0.931266844
3178.151117216 5.571112633 -9.627424240 44.358913422 -0.065652505 0.336621732 0.152729630 0.926849067
3178.215096064 5.699113846 -9.602800369 44.579799652 -0.053620782 0.341392875 0.136026904 0.928478539
3178.277305088 5.813769341 -9.566116333 44.694587708 -0.045056045 0.337855309 0.150536135 0.927988470
3178.339390464 5.924923897 -9.531434059 44.827877045 -0.045857232 0.342212290 0.140223458 0.927968323
3178.402844448 6.030644417 -9.523916245 44.917667389 -0.049086682 0.348183483 0.146731511 0.924569428
3178.464519680 6.118296623 -9.494469643 45.004154205 -0.049703877 0.355951101 0.157175630 0.919850111
3178.527831488 6.232447624 -9.477133751 45.111534119 -0.028765816 0.363425940 0.173212290 0.914927125
3178.589971328 6.335498810 -9.447886467 45.225860596 -0.048053417 0.378443450 0.163128272 0.909868419
3178.651594912 6.408374786 -9.401930809 45.342651367 -0.085534759 0.383791476 0.130031660 0.910208583
3178.714186560 6.559325695 -9.339952469 45.482063293 -0.059280146 0.373777002 0.137476534 0.915356100
3178.777393344 6.621471882 -9.327334404 45.550033569 -0.069764078 0.356434405 0.151312649 0.919343233
3178.838864768 6.675962448 -9.310105324 45.593536377 -0.064034484 0.358882844 0.171368867 0.915278852
3178.901291392 6.699181080 -9.297818184 45.638576508 -0.060409080 0.352775484 0.151520371 0.921380341
3178.964397472 6.732556820 -9.293158531 45.669540405 -0.066306949 0.345094889 0.174973875 0.919726610
3179.028284512 6.758644104 -9.289465904 45.695018768 -0.072942100 0.345238298 0.183782145 0.917449772
3179.089384608 6.770055294 -9.288602829 45.704406738 -0.073162518 0.346398562 0.187965244 0.916146457
3179.151249376 6.773337364 -9.287422180 45.713966370 -0.073071890 0.345212877 0.183593690 0.917486787
3179.214621248 6.775745392 -9.287808418 45.714424133 -0.072672255 0.345709562 0.183760226 0.917298138
3179.277599840 6.775430202 -9.286723137 45.712490082 -0.072037719 0.345549285 0.184801921 0.917199314
3179.339338464 6.771013260 -9.287577629 45.708374023 -0.072941348 0.345734417 0.184400678 0.917138875
3179.401390016 6.764800549 -9.288472176 45.700878143 -0.072798900 0.346666902 0.183813512 0.916916013
3179.464614688 6.756174564 -9.289320946 45.691658020 -0.071427897 0.347195297 0.182913318 0.917003930
3179.527888608 6.744577408 -9.290319443 45.681838989 -0.068642393 0.348901302 0.179073289 0.917326987
3179.589168832 6.728039742 -9.293517113 45.670391083 -0.063250773 0.349498272 0.170365095 0.919144213
