4188.613342912 0.000000000 0.000000000 0.000000000 0.000000000 0.000000000 0.000000000 1.000000000
4188.663901888 -0.000005924 0.001079147 0.000829054 -0.000224361 -0.000119559 -0.000116116 0.999999940
4188.701920288 0.000213357 0.000995850 0.000251589 -0.000008313 0.000130876 -0.000591986 0.999999821
4188.743037184 -0.000593183 -0.000246124 0.003950031 0.007144145 0.002853124 -0.004992479 0.999957919
4188.784282784 0.001544655 -0.000032352 0.018693775 0.004998999 0.006162788 -0.004404130 0.999958813
4188.829140192 0.005692346 -0.000530106 0.045978151 0.006703600 0.010255029 -0.004664852 0.999914050
4188.869201856 0.010542647 -0.005628300 0.079671934 0.001719454 0.010549379 -0.003665469 0.999936163
4188.908030464 0.022623040 -0.009441017 0.120947413 -0.017586043 0.006556056 0.012399116 0.999746978
4188.953268576 0.024756720 -0.011539050 0.169162825 -0.018096184 0.002199295 0.013815826 0.999738336
4189.001910464 0.015181155 -0.007450963 0.217609122 0.000356361 -0.003811372 -0.012352629 0.999916375
4189.040532576 0.015707858 -0.003985441 0.272513837 -0.002312268 -0.003999713 -0.003630574 0.999982715
4189.078716736 0.012827735 -0.007557318 0.334077179 -0.001704308 -0.002020616 -0.007167866 0.999970794
4189.123458208 0.010215986 -0.005826212 0.411611974 -0.011144711 -0.002282285 -0.003453141 0.999929309
4189.173198048 0.002700104 -0.001370649 0.502786994 -0.011125672 0.000272814 -0.013309024 0.999849498
4189.213891520 0.005838659 0.004887896 0.592700422 -0.013496010 -0.001151779 0.000114980 0.999908268
4189.253819136 0.002805658 0.009131011 0.686562777 -0.028006308 0.002886774 -0.013698694 0.999509692
4189.301744640 -0.032742206 0.040090386 0.775520921 -0.029369690 0.014226625 -0.033332359 0.998911381
4189.359049792 -0.023213090 0.034194160 0.914215803 -0.021546600 0.022207567 -0.027519811 0.999142230
4189.401231616 -0.011528008 0.033701368 1.009690762 -0.021454599 0.022379741 -0.011518656 0.999452889
4189.435963648 -0.015489703 0.040526964 1.104028106 -0.024720967 0.019444251 -0.025741337 0.999173760
4189.484725312 -0.043580018 0.035774238 1.232435346 -0.028278921 0.017434241 -0.048985828 0.998246849
4189.528126400 -0.039231658 0.044005394 1.348385692 -0.028128982 0.012042229 -0.044227786 0.998552740
4189.571419520 -0.027732164 0.032124780 1.451972365 -0.021687962 -0.000728057 -0.013976114 0.999666810
4189.610569408 -0.046702269 0.031227697 1.505664468 -0.036812030 -0.008285052 -0.019596569 0.999095678
4189.654017536 -0.055596959 0.048782520 1.611008763 -0.053165544 -0.016210247 -0.039437097 0.997675002
4189.698784640 -0.063590944 0.058829971 1.718295336 -0.030737620 -0.023821762 -0.048430916 0.998069227
4189.741277568 -0.057997219 0.059790067 1.821034312 -0.015971655 -0.028486695 -0.028740091 0.999053240
4189.777361632 -0.057370644 0.053457156 1.925640702 -0.022954797 -0.035731193 -0.010581280 0.999041736
4189.818732896 -0.060680747 0.045675382 2.028787136 -0.022701306 -0.042997207 -0.007962687 0.998785496
4189.868842368 -0.084351763 0.056864634 2.138270140 -0.008494508 -0.049364902 -0.045223683 0.997720242
4189.910130816 -0.091066241 0.075001813 2.248357058 -0.015405795 -0.051014312 -0.044162396 0.997602046
4189.948431872 -0.090192407 0.081889540 2.357049465 -0.034653038 -0.048848189 -0.023177728 0.997935772
4190.020288480 -0.087785877 0.073533542 2.513166428 -0.038239397 -0.044342414 -0.021104982 0.998061180
4190.061606048 -0.103562981 0.079490632 2.624069214 -0.042763323 -0.043546047 -0.035075314 0.997519314
4190.105452704 -0.115300983 0.092204541 2.739697456 -0.044677734 -0.043618374 -0.039117802 0.997281909
4190.139272576 -0.113490373 0.099443123 2.850606918 -0.043667525 -0.044277072 -0.016692009 0.997924864
4190.181529088 -0.124367192 0.105869561 2.966587305 -0.035825696 -0.041335057 -0.031236472 0.998014152
4190.229612000 -0.132967934 0.116661169 3.093165159 -0.045833774 -0.036512040 -0.014432350 0.998177290
4190.270218016 -0.145002082 0.125786334 3.205600262 -0.041302733 -0.034350775 -0.035591424 0.997921526
4190.337205120 -0.146723941 0.121256411 3.392671824 -0.035467409 -0.033223212 -0.007761383 0.998788297
4190.372465056 -0.159159362 0.137329102 3.507187843 -0.045449559 -0.032491013 -0.019307064 0.998251438
4190.420194336 -0.161224276 0.141722828 3.639000177 -0.038083594 -0.029308429 -0.005237899 0.998830974
4190.461078528 -0.167725056 0.143763989 3.759445906 -0.029402103 -0.026487822 -0.006349271 0.999196529
4190.499687872 -0.171735644 0.140955672 3.868911028 -0.032056961 -0.022833854 0.000644602 0.999224961
4190.543881184 -0.179328352 0.152344078 4.007255554 -0.032618295 -0.020094723 -0.009826809 0.999217510
4190.598854880 -0.182348937 0.170659602 4.159243107 -0.037224147 -0.016279822 -0.007804530 0.999143839
4190.637416672 -0.179747030 0.181142822 4.296392441 -0.060345881 -0.017167760 -0.005481272 0.998014808
4190.673293600 -0.182191178 0.190607384 4.419229507 -0.076104864 -0.020072866 -0.005606624 0.996881962
4190.719694784 -0.188698456 0.203757659 4.564451218 -0.078232177 -0.022960410 -0.008486385 0.996634603
4190.766232000 -0.196344703 0.209080428 4.706205845 -0.066388004 -0.022323836 -0.008562697 0.997507393
4190.807731072 -0.203156084 0.207161576 4.819620132 -0.032315392 -0.017615009 -0.010467644 0.999267697
4190.845523296 -0.200431153 0.196996048 4.934444904 0.001158302 -0.016029220 -0.010403096 0.999816775
4190.887840544 -0.231839672 0.215175465 5.072830677 0.032003678 -0.014464081 -0.011204874 0.999320269
4190.935539424 -0.239957944 0.209703505 5.221875668 0.043317333 -0.016035268 -0.013833004 0.998836875
4190.981272288 -0.239138767 0.193635777 5.367049217 0.043494832 -0.019701714 -0.005571824 0.998843849
4191.020106560 -0.247254238 0.182293430 5.497269154 0.034836434 -0.020015316 -0.012260958 0.999117315
4191.062033696 -0.255316317 0.172036543 5.641196728 0.023017820 -0.018841518 -0.015037309 0.999444366
4191.113630336 -0.263665318 0.174735159 5.799037933 0.013590343 -0.016651973 -0.014981489 0.999656737
4191.146201856 -0.269564956 0.169921979 5.931746483 0.005493120 -0.015589802 -0.017338669 0.999713063
4191.179723904 -0.275055557 0.164029568 6.046921253 0.002601625 -0.013967529 -0.014666312 0.999791503
4191.218226624 -0.278694481 0.160814792 6.166236401 -0.001921601 -0.014483587 -0.013504182 0.999802053
4191.250306720 -0.281246603 0.155127570 6.282577991 0.003743427 -0.014208603 -0.009048053 0.999851108
4191.286855008 -0.281931877 0.144560203 6.398935795 0.013399447 -0.012662658 -0.004484023 0.999819994
4191.321001760 -0.286730677 0.137384772 6.514394760 0.019088270 -0.008725579 -0.007426240 0.999752104
4191.352879584 -0.291601777 0.135564655 6.628091335 0.015994690 -0.005165977 -0.014083610 0.999759555
4191.385697440 -0.293808401 0.134978682 6.740508556 0.015481188 -0.003627695 -0.014626532 0.999766588
4191.419669920 -0.291265309 0.132807627 6.851421356 0.012279646 -0.005425570 -0.006787992 0.999886870
4191.451264192 -0.294867188 0.129505381 6.973122597 0.000431781 -0.007692116 -0.005877383 0.999953032
4191.491721376 -0.298455209 0.127852798 7.109765053 -0.014317580 -0.009688093 -0.010353141 0.999796987
4191.526703136 -0.308672220 0.131849140 7.230955124 -0.025611663 -0.012649735 -0.024557889 0.999290228
4191.568039584 -0.313838571 0.144311666 7.357401371 -0.041320372 -0.017642658 -0.026186714 0.998646915
4191.625674528 -0.319524467 0.167792127 7.599349976 -0.062390905 -0.023470435 -0.015520640 0.997655034
4191.657503712 -0.323514998 0.169029355 7.711215496 -0.061708979 -0.022898005 -0.014762685 0.997722268
4191.693632416 -0.334943473 0.175039783 7.832894325 -0.056470189 -0.019119088 -0.026978116 0.997856557
4191.762610336 -0.349674404 0.198874280 8.082913399 -0.030466005 -0.011139533 -0.023222974 0.999203920
4191.794863904 -0.351473778 0.206257194 8.197594643 -0.029711477 -0.011041017 -0.016836412 0.999355733
4191.829327392 -0.356825769 0.208144963 8.318678856 -0.025971467 -0.011367313 -0.017908406 0.999437630
4191.864382656 -0.362083793 0.210940108 8.453992844 -0.028162612 -0.012394355 -0.019633356 0.999333680
4191.899482400 -0.368916452 0.215800598 8.584517479 -0.030590925 -0.013799903 -0.022664171 0.999179721
4191.935173760 -0.374959379 0.222912520 8.718194962 -0.035350848 -0.014943665 -0.024853181 0.998954117
4191.972853184 -0.380563229 0.230747417 8.859417915 -0.037512675 -0.015832884 -0.024020001 0.998881996
4192.008280544 -0.383134753 0.237151086 8.991596222 -0.040120337 -0.015935358 -0.019765290 0.998872221
4192.040967552 -0.392373800 0.239087671 9.114751816 -0.034953382 -0.017330155 -0.025037613 0.998924911
4192.075242720 -0.401131570 0.242963567 9.242050171 -0.033444781 -0.017927332 -0.029813113 0.998834968
4192.111198528 -0.410407573 0.252414256 9.370885849 -0.031395819 -0.018936861 -0.032642860 0.998794377
4192.146451968 -0.414287180 0.262039572 9.508534431 -0.024758738 -0.020541219 -0.025857542 0.999147892
4192.180973792 -0.424157143 0.268514037 9.648041725 -0.032499820 -0.021072242 -0.027402516 0.998873770
4192.212937760 -0.434183776 0.276971281 9.790365219 -0.045131955 -0.021712078 -0.031099899 0.998260736
4192.246564576 -0.440872550 0.284981400 9.918719292 -0.046380717 -0.020213261 -0.032433487 0.998192549
4192.287552320 -0.453311294 0.299727827 10.080636024 -0.053236619 -0.018229233 -0.038140677 0.997686744
4192.321924224 -0.459050208 0.307839692 10.225105286 -0.056568522 -0.018388003 -0.034781765 0.997623265
4192.359014752 -0.464841664 0.312446237 10.366479874 -0.039894719 -0.021102095 -0.029308122 0.998551011
4192.390805632 -0.475048184 0.320431322 10.508186340 -0.040545624 -0.023621647 -0.033448622 0.998338223
4192.423806272 -0.486460119 0.332763314 10.644948006 -0.038818546 -0.023802668 -0.040740073 0.998131633
4192.459204608 -0.492362976 0.340173453 10.789406776 -0.033732977 -0.021484945 -0.034207273 0.998614192
4192.500746560 -0.502570748 0.348840058 10.958379745 -0.039315809 -0.017667456 -0.036306098 0.998410761
4192.537934112 -0.512161911 0.356352985 11.117835045 -0.041302618 -0.014558667 -0.041819032 0.998164952
4192.572278592 -0.517811060 0.361831218 11.264094353 -0.033613592 -0.012912057 -0.035252169 0.998729527
4192.633398976 -0.531471252 0.373562157 11.519803047 -0.032167803 -0.015158489 -0.037345193 0.998669505
4192.665046240 -0.535535395 0.376249343 11.651573181 -0.026860364 -0.016720504 -0.034649514 0.998898566
4192.702799648 -0.544122159 0.383232564 11.811096191 -0.030585714 -0.016666362 -0.035802819 0.998751640
4192.740792640 -0.553866982 0.387765706 11.975335121 -0.028795421 -0.016340606 -0.035941526 0.998805285
4192.805004128 -0.564130306 0.397921950 12.252857208 -0.032973658 -0.016708627 -0.029615762 0.998877585
4192.836726336 -0.576595008 0.403854400 12.390749931 -0.024975931 -0.014595153 -0.035694506 0.998943985
4192.881477184 -0.585892200 0.408406019 12.585412979 -0.029911943 -0.012484313 -0.032770760 0.998937190
4192.920045728 -0.593631327 0.409301341 12.749861717 -0.024193328 -0.012566230 -0.031025792 0.999146700
4192.985677600 -0.606846452 0.420816422 13.039275169 -0.025577940 -0.011827743 -0.029630840 0.999163568
4193.017751968 -0.613361239 0.421923727 13.178085327 -0.023426082 -0.011183809 -0.028401745 0.999259472
4193.054200832 -0.612155497 0.407654703 13.339335442 -0.029284235 -0.011419949 -0.025064090 0.999191582
4193.087985440 -0.616688728 0.410930932 13.485570908 -0.027574556 -0.011038568 -0.024915855 0.999248207
4193.125843264 -0.626252115 0.417118967 13.654088974 -0.023867831 -0.007274679 -0.025830302 0.999354899
4193.165319392 -0.630050838 0.417999029 13.827018738 -0.028693954 -0.006607045 -0.023917085 0.999280274
4193.203504896 -0.628430843 0.417023838 14.024500847 -0.023017013 -0.007180673 -0.018417519 0.999539614
4193.237660064 -0.635750473 0.422905356 14.181298256 -0.024080304 -0.006289489 -0.019263916 0.999504626
4193.274363648 -0.648715913 0.420733213 14.342456818 -0.022381717 -0.004673683 -0.018750250 0.999562740
4193.310539264 -0.654202700 0.422517091 14.502000809 -0.020064637 -0.005652378 -0.017342582 0.999632239
4193.346170016 -0.660230219 0.422335207 14.656967163 -0.018258182 -0.006340577 -0.019228224 0.999628305
4193.380062944 -0.662268519 0.430427104 14.811593056 -0.017017171 -0.007863649 -0.019432642 0.999635398
4193.419158560 -0.666425586 0.431922436 14.989889145 -0.017940601 -0.010046902 -0.017225696 0.999640167
4193.461666048 -0.671897471 0.436329991 15.180205345 -0.019863000 -0.012324275 -0.018065294 0.999563515
4193.508732448 -0.688363612 0.436132312 15.373886108 -0.018970512 -0.013223718 -0.014935430 0.999621034
4193.545858400 -0.701454401 0.457311094 15.548278809 -0.019009279 -0.013589637 -0.015321356 0.999609530
4193.585848256 -0.680035889 0.486859888 15.717574120 -0.005681834 -0.024632880 -0.012446550 0.999602914
4193.622915360 -0.651088297 0.501370668 15.673721313 -0.013194671 -0.029952150 -0.018726869 0.999288797
4193.688146528 -0.596430480 0.531361222 15.778035164 -0.010869388 -0.037399348 -0.007289298 0.999214709
4193.720670112 -0.604538202 0.526116848 15.925299644 -0.011533352 -0.038234413 -0.001698686 0.999200821
4193.757225792 -0.620687723 0.500400424 16.082803726 -0.011717021 -0.036682960 -0.000417055 0.999258161
4193.790075584 -0.616340518 0.577814639 16.176534653 -0.012374397 -0.035013773 -0.002863263 0.999306083
4193.828928608 -0.725955129 0.441441059 16.616188049 -0.014488437 -0.032207500 -0.016957972 0.999232292
4193.860506272 -0.766793668 0.341519713 17.039136887 -0.019903326 -0.034966469 -0.003236815 0.999185026
4193.900891328 -0.734334350 0.349999219 17.413879395 -0.016417207 -0.040200148 0.032780260 0.998518825
4193.936042496 -0.650136113 0.346365064 17.399370193 -0.014811180 -0.049102850 0.027923001 0.998293519
4193.969648960 -0.675449908 0.285686255 17.648704529 -0.015573793 -0.051051587 0.017838551 0.998415232
4194.004472704 -0.714682758 0.223846659 17.912111282 -0.016345302 -0.050630856 0.006282900 0.998563886
4194.039414240 -0.782736480 0.105561152 18.081987381 -0.026121261 -0.044771124 -0.002488707 0.998652637
4194.077338592 -0.752610207 0.126213104 18.165452957 -0.030984528 -0.047195833 0.000556097 0.998404860
4194.118334496 -0.830712497 0.037038282 18.491176605 -0.033096787 -0.044566553 0.000887401 0.998457670
4194.150084416 -0.862160325 0.026081473 18.835960388 -0.032283317 -0.047576703 -0.004911683 0.998333693
4194.187422368 -0.848493934 0.040043496 19.164848328 -0.031927746 -0.053698041 -0.011806087 0.997976840
4194.250327456 -0.847098351 0.024964593 19.292636871 -0.033569895 -0.058865685 -0.007126201 0.997675836
4194.283515840 -0.830419660 -0.210874140 19.618829727 -0.040244352 -0.059672963 -0.004702415 0.997395337
4194.315116256 -0.832611978 -0.478821456 19.845567703 -0.048848689 -0.057830095 0.003210538 0.997125447
4194.351541312 -0.884250760 -0.734950900 20.079553604 -0.053759255 -0.050919406 0.012546189 0.997175872
4194.388808576 -1.045038342 -0.807544410 19.941921234 -0.060877442 -0.042399343 -0.002835805 0.997240245
4194.428115648 -1.207802892 -0.760190487 20.127315521 -0.058354560 -0.028460776 0.000171682 0.997890174
4194.459452224 -1.351418614 -0.713900387 20.278120041 -0.054214649 -0.013993679 -0.007277867 0.998404741
4194.498388896 -1.356924176 -0.708946764 20.273338318 -0.053057645 -0.006446856 -0.021182165 0.998345971
4194.537585600 -0.990320802 -0.310790420 19.935058594 -0.029276630 -0.037383791 -0.022074977 0.998628080
4194.569883840 -1.097961664 -0.283504158 20.248538971 -0.020384487 -0.027525621 -0.005922386 0.999395669
4194.602679232 -1.185324311 -0.268743634 20.523271561 -0.008969495 -0.023338338 -0.000745584 0.999687076
4194.641109696 -1.925197840 -0.281978965 20.848829269 0.000621421 0.047717292 0.029338045 0.998429716
4194.681981216 -2.049955606 -0.191964984 20.630670547 -0.002801678 0.051104531 0.007713812 0.998659611
4194.716621344 -2.252843618 -0.265645564 20.779590607 -0.003870307 0.062292524 0.012208749 0.997975767
4194.749563424 -2.466307878 -0.398653686 20.903888702 -0.012308394 0.074914359 0.014353272 0.997010708
4194.784929120 -2.699078321 -0.542475700 21.060520172 -0.021184605 0.087621883 0.020667465 0.995714068
4194.822853984 -3.103798389 -0.651183307 20.639959335 -0.033353366 0.102238052 0.003298079 0.994195163
4194.861240864 -3.204365969 -0.705097437 21.172845840 -0.041894525 0.118854284 0.009802853 0.991979003
4194.893514752 -3.157948494 -0.637041271 21.782787323 -0.031324007 0.122714154 0.019295275 0.991759896
4194.955014080 -4.374805450 -4.872872353 23.993745804 -0.478371352 0.171587214 -0.143231407 0.849236965
4194.987447616 -5.552261829 -5.390272141 24.576313019 -0.546203315 0.200983018 -0.200798199 0.788002491
4195.021771616 -6.356760502 -5.210608959 25.459119797 -0.609208941 0.232555315 -0.247218311 0.716704667
4195.055729504 -6.109536648 -4.791183472 26.714178085 -0.656036317 0.273293614 -0.253599018 0.656212151
4195.090386016 -2.371432304 -6.796065331 26.069540024 -0.652205527 0.044331979 -0.020237535 0.756474137
4195.122126272 1.556864738 -6.596673012 25.364624023 -0.585798860 -0.178002089 0.174313992 0.771213055
4195.156728224 1.977962375 -5.682166576 25.423433304 -0.558169544 -0.237129703 0.219250426 0.764294147
4195.189298560 2.209934235 -4.901792049 25.491395950 -0.534273207 -0.271070838 0.246959090 0.761632442
4195.221228096 2.324021339 -4.772240639 25.385145187 -0.524232209 -0.281913579 0.226307079 0.771032035
4195.253437504 2.280532598 -4.697404861 25.385416031 -0.521241009 -0.283392996 0.223083556 0.773453295
4195.285733568 2.174982071 -4.584789276 25.441061020 -0.520060241 -0.282098770 0.224000648 0.774455547
4195.318652224 1.544541597 -4.521456718 25.724750519 -0.545187593 -0.213500455 0.218544483 0.780657649
4195.357657024 2.542705059 -4.644425392 24.917661667 -0.485853642 -0.258958131 0.281092674 0.786049545
4195.394031936 2.493046045 -4.528831482 24.894235611 -0.470901579 -0.265273601 0.272138208 0.796129644
4195.427821536 2.373856783 -4.317120075 25.021892548 -0.466642529 -0.263063729 0.268836319 0.800480604
4195.462345152 2.284823179 -4.049354553 25.174974442 -0.461408824 -0.265434355 0.273356110 0.801200926
4195.494524224 2.782439470 -4.092991352 24.858888626 -0.424109399 -0.294891477 0.332803458 0.788930953
4195.534915072 3.523938894 -4.234738827 24.350507736 -0.373072743 -0.333350301 0.390901357 0.772586882
4195.577726592 4.384590149 -4.187056065 23.836828232 -0.316078991 -0.373747349 0.445727289 0.749489307
4195.609837504 5.344364166 -4.174949169 23.181173325 -0.297730237 -0.378915697 0.470283896 0.739332557
4195.644518624 6.397535324 -4.038742542 22.484945297 -0.275022954 -0.390711963 0.496916145 0.724417567
4195.684890368 7.574082851 -3.770655870 21.690069199 -0.246605381 -0.404538810 0.527081549 0.705492139
4195.733007872 7.651443005 -3.761494398 21.638338089 -0.248553723 -0.411767423 0.520748794 0.705329299
4195.764873312 7.673592091 -3.758648634 21.617738724 -0.248139903 -0.413858473 0.517069101 0.706956387
4195.801551456 7.668781281 -3.758445501 21.639844894 -0.251406521 -0.416066706 0.515395105 0.705727339
4195.843889408 7.539369106 -3.759881973 21.733694077 -0.250476569 -0.418853104 0.516665280 0.703477502
4195.894125152 7.356063366 -3.783762693 21.851112366 -0.247112766 -0.421187013 0.514153004 0.705112398
4195.934957376 7.203496456 -3.804088593 21.952049255 -0.245533869 -0.421439856 0.513536751 0.705961466
4195.978923296 7.041479588 -3.825153589 22.054447174 -0.247084677 -0.424259067 0.512239337 0.704673111
4196.019469632 6.882953644 -3.847331762 22.157093048 -0.243472040 -0.423160762 0.512114286 0.706679046
4196.081928512 6.651870728 -3.879985094 22.311119080 -0.238252878 -0.422143221 0.512123048 0.709056139
4196.142870464 6.427276611 -3.910114288 22.461978912 -0.231915355 -0.419848353 0.515324295 0.710199594
4196.176873024 6.308336258 -3.928629398 22.542093277 -0.227715150 -0.417494833 0.516101241 0.712378681
4196.227395936 6.116637707 -3.960648298 22.674346924 -0.223798126 -0.418855816 0.512337565 0.715530813
4196.267358560 5.968562126 -3.988237858 22.774724960 -0.220578343 -0.420333475 0.510451555 0.717010617
4196.314560576 5.799407482 -4.014584541 22.890401840 -0.219246492 -0.420594752 0.514000237 0.714727044
4196.354533728 5.652805328 -4.042715073 22.991525650 -0.220144361 -0.425416917 0.507049143 0.716559947
4196.392006944 5.503876209 -4.065340519 23.082126617 -0.229180127 -0.434755623 0.499015629 0.713755906
4196.438534400 5.313088417 -4.089215279 23.180822372 -0.246502101 -0.452019215 0.483782440 0.707721591
4196.484748576 5.147309303 -4.113348484 23.286184311 -0.254031777 -0.452702284 0.487814844 0.701829910
4196.537172608 4.987516403 -4.143198490 23.413005829 -0.225812703 -0.426737428 0.520097554 0.704558253
4196.576724736 4.841404915 -4.171382904 23.501636505 -0.204875872 -0.417976409 0.520162344 0.716067612
4196.617568896 4.683921337 -4.202891827 23.590421677 -0.206737623 -0.424115539 0.508862317 0.720031023
4196.665185952 4.518987656 -4.209869385 23.714504242 -0.257590115 -0.426750243 0.541219413 0.677209795
4196.706908992 4.369856358 -4.233933449 23.819751740 -0.261309624 -0.417644769 0.531060874 0.689394236
4196.746770208 4.220218658 -4.271287441 23.904064178 -0.256675035 -0.425240457 0.484797537 0.719902635
4196.791872480 4.061303616 -4.287428856 24.001251221 -0.266430944 -0.420716375 0.487870991 0.716933846
4196.843142592 3.905797958 -4.295049667 24.110662460 -0.267378062 -0.409737587 0.520765305 0.699590981
4196.884246688 3.789368868 -4.322747231 24.181200027 -0.230615586 -0.408113331 0.513831496 0.718496442
4196.918555360 3.667829037 -4.338574409 24.261432648 -0.224730507 -0.410581350 0.521211922 0.713622689
4196.961735840 3.526813745 -4.360198975 24.361324310 -0.228907630 -0.408030123 0.530411959 0.706948280
4197.008731104 3.393289089 -4.390620232 24.456321716 -0.229306012 -0.409297287 0.522401392 0.712033212
4197.050565408 3.248899460 -4.417165756 24.553211212 -0.242115706 -0.405454546 0.531410694 0.703270435
4197.091326208 3.113042593 -4.435351849 24.647672653 -0.247425333 -0.407533646 0.529935241 0.701331377
4197.134320480 2.974747419 -4.455988407 24.739587784 -0.247560889 -0.409430623 0.527118146 0.702300966
4197.179045472 2.823168755 -4.462167740 24.887285233 -0.243470490 -0.410329282 0.529589117 0.701346815
4197.220756480 2.705097198 -4.480312347 24.991382599 -0.239475459 -0.411292613 0.531292915 0.700869262
4197.263374944 2.547035217 -4.492059231 25.121799469 -0.242232502 -0.415797621 0.527345181 0.700244844
4197.308090752 2.364698172 -4.512003899 25.243310928 -0.249899939 -0.419575959 0.522993624 0.698558271
4197.358097120 2.212712526 -4.534832478 25.344192505 -0.251439005 -0.420995086 0.521673143 0.698139429
4197.399890112 2.081514120 -4.556616783 25.432170868 -0.250597864 -0.423972189 0.517788947 0.699530423
4197.440478048 1.944573641 -4.571248531 25.515522003 -0.254296243 -0.423751801 0.521210015 0.695778728
4197.486388256 1.805281878 -4.592145920 25.590208054 -0.251250714 -0.424778938 0.518617928 0.698191464
4197.534792064 1.649181366 -4.612180710 25.691970825 -0.259839296 -0.426916659 0.519145250 0.693335414
4197.577276832 1.519255638 -4.627915382 25.780778885 -0.256778747 -0.417499006 0.528992534 0.692767024
4197.616370176 1.388351917 -4.648661137 25.866649628 -0.256757736 -0.414146304 0.528915226 0.694843173
4197.662027648 1.250037193 -4.658421040 25.961002350 -0.261612952 -0.402936369 0.539012134 0.691857517
4197.711711200 1.096839070 -4.675101757 26.076044083 -0.261528432 -0.393660784 0.548897564 0.689453065
4197.755240640 0.960469127 -4.656897068 26.194423676 -0.278493375 -0.390017122 0.562544763 0.673699856
4197.793884480 0.838403642 -4.672894478 26.267562866 -0.272274226 -0.394608766 0.550203979 0.683685780
4197.838688416 0.696916461 -4.684134483 26.362939835 -0.284474283 -0.402229428 0.549105406 0.675106704
4197.885550784 0.593174815 -4.693113804 26.448045731 -0.274775714 -0.395048052 0.563128591 0.671804607
4197.930445760 0.396163583 -4.715879440 26.574872971 -0.266989559 -0.399047524 0.560835183 0.674493551
4197.970102080 0.282588094 -4.738090515 26.629959106 -0.252608836 -0.400467485 0.556327283 0.682872295
4198.011874816 0.155977041 -4.742525578 26.733518600 -0.259481668 -0.399101704 0.561844230 0.676548719
4198.059424032 0.026070088 -4.762014389 26.831865311 -0.250793129 -0.394446552 0.565530419 0.679477751
4198.102332736 -0.094249547 -4.786370277 26.914682388 -0.245212957 -0.397439301 0.563929200 0.681099415
4198.139302240 -0.230129659 -4.808395863 26.997230530 -0.253605932 -0.409842163 0.558245063 0.675333917
4198.180656224 -0.351763278 -4.813940048 27.066967010 -0.248699650 -0.417142719 0.560061634 0.671171665
4198.228420160 -0.486171335 -4.855068207 27.151721954 -0.247434169 -0.433927000 0.549535573 0.669697225
4198.269082560 -0.614574075 -4.887488365 27.237699509 -0.245311499 -0.445195943 0.543598413 0.667924821
4198.341223200 -0.831624985 -4.924456120 27.365375519 -0.235421479 -0.446173668 0.548267603 0.667014539
4198.378028672 -0.946776867 -4.951386452 27.420345306 -0.233858079 -0.454424441 0.528647542 0.677746713
4198.428227552 -1.135661602 -4.972734451 27.524604797 -0.241728231 -0.448624253 0.543179572 0.667277813
4198.469516864 -1.260599732 -5.002878189 27.598033905 -0.239621162 -0.452894092 0.539876461 0.667833805
4198.508674304 -1.383710861 -5.033093452 27.667671204 -0.241907462 -0.461714715 0.531899750 0.667370200
4198.551762208 -1.509790421 -5.065717220 27.731473923 -0.225311041 -0.461806327 0.526663423 0.677196741
4198.595702368 -1.636752248 -5.081279278 27.814767838 -0.238225564 -0.455384046 0.555554569 0.653630614
4198.639676416 -1.792905092 -5.123642445 27.892656326 -0.232034683 -0.466573656 0.535557151 0.664565563
4198.683439296 -1.934134722 -5.152656078 27.971542358 -0.224102825 -0.463432819 0.537950277 0.667545855
4198.730144736 -2.065490961 -5.192790508 28.045513153 -0.224333733 -0.465554327 0.535971403 0.667583883
4198.777524544 -2.189387083 -5.220910072 28.132247925 -0.222831726 -0.457586080 0.553044379 0.659623265
4198.821457696 -2.337841272 -5.253348827 28.208265305 -0.222331911 -0.461403400 0.546441555 0.662628889
4198.859077408 -2.470719099 -5.290569305 28.266954422 -0.223048344 -0.465467691 0.534927368 0.668910980
4198.905721600 -2.611850977 -5.344835758 28.348190308 -0.223567992 -0.462035865 0.536838770 0.669585168
4198.984615648 -2.824116468 -5.419047832 28.459182739 -0.224470973 -0.459746659 0.539709687 0.668550134
4199.025557344 -2.933782339 -5.446966648 28.524078369 -0.217962548 -0.460817635 0.537179112 0.671995580
4199.065453696 -3.054834366 -5.479066849 28.599927902 -0.221500918 -0.455948114 0.548986316 0.664577007
4199.113993824 -3.198930740 -5.517236710 28.680753708 -0.216540396 -0.455268621 0.548171520 0.667344511
4199.158864480 -3.347248793 -5.556992531 28.755125046 -0.225020349 -0.467016667 0.533642173 0.668197036
4199.202593056 -3.461997509 -5.589682102 28.831333160 -0.220225364 -0.460468978 0.537173212 0.671501338
4199.239110208 -3.572554111 -5.615657806 28.905048370 -0.227113098 -0.461354524 0.544036806 0.663020074
4199.281708384 -3.703071117 -5.649065018 28.975255966 -0.226035759 -0.466213733 0.536457717 0.666157424
4199.323767040 -3.817458153 -5.680371284 29.038181305 -0.207419634 -0.458948314 0.540781438 0.673720300
4199.366346624 -3.935580730 -5.700896740 29.113821030 -0.223762065 -0.461549968 0.548213303 0.660578728
4199.403345312 -4.050425529 -5.735976219 29.179779053 -0.217552811 -0.459888250 0.545536757 0.666005433
4199.451574272 -4.200634003 -5.777731895 29.273805618 -0.207421586 -0.456208289 0.542506933 0.674193203
4199.502701728 -4.359941959 -5.822867393 29.359516144 -0.218652114 -0.463819593 0.536345422 0.670370221
4199.547870240 -4.507380486 -5.860829830 29.449354172 -0.213128105 -0.458223909 0.543350041 0.670356691
4199.618268864 -4.742963314 -5.925111771 29.601760864 -0.211879343 -0.464580059 0.532589853 0.674996674
4199.659380384 -4.880064011 -5.967355728 29.683971405 -0.209562004 -0.462421507 0.536988258 0.673716426
4199.700498944 -5.027327061 -6.000396252 29.763978958 -0.214556038 -0.468996346 0.529795408 0.673294067
4199.764276640 -5.222436905 -6.058559418 29.890180588 -0.208772972 -0.460536182 0.535914242 0.676103652
4199.803949152 -5.348309040 -6.094742298 29.962772369 -0.212234676 -0.464804590 0.529743791 0.676967323
4199.847419648 -5.474764824 -6.125461578 30.038520813 -0.218596160 -0.461661190 0.534722567 0.673169017
4199.884353408 -5.588329792 -6.158933640 30.104497910 -0.221154585 -0.458044082 0.534827709 0.674718916
4199.919180960 -5.691697121 -6.187671661 30.161479950 -0.227724940 -0.460209906 0.527653217 0.676705480
4199.959679232 -5.829536438 -6.218057156 30.252943039 -0.222422808 -0.450243235 0.530878007 0.682625532
4200.009784000 -5.984713078 -6.249632835 30.343893051 -0.233029127 -0.444818318 0.536796451 0.677999794
4200.041819264 -6.082372189 -6.276615620 30.395187378 -0.233852550 -0.440346181 0.535841107 0.681382775
4200.081913376 -6.215830803 -6.300942421 30.477931976 -0.234129399 -0.436667979 0.533875704 0.685187042
4200.132579008 -6.369130135 -6.321049690 30.573869705 -0.240571931 -0.440999866 0.527792513 0.684893668
4200.174059744 -6.507837296 -6.351464272 30.652292252 -0.241596311 -0.443857402 0.528278589 0.682307601
4200.210151936 -6.619700432 -6.364497662 30.732721329 -0.236961871 -0.445595562 0.528818011 0.682381928
4200.241639392 -6.720675945 -6.379895687 30.794700623 -0.234165058 -0.446664304 0.532990694 0.679395735
4200.288806816 -6.842241764 -6.407586575 30.865222931 -0.229866728 -0.455662012 0.524387300 0.681580007
4200.332892032 -7.022015572 -6.445003510 30.981769562 -0.228742152 -0.457003742 0.524708390 0.680812478
4200.370840640 -7.149242401 -6.479929924 31.059284210 -0.235868230 -0.460657656 0.518459857 0.680705547
4200.404128896 -7.267137527 -6.494215012 31.127613068 -0.234084889 -0.453669339 0.523211956 0.682376504
4200.442681216 -7.383852959 -6.517820358 31.201499939 -0.239592895 -0.454126269 0.522911727 0.680388033
4200.494319104 -7.557184696 -6.556940079 31.298463821 -0.239577979 -0.454517514 0.523035884 0.680036545
4200.552584576 -7.733116150 -6.597683907 31.393402100 -0.228543863 -0.460006237 0.523718119 0.679618478
4200.584163456 -7.828013420 -6.624627113 31.453817368 -0.228660569 -0.463654488 0.531204283 0.671238303
4200.628233952 -7.962149143 -6.660993576 31.526344299 -0.216414675 -0.470410079 0.529044211 0.672302902
4200.675014752 -8.109312057 -6.700123787 31.600646973 -0.218481287 -0.477645069 0.524196982 0.670327306
4200.712120384 -8.227056503 -6.733373642 31.662839890 -0.218369663 -0.479162544 0.523554921 0.669782221
4200.776188864 -8.429927826 -6.784908295 31.775684357 -0.219099522 -0.480687320 0.523930132 0.668155909
4200.820880832 -8.573332787 -6.838497639 31.869606018 -0.219656169 -0.485214680 0.518627822 0.668837130
4200.862673024 -8.719740868 -6.876144886 31.933389664 -0.210926250 -0.478636235 0.528058708 0.669007778
4200.894928704 -8.856877327 -6.939546108 32.012321472 -0.206687525 -0.475290328 0.531486630 0.670000970
4200.932430976 -8.970532417 -6.976638317 32.067378998 -0.211444110 -0.479945511 0.530266881 0.666153729
4200.981591744 -9.105466843 -7.013825893 32.113765717 -0.204796925 -0.474341869 0.534939229 0.668504357
4201.038851744 -9.278182983 -7.087402821 32.290576935 -0.212188497 -0.479579508 0.528996825 0.667189538
4201.074213472 -9.388564110 -7.131781101 32.386322021 -0.223808810 -0.482459992 0.530567646 0.660030305
4201.110081280 -9.551096916 -7.159401417 32.425308228 -0.220306367 -0.486684799 0.520743728 0.665904582
4201.152881472 -9.705093384 -7.198033810 32.503463745 -0.221939445 -0.486936569 0.525158048 0.661698341
4201.228497600 -9.977677345 -7.282706261 32.653656006 -0.226876423 -0.491154015 0.520827174 0.660328627
4201.261131168 -10.082436562 -7.311796665 32.701869965 -0.221630156 -0.490385801 0.520239949 0.663138211
4201.302841376 -10.206059456 -7.348136425 32.770744324 -0.232310519 -0.497262299 0.519236207 0.655099869
4201.345349344 -10.374512672 -7.379700661 32.824844360 -0.226455152 -0.491922617 0.523132503 0.658074915
4201.390584000 -10.538348198 -7.435276031 32.923919678 -0.230009496 -0.495406121 0.515731215 0.660067916
4201.424844320 -10.653390884 -7.462554932 32.982635498 -0.234033540 -0.495657176 0.515834570 0.658382058
4201.458649568 -10.766922951 -7.485407352 33.036571503 -0.234719709 -0.492356032 0.521636486 0.656039298
4201.509933376 -10.888252258 -7.534963131 33.084274292 -0.238548502 -0.498724520 0.513796210 0.656035006
4201.553924864 -11.044140816 -7.562685490 33.167015076 -0.239893824 -0.496081829 0.518744051 0.653650105
4201.592201792 -11.146546364 -7.592173576 33.232772827 -0.240029678 -0.498033345 0.513946533 0.655902088
4201.630156832 -11.228742599 -7.613292217 33.274364471 -0.245294571 -0.498401910 0.514145136 0.653514206
4201.672719872 -11.314215660 -7.638479710 33.314929962 -0.242370397 -0.494397610 0.514328301 0.657490671
4201.719395616 -11.400622368 -7.664409161 33.358829498 -0.244079471 -0.491938621 0.516545951 0.656964183
4201.759489088 -11.480245590 -7.679048061 33.398372650 -0.243933514 -0.495021194 0.512225807 0.658084512
4201.791545600 -11.526890755 -7.691033840 33.422801971 -0.241311789 -0.491139024 0.518511295 0.657036602
4201.834622240 -11.587208748 -7.706961155 33.448894501 -0.242568463 -0.493938714 0.514778495 0.657410204
4201.890273120 -11.660356522 -7.727609634 33.479507446 -0.240214556 -0.491300762 0.519881606 0.656234503
4201.922467200 -11.699240685 -7.739360332 33.499244690 -0.240660340 -0.491282821 0.521905422 0.654475689
4201.959051104 -11.737067223 -7.750280857 33.515857697 -0.239366159 -0.493418336 0.518590033 0.655977607
4202.002640384 -11.778151512 -7.762132168 33.534053802 -0.237734526 -0.491682559 0.521253705 0.655763030
4202.050743328 -11.819949150 -7.774550915 33.557739258 -0.237599522 -0.492313176 0.520592988 0.655863643
4202.084584512 -11.845296860 -7.780354023 33.571113586 -0.237566024 -0.491340280 0.523596764 0.654212117
4202.122436736 -11.869844437 -7.789150238 33.582794189 -0.237674996 -0.494082510 0.520954072 0.654217005
4202.160578560 -11.895733833 -7.797165871 33.594020844 -0.236366630 -0.493210077 0.523005366 0.653712511
4202.206845696 -11.926571846 -7.806808472 33.613368988 -0.236609891 -0.494315445 0.520571470 0.654731572
4202.242866560 -11.943028450 -7.812161446 33.621906281 -0.235189423 -0.493485540 0.520874858 0.655627429
4202.282704896 -11.961180687 -7.818484306 33.630031586 -0.233122051 -0.493162662 0.520266354 0.657090306
4202.329773696 -11.988169670 -7.824283123 33.641910553 -0.233423620 -0.493813246 0.521577537 0.655453026
4202.380045216 -12.011672974 -7.831227303 33.651706696 -0.232835382 -0.494569153 0.521649837 0.655034661
4202.413654912 -12.033458710 -7.838262081 33.666187286 -0.232755437 -0.493943274 0.523321331 0.654201627
4202.449935552 -12.048377037 -7.842524529 33.672401428 -0.231962427 -0.494002640 0.523919761 0.653959394
4202.507431168 -12.073751450 -7.851524830 33.686283112 -0.230866030 -0.493465573 0.524489880 0.654295743
4202.561500960 -12.097493172 -7.856581211 33.697074890 -0.230660379 -0.494329154 0.523254871 0.654705107
4202.596633056 -12.115725517 -7.861944675 33.710113525 -0.230786309 -0.495342821 0.523026288 0.654076993
4202.633385088 -12.130494118 -7.864653587 33.717250824 -0.230382979 -0.496588320 0.522387564 0.653785169
4202.704306368 -12.157806396 -7.869570732 33.731193542 -0.230020687 -0.496434897 0.523947954 0.652779698
4202.745332704 -12.174637794 -7.873302460 33.738971710 -0.230242774 -0.496766686 0.524660289 0.651876271
4202.780583648 -12.191979408 -7.876300335 33.746711731 -0.230754793 -0.497326761 0.524767816 0.651181281
4202.821043648 -12.205100060 -7.879177570 33.752513885 -0.230624944 -0.496978849 0.525259435 0.651096463
4202.859568800 -12.218726158 -7.883386612 33.759685516 -0.230854154 -0.496588320 0.524997354 0.651524484
4202.906210400 -12.231608391 -7.889963150 33.765441895 -0.230810940 -0.496767730 0.524620473 0.651706576
4202.944491744 -12.245485306 -7.895879745 33.772624969 -0.231180906 -0.497113585 0.524449050 0.651449621
4202.988659456 -12.259847641 -7.899934292 33.778865814 -0.231189325 -0.497205019 0.524175167 0.651597261
4203.033267008 -12.273827553 -7.904438972 33.785621643 -0.231161132 -0.497365743 0.524189174 0.651473343
4203.087345664 -12.291717529 -7.911160946 33.791847229 -0.230895162 -0.497483373 0.524334133 0.651361227
4203.124801280 -12.308713913 -7.913765907 33.799900055 -0.231240243 -0.497382909 0.524973571 0.650800169
4203.165473248 -12.319623947 -7.916490078 33.805179596 -0.230314702 -0.497585118 0.525418639 0.650614679
4203.208889632 -12.330966949 -7.920669079 33.810497284 -0.230056480 -0.497492939 0.525448620 0.650752306
4203.262233248 -12.345265388 -7.927900791 33.819946289 -0.230333015 -0.497516692 0.524915993 0.651066124
4203.294024896 -12.358232498 -7.934477806 33.827274323 -0.230990589 -0.497370601 0.525345385 0.650598168
4203.334729440 -12.367779732 -7.936788559 33.831546783 -0.230568588 -0.497164637 0.525557220 0.650734186
4203.378116096 -12.377138138 -7.939777851 33.836868286 -0.230503678 -0.496362031 0.525609970 0.651327133
