3454.573446784 0.000000000 0.000000000 0.000000000 0.000000000 0.000000000 0.000000000 1.000000000
3454.604917984 0.000168661 -0.000032155 0.000195177 -0.000122845 -0.000035373 0.000155762 1.000000000
3454.636572224 0.000168661 -0.000032155 0.000195177 -0.000122845 -0.000035373 0.000155762 1.000000000
3454.667863936 0.416594744 -0.021312900 -0.837597966 -0.003483343 0.006435659 0.000665057 0.999972999
3454.699128928 0.729521751 -0.053202350 -1.653119564 -0.009020523 0.013751014 -0.000590025 0.999864578
3454.730518368 1.092234373 -0.077699132 -2.426230431 -0.011291606 0.005217466 -0.002858492 0.999918520
3454.762011264 1.092234373 -0.077699132 -2.426230431 -0.011291606 0.005217466 -0.002858492 0.999918520
3454.793295584 1.145663261 -0.135760188 -2.442549706 -0.011582720 0.005092009 -0.001282229 0.999919116
3454.824788128 1.117166877 -0.106744386 -2.423436642 -0.009928082 0.006466011 -0.001534542 0.999928653
3454.856832544 1.125018716 -0.101250730 -2.472882271 -0.011692812 0.007147978 -0.001094258 0.999905467
3454.888634080 1.125018716 -0.101250730 -2.472882271 -0.011692812 0.007147978 -0.001094258 0.999905467
3454.920602912 1.125018716 -0.101250730 -2.472882271 -0.011692812 0.007147978 -0.001094258 0.999905467
3454.953074944 1.129828215 -0.104404345 -2.461616516 -0.006092370 0.007150099 -0.004138881 0.999947309
3454.985353120 1.105591416 -0.094056688 -2.357033253 -0.011513887 0.008775572 -0.001281993 0.999894381
3455.018067680 1.105591416 -0.094056688 -2.357033253 -0.011513887 0.008775572 -0.001281993 0.999894381
3455.049463200 1.889630437 -0.003894731 9.824281693 -0.012452123 0.016988708 0.000179345 0.999778152
3455.081038720 1.899276257 0.009648985 9.909486771 -0.014964228 0.015688753 0.002969492 0.999760568
3455.112211200 1.900911927 0.016788967 9.958214760 -0.012671794 0.015698453 0.003802669 0.999789238
3455.145916256 1.900911927 0.016788967 9.958214760 -0.012671794 0.015698453 0.003802669 0.999789238
3455.178437504 -0.410313010 1.103602052 -9.425320625 0.004844293 0.028429601 -0.078941435 0.996461987
3455.221482912 -3.757931232 3.901626110 -34.691448212 0.024868743 0.045787085 -0.189343110 0.980527520
3455.252722336 -5.304169178 5.335398674 -42.093269348 0.023100119 0.079020932 -0.302617520 0.949549735
3455.284313696 -5.304169178 5.335398674 -42.093269348 0.023100119 0.079020932 -0.302617520 0.949549735
3455.315786816 -5.304169178 5.335398674 -42.093269348 0.023100119 0.079020932 -0.302617520 0.949549735
3455.347800416 -5.304415703 5.326745033 -42.053211212 0.021589277 0.080206633 -0.303375334 0.949244022
3455.379087680 -5.299688816 5.295403481 -42.007419586 0.013372902 0.080939598 -0.300419062 0.950272799
3455.410429216 -5.299688816 5.295403481 -42.007419586 0.013372902 0.080939598 -0.300419062 0.950272799
3455.442246304 -5.299688816 5.295403481 -42.007419586 0.013372902 0.080939598 -0.300419062 0.950272799
3455.473635264 -5.285069942 5.294450760 -41.924354553 0.005790628 0.081777982 -0.299536228 0.950556099
3455.510737792 -5.266618252 5.298491955 -41.825714111 -0.002256263 0.081136905 -0.298056185 0.951091051
3455.544997984 -5.266618252 5.298491955 -41.825714111 -0.002256263 0.081136905 -0.298056185 0.951091051
3455.576940256 -5.266618252 5.298491955 -41.825714111 -0.002256263 0.081136905 -0.298056185 0.951091051
3455.609694304 -5.244728088 5.276231766 -41.752799988 -0.000384578 0.078229636 -0.295947194 0.951995373
3455.641158176 -5.231522560 5.266255379 -41.667716980 0.003063505 0.075547367 -0.292476922 0.953278780
3455.672828000 -5.231522560 5.266255379 -41.667716980 0.003063505 0.075547367 -0.292476922 0.953278780
3455.704411040 -5.231522560 5.266255379 -41.667716980 0.003063505 0.075547367 -0.292476922 0.953278780
3455.735943904 -5.228652477 5.304447174 -41.558506012 0.005467068 0.075812161 -0.294060647 0.952759683
3455.767467680 -5.227968216 5.350425720 -41.444541931 0.011072424 0.077690452 -0.293588817 0.952705145
3455.842770464 -5.196126461 5.334492683 -41.229881287 0.003329590 0.081173137 -0.298302323 0.951007664
3455.874481312 -5.149216175 5.308997154 -41.110366821 0.007860663 0.078371026 -0.292931080 0.952883840
3455.905778336 -5.109570026 5.282025814 -40.991153717 0.010355215 0.076182909 -0.288887113 0.954271019
3455.937687264 -5.109570026 5.282025814 -40.991153717 0.010355215 0.076182909 -0.288887113 0.954271019
3455.969278976 -1.849312544 4.601310730 -34.143413544 0.011535784 0.047899492 -0.398339748 0.915913761
3456.000858496 -1.854047537 4.592609406 -34.058349609 0.010150013 0.045494225 -0.400792450 0.914982319
3456.032249248 -1.859760523 4.580660820 -33.981086731 0.000904098 0.047591101 -0.410457194 0.910636663
3456.063948512 -1.859760523 4.580660820 -33.981086731 0.000904098 0.047591101 -0.410457194 0.910636663
3456.095425056 -0.992168248 2.208154440 -23.282863617 -0.062877536 0.073830679 -0.838351607 0.536434650
3456.128909536 -0.955366194 2.196309805 -23.177925110 -0.059626702 0.070421427 -0.836883366 0.539547980
3456.160266688 -0.943759680 2.196044445 -23.078765869 -0.058653653 0.073008686 -0.836698651 0.539597094
3456.191840160 -0.943759680 2.196044445 -23.078765869 -0.058653653 0.073008686 -0.836698651 0.539597094
3456.223222784 -0.452495039 2.817540407 -22.133392334 -0.037048887 0.084745735 -0.839266062 0.535796583
3456.254703328 0.015907407 3.531924963 -21.305946350 -0.013429755 0.103720911 -0.839608908 0.533027768
3456.286226688 0.478355676 4.172057629 -20.406642914 0.011536138 0.121641807 -0.839637220 0.529225469
3456.319066400 0.478355676 4.172057629 -20.406642914 0.011536138 0.121641807 -0.839637220 0.529225469
3456.350530816 -1.215143323 7.500912666 -25.128007889 0.024270851 0.167532697 -0.736589849 0.654812336
3456.381955904 -3.853547096 10.572090149 -29.618888855 0.036183272 0.205087155 -0.612783134 0.762316823
3456.413542848 -7.011906624 13.304967880 -33.963191986 0.034955174 0.233923301 -0.534984529 0.811079264
3456.445108128 -7.011906624 13.304967880 -33.963191986 0.034955174 0.233923301 -0.534984529 0.811079264
3456.476607328 -7.015964031 13.218091011 -33.832416534 0.026598686 0.240809962 -0.553472519 0.796850801
3456.508083808 -7.012399197 13.208900452 -33.740173340 0.023644658 0.245395422 -0.562494338 0.789190769
3456.539314688 -7.030176640 13.195535660 -33.682125092 0.019051652 0.251626164 -0.569280148 0.782458603
3456.571217440 -7.030176640 13.195535660 -33.682125092 0.019051604 0.251626164 -0.569280148 0.782458603
3456.602959712 -4.394050598 9.476147652 -27.621532440 0.024446517 0.259487569 -0.560132205 0.786333561
3456.636786368 -4.357159615 9.440879822 -27.533063889 0.029989991 0.260332823 -0.559027135 0.786648631
3456.669439232 -4.314317703 9.395418167 -27.434537888 0.029745527 0.263570070 -0.556312859 0.787503660
3456.701348576 -4.314317703 9.395418167 -27.434537888 0.029745527 0.263570070 -0.556312859 0.787503660
3456.733374112 -4.091742039 9.224955559 -26.853462219 0.022894431 0.269625932 -0.580505073 0.767978907
3456.765029984 -3.755779982 9.027010918 -26.159147263 0.022274980 0.274163127 -0.602072179 0.749564826
3456.796371776 -3.430524588 8.780779839 -25.457221985 0.021441072 0.280278683 -0.622947097 0.730014384
3456.827855808 -3.430524588 8.780779839 -25.457221985 0.021441072 0.280278683 -0.622947097 0.730014384
3456.859207392 -3.430524588 8.780779839 -25.457221985 0.021441072 0.280278683 -0.622947097 0.730014384
3456.890514496 -3.395030975 8.730808258 -25.372196198 0.029620159 0.282152385 -0.614630938 0.736030877
3456.922092544 -3.377186537 8.676422119 -25.285322189 0.038594138 0.283306897 -0.605244517 0.742917717
3456.953748000 -3.377186537 8.676422119 -25.285322189 0.038594138 0.283306897 -0.605244517 0.742917717
3456.985182400 -3.512256384 8.737957001 -25.499710083 0.034507073 0.285902351 -0.612406969 0.736224771
3457.018619648 -3.628005743 8.774443626 -25.700433731 0.028900117 0.285339862 -0.619567096 0.730672657
3457.050137952 -3.754660368 8.780543327 -25.842380524 0.015461328 0.291596353 -0.620162845 0.728100598
3457.081793216 -3.754660368 8.780543327 -25.842380524 0.015461328 0.291596353 -0.620162845 0.728100598
3457.115142784 -3.151165485 10.224750519 -26.002365112 0.053363882 0.307355911 -0.643870592 0.698652506
3457.156660480 -2.197663307 12.019177437 -26.089273453 0.101601616 0.325833559 -0.671526313 0.657694519
3457.188557376 -1.295323372 13.263426781 -26.054983139 0.136770785 0.336608082 -0.694268346 0.621273100
3457.219795648 -1.295323372 13.263426781 -26.054983139 0.136770785 0.336608082 -0.694268346 0.621273100
3457.251159616 -2.512226343 15.404605865 -32.089332581 0.136597022 0.287070751 -0.563638091 0.762393296
3457.282630656 -3.456466198 17.284675598 -38.666088104 0.121636450 0.233729079 -0.415071666 0.870798945
3457.314438528 -3.470062733 18.676036835 -45.391559601 0.102483518 0.161986798 -0.282640308 0.939878643
3457.346456256 -3.470062733 18.676036835 -45.391559601 0.102483518 0.161986798 -0.282640308 0.939878643
3457.378354112 -3.342647076 18.726753235 -45.025421143 0.106342003 0.162866458 -0.289386064 0.937241495
3457.418619328 -3.239234209 18.607889175 -44.654758453 0.111984260 0.159530476 -0.291205466 0.936594307
3457.450410112 -3.190327644 18.481025696 -44.418483734 0.098899826 0.166138887 -0.305479854 0.932361901
3457.481785184 -3.190327644 18.481025696 -44.418483734 0.098899826 0.166138887 -0.305479854 0.932361901
3457.513287936 -5.229141712 20.768762589 -50.888229370 0.092119083 0.168549165 -0.279134005 0.940845072
3457.546486016 -7.335504055 22.998775482 -57.759727478 0.091646053 0.160404295 -0.241519660 0.952648818
3457.578115936 -9.225725174 24.912158966 -64.300109863 0.086357988 0.151691154 -0.210048065 0.961983323
3457.609432800 -9.225725174 24.912158966 -64.300109863 0.086357988 0.151691154 -0.210048065 0.961983323
3457.640656768 -9.076959610 24.544343948 -63.909164429 0.073338546 0.142931074 -0.193638489 0.967830718
3457.671742528 -8.950304985 24.203929901 -63.357120514 0.049019754 0.144682691 -0.192161709 0.969400764
3457.703017600 -8.837517738 24.058782578 -62.899532318 0.048755556 0.141298547 -0.176672354 0.972853780
3457.734388896 -8.837517738 24.058782578 -62.899532318 0.048755556 0.141298547 -0.176672354 0.972853780
3457.765832864 -8.786659241 24.230724335 -63.303066254 0.053901356 0.137429118 -0.173199430 0.973760664
3457.797469088 -8.738170624 24.395542145 -63.723785400 0.056372788 0.133127376 -0.172258988 0.974384964
3457.828847616 -8.717979431 24.540752411 -63.898151398 0.072179273 0.127856940 -0.153078571 0.977245986
3457.860384736 -8.717979431 24.540752411 -63.898151398 0.072179273 0.127856925 -0.153078586 0.977245986
3457.892142880 -8.957535744 24.291395187 -63.282829285 0.069933727 0.135138914 -0.141852155 0.978123069
3457.923826208 -4.003517151 37.804252625 -75.852249146 0.297075570 -0.212309748 0.261426002 0.893491507
3457.955400128 -5.913366318 54.406032562 -78.523315430 0.418253511 -0.451381683 0.596402884 0.515385389
3457.989067264 -5.913366318 54.406032562 -78.523315430 0.418253511 -0.451381683 0.596402884 0.515385389
3458.021308128 -5.777151585 53.986957550 -78.474700928 0.425697267 -0.442429662 0.585617006 0.529235780
3458.056626720 -5.523421288 53.272441864 -78.316093445 0.431850284 -0.432969779 0.579238713 0.539003670
3458.088929024 -5.553775311 53.097866058 -77.876930237 0.394284099 -0.482491791 0.602986813 0.498145074
3458.121026816 -5.553775311 53.097866058 -77.876930237 0.394284099 -0.482491791 0.602986813 0.498145074
3458.152657664 -5.534064770 53.701225281 -77.854919434 0.393806666 -0.484941989 0.601777792 0.497605324
3458.184494336 -5.523510933 54.230823517 -77.809600830 0.394247681 -0.486700743 0.600592911 0.496970117
3458.220417056 -5.761030197 56.213912964 -78.525497437 0.402057737 -0.466777772 0.588739574 0.523310602
3458.251641792 -5.761030197 56.213912964 -78.525497437 0.402057737 -0.466777772 0.588739574 0.523310602
3458.283490240 -5.785439968 56.071731567 -78.519294739 0.400322288 -0.468562275 0.593749523 0.517351866
3458.315275488 -5.906886578 55.919570923 -78.580062866 0.403167754 -0.457049251 0.610578358 0.505722940
3458.347328384 -5.970600128 55.803165436 -78.681976318 0.401590377 -0.443794250 0.616793394 0.511211872
3458.382475232 -5.970600128 55.803165436 -78.681976318 0.401590377 -0.443794250 0.616793394 0.511211872
3458.414339680 -5.956828594 55.657585144 -78.656585693 0.404571921 -0.441838920 0.616240978 0.511220813
3458.446618112 -5.984840870 55.349094391 -78.567687988 0.410306126 -0.434331656 0.614542186 0.515114307
3458.478094720 -5.985026836 55.130523682 -78.462966919 0.413754016 -0.429947942 0.609468460 0.522015870
3458.509572288 -5.985026836 55.130523682 -78.462966919 0.413754016 -0.429947942 0.609468460 0.522015870
3458.541176768 -6.031096935 54.928123474 -78.186561584 0.427191257 -0.429283917 0.602543712 0.519772947
3458.572939456 -6.014027119 54.788684845 -78.020553589 0.430965334 -0.434359759 0.597490489 0.518271565
3458.604529024 -6.031530380 54.707752228 -77.930786133 0.441142678 -0.431908011 0.601729929 0.506724477
3458.636406688 -6.031530380 54.707752228 -77.930786133 0.441142678 -0.431908011 0.601729929 0.506724477
3458.667710592 -6.020340443 54.765308380 -77.942359924 0.441730827 -0.428619534 0.600433707 0.510527611
3458.699104384 -6.002719402 54.780517578 -77.968116760 0.440879911 -0.424504071 0.604121745 0.510350943
3458.730437280 -5.982149601 54.624992371 -77.902702332 0.445475727 -0.424779266 0.614638805 0.493288040
3458.761667328 -5.982149601 54.624992371 -77.902702332 0.445475727 -0.424779266 0.614638805 0.493288040
3458.793382752 -6.028186798 55.025794983 -77.796432495 0.449935913 -0.434859544 0.603818655 0.493819684
3458.824992256 -6.146963120 55.321681976 -77.723152161 0.456055999 -0.438289881 0.603142321 0.485936403
3458.856923360 -6.258492470 55.667148590 -77.597419739 0.463724405 -0.443049669 0.593533635 0.486193895
3458.888654848 -6.258492470 55.667148590 -77.597419739 0.463724405 -0.443049669 0.593533635 0.486193895
3458.921284256 -6.253288269 55.726654053 -77.664398193 0.461647093 -0.443623424 0.594632149 0.486305147
3458.953269696 -6.265548706 55.768287659 -77.723762512 0.455724865 -0.454059422 0.595829785 0.480761737
3458.984707904 -6.254971981 55.835834503 -77.795753479 0.446937680 -0.466155499 0.596117079 0.477064222
3459.024439136 -7.174238682 57.057273865 -79.437774658 0.427884519 -0.437890828 0.622389019 0.487645686
3459.056038112 -8.126758575 57.807044983 -80.637519836 0.429415226 -0.399948955 0.640433490 0.495467812
3459.087726432 -8.386915207 58.053905487 -80.890724182 0.432097435 -0.394935012 0.639737785 0.498049885
3459.119078176 -8.657254219 58.281955719 -81.166526794 0.434127659 -0.387337774 0.640540838 0.501208842
3459.150476896 -9.676734924 61.767375946 -81.531448364 0.469869792 -0.383188009 0.610273540 0.509858489
3459.182306336 -9.969349861 65.285827637 -81.597915649 0.497237444 -0.384134412 0.556500077 0.543602228
3459.213861696 -9.984484673 68.765823364 -81.454345703 0.521618247 -0.388215065 0.501167715 0.570994139
3459.245596096 -9.444167137 73.084915161 -81.743095398 0.556625009 -0.309488803 0.396169364 0.661388755
3459.277139776 -7.682749748 76.914779663 -82.626792908 0.529933214 -0.294076949 0.281624317 0.743893385
3459.308537408 -5.429514885 80.197448730 -84.134910583 0.492610782 -0.269427717 0.164034694 0.811070919
3459.340121984 -3.400162697 82.193618774 -85.474845886 0.474194020 -0.244075730 0.029122408 0.845410526
3459.371599488 -1.630514860 83.722099304 -87.064620972 0.469323486 -0.183997557 -0.122367248 0.854930758
3459.403245280 0.095624924 85.068176270 -89.043601990 0.455412030 -0.123920746 -0.270867079 0.838972330
3459.435009408 2.556860924 84.612831116 -90.794006348 0.408697456 -0.170146912 -0.453026772 0.773810804
3459.466495584 4.533691406 83.565666199 -92.401969910 0.390639782 -0.205861941 -0.589181125 0.676673472
3459.497942656 5.899716854 82.067436218 -93.947586060 0.370646745 -0.239103809 -0.711309075 0.547256351
3459.529490464 5.628885746 80.793899536 -95.348533630 -0.292961359 0.215571329 0.827612460 -0.427504718
3459.560961248 4.679350376 79.468627930 -96.155944824 -0.196756154 0.223492026 0.895920873 -0.329642445
3459.592608960 3.216775179 78.411735535 -97.250854492 -0.099480771 0.181934580 0.950708270 -0.230558231
3459.624287808 1.525467992 77.687370300 -97.980781555 -0.001980442 0.160467237 0.974762321 -0.155192748
3459.656716896 -0.409773469 77.330734253 -98.436134338 0.097912721 0.132199883 0.983286738 -0.077997088
3459.688928384 -1.276911616 75.823059082 -98.236434937 0.151671156 0.276901662 0.931202769 -0.182161286
3459.721032192 -1.911543965 74.755683899 -98.032188416 0.142784074 0.288546801 0.925787330 -0.198169887
3459.753168320 -2.359821081 73.787948608 -97.619461060 0.146959677 0.319544196 0.912409842 -0.209290683
3459.785219104 -2.754132748 72.839530945 -97.154350281 0.147821680 0.348792821 0.898153722 -0.223186523
3459.817308032 -3.300362110 71.724624634 -96.786384583 0.146740526 0.360428154 0.898418546 -0.203476921
3459.849290400 -3.229829788 72.206390381 -95.501281738 0.182468817 0.352348715 0.882204950 -0.253515154
3459.880693696 -3.187360287 72.217010498 -95.565216064 0.186480656 0.335098714 0.888835311 -0.250809848
3459.912024704 -3.130338430 72.224273682 -95.626220703 0.189742222 0.318781972 0.894991696 -0.247721314
3459.943671584 -3.094391584 72.217247009 -95.698608398 0.194136441 0.302376121 0.900753498 -0.243973032
3459.975163552 -3.574880123 71.077041626 -96.280075073 0.217833757 0.298781902 0.889700115 -0.267790049
3460.006920160 -3.520384789 71.617340088 -95.773788452 0.222175583 0.302165002 0.885199726 -0.275237650
3460.038271648 -3.558859348 72.160507202 -95.329414368 0.230852053 0.290533721 0.887411773 -0.273491919
3460.069645216 -3.554325342 72.662025452 -94.741737366 0.244406775 0.283599317 0.883789778 -0.280628562
3460.101083872 -3.594385386 72.164710999 -95.014198303 0.244119659 0.285303056 0.883426428 -0.280295342
3460.132300416 -3.630172968 71.692802429 -95.235778809 0.245346576 0.290099949 0.881640792 -0.279922485
3460.164607680 -3.704080820 71.225074768 -95.465782166 0.251121163 0.292787015 0.879346311 -0.279220313
3460.196767392 -4.094191551 70.711219788 -94.703460693 0.328379154 0.358030498 0.831443191 -0.269598842
3460.228213888 -4.135794640 70.419860840 -94.975425720 0.322816610 0.361984342 0.832593858 -0.267477572
3460.264025536 -4.242052078 70.029479980 -95.300674438 0.321199507 0.363074005 0.833400488 -0.265427530
3460.298502944 -4.360710621 69.658973694 -95.530265808 0.326057136 0.372569233 0.829022825 -0.260000169
3460.333570240 -4.197098732 69.187995911 -95.435737610 0.315804958 0.397347331 0.824719906 -0.249438286
3460.365578720 -4.207897186 68.783538818 -95.717781067 0.308637053 0.401609868 0.826244652 -0.246520638
3460.397647712 -4.105993271 69.190620422 -95.522956848 0.311174840 0.397199303 0.826852918 -0.248429373
3460.429381920 -4.041501045 69.541213989 -95.307525635 0.313365042 0.392819256 0.828890681 -0.245836765
3460.461028352 -4.065987110 69.461921692 -95.445953369 0.311631829 0.391421139 0.830666780 -0.244269922
3460.493444096 -4.045860291 69.432563782 -95.472877502 0.311359257 0.391354799 0.831032038 -0.243479997
3460.525625376 -3.942029715 69.751235962 -95.210357666 0.312679768 0.394199967 0.829579532 -0.242147863
3460.557221376 -3.796895266 70.069351196 -94.978767395 0.301885366 0.395376027 0.834677100 -0.236341208
3460.588683712 -3.916086435 70.177642822 -95.022201538 0.312980950 0.388058901 0.835745692 -0.230179042
3460.628065728 -3.830844879 69.987960815 -95.090675354 0.308293700 0.388803542 0.837213755 -0.229912907
3460.659422624 -3.781780005 70.297477722 -94.974258423 0.308236569 0.388802975 0.837173820 -0.230135724
3460.691017696 -3.758833647 70.416999817 -94.906929016 0.313178569 0.382168502 0.839058518 -0.227699816
3460.722505152 -3.777731895 70.702148438 -94.821784973 0.320625961 0.370283216 0.839718878 -0.234438688
3460.753906912 -3.801284552 70.551086426 -94.904533386 0.323201239 0.369337976 0.837435305 -0.240483955
3460.787633696 -3.778508663 70.788963318 -94.835922241 0.318810642 0.371251583 0.840146899 -0.233848780
3460.826659936 -3.768326759 71.078330994 -94.768478394 0.315187812 0.369222492 0.844948590 -0.224484533
3460.858547520 -3.710929632 71.203247070 -94.681297302 0.313107401 0.369660884 0.846666574 -0.220159665
3460.891571648 -3.693428516 71.153259277 -94.678306580 0.312910795 0.369883478 0.846890688 -0.219201311
3460.925197440 -3.656764507 71.153030396 -94.588829041 0.309653938 0.380499005 0.843275070 -0.219595298
3460.956748736 -3.656932831 71.175971985 -94.495185852 0.319286764 0.384561837 0.835387647 -0.228682354
3460.989643968 -3.610833168 71.252502441 -94.495933533 0.319198966 0.384321243 0.835542202 -0.228644669
3461.031606112 -3.540602207 71.359405518 -94.415405273 0.317275465 0.388411045 0.834496737 -0.228228673
3461.063116384 -3.508439064 71.548553467 -94.325462341 0.317898661 0.389575243 0.833285987 -0.229795679
3461.094530464 -3.695611954 71.733390808 -93.913589478 0.342195064 0.387651712 0.823998928 -0.231634438
3461.127220192 -3.806382895 71.803718567 -93.637672424 0.342047453 0.386871606 0.824252427 -0.232253879
3461.159332864 -3.765840292 71.815406799 -93.616859436 0.341624081 0.383635342 0.825511277 -0.233769208
3461.190889568 -3.722749949 71.979942322 -93.571311951 0.338773757 0.384789318 0.824718714 -0.238764659
3461.222684992 -3.734940290 72.285926819 -93.689620972 0.325419098 0.371668190 0.837394238 -0.233957216
3461.254209888 -5.104250431 69.888175964 -94.552886963 0.355989099 0.379450530 0.830185235 -0.200203866
3461.286418400 -5.163209915 69.777702332 -94.600303650 0.354330629 0.381453902 0.829477847 -0.202260479
3461.318576896 -5.178323746 70.138290405 -94.516632080 0.354992867 0.376728445 0.832425594 -0.197796330
3461.350891872 -4.991982460 70.393493652 -94.377876282 0.361214668 0.370845377 0.827573419 -0.217071101
3461.382987168 -5.518665791 68.600067139 -94.183525085 0.371614963 0.384258568 0.817302108 -0.215092793
3461.415593472 -5.524687767 68.520561218 -94.200004578 0.365955263 0.388612926 0.818357766 -0.212949246
3461.448454304 -5.431753635 68.812156677 -94.086074829 0.366552979 0.386117935 0.818802416 -0.214742765
3461.480692416 -4.770678043 69.990051270 -93.658592224 0.383160144 0.364415586 0.810537219 -0.251831353
3461.513918880 -4.761972904 69.986122131 -93.698730469 0.383185565 0.364514172 0.810502231 -0.251762569
3461.547576128 -4.738299847 69.984107971 -93.693870544 0.382393926 0.366404265 0.810256481 -0.251012266
3461.579212032 -4.569857121 70.158325195 -93.586112976 0.374279737 0.374412686 0.812890530 -0.242773205
3461.611350912 -4.106087208 70.967002869 -93.322372437 0.376692206 0.370068580 0.812580645 -0.246708170
3461.644539392 -4.587711334 70.390892029 -94.304862976 0.308697194 0.393197000 0.851774156 -0.156789571
3461.677596192 -4.627706528 70.368026733 -94.340019226 0.307952166 0.394395709 0.852036774 -0.153788030
3461.709071168 -4.328328609 71.090507507 -94.048362732 0.329658926 0.373409867 0.846205175 -0.189279705
3461.740595264 -3.732850552 71.628746033 -93.525764465 0.334231496 0.389316261 0.829804480 -0.219423383
3461.771802432 -3.462199211 71.948791504 -93.056564331 0.326907694 0.409924090 0.828040481 -0.198601604
3461.803146624 -3.432969570 71.973930359 -93.025215149 0.327423453 0.410265267 0.828231812 -0.196235403
3461.834844960 -3.348506927 72.335212708 -92.891853333 0.335732251 0.401395828 0.827276707 -0.204397872
3461.866620960 -3.206705093 72.703132629 -92.738479614 0.337158442 0.402486056 0.824249744 -0.211994246
3461.898591584 -12.576822281 47.389636993 -97.892837524 0.349893719 0.445013434 0.792748690 -0.226024270
3461.930065728 -12.692901611 46.927387238 -98.124420166 0.347602844 0.435263187 0.799651980 -0.224220738
3461.961573216 -12.612852097 47.137996674 -98.051429749 0.345442086 0.441253036 0.796429932 -0.227299109
3461.994542496 -12.573790550 47.345436096 -97.965332031 0.348185927 0.445584953 0.792757571 -0.227499440
3462.025959136 -12.553254128 47.540832520 -97.773628235 0.355153352 0.455260307 0.785634816 -0.222220793
3462.057688608 -12.592283249 47.593406677 -97.792259216 0.353239447 0.456261665 0.786808431 -0.219042495
3462.092394240 -12.505916595 47.906688690 -97.710075378 0.351079494 0.453427941 0.790847898 -0.213789433
3462.123974272 -12.419486046 48.114555359 -97.669685364 0.346931219 0.452141970 0.793683887 -0.212772623
3462.155583872 -12.397073746 48.519302368 -97.506851196 0.343406826 0.454886824 0.796975613 -0.199948996
3462.187562336 -12.341608047 48.685585022 -97.452285767 0.343286008 0.453261465 0.798278153 -0.198647454
3462.219205568 -12.336610794 48.868846893 -97.410346985 0.343683988 0.455832452 0.796357632 -0.199781403
3462.259101184 -12.330986977 49.063091278 -97.365608215 0.340271264 0.459636182 0.796949148 -0.194478959
3462.290474944 -12.423298836 49.169265747 -97.270309448 0.346618325 0.461524457 0.795272231 -0.185453519
3462.322176896 -12.349384308 49.165225983 -97.183052063 0.348283201 0.465192288 0.791675270 -0.188534215
3462.356095232 -12.321705818 49.424522400 -97.362312317 0.346728295 0.461214602 0.795748532 -0.183969960
3462.387653120 -12.185161591 50.164920807 -97.783149719 0.351629108 0.429597616 0.808363378 -0.195835456
3462.421567264 -12.006849289 51.000862122 -98.191612244 0.361457050 0.391222447 0.817843497 -0.217774525
3462.455317888 -11.914748192 51.015018463 -98.014190674 0.368078709 0.395029664 0.811714470 -0.222686365
3462.487173536 -11.733248711 51.209499359 -97.796356201 0.362988710 0.401356936 0.813511014 -0.212959275
3462.518785440 -11.556234360 51.376369476 -97.574615479 0.358129472 0.410790354 0.812835455 -0.205652758
3462.550323968 -11.456310272 51.322288513 -97.399780273 0.358118385 0.410414726 0.813085258 -0.205434248
3462.581746432 -11.447625160 51.341907501 -97.455718994 0.359455764 0.407520682 0.813695073 -0.206443116
3462.623673568 -11.451837540 51.007732391 -98.259811401 0.362907529 0.395570189 0.813953578 -0.222040296
3462.659343040 -11.667071342 50.751464844 -98.870079041 0.368775010 0.393248409 0.817798674 -0.201410070
3462.693886976 -11.870763779 50.500034332 -99.456840515 0.374961168 0.390978217 0.820542991 -0.182344079
3462.736732832 -11.696688652 50.035984039 -99.955345154 0.357574999 0.383851558 0.828125596 -0.197499573
3462.768536320 -11.689137459 50.341560364 -99.815048218 0.365838617 0.376709521 0.827783465 -0.197551399
3462.800543296 -11.683557510 50.648464203 -99.680496216 0.373575777 0.369746923 0.828770041 -0.192011997
3462.832428224 -11.660830498 50.960010529 -99.599220276 0.377547711 0.360289514 0.832319677 -0.186797038
3462.864123360 -11.622359276 51.059787750 -99.475463867 0.379047245 0.366763651 0.829453528 -0.183887109
3462.896455296 -11.602094650 51.346843719 -99.421272278 0.384964317 0.355078459 0.832673430 -0.179935277
3462.928235232 -11.574665070 51.631149292 -99.372703552 0.388267815 0.343509287 0.837515891 -0.172674954
3462.960160160 -11.546588898 51.887203217 -99.323387146 0.389617443 0.334399223 0.842283249 -0.164116994
3462.991534080 -11.445517540 51.915958405 -99.260177612 0.389952868 0.331718892 0.843246400 -0.163813397
3463.023046464 -11.410051346 52.078510284 -99.223014832 0.391908616 0.330385387 0.842499316 -0.165674508
3463.054521632 -11.350356102 52.244812012 -99.188362122 0.389119595 0.331207365 0.843119562 -0.167442754
3463.086079520 -11.229313850 52.356987000 -98.995559692 0.393668592 0.345636249 0.832660973 -0.179544970
3463.118186816 -10.904666901 52.273487091 -98.961296082 0.385162622 0.355976075 0.829003274 -0.194124565
3463.149745472 -10.402570724 52.310668945 -99.097274780 0.363875628 0.361234307 0.831925154 -0.212143660
3463.181410272 -9.918281555 52.322967529 -99.267471313 0.341334969 0.367557615 0.834774017 -0.227033481
3463.213976064 -9.409053802 52.371238708 -99.442428589 0.317269415 0.369570225 0.838253379 -0.245131060
3463.248115328 -9.356114388 52.417728424 -99.331672668 0.318058699 0.374653101 0.835525930 -0.245703340
3463.279434624 -9.327328682 52.603523254 -99.284225464 0.316705287 0.371784717 0.837512374 -0.245044693
3463.311728928 -9.304225922 52.790679932 -99.245086670 0.314475864 0.368878037 0.839783251 -0.244536415
3463.344430080 -9.268898964 53.005851746 -99.225662231 0.310617507 0.362831891 0.843808055 -0.244658455
3463.376269568 -9.205550194 53.075214386 -99.146080017 0.306820840 0.366449714 0.843661785 -0.244561493
3463.407642112 -9.171116829 53.204177856 -99.070846558 0.303737283 0.365484625 0.845154285 -0.244701624
3463.438957088 -9.134311676 53.307884216 -99.011611938 0.299346626 0.366850287 0.846081853 -0.244863063
3463.470319328 -9.091506958 53.417118073 -98.979545593 0.288871378 0.364733577 0.851928830 -0.240291566
3463.501867648 -9.065165520 53.503742218 -98.901832581 0.288839519 0.364254475 0.852425814 -0.239291966
3463.533707040 -9.080462456 53.663299561 -98.888740540 0.288521737 0.358551174 0.855036795 -0.238973454
3463.565100992 -9.051571846 53.869312286 -98.908172607 0.279054314 0.349414974 0.863106906 -0.234700426
3463.596637888 -9.016516685 53.990676880 -98.884147644 0.273216993 0.342308134 0.868880451 -0.230704010
3463.628013568 -8.990283966 54.046314240 -98.770278931 0.272765696 0.350274354 0.865481973 -0.232051015
3463.659305024 -8.923283577 54.213092804 -98.793670654 0.269854784 0.343276680 0.868080735 -0.236168131
3463.690589536 -9.197746277 54.820976257 -98.273788452 0.328452379 0.346721977 0.860352695 -0.178034231
3463.722254976 -9.709417343 55.167266846 -97.876724243 0.343253821 0.395325392 0.847124159 -0.090968937
3463.757548000 -9.757019997 55.407604218 -97.986694336 0.358601749 0.363533020 0.854627192 -0.094132222
3463.788940416 -9.785711288 55.557144165 -97.964805603 0.358798265 0.356641978 0.858419359 -0.084773459
3463.820643712 -9.844407082 55.864063263 -97.887199402 0.371507049 0.348462075 0.858548582 -0.058745105
3463.852991616 -9.915550232 56.203010559 -97.870834351 0.378804237 0.335213691 0.862564802 -0.011007261
3463.899619008 -10.308820724 56.712669373 -97.868041992 0.406213909 0.296255082 0.863909483 0.029724505
3463.931354272 -10.541917801 57.096069336 -97.810661316 0.427911878 0.270089358 0.860589504 0.057696152
3463.963704576 -10.509909630 57.133502960 -97.727668762 0.428030014 0.269855231 0.860596061 0.057816871
3463.995107072 -10.476654053 57.125980377 -97.766029358 0.416864395 0.262855768 0.868656158 0.050670113
3464.026490752 -10.221335411 57.195381165 -97.805564880 0.408951581 0.255930334 0.874875784 0.043018524
3464.058142656 -9.981510162 57.262985229 -97.826881409 0.402706593 0.253903717 0.878610134 0.037477314
3464.089751776 -9.888488770 57.479431152 -97.743881226 0.426727176 0.219608188 0.876029909 0.047410585
3464.121312064 -9.889248848 57.695674896 -97.587829590 0.455007911 0.193136379 0.866743207 0.066500872
3464.153073664 -9.999577522 57.085571289 -97.284111023 0.450599134 0.236251295 0.859809637 0.043279588
3464.184807008 -10.288330078 56.898220062 -96.896202087 0.480591118 0.237418622 0.842913806 0.046485428
3464.218861280 -10.288330078 56.898220062 -96.896202087 0.480591118 0.237418622 0.842913806 0.046485428
3464.250402048 -10.257278442 56.897544861 -97.081825256 0.464394182 0.230145112 0.854003847 0.045262538
3464.281760000 -10.463796616 56.715862274 -97.187255859 0.446337938 0.228864327 0.863850415 0.046540521
3464.313441184 -4.922585487 58.305721283 -96.596427917 0.436804175 0.214944720 0.870879292 0.067603253
3464.345372032 -4.402406693 58.583049774 -96.530059814 0.436485946 0.213652983 0.871244490 0.069032215
3464.377002016 -4.402406693 58.583049774 -96.530059814 0.436485946 0.213652983 0.871244490 0.069032215
3464.408711680 -4.397856236 58.597629547 -96.468559265 0.437401235 0.215942308 0.870252490 0.068627395
3464.440550816 -11.112277985 57.383899689 -102.349044800 0.461715400 0.215246662 0.854662418 0.100199245
3464.472486272 -11.112277985 57.383899689 -102.349044800 0.461715400 0.215246662 0.854662418 0.100199245
3464.504073728 -11.237442017 57.388393402 -102.199546814 0.473103762 0.218151733 0.848186076 0.095723592
3464.537959648 -11.363979340 57.396652222 -102.038459778 0.486667544 0.220628560 0.840531826 0.089352660
3464.573877984 -11.432990074 57.456184387 -101.583480835 0.569668174 0.223708227 0.786811292 0.079755023
3464.605442208 -11.432990074 57.456184387 -101.583480835 0.569668174 0.223708227 0.786811292 0.079755023
3464.637006144 -11.847788811 57.099426270 -103.198913574 0.516458511 0.226570547 0.822063744 0.078406461
3464.668440992 -12.165991783 56.694778442 -105.017593384 0.457550585 0.231819049 0.854798913 0.078906283
3464.699775008 -12.444800377 56.672500610 -107.238044739 0.413688660 0.165936336 0.893047750 0.061583716
3464.730996640 -12.444800377 56.672500610 -107.238044739 0.413688660 0.165936336 0.893047750 0.061583716
3464.762615872 -12.444800377 56.672500610 -107.238044739 0.413688660 0.165936336 0.893047750 0.061583716
3464.794173344 -12.416380882 56.640659332 -107.207046509 0.413885623 0.168595716 0.892571449 0.059919637
3464.826545568 -12.634948730 56.616401672 -107.265457153 0.411786973 0.172433034 0.893092513 0.055535551
3464.893525248 -12.634948730 56.616401672 -107.265457153 0.411786973 0.172433034 0.893092513 0.055535551
3464.925178528 -12.533938408 56.639339447 -107.266792297 0.407909602 0.170630842 0.894899368 0.060415260
3464.956973376 -12.532442093 56.743381500 -107.316734314 0.404191166 0.162191302 0.897762418 0.065925352
3464.990507552 -12.532442093 56.743381500 -107.316734314 0.404191166 0.162191302 0.897762418 0.065925352
3465.021847136 -12.532442093 56.743381500 -107.316734314 0.404191166 0.162191302 0.897762418 0.065925352
3465.054327552 -12.424179077 56.608814240 -107.290748596 0.405059993 0.161841556 0.897697270 0.062236831
3465.086958784 -12.626785278 56.622142792 -107.286514282 0.404915720 0.161560580 0.897779763 0.062713265
3465.153510144 -12.626785278 56.622142792 -107.286514282 0.404915720 0.161560580 0.897779763 0.062713265
3465.187338752 -12.621793747 56.620063782 -107.303482056 0.405402809 0.161884055 0.897505343 0.062659487
3465.219806752 -12.584419250 56.757221222 -107.045021057 0.409500301 0.166325495 0.894648492 0.065187454
3465.282686432 -12.584419250 56.757221222 -107.045021057 0.409500301 0.166325495 0.894648492 0.065187454
3465.314529152 -12.529440880 56.806655884 -107.162834167 0.405352324 0.160601348 0.897969663 0.059557859
3465.346182976 -13.182482719 57.106246948 -107.354621887 0.400346011 0.147996828 0.902170777 0.062513106
3465.408997696 -13.182482719 57.106246948 -107.354621887 0.400346011 0.147996828 0.902170777 0.062513106
3465.440178720 -13.177450180 57.115848541 -107.356170654 0.400015563 0.148106873 0.902280033 0.062791079
3465.472026752 -12.907443047 56.406658173 -107.374061584 0.381111801 0.187176526 0.902459085 0.072706930
3465.545238304 -12.907443047 56.406658173 -107.374061584 0.381111801 0.187176526 0.902459085 0.072706930
3465.576860576 -12.861322403 56.311244965 -107.381973267 0.379998595 0.188818142 0.902704716 0.071224988
3465.608295680 -12.069944382 56.552703857 -107.483779907 0.376592040 0.189376995 0.904177845 0.069117583
3465.673634368 -12.069944382 56.552703857 -107.483779907 0.376592070 0.189376935 0.904177845 0.069117531
3465.705316896 -12.051669121 56.545978546 -107.498008728 0.376063406 0.189968139 0.904272974 0.069129147
3465.737400128 -11.952072144 56.305126190 -107.876159668 0.368361175 0.193144545 0.906947315 0.066722371
3465.801557568 -11.952072144 56.305126190 -107.876159668 0.368361175 0.193144545 0.906947315 0.066722371
3465.833021248 -11.888579369 56.282642365 -108.007598877 0.365758479 0.190699056 0.908581138 0.065839775
3465.864562848 -11.829491615 56.260578156 -108.619781494 0.359694391 0.182325765 0.912311792 0.071165331
3465.927694624 -11.829491615 56.260578156 -108.619781494 0.359694391 0.182325765 0.912311792 0.071165331
3465.960712192 -11.923266411 56.222415924 -108.595825195 0.359808505 0.183597311 0.911972821 0.071662053
3465.994673568 -11.895943642 56.174331665 -108.642204285 0.359515190 0.183746517 0.912041843 0.071872927
3466.059926720 -11.895943642 56.174331665 -108.642204285 0.359515190 0.183746517 0.912041843 0.071872927
3466.091422304 -11.924405098 56.187850952 -108.641578674 0.360100180 0.184218854 0.911687315 0.072232693
3466.122788448 -12.006260872 56.137432098 -108.798988342 0.360644817 0.184678689 0.911326885 0.072886035
3466.185731552 -12.006260872 56.137432098 -108.798988342 0.360644817 0.184678689 0.911326885 0.072886035
3466.217470016 -11.997707367 56.154785156 -108.791603088 0.359931767 0.185353547 0.911411583 0.073634990
3466.249098176 -11.808410645 56.145584106 -108.169586182 0.350875765 0.189322725 0.912270546 0.093837664
3466.312075136 -11.808410645 56.145584106 -108.169586182 0.350875765 0.189322725 0.912270546 0.093837664
3466.343998048 -11.809085846 56.143299103 -108.193962097 0.350158483 0.188572407 0.912726462 0.093594246
3466.375479584 -11.652723312 56.240276337 -107.935516357 0.341161013 0.194524720 0.914790809 0.094483584
3466.438458048 -11.652723312 56.240276337 -107.935516357 0.341161013 0.194524720 0.914790809 0.094483584
3466.470267968 -11.585431099 56.233680725 -107.937255859 0.341370314 0.189604163 0.915851057 0.093452372
3466.501709344 -11.482833862 56.303016663 -107.967170715 0.337936223 0.194151655 0.915359259 0.101102233
3466.565104544 -11.482833862 56.303016663 -107.967170715 0.337936223 0.194151655 0.915359259 0.101102233
3466.596601792 -11.478989601 56.308444977 -107.928421021 0.338519424 0.194968402 0.915056646 0.100316286
3466.628157952 -10.903198242 55.833759308 -108.943572998 0.311853677 0.203752965 0.923178077 0.094732456
3466.690949952 -10.903198242 55.833759308 -108.943572998 0.311853677 0.203752965 0.923178077 0.094732456
3466.722368512 -10.826954842 55.770298004 -108.958366394 0.309682012 0.208147153 0.922940433 0.094619215
3466.754006560 -10.779773712 55.307849884 -108.266921997 0.310394287 0.228674054 0.917927623 0.093661577
3466.817495616 -10.779773712 55.307849884 -108.266921997 0.310394287 0.228674054 0.917927623 0.093661577
3466.849036256 -10.773579597 55.335330963 -108.159866333 0.311017692 0.231458545 0.916714907 0.096585162
3466.880454752 -10.652422905 55.364601135 -107.809089661 0.307978958 0.236389890 0.916577935 0.095674999
3466.944227264 -10.652422905 55.364601135 -107.809089661 0.307978958 0.236389890 0.916577935 0.095674999
3466.976129984 -10.636919022 55.359500885 -107.838317871 0.307625413 0.237010822 0.916506946 0.095956042
3467.007485536 -10.578413010 55.232791901 -107.749092102 0.294749886 0.239334717 0.916594923 0.125280306
3467.070307648 -10.578413010 55.232791901 -107.749092102 0.294749886 0.239334717 0.916594923 0.125280306
3467.110129920 -10.502405167 55.251842499 -107.697120667 0.294058710 0.237676546 0.916993082 0.127133742
3467.141501248 -10.460034370 55.254970551 -107.681205750 0.293184519 0.236862510 0.917014301 0.130475149
3467.205977824 -10.460034370 55.254970551 -107.681205750 0.293184519 0.236862510 0.917014301 0.130475149
3467.237917248 -10.470423698 55.250385284 -107.679397583 0.295523286 0.237937376 0.916070521 0.129871458
3467.271775840 -10.491122246 55.233386993 -107.695152283 0.299630016 0.239819705 0.914288402 0.129557148
3467.338704928 -10.491122246 55.233386993 -107.695152283 0.299630016 0.239819705 0.914288402 0.129557148
3467.370378176 -10.486075401 55.278232574 -107.583053589 0.300978661 0.243397191 0.913111508 0.128050923
3467.401994944 -10.252847672 55.221664429 -107.461219788 0.291442007 0.246481866 0.914652109 0.133115873
3467.465989216 -10.252847672 55.221664429 -107.461219788 0.291442007 0.246481866 0.914652109 0.133115873
3467.497320864 -10.229028702 55.227996826 -107.429466248 0.291473746 0.249508664 0.913696945 0.133964211
3467.528748000 -10.140659332 55.255405426 -107.313148499 0.289285988 0.254635483 0.912650347 0.136175528
3467.591810464 -10.140659332 55.255405426 -107.313148499 0.289285988 0.254635483 0.912650347 0.136175528
3467.624104160 -10.097804070 55.239414215 -107.333847046 0.287910879 0.255235732 0.912553191 0.138595626
3467.655554912 -10.140066147 54.236682892 -109.069030762 0.284243315 0.241284460 0.914108455 0.159352794
3467.718452384 -10.140066147 54.236682892 -109.069030762 0.284243315 0.241284460 0.914108455 0.159352794
3467.749932928 -10.108039856 54.266334534 -109.047195435 0.284275740 0.240960553 0.914079607 0.159949258
3467.781299584 -10.665449142 53.787780762 -109.910682678 0.291040152 0.240191951 0.911363780 0.164375946
3467.844513952 -10.665449142 53.787780762 -109.910682678 0.291040152 0.240191951 0.911363780 0.164375946
3467.876018464 -10.637771606 53.838130951 -109.834518433 0.293282449 0.238530532 0.911219537 0.163607866
3467.907395968 -10.603501320 53.861106873 -109.830314636 0.293152630 0.239708900 0.911179245 0.162337720
3467.970636992 -10.603501320 53.861106873 -109.830314636 0.293152630 0.239708900 0.911179245 0.162337720
3468.002425632 -10.571741104 53.856899261 -109.782142639 0.292320967 0.240633518 0.911208332 0.162306234
3468.033847712 -10.616413116 55.137226105 -107.962272644 0.295313269 0.233279198 0.912058115 0.162852347
3468.097335456 -10.616413116 55.137226105 -107.962272644 0.295313269 0.233279198 0.912058115 0.162852347
3468.132362656 -10.600481987 55.134815216 -107.952545166 0.298907578 0.232530504 0.911486387 0.160550401
3468.163879584 -10.447546005 55.091053009 -108.009185791 0.301357985 0.232454628 0.911022127 0.158703923
3468.227280128 -10.447546005 55.091053009 -108.009185791 0.301357985 0.232454628 0.911022127 0.158703923
3468.258690912 -10.432041168 55.075630188 -107.999679565 0.301013798 0.232713342 0.911257148 0.157624736
3468.289972448 -10.391797066 54.835952759 -108.304405212 0.297983646 0.230055600 0.912451565 0.160350844
3468.353332800 -10.391797066 54.835952759 -108.304405212 0.297983646 0.230055600 0.912451565 0.160350844
3468.384782272 -10.388704300 54.817302704 -108.328964233 0.297705948 0.230299264 0.912463963 0.160445914
3468.417643680 -8.269067764 58.542030334 -104.423133850 0.297518522 0.212917849 0.916697264 0.160669908
3468.482052832 -8.269067764 58.542030334 -104.423133850 0.297518522 0.212917849 0.916697264 0.160669908
3468.518116768 -8.340605736 58.530475616 -104.453155518 0.299579233 0.213587999 0.916018009 0.159823164
3468.549474560 -8.294955254 58.839286804 -104.409721375 0.304366201 0.213182867 0.915975630 0.151337430
3468.612519712 -8.294955254 58.839286804 -104.409721375 0.304366201 0.213182867 0.915975630 0.151337430
3468.644353984 -8.270718575 58.809486389 -104.372253418 0.303524226 0.214707881 0.915968895 0.150912493
3468.676179040 -7.865109444 58.235549927 -104.218719482 0.300220877 0.224405453 0.915771008 0.144475117
3468.749584416 -7.865109444 58.235549927 -104.218719482 0.300220877 0.224405453 0.915771008 0.144475117
3468.787618144 -7.859238625 58.281398773 -104.213455200 0.300074905 0.223558038 0.915951908 0.144944802
3468.820537248 -13.621750832 58.327552795 -103.575401306 0.325607598 0.222687557 0.904798090 0.160406962
3468.887893152 -13.621750832 58.327552795 -103.575401306 0.325607598 0.222687557 0.904798090 0.160406962
3468.919144160 -13.686907768 58.074169159 -103.685356140 0.324223310 0.224755138 0.903961658 0.164977729
3468.950571168 -22.861045837 46.441387177 -110.657508850 0.335027814 0.269515157 0.888523459 0.160137609
3469.013834624 -22.861045837 46.441387177 -110.657508850 0.335027814 0.269515157 0.888523459 0.160137609
3469.046379136 -22.873632431 46.447284698 -110.615547180 0.337556154 0.271361351 0.887531281 0.157184854
3469.078396896 -22.530975342 43.169307709 -111.809921265 0.332108557 0.285897493 0.884506285 0.160047427
3469.143048896 -22.530975342 43.169307709 -111.809921265 0.332108557 0.285897493 0.884506285 0.160047427
3469.174655616 -22.608266830 43.241512299 -111.776870728 0.333347917 0.285428107 0.883647323 0.163025603
3469.206138368 -22.716499329 42.984546661 -111.924331665 0.343237430 0.290676534 0.880813777 0.147859201
3469.269139552 -22.716499329 42.984546661 -111.924331665 0.343237430 0.290676534 0.880813777 0.147859201
3469.300572288 -22.702590942 42.961299896 -111.940055847 0.342248917 0.291312009 0.880782425 0.149081349
3469.332128992 -22.737688065 42.794311523 -112.274887085 0.340103865 0.288079828 0.881754696 0.154427797
3469.398654112 -22.737688065 42.794311523 -112.274887085 0.340103865 0.288079828 0.881754696 0.154427797
3469.430069344 -22.648801804 42.795082092 -112.257850647 0.335970372 0.290884763 0.881844401 0.157672003
3469.461514560 -22.522201538 42.760356903 -112.219627380 0.325048953 0.293681145 0.882923365 0.168940187
3469.524660896 -22.522201538 42.760356903 -112.219627380 0.325048953 0.293681145 0.882923365 0.168940187
3469.556071808 -22.540008545 42.753990173 -112.189804077 0.326435864 0.293997258 0.881618798 0.172492042
3469.587376128 -22.534358978 42.720977783 -112.239662170 0.325282991 0.294447243 0.881410062 0.174951658
3469.650461952 -22.534358978 42.720977783 -112.239662170 0.325282991 0.294447243 0.881410062 0.174951658
3469.682012288 -22.533409119 42.717792511 -112.233520508 0.324693799 0.292892665 0.882744014 0.171903491
3469.713521024 -22.529256821 42.725921631 -112.227058411 0.323178232 0.293141246 0.883080304 0.172607079
3469.776845280 -22.529256821 42.725921631 -112.227058411 0.323178232 0.293141246 0.883080304 0.172607079
3469.808409952 -22.528203964 42.725681305 -112.228096008 0.323246986 0.293515921 0.882786751 0.173341691
