3534.201222752 0.000000000 0.000000000 0.000000000 0.000000000 0.000000000 0.000000000 1.000000000
3534.232925152 0.000000000 0.000000000 0.000000000 0.000000000 0.000000000 0.000000000 1.000000000
3534.265550208 -0.018944461 0.240107775 0.037513837 0.010993536 0.000577518 -0.002801129 0.999935448
3534.296997440 -0.049276307 0.472066432 0.129482269 0.022816833 0.002162036 -0.006154819 0.999718368
3534.328357472 -0.082637258 0.664196014 0.212001830 0.030151306 0.003425399 -0.008805959 0.999500692
3534.359717664 -0.082637258 0.664196014 0.212001830 0.030151306 0.003425399 -0.008805959 0.999500692
3534.391763680 0.416805238 0.485242426 2.037875891 0.029287450 0.004098793 -0.018060125 0.999399483
3534.423998912 0.413884372 0.483284682 2.043697834 0.027675314 0.004544822 -0.017756395 0.999448895
3534.455768160 0.414574057 0.483302534 2.050766706 0.027515061 0.005799720 -0.016767485 0.999463916
3534.488698464 0.414574057 0.483302534 2.050766706 0.027515061 0.005799720 -0.016767485 0.999463916
3534.520926848 0.418055385 0.479203820 2.071707249 0.027690081 0.005829012 -0.018191341 0.999433994
3534.553730944 0.418570906 0.480814904 2.094392300 0.022914972 0.005120729 -0.022528384 0.999470472
3534.585306400 0.422322690 0.493676305 2.126499414 0.025939289 0.005161447 -0.023476804 0.999374509
3534.617994688 0.422322690 0.493676305 2.126499414 0.025939289 0.005161447 -0.023476804 0.999374509
3534.649567040 0.422322690 0.493676305 2.126499414 0.025939289 0.005161447 -0.023476804 0.999374509
3534.681386624 0.423683733 0.493305326 2.157377243 0.027216885 0.008955753 -0.023280680 0.999318302
3534.713063552 0.427078098 0.484097242 2.193830252 0.029405527 0.013377457 -0.022390667 0.999227226
3534.745086784 0.427078098 0.484097242 2.193830252 0.029405527 0.013377457 -0.022390667 0.999227226
3534.776617376 0.709037840 0.595564723 -0.623921156 0.027341345 0.007200608 -0.033178970 0.999049425
3534.808433728 1.075447559 0.751458108 -3.361177921 0.028590148 -0.000584813 -0.044116173 0.998617053
3534.840288864 1.480971336 0.898086667 -6.109805107 0.028797664 -0.008397621 -0.057893574 0.997871995
3534.882288448 1.480971336 0.898086667 -6.109805107 0.028797664 -0.008397621 -0.057893574 0.997871995
3534.914440448 1.468272805 0.895798266 -6.722351074 0.027551752 -0.015217484 -0.056465574 0.997908294
3534.946242656 1.468849778 0.905797184 -7.342627525 0.029989002 -0.022244597 -0.057331648 0.997656703
3534.980057824 1.677387595 0.901328802 -7.503464699 0.028053030 -0.029426757 -0.064593703 0.997083127
3535.011755776 1.677387595 0.901328802 -7.503464699 0.028053030 -0.029426757 -0.064593703 0.997083127
3535.044025728 1.918609381 0.485294908 -15.862633705 -0.035177596 -0.070767656 0.063798316 0.994828761
3535.075635936 3.046621323 -1.003115296 -23.969997406 -0.099815711 -0.109181397 0.183509454 0.971823335
3535.107298400 -1.072920799 0.229609609 -37.866634369 -0.044001937 0.032947067 -0.150008366 0.987155437
3535.139394496 -1.072920799 0.229609609 -37.866634369 -0.044001937 0.032947067 -0.150008366 0.987155437
3535.173051328 -1.072920799 0.229609609 -37.866634369 -0.044001937 0.032947067 -0.150008366 0.987155437
3535.204753568 -1.066816449 0.233259082 -37.774379730 -0.044480056 0.031046595 -0.154938325 0.986433864
3535.236451168 -1.067270637 0.237930447 -37.683937073 -0.044531792 0.029965222 -0.158129722 0.985958397
3535.269579872 -1.067270637 0.237930447 -37.683937073 -0.044531792 0.029965222 -0.158129722 0.985958397
3535.301324256 -3.244666576 0.903132915 -42.002876282 -0.041635983 0.035688069 -0.153146043 0.986680865
3535.340940896 -6.041479111 1.754389882 -47.344348907 -0.037307184 0.042651497 -0.146623522 0.987567961
3535.372667264 -8.568944931 2.521518230 -51.928508759 -0.033018965 0.054190308 -0.147914454 0.986962259
3535.405859360 -8.568944931 2.521518230 -51.928508759 -0.033018965 0.054190308 -0.147914454 0.986962259
3535.437382528 -8.442413330 2.524068356 -51.700614929 -0.032701924 0.053259633 -0.143389717 0.987690985
3535.469136512 -8.319631577 2.541252375 -51.449577332 -0.030248690 0.050455492 -0.144414857 0.987766981
3535.500890336 -8.192824364 2.547989607 -51.200202942 -0.031821184 0.046478655 -0.141113997 0.988389611
3535.533210976 -8.192824364 2.547989607 -51.200202942 -0.031821184 0.046478655 -0.141113997 0.988389611
3535.564628896 -7.995162010 2.473900080 -50.946830750 -0.034160301 0.043141462 -0.147754341 0.987492085
3535.596039808 -7.803892136 2.340250969 -50.769042969 -0.040720183 0.040830191 -0.150417998 0.986939311
3535.627895040 -7.588004589 2.191901445 -50.600234985 -0.048383575 0.036545191 -0.152838930 0.986389220
3535.660188224 -7.588004589 2.191901445 -50.600234985 -0.048383575 0.036545191 -0.152838930 0.986389220
3535.693059872 -7.588004589 2.191901445 -50.600234985 -0.048383575 0.036545191 -0.152838930 0.986389220
3535.725290656 -7.573858261 2.193597555 -50.507244110 -0.047732688 0.035075963 -0.152376264 0.986545861
3535.756897984 -7.567948818 2.200827360 -50.395584106 -0.050728198 0.033728488 -0.159582809 0.985303164
3535.789790432 -7.567948818 2.200827360 -50.395584106 -0.050728198 0.033728488 -0.159582809 0.985303164
3535.822604896 -7.540034294 2.221502781 -50.317695618 -0.049601331 0.033604845 -0.154151037 0.986229122
3535.854151872 -7.535465717 2.232900858 -50.211547852 -0.047845349 0.034387115 -0.153921574 0.986324728
3535.885858592 -7.535880566 2.238012552 -50.114330292 -0.046087120 0.035578776 -0.150905639 0.986832082
3535.918444608 -7.535880566 2.238012552 -50.114330292 -0.046087120 0.035578776 -0.150905639 0.986832082
3535.951882336 -7.512961864 1.189205527 -53.052761078 -0.055257510 0.026526876 0.034731116 0.997515261
3535.990692224 -7.018278122 0.052995682 -56.448413849 -0.063397542 0.015021977 0.247133583 0.966788530
3536.026070592 -6.160222530 -0.472908974 -58.781097412 -0.075269654 -0.002736126 0.448819190 0.890442789
3536.057616896 -6.160222530 -0.472908974 -58.781097412 -0.075269654 -0.002736126 0.448819190 0.890442789
3536.090072160 -5.626569748 -0.495422304 -58.263298035 -0.071344718 -0.011166370 0.527515531 0.846470714
3536.121452448 -5.234889030 -0.359829903 -57.572967529 -0.071260154 -0.016319511 0.591631353 0.802887321
3536.153523328 -5.185697079 -0.107358456 -56.301742554 -0.062350683 -0.003192315 0.656899035 0.751389384
3536.184981248 -5.185697079 -0.107358456 -56.301742554 -0.062350683 -0.003192315 0.656899035 0.751389384
3536.216515488 -5.185697079 -0.107358456 -56.301742554 -0.062350683 -0.003192315 0.656899035 0.751389384
3536.248383936 -5.170710087 -0.094733901 -56.234062195 -0.062178150 -0.002792357 0.657711923 0.750693977
3536.279760256 -5.176424980 -0.092161052 -56.143928528 -0.062966630 -0.002404701 0.657251120 0.751032829
3536.311386880 -5.176424980 -0.092161052 -56.143928528 -0.062966630 -0.002404701 0.657251120 0.751032829
3536.346379552 -5.205217361 -0.030433349 -55.736003876 -0.063528068 -0.003812694 0.648208082 0.758798897
3536.378019968 -5.212625504 -0.001033951 -55.583103180 -0.060331795 0.001896455 0.644164622 0.762501419
3536.409620064 -5.197730064 0.001624133 -55.430370331 -0.067845210 0.002847784 0.633050919 0.771126091
3536.441266464 -5.197730064 0.001624133 -55.430370331 -0.067845210 0.002847784 0.633050919 0.771126091
3536.473538304 -5.226235867 0.033182207 -55.629459381 -0.068242684 0.002523767 0.623592854 0.778760791
3536.505339360 -5.230176449 0.047985617 -55.513275146 -0.064883083 0.011857984 0.616203785 0.784820020
3536.538552928 -5.240617752 0.061804146 -55.374683380 -0.067090504 0.015899327 0.605891645 0.792553723
3536.570096608 -5.240617752 0.061804146 -55.374683380 -0.067090504 0.015899327 0.605891645 0.792553723
3536.603823072 -5.242943287 0.007696629 -55.150707245 -0.072645061 0.017973481 0.598735273 0.797443330
3536.635368896 -5.208687305 0.007799320 -55.038921356 -0.065494396 0.025877062 0.593532324 0.801723301
3536.667843392 -5.145858288 0.006382911 -54.882408142 -0.073000409 0.024706537 0.586413801 0.806336999
3536.699673344 -5.145858288 0.006382911 -54.882408142 -0.073000409 0.024706537 0.586413801 0.806336999
3536.731227584 -5.382148743 0.155983284 -54.407974243 -0.071113408 0.026316199 0.579123616 0.811705709
3536.765384800 -5.645493507 0.321386904 -53.909408569 -0.063482247 0.034560900 0.575027823 0.814934671
3536.797276576 -5.912741661 0.378580153 -53.456893921 -0.069913588 0.042781606 0.560909271 0.823809803
3536.828960512 -5.912741661 0.378580153 -53.456893921 -0.069913588 0.042781606 0.560909271 0.823809803
3536.860861952 -6.066179752 0.218198419 -53.497623444 -0.071442991 0.050939154 0.563889921 0.821175575
3536.892530336 -6.234218121 0.074505582 -53.534587860 -0.066577531 0.059990030 0.572305560 0.815128744
3536.924301728 -6.192168713 -0.006045371 -53.734634399 -0.067588843 0.060171299 0.562533319 0.821807384
3536.966859040 -6.192168713 -0.006045371 -53.734634399 -0.067588843 0.060171299 0.562533319 0.821807384
3536.998743520 -4.095289230 2.144471884 -35.131629944 -0.062459279 0.050883211 0.501029193 0.861672461
3537.031156480 -4.023340225 2.281569719 -35.238071442 -0.059372205 0.041559108 0.496863812 0.864797235
3537.062646336 -4.051204205 2.397108793 -35.176448822 -0.046323664 0.044908192 0.493104428 0.867574394
3537.094068384 -4.051204205 2.397108793 -35.176448822 -0.046323664 0.044908192 0.493104428 0.867574394
3537.125323936 -4.320914268 2.322571754 -35.907939911 -0.043767691 0.051744644 0.487362266 0.870565832
3537.156664800 -4.621725559 2.250157356 -36.610271454 -0.039977591 0.060227811 0.482102931 0.873127222
3537.188095520 -5.047624588 0.012788296 -36.655288696 -0.131743938 0.174603373 0.547883928 0.807453036
3537.219904896 -5.047624588 0.012788296 -36.655288696 -0.131743938 0.174603373 0.547883928 0.807453036
3537.251436288 -5.035596371 -0.002201565 -36.537494659 -0.132933304 0.176003233 0.550936580 0.804872930
3537.283104736 -5.015637875 0.030242495 -36.372333527 -0.136592090 0.177283257 0.550715625 0.804130316
3537.314597088 -4.993249893 0.091633774 -36.245658875 -0.136026144 0.176280007 0.552133679 0.803474128
3537.346374144 -4.993249893 0.091633774 -36.245658875 -0.136026144 0.176280007 0.552133679 0.803474128
3537.379752640 -5.061848164 0.196694762 -35.972862244 -0.131353691 0.181340948 0.558864534 0.798456073
3537.411081760 -5.136983871 0.279001296 -35.704021454 -0.126445264 0.190476671 0.566499412 0.791712463
3537.442645824 -5.205489635 0.351007611 -35.478580475 -0.116536416 0.197492659 0.572628319 0.787091255
3537.474302880 -5.205489635 0.351007611 -35.478580475 -0.116536416 0.197492659 0.572628319 0.787091255
3537.505858464 -5.197472095 0.429168075 -35.280860901 -0.115120858 0.198330536 0.571301401 0.788052619
3537.538736896 -5.161969662 0.480069637 -35.168819427 -0.118501320 0.193800658 0.567540646 0.791388929
3537.571105184 -5.128905773 0.523942113 -35.052661896 -0.118860260 0.194861874 0.574569702 0.785983980
3537.603838912 -5.128905773 0.523942113 -35.052661896 -0.118860260 0.194861874 0.574569702 0.785983980
3537.635603552 -4.546689510 -0.100033879 -35.206092834 -0.130279988 0.187743261 0.618300676 0.751986563
3537.667034752 -4.303017139 0.062961400 -34.912181854 -0.148371667 0.179580033 0.609240770 0.757999063
3537.698440064 -4.453476429 -0.031212658 -34.893127441 -0.150109202 0.202376530 0.594260752 0.763783395
3537.729877344 -4.453476429 -0.031212658 -34.893127441 -0.150109202 0.202376530 0.594260752 0.763783395
3537.761597568 -4.432363510 0.059063211 -34.756584167 -0.148483396 0.204559594 0.597704589 0.760826766
3537.792816032 -4.403584003 0.057007898 -34.705070496 -0.152226225 0.209959805 0.600785375 0.756175220
3537.824364896 -4.401184559 -0.030217197 -34.756500244 -0.158822834 0.206515148 0.599343717 0.756910741
3537.855794784 -4.401184559 -0.030217197 -34.756500244 -0.158822834 0.206515148 0.599343717 0.756910741
3537.887161056 -4.419029236 0.037740294 -34.829380035 -0.156452239 0.205225319 0.599764645 0.757421672
3537.918876224 -4.330865383 0.364007533 -34.790512085 -0.144477695 0.188193426 0.611733377 0.754646778
3537.950535136 -4.269672394 0.662648737 -34.655056000 -0.135597333 0.174013376 0.622427642 0.750943661
3537.982345376 -4.269672394 0.662648737 -34.655056000 -0.135597333 0.174013376 0.622427642 0.750943661
3538.014816448 -4.294449806 0.576441765 -34.707069397 -0.138244361 0.175157607 0.619616210 0.752518535
3538.046405728 -4.281836510 0.569941580 -34.721580505 -0.133030027 0.183370367 0.634729385 0.738780737
3538.077718784 -4.263919830 0.582672238 -34.666721344 -0.134300709 0.192375451 0.644343674 0.727857292
3538.109306336 -4.263919830 0.582672238 -34.666721344 -0.134300709 0.192375451 0.644343674 0.727857292
3538.141142560 -4.303213596 0.519148052 -34.696952820 -0.135390669 0.196568668 0.646169841 0.724910140
3538.172855552 -4.267365456 0.584969759 -34.579528809 -0.128941447 0.201223969 0.649433792 0.721885502
3538.204940224 -4.275566101 0.452621758 -34.565635681 -0.134406790 0.202888474 0.648642421 0.721133947
3538.236115232 -4.275566101 0.452621758 -34.565635681 -0.134406790 0.202888474 0.648642421 0.721133947
3538.267315040 -4.255283356 0.375556320 -34.668190002 -0.138307080 0.200671926 0.651110828 0.718788326
3538.298793984 -4.231016636 0.405307025 -34.598239899 -0.138048515 0.201513931 0.648281753 0.721155703
3538.330310080 -4.258227348 0.469129980 -34.597583771 -0.144685000 0.188339323 0.671795309 0.701630712
3538.361555200 -4.146100998 0.944297671 -33.738185883 -0.138714433 0.190053836 0.654271007 0.718726158
3538.393515488 -4.090738773 1.432378173 -32.841350555 -0.125547066 0.192653060 0.643806517 0.729819119
3538.424913344 -3.959254026 1.839160204 -31.978548050 -0.130167544 0.193827003 0.631658018 0.739253402
3538.456318720 -4.125442505 2.217010975 -31.556795120 -0.119834110 0.204097062 0.603877604 0.761128128
3538.487803648 -4.195185184 2.254961967 -31.540393829 -0.119554266 0.203900769 0.605783403 0.759709001
3538.520086976 -4.258855343 2.390660524 -31.539617538 -0.116351113 0.196950644 0.604176104 0.763311327
3538.560086848 -4.359078407 2.507210493 -31.561578751 -0.117566526 0.192107692 0.589318454 0.775871515
3538.592256000 -4.437507629 2.567267418 -31.571725845 -0.123337984 0.191063240 0.576479077 0.784827650
3538.655632352 -4.402561665 2.679757595 -31.331102371 -0.137037426 0.178542778 0.575496614 0.786223173
3538.686928096 -4.565475941 2.433102846 -31.446256638 -0.130474702 0.183654025 0.593351245 0.772775471
3538.718930848 -4.746103764 2.178062677 -31.542562485 -0.118740581 0.193749994 0.606870770 0.761623025
3538.750396096 -4.917009830 1.731534958 -31.164497375 -0.131870091 0.239126563 0.625608563 0.730782270
3538.781937184 -4.878851414 1.688791513 -31.034139633 -0.133295193 0.253029644 0.615940630 0.734047353
3538.814850944 -4.841660500 1.740754128 -30.886442184 -0.125924617 0.258457720 0.601678848 0.745201409
3538.846216896 -4.828057766 1.769218802 -30.800888062 -0.098538950 0.271540940 0.587610722 0.755823553
3538.877671808 -4.885352135 1.769902587 -30.858602524 -0.077431776 0.285859168 0.585175872 0.754889429
3538.909126048 -4.846248627 1.830261350 -30.717067719 -0.075065345 0.281104565 0.586747229 0.755693853
3538.940603936 -4.806558609 1.896879911 -30.598825455 -0.086548470 0.269670159 0.600512624 0.747777998
3538.972139360 -4.737010479 1.923481822 -30.489370346 -0.115296483 0.253058612 0.613419235 0.739178538
3539.003594592 -4.889405727 1.702124476 -31.252796173 -0.134567022 0.228721395 0.639082611 0.721908331
3539.035115712 -4.308580399 1.393944025 -31.521554947 -0.160580859 0.205894634 0.668335259 0.696526468
3539.066644384 -3.928150654 1.173930168 -31.713096619 -0.152746662 0.217406660 0.680056214 0.683320045
3539.098057376 -3.527231693 0.970261812 -31.933891296 -0.147219703 0.224287584 0.690586448 0.671648562
3539.129517472 -3.242125034 0.817082047 -32.110507965 -0.138850063 0.238832504 0.688595593 0.670459449
3539.161164736 -2.788570404 0.631988049 -31.929269791 -0.149576798 0.251235187 0.677317917 0.675091147
3539.192792160 -4.053576469 -1.307022095 -34.445156097 -0.251898021 0.247040138 0.395367026 0.848058641
3539.224080960 -4.906324387 -3.574408054 -37.923789978 -0.232798710 0.244018257 0.359673023 0.869997203
3539.255429120 -5.923927784 -5.664447784 -41.450206757 -0.212808341 0.244463250 0.320209205 0.890177727
3539.287209344 -7.285321712 -7.660258770 -44.947628021 -0.194096118 0.259071440 0.276431680 0.904872477
3539.321843712 -8.188689232 -11.415803909 -49.134941101 -0.251419038 0.240094274 0.301718950 0.887754977
3539.353450336 -8.291625023 -15.014139175 -52.522277832 -0.306768566 0.211317956 0.331430584 0.866828442
3539.385098464 -8.116868973 -18.584930420 -55.942096710 -0.329630226 0.191207975 0.364890158 0.849493146
3539.416525312 -6.964197636 -22.420820236 -59.042461395 -0.383778155 0.149590760 0.409317374 0.814122975
3539.448059616 -5.969702721 -26.318618774 -62.274784088 -0.391674429 0.155604765 0.468476743 0.776471376
3539.479634112 -5.809002876 -27.052688599 -62.917957306 -0.398982763 0.144712672 0.462685913 0.778326869
3539.511430464 -5.657790661 -27.769479752 -63.546653748 -0.401642889 0.135859817 0.460337937 0.779944956
3539.543244480 -5.494217873 -28.523052216 -64.189842224 -0.404940039 0.127077460 0.456834435 0.781778216
3539.577050336 -5.778229713 -30.345439911 -65.634986877 -0.403302193 0.137081221 0.450113237 0.784827471
3539.608485536 -6.093473434 -31.873388290 -66.739250183 -0.402855396 0.140507728 0.433369964 0.793823421
3539.640623904 -6.437512875 -33.483242035 -67.898300171 -0.403220117 0.141813546 0.419178754 0.800994158
3539.672617664 -6.799879551 -34.932193756 -68.481277466 -0.428986222 0.129953951 0.338051945 0.827528656
3539.704027808 -6.906906605 -35.945369720 -68.898269653 -0.438435316 0.124979347 0.312182695 0.833484650
3539.735434944 -6.860403061 -35.750366211 -68.734344482 -0.436338603 0.124807365 0.321285009 0.831148386
3539.766706592 -6.806342602 -35.588886261 -68.588867188 -0.439107269 0.121879108 0.332648367 0.825636327
3539.798102432 -6.931896687 -35.595081329 -67.932289124 -0.480840892 0.146211535 0.316744477 0.804417253
3539.829629632 -6.965448856 -35.594776154 -67.957336426 -0.479138643 0.143214673 0.318005025 0.805474043
3539.861340000 -6.912063599 -35.229194641 -67.731384277 -0.474125803 0.141650543 0.321655124 0.807265639
3539.897185344 -6.826183796 -34.858039856 -67.599151611 -0.470542014 0.134069577 0.339684099 0.803262293
3539.931885568 -6.803243637 -34.928516388 -67.565689087 -0.473298967 0.130187422 0.349157661 0.798203111
3539.963363456 -6.838387489 -34.964874268 -67.534248352 -0.472631693 0.130754977 0.347211599 0.799353778
3539.994991488 -6.724032402 -34.807102203 -67.315132141 -0.481646657 0.128282741 0.349480033 0.793362319
3540.026463936 -6.746919155 -34.725093842 -67.267097473 -0.487401396 0.125219569 0.348566741 0.790734529
3540.060646272 -7.141892433 -34.225776672 -67.600341797 -0.389174104 0.138895214 0.294406891 0.861728609
3540.092440096 -7.276775360 -34.527931213 -67.758857727 -0.404211104 0.129970819 0.267815232 0.864867628
3540.123834656 -7.373261452 -34.735588074 -67.861007690 -0.406866997 0.129367754 0.253980994 0.867880702
3540.163521952 -7.298424244 -34.779994965 -67.866210938 -0.404905856 0.123998433 0.279445857 0.861734092
3540.195211104 -7.304440975 -34.735504150 -67.774070740 -0.404735446 0.131620914 0.291191280 0.856780469
3540.226695488 -7.328207493 -34.755134583 -67.808525085 -0.403370827 0.133839637 0.285950541 0.858842969
3540.258335616 -7.274400711 -34.704631805 -67.775550842 -0.401696771 0.139827430 0.293785661 0.856024504
3540.289795840 -7.212553501 -34.561931610 -67.759078979 -0.392719537 0.143446386 0.310069084 0.853845239
3540.321688064 -7.135460854 -34.611949921 -67.691200256 -0.392353207 0.143999100 0.348527282 0.838958859
3540.353333760 -7.124867916 -34.619514465 -67.662887573 -0.389632881 0.152318016 0.344144553 0.840565264
3540.384988736 -7.079834461 -34.594146729 -67.622871399 -0.392652303 0.157831907 0.343900204 0.838239789
3540.420506144 -7.014751911 -34.508911133 -67.570075989 -0.396259397 0.162289441 0.339709818 0.837399483
3540.452354592 -7.605989456 -37.275062561 -70.103591919 -0.401404768 0.177427366 0.319065899 0.839994490
3540.483865728 -7.589160442 -37.484935760 -70.422302246 -0.402825356 0.177194893 0.316514045 0.840328813
3540.515574848 -7.564970493 -37.365505219 -70.238655090 -0.402041882 0.185826942 0.318324268 0.838152945
3540.546993344 -7.408598423 -37.075157166 -69.381370544 -0.434766352 0.188115299 0.274886072 0.836677074
3540.580880448 -7.408598423 -37.075157166 -69.381370544 -0.434766352 0.188115299 0.274886072 0.836677074
3540.613310848 -7.392727375 -37.058502197 -69.410324097 -0.435053915 0.191212475 0.270602793 0.837221622
3540.645509216 -7.401621819 -37.108074188 -69.337371826 -0.443085581 0.188265979 0.258046746 0.837641299
3540.677080096 -7.230200768 -37.146724701 -69.101676941 -0.456690133 0.183193833 0.254514992 0.832524061
3540.708587040 -7.340914726 -38.157741547 -69.917770386 -0.476646781 0.193774939 0.256398350 0.818241477
3540.740295008 -7.358566284 -38.160388947 -69.939682007 -0.476948738 0.191673607 0.253744185 0.819387019
3540.772248128 -7.214477062 -37.898792267 -69.766502380 -0.475877553 0.189577058 0.238358185 0.825097859
3540.803385664 -7.307033062 -36.469738007 -68.535690308 -0.484074354 0.197154701 0.205562398 0.827373028
3540.834853120 -7.985789776 -37.554161072 -69.142539978 -0.475984007 0.226007968 0.192589194 0.827809751
3540.866202464 -8.015334129 -37.587966919 -69.206588745 -0.476689339 0.223947957 0.195496216 0.827282190
3540.897626816 -7.997478962 -37.361209869 -69.043670654 -0.469942421 0.231369808 0.211238623 0.825227439
3540.929217056 -8.352451324 -36.478099823 -68.056808472 -0.479720920 0.249657005 0.174423873 0.822870314
3540.960754784 -8.662108421 -37.581996918 -68.605583191 -0.480281502 0.251518369 0.168440208 0.823222995
3540.993183680 -8.657512665 -37.535339355 -68.626434326 -0.478725910 0.248173460 0.172271013 0.824350715
3541.025157504 -8.959433556 -37.332904816 -68.860786438 -0.466101229 0.243750557 0.143521920 0.838293970
3541.058248256 -9.009089470 -36.566074371 -68.727706909 -0.451685935 0.233987913 0.097527750 0.855405092
3541.089685376 -9.026371002 -35.823791504 -68.627372742 -0.430878967 0.224390984 0.086208060 0.869804680
3541.121318080 -9.061405182 -35.941802979 -68.649002075 -0.439120233 0.219207600 0.079474330 0.867643476
3541.153002304 -8.270062447 -35.505226135 -69.042938232 -0.427387953 0.126338795 -0.010375371 0.895137131
3541.184438528 -7.756380558 -34.925647736 -69.388191223 -0.392775118 0.068698525 -0.062299229 0.914946437
3541.216012480 -8.731341362 -34.095962524 -70.960807800 -0.301229924 0.101023145 -0.063911371 0.946028650
3541.247668832 -8.749486923 -34.106082916 -70.947998047 -0.301245481 0.099720448 -0.069562070 0.945763230
3541.278883488 -8.586084366 -33.988788605 -70.575027466 -0.305845737 0.097610056 -0.053763550 0.945536971
3541.310331840 -8.123080254 -33.643749237 -69.605216980 -0.305904686 0.091770962 -0.046157680 0.946504056
3541.342723296 -4.952097893 -35.419403076 -70.316780090 -0.375024796 -0.130313620 0.010852932 0.917745590
3541.374448672 -4.977051258 -35.407535553 -70.299972534 -0.382063955 -0.130397066 0.009150811 0.914844215
3541.406050208 -5.186264515 -35.106517792 -70.003654480 -0.375340164 -0.124493591 0.011235338 0.918419778
3541.439470336 -5.500665665 -34.702159882 -69.666603088 -0.358509123 -0.106514059 0.016623028 0.927280784
3541.471343072 -5.500665665 -34.702159882 -69.666603088 -0.358509123 -0.106514059 0.016623028 0.927280784
3541.502824544 -5.526116371 -34.672092438 -69.680847168 -0.353608012 -0.103736155 0.024825072 0.929292142
3541.534400480 -5.526484966 -34.306907654 -68.945335388 -0.353694975 -0.084905304 0.073644437 0.928583562
3541.565667200 -5.709161758 -33.738605499 -68.073852539 -0.350367337 -0.080488622 0.079458952 0.929758370
3541.597086848 -5.799752712 -33.183265686 -67.163551331 -0.349130839 -0.083758354 0.080435798 0.929850638
3541.628465472 -5.797112942 -33.143474579 -67.149330139 -0.352171451 -0.084109232 0.083031423 0.928443134
3541.660163136 -5.847192764 -33.032169342 -66.975791931 -0.354386210 -0.084463842 0.082498446 0.927615404
3541.692886880 -5.900307178 -32.892383575 -66.772827148 -0.355950922 -0.085578561 0.081096910 0.927037537
3541.724763744 -5.944907188 -32.770862579 -66.567512512 -0.360210240 -0.087639771 0.081771247 0.925138533
3541.757175584 -5.925456524 -32.740379333 -66.551971436 -0.360496521 -0.086669594 0.092051379 0.924152136
3541.788612288 -6.008837223 -32.702873230 -66.327140808 -0.377008885 -0.089573912 0.075733751 0.918752015
3541.819977888 -6.180600643 -32.579822540 -66.086143494 -0.390198052 -0.085784510 0.040840644 0.915815771
3541.852558976 -6.293868065 -32.637432098 -65.766647339 -0.431499213 -0.092305101 0.002342970 0.897375464
3541.884201504 -6.313425064 -32.582431793 -65.779975891 -0.430806607 -0.090285145 0.006104625 0.897895873
3541.918352320 -6.406922340 -32.426959991 -65.537483215 -0.432957619 -0.089998476 0.007380793 0.896879852
3541.951027040 -6.510657310 -32.304447174 -65.309280396 -0.436579049 -0.089175895 0.003604010 0.895228148
3541.983881792 -6.615997791 -32.221954346 -65.091049194 -0.441972494 -0.087903954 -0.001622785 0.892709672
3542.015908704 -6.694089413 -32.198268890 -64.969375610 -0.447481006 -0.085728571 -0.005602780 0.890157282
3542.047769792 -6.770854473 -32.084617615 -64.797729492 -0.454210013 -0.081506029 -0.000826296 0.887158036
3542.079184608 -6.747342587 -31.907995224 -64.674026489 -0.455036968 -0.085303254 0.021119820 0.886125684
3542.110745568 -6.767253876 -31.750032425 -64.564208984 -0.456857055 -0.086149998 0.032947693 0.884745300
3542.142551456 -6.775836945 -31.651475906 -64.494010925 -0.458144039 -0.086531699 0.033789501 0.884010494
3542.173878048 -6.747162819 -31.509593964 -64.197753906 -0.457382053 -0.086675212 0.040115625 0.884126544
3542.205530528 -6.720340729 -31.373624802 -63.867733002 -0.460877389 -0.089771241 0.041886806 0.881917596
3542.237363264 -6.999086857 -30.985078812 -62.811771393 -0.484744817 -0.089292921 0.038045872 0.869253576
3542.268759040 -7.051858425 -30.933248520 -62.817535400 -0.481094092 -0.086525127 0.040885814 0.871429980
3542.300455168 -7.181508541 -30.658668518 -62.600833893 -0.482879281 -0.082676075 0.053209234 0.870149970
3542.333512096 -7.313779831 -30.376514435 -62.363098145 -0.486513823 -0.080297194 0.064411178 0.867587388
3542.365138720 -7.466050625 -30.096458435 -62.137535095 -0.487766176 -0.077310003 0.072037354 0.866555214
3542.396564608 -7.518682003 -30.078868866 -62.046356201 -0.491765529 -0.074582569 0.071164586 0.864603758
3542.428291104 -7.486599445 -29.892227173 -61.861068726 -0.498424411 -0.079165675 0.072661005 0.860247791
3542.460181568 -7.470196724 -29.680236816 -61.683250427 -0.502012670 -0.082473099 0.072387055 0.857870340
3542.492210752 -7.472220421 -29.456411362 -61.503696442 -0.505240262 -0.084059708 0.072045438 0.855847955
3542.523694592 -7.512065887 -29.662296295 -61.109512329 -0.527865529 -0.082907632 0.066573992 0.842645943
3542.555151552 -7.544143200 -29.677629471 -60.922180176 -0.534802735 -0.081611603 0.070956059 0.838027954
3542.589234496 -7.570975780 -29.692745209 -60.728527069 -0.540037990 -0.081437670 0.076715283 0.834171236
3542.621073568 -7.661971569 -29.626054764 -60.612552643 -0.541457474 -0.076827697 0.075478621 0.833801091
3542.653205216 -7.658149242 -29.452762604 -60.643074036 -0.532899916 -0.075836733 0.077976525 0.839157939
3542.684538432 -7.792797565 -29.244014740 -60.651355743 -0.527853429 -0.069240272 0.077851035 0.842921019
3542.716039744 -8.005462646 -29.072383881 -60.695755005 -0.522400856 -0.050973710 0.083389118 0.847080469
3542.750687616 -8.213780403 -28.890321732 -60.736351013 -0.515701950 -0.036066562 0.091452993 0.851109326
3542.782541152 -8.228873253 -28.752967834 -60.715427399 -0.513129473 -0.033550631 0.094135039 0.852473497
3542.815610752 -8.246413231 -28.701520920 -60.532634735 -0.522482634 -0.031952634 0.093346611 0.846922338
3542.853187008 -8.273483276 -28.617750168 -60.330093384 -0.532538116 -0.030818060 0.088757560 0.841175020
3542.884677696 -8.296932220 -28.554504395 -60.178134918 -0.540889025 -0.030111259 0.084338732 0.836312950
3542.916170816 -8.398360252 -28.402910233 -60.187282562 -0.535784543 -0.023649504 0.078633495 0.840352535
3542.949051328 -8.425656319 -28.293313980 -60.057674408 -0.534629166 -0.020258214 0.079133697 0.841129661
3542.982682752 -8.472866058 -28.220735550 -59.871566772 -0.546111166 -0.017743278 0.072738409 0.834360123
3543.025067392 -8.525588989 -28.097738266 -59.725406647 -0.553069592 -0.013457495 0.068081349 0.830239594
3543.056551712 -8.532424927 -27.973728180 -59.670211792 -0.552410126 -0.012244690 0.070678413 0.830480397
3543.088013536 -8.549924850 -27.893268585 -59.572437286 -0.560798168 -0.009645791 0.075080343 0.824484885
3543.119793920 -8.586449623 -27.788249969 -59.500774384 -0.561788261 -0.003601745 0.075101368 0.823857248
3543.151406464 -8.624547005 -27.682804108 -59.447368622 -0.564486802 -0.000098957 0.070496745 0.822426260
3543.183066848 -8.670372963 -27.540622711 -59.451423645 -0.560099542 0.003789073 0.072382301 0.825248420
3543.214626560 -8.653206825 -27.448616028 -59.319171906 -0.563916266 0.002979901 0.071818963 0.822697759
3543.246293824 -8.646801949 -27.295186996 -59.308437347 -0.542166829 -0.002317545 0.033427600 0.839602530
3543.277643296 -8.809338570 -27.341159821 -59.167415619 -0.542941332 0.015197740 -0.015857987 0.839483321
3543.309264512 -8.745385170 -27.010120392 -59.047313690 -0.529711306 0.001970892 -0.012601231 0.848082066
3543.341902720 -8.727491379 -26.632701874 -58.911750793 -0.511388540 -0.006891862 -0.015480188 0.859182537
3543.383398848 -7.635355949 -27.396028519 -58.820941925 -0.512669563 -0.012795703 -0.009533968 0.858437717
3543.415727968 -6.939933300 -26.737916946 -58.612045288 -0.482820988 0.043154147 -0.179409638 0.856057107
3543.447304640 -15.894922256 -41.604087830 -69.669319153 -0.501180470 0.075359643 -0.200168058 0.838493764
3543.478603648 -18.241909027 -40.080509186 -69.967948914 -0.498071402 0.087295376 -0.210422009 0.836676121
3543.513345824 -18.241909027 -40.080509186 -69.967948914 -0.498071402 0.087295376 -0.210422009 0.836676121
3543.545138720 -18.230472565 -40.070610046 -69.985855103 -0.491528720 0.080869123 -0.212944612 0.840544045
3543.576776384 -18.288902283 -40.104892731 -69.928985596 -0.491691709 0.081040062 -0.212940350 0.840433300
3543.609090112 -18.320344925 -40.028331757 -69.859550476 -0.485888898 0.086598575 -0.218224302 0.841897130
3543.642522496 -18.298925400 -40.121921539 -69.810951233 -0.486100495 0.086464740 -0.218106538 0.841819286
3543.673959456 -18.298007965 -40.047397614 -69.894485474 -0.459025502 0.094669558 -0.203531012 0.859597802
3543.705639712 -18.185844421 -39.972282410 -69.803009033 -0.486394793 0.086909108 -0.201181024 0.845809162
3543.737187968 -18.016704559 -39.761737823 -69.877502441 -0.447493672 0.072116941 -0.199681982 0.868720710
3543.769866208 -18.016704559 -39.761737823 -69.877502441 -0.447493672 0.072116941 -0.199681982 0.868720710
3543.801582784 -17.844449997 -39.180961609 -69.744354248 -0.462149262 0.100744911 0.003884674 0.881052434
3543.833027712 -17.806346893 -39.788681030 -70.210037231 -0.462606847 0.124264799 0.203207642 0.853967071
3543.864506304 -19.004425049 -40.914028168 -70.323600769 -0.462268263 0.129122615 0.199672773 0.854263544
3543.895703456 -19.004425049 -40.914028168 -70.323600769 -0.462268263 0.129122615 0.199672773 0.854263544
3543.927284544 -19.004425049 -40.914028168 -70.323600769 -0.462268263 0.129122615 0.199672773 0.854263544
3543.958753664 -18.950044632 -40.948722839 -70.310836792 -0.467143804 0.125766337 0.198719040 0.852332234
3544.025045152 -18.950044632 -40.948722839 -70.310836792 -0.467143804 0.125766337 0.198719040 0.852332234
3544.056407424 -18.950044632 -40.948722839 -70.310836792 -0.467143804 0.125766337 0.198719040 0.852332234
3544.088071744 -18.936975479 -40.975719452 -70.334671021 -0.467119724 0.127074957 0.200655878 0.851697326
3544.119875232 -18.940284729 -40.978454590 -70.337142944 -0.466892570 0.127169326 0.202282637 0.851422966
3544.184732768 -18.940284729 -40.978454590 -70.337142944 -0.466892570 0.127169326 0.202282637 0.851422966
3544.216912768 -18.942428589 -40.977657318 -70.332946777 -0.466794759 0.127150983 0.200671881 0.851860344
3544.248230752 -18.951004028 -40.958072662 -70.320274353 -0.466700524 0.126837820 0.201508120 0.851761281
3544.279777856 -18.951004028 -40.958072662 -70.320274353 -0.466700524 0.126837820 0.201508120 0.851761281
3544.311747712 -18.951004028 -40.958072662 -70.320274353 -0.466700524 0.126837820 0.201508120 0.851761281
3544.344203584 -18.510007858 -42.038494110 -72.595741272 -0.467398316 0.133575991 0.210778549 0.848097086
3544.375617888 -14.754376411 -45.623149872 -82.317276001 -0.460172236 0.107557543 0.245566100 0.846386552
3544.440510752 -14.754376411 -45.623149872 -82.317276001 -0.460172236 0.107557543 0.245566100 0.846386552
3544.472502720 -14.721476555 -45.647045135 -82.333122253 -0.462128222 0.112284102 0.242959470 0.845458746
3544.503809568 -14.959556580 -45.731868744 -82.144058228 -0.464875221 0.121390417 0.238309324 0.844016612
3544.566977600 -14.959556580 -45.731868744 -82.144058228 -0.464875221 0.121390417 0.238309324 0.844016612
3544.598216512 -15.043975830 -45.747085571 -82.064765930 -0.468326032 0.123753563 0.235117674 0.842659771
3544.629818240 -15.087808609 -45.296138763 -82.015830994 -0.470342159 0.126297370 0.237085178 0.840605617
3544.693187936 -15.087808609 -45.296138763 -82.015830994 -0.470342159 0.126297370 0.237085178 0.840605617
3544.724835008 -15.178107262 -45.346000671 -81.971275330 -0.471839935 0.128333241 0.237642869 0.839299381
3544.757985760 -15.497144699 -45.632492065 -82.013290405 -0.477028668 0.130736083 0.237969682 0.835896015
3544.821657568 -15.497144699 -45.632492065 -82.013290405 -0.477028668 0.130736083 0.237969682 0.835896015
3544.853313984 -15.491132736 -45.623470306 -82.054443359 -0.476904780 0.130771294 0.237028897 0.836228430
3544.884992896 -20.295661926 -41.144508362 -69.892990112 -0.464313924 0.124771565 0.220514953 0.848656476
3544.949372032 -20.295661926 -41.144508362 -69.892990112 -0.464313924 0.124771565 0.220514953 0.848656476
3544.991420800 -20.270030975 -41.143680573 -69.914199829 -0.463965505 0.124118999 0.220062017 0.849060178
3545.025578496 -20.910942078 -40.714820862 -70.214782715 -0.451663971 0.132636592 0.227701440 0.852384448
3545.088614240 -20.910942078 -40.714820862 -70.214782715 -0.451663971 0.132636592 0.227701440 0.852384448
3545.120113696 -20.999479294 -40.777862549 -70.265129089 -0.455119699 0.136836484 0.231767803 0.848778844
3545.151569152 -20.918745041 -40.719554901 -70.227500916 -0.461761683 0.136694044 0.227588087 0.846341908
3545.216644064 -20.918745041 -40.719554901 -70.227500916 -0.461761683 0.136694044 0.227588087 0.846341908
3545.248053312 -20.989210129 -40.935817719 -70.214164734 -0.465459496 0.138744593 0.226153299 0.844364882
3545.279585536 -18.953243256 -34.907150269 -71.705360413 -0.450501353 0.137413740 0.217496380 0.854904294
3545.343106336 -18.953243256 -34.907150269 -71.705360413 -0.450501353 0.137413740 0.217496380 0.854904294
3545.374510624 -18.957506180 -34.864486694 -71.702598572 -0.449801803 0.137265980 0.216796502 0.855473936
3545.405885824 -18.736190796 -34.987152100 -71.806991577 -0.449363142 0.136231273 0.215787426 0.856124759
3545.469091008 -18.736190796 -34.987152100 -71.806991577 -0.449363142 0.136231273 0.215787426 0.856124759
3545.500805056 -18.723175049 -34.990573883 -71.806045532 -0.449455827 0.135105714 0.215603724 0.856300712
3545.533003488 -18.525508881 -35.187088013 -71.943824768 -0.450834453 0.133088514 0.210203633 0.857234001
3545.605970048 -18.525508881 -35.187088013 -71.943824768 -0.450834453 0.133088514 0.210203633 0.857234001
3545.637520896 -18.620450974 -35.232185364 -71.923675537 -0.451756597 0.133963794 0.207790956 0.857200444
3545.668950624 -18.455314636 -34.906539917 -71.817489624 -0.451891899 0.134785265 0.203786835 0.857961297
3545.734633216 -18.455314636 -34.906539917 -71.817489624 -0.451891899 0.134785265 0.203786835 0.857961297
3545.766225184 -18.435050964 -34.855964661 -71.806434631 -0.452791005 0.135394737 0.205398619 0.857006371
3545.797759712 -18.237129211 -34.968078613 -71.895408630 -0.462375581 0.125562653 0.213094294 0.851489067
3545.861253408 -18.237129211 -34.968078613 -71.895408630 -0.462375581 0.125562653 0.213094294 0.851489067
3545.892749760 -18.339061737 -34.974643707 -71.961654663 -0.461803228 0.125510275 0.210374609 0.852483153
3545.924587552 -17.198923111 -34.094299316 -71.956390381 -0.459505767 0.092061497 0.217796341 0.856121421
3545.988959840 -17.198923111 -34.094299316 -71.956390381 -0.459505767 0.092061497 0.217796341 0.856121421
3546.021683104 -16.914016724 -33.765296936 -71.597778320 -0.458077401 0.093763590 0.222218037 0.855565667
3546.060980288 -15.873556137 -32.268661499 -70.773483276 -0.457298964 0.091960527 0.218686283 0.857086480
3546.124296448 -15.873556137 -32.268661499 -70.773483276 -0.457298964 0.091960527 0.218686283 0.857086480
3546.155573920 -15.854847908 -32.199542999 -70.760871887 -0.456109583 0.091819160 0.220487848 0.857273817
3546.186629760 -15.707668304 -31.877380371 -70.639793396 -0.452010870 0.098136075 0.229782343 0.856303394
3546.249868736 -15.707668304 -31.877380371 -70.639793396 -0.452010870 0.098136075 0.229782343 0.856303394
3546.281879328 -15.710906029 -31.832204819 -70.592376709 -0.451038867 0.096832275 0.228696212 0.857254624
3546.313427808 -15.718708992 -31.890516281 -70.297111511 -0.456402332 0.097412683 0.227927446 0.854550600
3546.376590464 -15.718708992 -31.890516281 -70.297111511 -0.456402332 0.097412683 0.227927446 0.854550600
3546.407903552 -15.700365067 -31.820550919 -70.259323120 -0.460743755 0.099708706 0.225832582 0.852509797
3546.439533952 -15.778120995 -31.933097839 -70.221107483 -0.469991833 0.099640824 0.223021954 0.848198414
3546.505475264 -15.778120995 -31.933097839 -70.221107483 -0.469991833 0.099640824 0.223021954 0.848198414
3546.537191104 -15.774533272 -31.914159775 -70.216064453 -0.468995482 0.097223759 0.223339960 0.848946452
3546.568622656 -15.626015663 -31.765951157 -70.330802917 -0.465454459 0.093239337 0.227353722 0.850275755
3546.643036960 -15.626015663 -31.765951157 -70.330802917 -0.465454459 0.093239337 0.227353722 0.850275755
3546.674782688 -15.630232811 -31.684030533 -70.278602600 -0.463423818 0.094242319 0.228075668 0.851080656
3546.706234752 -15.315549850 -31.461126328 -70.014350891 -0.471714020 0.089174174 0.228298783 0.847002685
3546.769644512 -15.315549850 -31.461126328 -70.014350891 -0.471714020 0.089174174 0.228298783 0.847002685
3546.801223296 -15.263184547 -31.410741806 -70.014549255 -0.468410134 0.086642817 0.230463371 0.848511457
3546.833068192 -14.644111633 -31.756246567 -70.387802124 -0.486071587 0.064462557 0.220608354 0.843155324
3546.895770464 -14.644111633 -31.756246567 -70.387802124 -0.486071587 0.064462557 0.220608324 0.843155324
3546.927136064 -14.683320045 -31.711898804 -70.351905823 -0.486434102 0.064489566 0.219236180 0.843302131
3546.958578464 -14.623512268 -31.639457703 -70.330093384 -0.486533582 0.062675752 0.218699709 0.843520761
3547.023144800 -14.623512268 -31.639457703 -70.330093384 -0.486533582 0.062675752 0.218699709 0.843520761
3547.054819296 -14.512548447 -31.673116684 -70.413040161 -0.486343235 0.061649349 0.219307423 0.843548357
3547.086213248 -13.926770210 -31.560592651 -70.700981140 -0.485877603 0.057727434 0.224239260 0.842797279
3547.149401920 -13.926770210 -31.560592651 -70.700981140 -0.485877603 0.057727434 0.224239260 0.842797279
3547.181062432 -13.921372414 -31.554260254 -70.704910278 -0.484714657 0.057345152 0.224608883 0.843394399
3547.212858688 -12.657058716 -31.439870834 -71.325340271 -0.484319687 0.043727610 0.224894762 0.844360530
3547.278593824 -12.657058716 -31.439870834 -71.325340271 -0.484319687 0.043727610 0.224894762 0.844360530
3547.310210208 -12.662782669 -31.459299088 -71.327491760 -0.484213024 0.043888729 0.224730074 0.844457209
3547.341858720 -12.649761200 -31.183837891 -71.428840637 -0.466018826 0.053513415 0.235195309 0.851261377
3547.404664096 -12.649761200 -31.183837891 -71.428840637 -0.466018826 0.053513415 0.235195309 0.851261377
3547.436492096 -12.633989334 -31.220777512 -71.474937439 -0.465430737 0.053118970 0.234501958 0.851798952
3547.471671744 -12.633989334 -31.220777512 -71.474937439 -0.465430737 0.053118970 0.234501958 0.851798952
3547.536109952 -12.633989334 -31.220777512 -71.474937439 -0.465430737 0.053118970 0.234501958 0.851798952
3547.569230656 -12.621709824 -31.300884247 -71.236953735 -0.467260987 0.051995587 0.229191944 0.852311373
3547.601040800 -12.475185394 -30.729190826 -71.244689941 -0.464474767 0.057115015 0.233458221 0.852348685
3547.665122240 -12.475185394 -30.729190826 -71.244689941 -0.464474767 0.057115015 0.233458221 0.852348685
3547.699176864 -12.512688637 -30.779708862 -71.299453735 -0.465316474 0.056493640 0.231702372 0.852410138
3547.731132992 -15.717313766 -29.677095413 -72.780197144 -0.460930049 0.076819956 0.201930121 0.860736012
3547.795017472 -15.717313766 -29.677095413 -72.780197144 -0.460930049 0.076819956 0.201930121 0.860736012
3547.826314272 -15.704262733 -29.580669403 -72.733985901 -0.460649788 0.074098274 0.198612660 0.861895740
3547.857732480 -15.598215103 -29.546571732 -72.556304932 -0.468162566 0.068844244 0.188629881 0.860524893
3547.921789632 -15.598215103 -29.546571732 -72.556304932 -0.468162566 0.068844244 0.188629881 0.860524893
3547.953145632 -15.607586861 -29.610097885 -72.505561829 -0.469400734 0.069013938 0.187931746 0.859989345
3547.984624800 -15.606747627 -29.677196503 -72.452735901 -0.470625669 0.069125548 0.187999994 0.859295726
3548.048538784 -15.606747627 -29.677196503 -72.452735901 -0.470625669 0.069125548 0.187999994 0.859295726
3548.080047488 -15.473498344 -29.471151352 -72.423820496 -0.465944886 0.066001035 0.188597888 0.861957133
3548.112111008 -15.603199959 -29.496026993 -72.567840576 -0.454533100 0.073188700 0.206094742 0.863462806
3548.175478112 -15.603199959 -29.496026993 -72.567840576 -0.454533100 0.073188700 0.206094742 0.863462806
3548.217643584 -15.550337791 -29.377113342 -72.518775940 -0.454295278 0.073607549 0.207795575 0.863144696
3548.249396064 -15.463312149 -29.217582703 -72.485557556 -0.450659513 0.078999795 0.223203540 0.860723674
3548.314975232 -15.463312149 -29.217582703 -72.485557556 -0.450659513 0.078999795 0.223203540 0.860723674
3548.347034528 -15.514343262 -29.097579956 -72.560546875 -0.448302120 0.079635851 0.223630682 0.861784577
3548.378817024 -15.405705452 -29.238887787 -72.572593689 -0.449331850 0.079276644 0.220001578 0.862215400
3548.442926464 -15.405705452 -29.238887787 -72.572593689 -0.449331850 0.079276644 0.220001578 0.862215400
3548.474608256 -15.476544380 -29.226858139 -72.549919128 -0.448996097 0.080008365 0.219756082 0.862385333
3548.505946464 -15.526461601 -29.005165100 -72.185707092 -0.447266221 0.076274686 0.219577596 0.863667071
3548.569018720 -15.526461601 -29.005165100 -72.185707092 -0.447266221 0.076274686 0.219577596 0.863667071
3548.600681088 -15.541748047 -28.894800186 -72.168861389 -0.448391765 0.075224675 0.215663075 0.864161730
3548.631991872 -15.740536690 -28.704656601 -72.298347473 -0.446599871 0.080185592 0.221688852 0.863118112
3548.694531328 -15.740536690 -28.704656601 -72.298347473 -0.446599871 0.080185592 0.221688852 0.863118112
3548.725895680 -15.742773056 -28.691778183 -72.311302185 -0.440796971 0.079709515 0.215884164 0.867604971
3548.757088800 -15.727725983 -28.644159317 -72.290855408 -0.437039018 0.083111040 0.215650678 0.869243503
3548.821084512 -15.727725983 -28.644159317 -72.290855408 -0.437039018 0.083111040 0.215650678 0.869243503
3548.853584320 -15.772553444 -28.689239502 -72.296684265 -0.439709485 0.085222632 0.213964134 0.868108332
3548.885186432 -15.713447571 -28.601060867 -72.276817322 -0.442543089 0.082055695 0.208741024 0.868245125
3548.953642016 -15.713447571 -28.601060867 -72.276817322 -0.442543089 0.082055695 0.208741024 0.868245125
3548.985602912 -15.724235535 -28.595714569 -72.282081604 -0.441213638 0.081655242 0.212438107 0.868062735
3549.017736192 -15.715670586 -28.589490891 -72.267738342 -0.440647751 0.082663894 0.214591801 0.867724955
3549.080983008 -15.715670586 -28.589490891 -72.267738342 -0.440647751 0.082663894 0.214591801 0.867724955
3549.113465440 -15.728104591 -28.593481064 -72.271438599 -0.440235943 0.081957504 0.216216221 0.867597759
3549.145098720 -15.716319084 -28.582508087 -72.264274597 -0.439398974 0.080938287 0.218076870 0.867651999
3549.207944096 -15.716319084 -28.582508087 -72.264274597 -0.439398974 0.080938287 0.218076870 0.867651999
3549.239525120 -15.726037025 -28.585710526 -72.266525269 -0.439076364 0.081244901 0.217915341 0.867827237
3549.271240768 -15.713193893 -28.579965591 -72.258148193 -0.439309567 0.080875434 0.217486024 0.867851436
3549.333750624 -15.713193893 -28.579965591 -72.258148193 -0.439309567 0.080875434 0.217486024 0.867851436
3549.365150048 -15.719192505 -28.584310532 -72.263999939 -0.439321697 0.081122667 0.217635140 0.867784858
3549.396525664 -15.712682724 -28.581600189 -72.257949829 -0.439937323 0.080962270 0.217438266 0.867537260
