1169.610181152 0.000000000 0.000000000 0.000000000 0.000000000 0.000000000 0.000000000 1.000000000
1169.860674048 0.000074851 0.000110141 0.000691066 0.002937703 -0.000256232 0.000604255 0.999995470
1170.110230752 -0.017606009 -0.015557273 0.179376036 -0.000774080 -0.035086159 -0.006694172 0.999361575
1170.360079776 -0.213505462 0.004894649 0.519631207 -0.012532260 0.008549924 -0.014543743 0.999779165
1170.609754464 -0.324184358 0.092801318 0.904029608 0.010317439 0.029087828 -0.009809841 0.999475479
1170.859429856 -0.363912910 0.126210466 1.176718831 0.033671044 0.013237609 -0.000342893 0.999345243
1171.109969632 -0.482111633 0.060639799 1.505630851 0.016936408 0.013393546 -0.018925773 0.999587715
1171.359473856 -0.612058640 0.013195921 1.847834349 0.000675198 0.019422079 -0.028128102 0.999415398
1171.610705920 -0.735340416 -0.024003182 2.191971064 -0.015768630 0.024752630 -0.037717391 0.998857379
1171.860309600 -0.876998544 -0.031407457 2.501715899 -0.031902879 0.035413004 -0.043844987 0.997900724
1172.111030912 -0.829908192 -0.122307330 3.333602428 0.037175484 0.027025165 -0.050118778 0.997685194
1172.361552480 -1.340606213 -0.259948164 4.003796577 0.025770091 0.070272669 0.014441834 0.997090280
1172.611992992 -1.631124020 -0.470101953 4.641373158 -0.041188344 0.076190963 0.032727905 0.995704412
1172.862424096 -1.833255529 -0.328650922 5.528203964 -0.023313457 0.091535449 0.063856252 0.993478775
1173.113053824 -1.780171156 -0.321632206 6.382544518 -0.029827379 0.091539189 0.060370646 0.993522167
1173.362595776 -1.674791098 -0.294607252 7.315671921 -0.037070934 0.087412260 0.056770220 0.993862152
1173.613063232 -1.629501462 -0.166212961 8.097199440 -0.030811656 0.082127973 0.046821427 0.995044410
1173.862707680 -2.209987640 0.012798458 8.394117355 -0.017160319 0.109891206 0.049822610 0.992545784
1174.112380320 -2.799514294 0.175292522 8.745349884 -0.002811230 0.142305166 0.056267355 0.988218307
1174.362617056 -3.242695808 0.302572876 9.245651245 0.010730250 0.175661698 0.064521745 0.982275307
1174.612548384 -3.581494570 0.386276424 9.813161850 0.018850291 0.208654657 0.075387523 0.974897265
1174.862821568 -3.779700756 0.459842473 10.440450668 0.027531415 0.240590200 0.078964449 0.967017591
1175.113277696 -3.607697725 0.428578198 11.137836456 0.029671852 0.254318625 0.075920120 0.963679254
1175.362725056 -3.366310120 0.356595010 11.795830727 0.030274549 0.263719797 0.074785806 0.961219192
1175.612641856 -3.113115072 0.291379154 12.450256348 0.032902163 0.270384341 0.078398839 0.958990812
1175.862757056 -2.841808319 0.231343180 13.098925591 0.038023528 0.275544435 0.080832034 0.957128882
1176.113498912 -2.566465378 0.173318684 13.753675461 0.048592370 0.283281386 0.081010044 0.954373002
1176.362487584 -2.206903458 0.159164131 13.837649345 0.051230218 0.284731895 0.073965222 0.954375386
1176.612610688 -1.334046245 0.132777125 19.431045532 0.053818356 0.298804492 0.070598319 0.950176477
1176.863024896 -1.165599227 0.095500372 20.738948822 0.179160967 0.237129539 -0.210789621 0.931256473
1177.113010176 -1.165599227 0.095500372 20.738948822 0.179160967 0.237129539 -0.210789621 0.931256473
1177.363282944 -1.165599227 0.095500372 20.738948822 0.179160967 0.237129539 -0.210789621 0.931256473
1177.612868832 -1.046194196 0.246730596 20.717880249 0.183950454 0.235361263 -0.210283548 0.930885673
1177.863259168 -1.484352350 -0.194246799 22.154754639 0.247194320 0.253298312 -0.297975391 0.886535704
1178.112862336 -1.959660053 -0.733602047 23.680377960 0.307306558 0.267874390 -0.380645394 0.830009103
1178.362844544 -2.061304569 -0.823083639 24.295444489 0.360315353 0.279084921 -0.464093685 0.759540319
1178.613135648 -2.148784637 -0.933324575 24.905048370 0.408940792 0.286778152 -0.540742576 0.676847994
1178.862337024 -1.765684724 -0.848866522 24.704505920 0.445508689 0.290458322 -0.605718136 0.591829002
1179.112705824 -1.315075874 -0.842152834 24.574834824 -0.480277359 -0.288566262 0.661793411 -0.498088986
1179.362894976 -0.930700421 -0.874585390 24.437978745 -0.502904832 -0.301236510 0.702351451 -0.403789222
1179.613076896 -0.556872427 -0.935702145 24.274906158 -0.519665062 -0.312125713 0.735011637 -0.303782225
1179.863078112 -0.171988666 -0.981653512 24.065187454 -0.529196322 -0.321741283 0.759063423 -0.200640187
1180.112655360 0.159699976 -0.944969177 23.796566010 -0.524592578 -0.333903015 0.771947622 -0.131940335
1180.362398528 0.457076073 -0.810963035 23.494661331 -0.509310305 -0.352001280 0.780786633 -0.084085591
1180.612271520 0.783136368 -0.603803754 23.188823700 -0.491236955 -0.371780723 0.786704421 -0.039516229
1180.863272544 1.137121916 -0.353856713 22.918252945 -0.481275916 -0.390233099 0.784907341 -0.003475750
1181.112782912 1.349629641 -0.058963746 22.560056686 -0.451200455 -0.395871580 0.799419820 -0.025135869
1181.362884544 1.574959755 0.153378159 22.298616409 -0.432642907 -0.402250409 0.806321740 -0.029324973
1181.612857952 1.807551146 0.219302118 22.103054047 -0.427952856 -0.396009177 0.812036812 -0.025084987
1181.862660480 2.007038832 0.361271441 22.056516647 -0.433758825 -0.412893772 0.800382495 -0.027566271
1182.112667104 2.208448887 0.517757595 22.023927689 -0.440710723 -0.428594083 0.788058043 -0.032337610
1182.362299008 2.163532972 0.392903984 21.978458405 -0.437628329 -0.424071372 0.792068899 -0.035661593
1182.612841792 2.118411541 0.251839757 21.960582733 -0.435714602 -0.421456993 0.794500828 -0.035989672
1182.862678976 2.041736603 0.104747459 21.973190308 -0.433879733 -0.420852721 0.795823991 -0.035992980
1183.112639392 1.937638640 0.004408881 22.018297195 -0.434171736 -0.415087342 0.798608959 -0.037697602
1183.362794528 1.875711322 -0.058301896 22.049509048 -0.431895167 -0.413115293 0.800991714 -0.034849867
1183.612784320 1.826156020 -0.106495842 22.070112228 -0.430227011 -0.411355317 0.802649677 -0.038014136
1183.862851520 1.785487890 -0.149181306 22.090232849 -0.429234385 -0.412768513 0.802544057 -0.036097951
1184.112659584 1.751475334 -0.184815794 22.107870102 -0.428359509 -0.411334813 0.803819299 -0.034443658
1184.362297920 1.723413825 -0.212407947 22.120203018 -0.427792251 -0.409791082 0.804871678 -0.035307754
1184.612538208 1.702682257 -0.233766958 22.130559921 -0.428074449 -0.409701794 0.804810166 -0.034312591
1184.862391552 1.699080586 -0.237115726 22.130886078 -0.428123116 -0.409816623 0.804731846 -0.034169026
1185.113236288 1.704088569 -0.231653109 22.128589630 -0.428525656 -0.409082949 0.804884255 -0.034324784
