666.526145376 0.000000000 0.000000000 0.000000000 0.000000000 0.000000000 0.000000000 1.000000000
666.552340576 0.000000000 0.000000000 0.000000000 0.000000000 0.000000000 0.000000000 1.000000000
666.581026240 0.000000000 0.000000000 0.000000000 0.000000000 0.000000000 0.000000000 1.000000000
666.608490944 -0.000120219 -0.000402723 0.000223476 0.002910011 -0.000558899 -0.000150983 0.999995589
666.648812800 -0.004009895 -0.003024980 0.007802946 0.012420880 -0.000956197 -0.008032067 0.999890149
666.691641024 -0.007188783 -0.007622615 0.033180524 0.012797559 -0.001277886 -0.012358656 0.999840915
666.726927648 -0.013276003 -0.009250192 0.059175603 0.013901265 -0.005246185 -0.020005113 0.999689460
666.762198592 -0.018189309 -0.011072288 0.090573564 0.017737255 -0.010494424 -0.021528419 0.999555767
666.788434080 -0.023442792 -0.011624518 0.118577436 0.019282000 -0.012892948 -0.024802864 0.999423206
666.823770720 -0.032506056 -0.014874084 0.160524473 0.024871621 -0.012431282 -0.033826895 0.999040842
666.859504192 -0.040010579 -0.015351178 0.213542044 0.014265068 -0.014288907 -0.038894054 0.999039352
666.894832960 -0.044256233 -0.017252754 0.267534912 0.015711172 -0.014822105 -0.034789018 0.999161243
666.930527904 -0.055082045 -0.021585926 0.324872941 0.021895429 -0.011807451 -0.046166513 0.998623967
666.966194624 -0.057831328 -0.021958569 0.397001833 0.011868524 -0.011977598 -0.037000567 0.999172986
667.001604960 -0.054498490 -0.026290964 0.466885477 0.018440144 -0.009737303 -0.020518940 0.999571979
667.037553952 -0.062004700 -0.026486991 0.544633269 0.019892588 -0.004955071 -0.030656228 0.999319732
667.072949056 -0.060691960 -0.032649741 0.622838616 0.023775449 -0.006479050 -0.029285340 0.999267280
667.108580928 -0.050044425 -0.040503286 0.711860716 0.013768168 -0.000715428 -0.011389071 0.999840081
667.144183136 -0.049572781 -0.043097690 0.803890169 0.004231807 0.005434105 -0.015459992 0.999856770
667.179790688 -0.056157302 -0.046589199 0.886596799 0.016538743 0.013040176 -0.036277603 0.999119818
667.215349344 -0.048595559 -0.053481340 0.971003413 0.017539466 0.016158707 -0.023690028 0.999434888
667.251015072 -0.039221194 -0.057161089 1.064480066 0.013241547 0.017999586 -0.011234803 0.999687195
667.287423744 -0.029834354 -0.055385366 1.166152596 -0.000760245 0.019676136 -0.000195921 0.999806106
667.326746752 -0.021149050 -0.063137457 1.256425381 0.011134164 0.021789148 0.009602132 0.999654412
667.374734496 -0.017047862 -0.068952501 1.390584350 0.011072045 0.028379329 -0.002523603 0.999532700
667.413257216 -0.024462679 -0.082431726 1.492748857 0.030420354 0.037422597 -0.029665034 0.998395741
667.449527712 -0.012380144 -0.096841440 1.580990672 0.026906205 0.043330293 -0.008435413 0.998662770
667.485393824 0.000156043 -0.097080544 1.686777353 0.019565858 0.046364401 0.001824600 0.998731256
667.521541632 0.014810795 -0.098680735 1.782299995 0.029002732 0.047594193 0.022630226 0.998189092
667.557709920 0.014630184 -0.105348051 1.881650329 0.035884812 0.048700012 0.007413437 0.998141110
667.593965440 0.016861321 -0.115574121 1.980109096 0.036885284 0.054148674 -0.000064519 0.997851372
667.630740096 0.014151919 -0.127700463 2.086549997 0.027739232 0.057079323 -0.016200462 0.997852683
667.667104992 0.025611551 -0.145236224 2.183173895 0.040785670 0.055771995 0.005241705 0.997596383
667.703856608 0.037302803 -0.148274869 2.287108183 0.033772644 0.049222555 0.019873302 0.998018801
667.741117920 0.034945939 -0.150878519 2.398934364 0.017466919 0.045938902 0.002726279 0.998787820
667.779653344 0.032400176 -0.150661051 2.510958910 0.016313728 0.041867688 -0.013048666 0.998904765
667.817169760 0.043951839 -0.163100243 2.615869999 0.023340648 0.042282604 0.004241310 0.998824000
667.864304288 0.046576995 -0.172030598 2.762501478 0.003838301 0.042475551 -0.003925181 0.999082386
667.902526688 0.049288131 -0.174918309 2.874470711 0.006251357 0.043462992 -0.005242132 0.999021709
667.943264000 0.057785276 -0.177386835 2.998028517 0.010228313 0.044127569 0.001347141 0.998972595
667.983741440 0.072425574 -0.185225561 3.119205475 0.013307082 0.042512476 0.014935898 0.998895645
668.024296864 0.080280825 -0.195653290 3.240622520 0.019187011 0.046163231 0.012818708 0.998667359
668.064836864 0.083930820 -0.200301707 3.367909908 0.018085122 0.050001629 -0.004091490 0.998576999
668.105772960 0.109940544 -0.206846535 3.493536234 0.019158455 0.050541084 0.028094994 0.998142898
668.147870976 0.120880924 -0.215253487 3.625968695 0.025895242 0.058473602 0.015765004 0.997828484
668.188501312 0.139490098 -0.222461149 3.759112358 0.016510202 0.065696545 0.020409837 0.997494221
668.229563008 0.165146053 -0.232559368 3.888580799 0.016818505 0.072758384 0.034876581 0.996597707
668.270588832 0.177354574 -0.240855634 4.017692089 0.022617096 0.077489734 0.025476778 0.996410906
668.311350432 0.197179079 -0.241671696 4.157433987 0.009296430 0.077718377 0.026858902 0.996570110
668.343033376 0.211059436 -0.236594692 4.267162800 -0.005452634 0.075633556 0.023017222 0.996855080
668.383714848 0.234531775 -0.234977186 4.408762932 -0.014007614 0.070642397 0.033322122 0.996846557
668.415021376 0.249074817 -0.230177104 4.519936085 -0.024000036 0.067623317 0.028246606 0.997022212
668.447762368 0.264647812 -0.229088858 4.636114597 -0.035127647 0.064541131 0.028094361 0.996900797
668.479427296 0.286087811 -0.240267307 4.738055229 -0.021439683 0.064534463 0.039616186 0.996898293
668.512752032 0.299896777 -0.249613911 4.844319820 -0.000660440 0.067168139 0.035988376 0.997092187
668.544362784 0.309145838 -0.258910507 4.942796707 0.026626371 0.068203263 0.031565655 0.996816397
668.575855168 0.315165073 -0.269670486 5.039649010 0.058672849 0.066247821 0.027629651 0.995693386
668.607564160 0.321399987 -0.282577276 5.138324261 0.078728892 0.060820028 0.024499094 0.994737387
668.640550240 0.338966012 -0.299706489 5.244928360 0.084875166 0.049199801 0.040721007 0.994342685
668.671825696 0.343780190 -0.314743817 5.349414825 0.091839984 0.041057382 0.032172527 0.994406700
668.703153536 0.350768596 -0.334210634 5.455393314 0.087949485 0.033202823 0.029660231 0.995129526
668.736279392 0.355609268 -0.354669780 5.573286057 0.078180283 0.029308841 0.028979525 0.996086836
668.769623296 0.360043913 -0.374329895 5.687456131 0.070618220 0.026581382 0.023996379 0.996860385
668.801985120 0.364058614 -0.392329037 5.802522182 0.061020050 0.023196736 0.022255380 0.997618735
668.833781632 0.363673031 -0.406598568 5.916283607 0.055196136 0.022469098 0.019016195 0.998041511
668.865400384 0.365037113 -0.421401054 6.030712128 0.048535544 0.021608766 0.017293053 0.998437941
668.897365536 0.366997927 -0.437527865 6.142470360 0.047180247 0.020777389 0.015685808 0.998547077
668.929034944 0.373383075 -0.450690746 6.254747391 0.044921655 0.019245598 0.021339694 0.998577118
668.960627936 0.379079610 -0.465745479 6.366642952 0.045437191 0.019443847 0.029508740 0.998341918
668.991714656 0.386703551 -0.483465642 6.472874165 0.055655688 0.022107188 0.033837002 0.997631609
669.023216352 0.392029852 -0.503833354 6.586673737 0.063357510 0.027071767 0.030768251 0.997149050
669.054548992 0.393746674 -0.516928911 6.701303482 0.059338249 0.032279022 0.023952331 0.997428358
669.086182912 0.399841696 -0.527327359 6.816812515 0.056207087 0.036248066 0.024055980 0.997470856
669.117607520 0.411410660 -0.540758014 6.931067944 0.053694475 0.034974914 0.033030208 0.997397959
669.151271648 0.421918929 -0.553573668 7.049201012 0.045164529 0.030087242 0.035436992 0.997897387
669.182698752 0.426203042 -0.565483332 7.175642014 0.029537324 0.025004840 0.035009466 0.998637378
669.214441856 0.423568875 -0.573413014 7.295269966 0.018104868 0.020998916 0.023953037 0.999328494
669.245798784 0.424842775 -0.572076857 7.416958809 0.003569463 0.015322270 0.018935263 0.999696910
669.277231584 0.429724634 -0.568431377 7.540359497 -0.012153414 0.011045341 0.024238525 0.999571264
669.309603680 0.432048738 -0.575035453 7.659319401 -0.015903279 0.010566745 0.025914904 0.999481797
669.341389184 0.434030086 -0.582862914 7.781612873 -0.015497956 0.011352488 0.026955618 0.999451995
669.373420608 0.432480633 -0.588544309 7.900931358 -0.011891611 0.014179201 0.021122957 0.999605596
669.407032128 0.430723339 -0.589009821 8.023704529 0.002356348 0.017603835 0.016964754 0.999698341
669.438799456 0.430084646 -0.586447120 8.142952919 0.011335223 0.019633081 0.018142268 0.999578416
669.470459776 0.428770095 -0.590776801 8.263433456 0.014258076 0.017937971 0.021000778 0.999516845
669.501841408 0.432894289 -0.600254178 8.383953094 0.018285461 0.015336672 0.023895152 0.999429584
669.533440288 0.435546577 -0.608634830 8.506970406 0.016817354 0.013008231 0.025119033 0.999458373
669.573118944 0.434555680 -0.617082059 8.663599014 0.014226241 0.010528554 0.018553047 0.999671221
669.603743296 0.433979094 -0.622540712 8.784217834 0.012799283 0.009421643 0.015342941 0.999755979
669.635310560 0.435657680 -0.626527011 8.914666176 0.008616718 0.008781836 0.016468450 0.999788702
669.666810016 0.438913941 -0.632754445 9.040332794 0.007447545 0.008735015 0.021758664 0.999697328
669.698490400 0.439134210 -0.644685864 9.164549828 0.013751146 0.009890546 0.017961612 0.999695182
669.730478784 0.435446948 -0.652077794 9.293443680 0.011374719 0.011283203 0.011145541 0.999809563
669.761589632 0.433894306 -0.655296624 9.424268723 0.012748490 0.011303713 0.010227627 0.999802530
669.792998272 0.437304050 -0.657786667 9.547805786 0.022316528 0.010370179 0.014699495 0.999589086
669.824445792 0.437989384 -0.663502872 9.682358742 0.011040951 0.009964095 0.017560344 0.999735177
669.860544032 0.438753605 -0.667050540 9.819401741 0.001571942 0.009507541 0.015160416 0.999838650
669.892106528 0.438227475 -0.673624694 9.970664978 -0.000916280 0.008918611 0.011231162 0.999896705
669.923672384 0.436024427 -0.674634516 10.107816696 -0.009375318 0.008696537 0.004169002 0.999909520
669.954954688 0.436749458 -0.678372443 10.240354538 -0.006786966 0.006539167 0.008752809 0.999917269
669.986737056 0.439575255 -0.684721231 10.368676186 0.009061233 0.004019605 0.012813253 0.999868751
670.018473760 0.440606743 -0.688834369 10.502928734 0.005794085 0.002073737 0.012261560 0.999905884
670.050175648 0.434646457 -0.687735975 10.640805244 0.006655629 0.001994795 0.003192537 0.999970734
670.081577984 0.434600353 -0.694017172 10.774132729 0.012125902 0.004187723 0.002619550 0.999914289
670.113294176 0.437371552 -0.700532496 10.916754723 0.004957188 0.006411484 0.007781906 0.999936879
670.144746496 0.435681134 -0.706424415 11.054005623 0.002367981 0.008772396 0.005447866 0.999943852
670.176097856 0.437234253 -0.713691115 11.189517975 0.009927708 0.009670365 0.006300088 0.999884129
670.207622720 0.437218606 -0.720825613 11.328282356 0.010258709 0.010348817 0.010022517 0.999843597
670.239778144 0.435292631 -0.728190362 11.472713470 0.010218108 0.010986576 0.009276943 0.999844372
670.272963040 0.433122098 -0.734435022 11.612695694 0.016511668 0.010895240 0.005842104 0.999787271
670.304327424 0.433841914 -0.741953075 11.760792732 0.015598656 0.010557077 0.008189625 0.999789059
670.336337056 0.434971750 -0.753161669 11.906715393 0.016907657 0.010154991 0.009483736 0.999760509
670.368634816 0.442093104 -0.763217926 12.045894623 0.013885887 0.009577770 0.009380456 0.999813735
670.402564800 0.440414250 -0.769377112 12.192839622 0.016022865 0.009577266 0.007258705 0.999799430
670.438507488 0.441854417 -0.778918862 12.362486839 0.016007425 0.007830368 0.010979310 0.999780953
670.470288096 0.441644192 -0.788800299 12.506496429 0.016476851 0.005337117 0.011749156 0.999780953
670.501774624 0.439373970 -0.799138606 12.651885033 0.015476811 0.004080843 0.013354896 0.999782741
670.533543008 0.436595470 -0.807963014 12.796928406 0.020840259 0.004435473 0.011514335 0.999706686
670.564818080 0.434143424 -0.813937068 12.943549156 0.017588962 0.004575140 0.011627343 0.999767244
670.596495008 0.433380693 -0.824719071 13.089758873 0.020499539 0.004744299 0.014702024 0.999670506
670.628058848 0.433909595 -0.834293187 13.237657547 0.018811643 0.004442659 0.019242270 0.999628007
670.660364992 0.433659881 -0.846295953 13.390148163 0.014066937 0.003939456 0.017052382 0.999747872
670.691899616 0.432211936 -0.855198085 13.538414955 0.021421749 0.002160163 0.016958876 0.999624372
670.723318400 0.426271558 -0.864571869 13.684372902 0.021294095 0.000197128 0.020603890 0.999560893
670.754700800 0.424634427 -0.874601245 13.832909584 0.018029159 -0.002163901 0.022337411 0.999585569
670.786943008 0.419844002 -0.886743963 13.980986595 0.023029653 -0.003155062 0.020779217 0.999513865
670.818956512 0.417419046 -0.897615135 14.130863190 0.024081696 -0.003072452 0.020226752 0.999500632
670.852748864 0.411958188 -0.910488605 14.280851364 0.025600400 -0.001536459 0.021941354 0.999430239
670.884239424 0.414778590 -0.926518440 14.440167427 0.027443051 -0.000685438 0.024128962 0.999331892
670.915757216 0.415752560 -0.938718736 14.594336510 0.029163675 -0.000370805 0.022161117 0.999328911
670.947741408 0.415147841 -0.950252891 14.746850014 0.028416065 -0.000628376 0.021179359 0.999371588
670.979717344 0.415103376 -0.965915740 14.898369789 0.027883118 -0.000708358 0.025158055 0.999294281
671.011962176 0.415316194 -0.976998568 15.052849770 0.024088811 -0.000401522 0.025693486 0.999379516
671.043828704 0.412320316 -0.989145517 15.206680298 0.026259726 0.000563451 0.021757303 0.999418199
671.073140864 0.413187206 -1.000897765 15.348051071 0.026348243 0.000888024 0.022517705 0.999398768
671.104603680 0.413541049 -1.014578104 15.501255035 0.022960881 0.000852776 0.026074208 0.999395907
671.133485440 0.413757056 -1.026420236 15.635249138 0.030502073 0.000540221 0.027689969 0.999150932
671.170233728 0.411255091 -1.039477110 15.814500809 0.025548609 -0.000384686 0.025471075 0.999348938
671.201291424 0.408800095 -1.050849319 15.951556206 0.027407836 -0.000628315 0.024239235 0.999330223
671.230225472 0.408362865 -1.066883683 16.097900391 0.029423090 -0.000459313 0.024419690 0.999268651
671.258626240 0.407384813 -1.077152848 16.236989975 0.024652662 -0.001275063 0.027335178 0.999321461
671.287319680 0.404724360 -1.089989543 16.372243881 0.028018264 -0.003135830 0.025986930 0.999264657
671.316112672 0.401849002 -1.101899624 16.507335663 0.033300996 -0.004966727 0.025105648 0.999117613
671.344905120 0.398136258 -1.111788750 16.648763657 0.027006363 -0.007025294 0.026594339 0.999256730
671.373633024 0.392168492 -1.124714255 16.787952423 0.025278851 -0.008639729 0.025553551 0.999316454
671.402549504 0.386397451 -1.134459019 16.925554276 0.028161012 -0.009882676 0.022550758 0.999300122
671.431514976 0.381137878 -1.147319555 17.065080643 0.025021961 -0.011298906 0.024384903 0.999325573
671.460547776 0.376668572 -1.159175158 17.205835342 0.026337536 -0.012651394 0.023690047 0.999292254
671.491091872 0.370642245 -1.172649860 17.345811844 0.028239977 -0.012545090 0.023257880 0.999251842
671.519794688 0.369863570 -1.182317257 17.491771698 0.027860284 -0.013037145 0.021204200 0.999301851
671.548565856 0.363759518 -1.193272591 17.633493423 0.028442666 -0.013456792 0.021150908 0.999281049
671.577270272 0.357458532 -1.205196142 17.773939133 0.027762746 -0.013381856 0.019884514 0.999327123
671.606298592 0.352492124 -1.217814922 17.916639328 0.023869514 -0.013363970 0.020392679 0.999417722
671.635007648 0.347616524 -1.228187919 18.059514999 0.024670549 -0.013417187 0.020724693 0.999390721
671.663598208 0.342766613 -1.239582181 18.198732376 0.025518481 -0.013930706 0.019789035 0.999381363
671.692083072 0.336502135 -1.250730515 18.339124680 0.026338397 -0.013893727 0.018819263 0.999379337
671.720980992 0.331669450 -1.262016296 18.481422424 0.021884419 -0.013909903 0.019464597 0.999474227
671.756984992 0.325659156 -1.276813626 18.654712677 0.025318619 -0.014158719 0.020038933 0.999378264
671.785541184 0.322075874 -1.285807371 18.798372269 0.026478052 -0.015189364 0.019180892 0.999349952
671.814199072 0.316566050 -1.297648549 18.939521790 0.027178174 -0.015838757 0.019468313 0.999315500
671.842834496 0.311852217 -1.312107444 19.080953598 0.028525993 -0.016026756 0.022491459 0.999211490
671.871402560 0.306596041 -1.322109103 19.223884583 0.028898451 -0.016105451 0.022485731 0.999199629
671.900293856 0.297978640 -1.334444165 19.364974976 0.031014852 -0.016107982 0.021405166 0.999159873
671.928985280 0.291751534 -1.348024487 19.507707596 0.032629855 -0.015900610 0.022238864 0.999093533
671.957861216 0.285696954 -1.361343622 19.652427673 0.027917834 -0.015614016 0.026226228 0.999144137
671.986605696 0.279772818 -1.374242067 19.793903351 0.032292865 -0.015312284 0.026046647 0.999021649
672.018954144 0.271466911 -1.384661555 19.939092636 0.031133806 -0.015382700 0.022373334 0.999146402
672.053109600 0.263802260 -1.402861953 20.098836899 0.032760788 -0.015684810 0.022126896 0.999095142
672.081963808 0.257261485 -1.419656277 20.268644333 0.029411757 -0.016241178 0.025941629 0.999098718
672.110737504 0.252040595 -1.431597948 20.415195465 0.030167617 -0.017140804 0.024240455 0.999103844
672.139412064 0.242816448 -1.442809701 20.556507111 0.032661244 -0.018014321 0.020475786 0.999094307
672.171124256 0.233038485 -1.454836607 20.716426849 0.030217525 -0.018853394 0.021211712 0.999140382
672.202476736 0.228238299 -1.471858382 20.877811432 0.031826820 -0.018935595 0.022815702 0.999053478
672.234461376 0.220851436 -1.484702110 21.038818359 0.033444993 -0.020018226 0.020410093 0.999031603
672.266229280 0.210924283 -1.498374581 21.197631836 0.034186572 -0.020613143 0.018601481 0.999029696
672.297771872 0.200395092 -1.513816237 21.355854034 0.035630953 -0.020816760 0.019058069 0.998966455
672.330824192 0.190946206 -1.528556824 21.521924973 0.030887989 -0.021352863 0.020318419 0.999088168
672.362733792 0.183984846 -1.547754169 21.683847427 0.034679171 -0.023121502 0.017118728 0.998984337
672.394025760 0.173053339 -1.565081835 21.840116501 0.038706690 -0.023543486 0.015477546 0.998853326
672.425253696 0.158596575 -1.578024983 21.998151779 0.035030346 -0.022980351 0.016439294 0.998986721
672.456740096 0.148020163 -1.598517179 22.151519775 0.038913943 -0.023427498 0.015958799 0.998840451
672.488262208 0.137452468 -1.612812638 22.310226440 0.037653565 -0.024288684 0.013868876 0.998899400
672.519841888 0.129003614 -1.633774877 22.466077805 0.041967392 -0.025442062 0.014481736 0.998690009
672.551445952 0.119022273 -1.652247548 22.622035980 0.042645667 -0.025397891 0.013396031 0.998677552
672.586166848 0.106019184 -1.666679740 22.780946732 0.042683389 -0.025879303 0.010412397 0.998699129
672.618516928 0.096697159 -1.683697224 22.959461212 0.043248918 -0.027584126 0.012127609 0.998609841
672.653524512 0.086803377 -1.706305146 23.131801605 0.039664254 -0.026399160 0.011906200 0.998793304
672.698899712 0.071869701 -1.732297301 23.363042831 0.039506227 -0.022445042 0.007113585 0.998941898
672.730441952 0.063478202 -1.747336268 23.514520645 0.042181160 -0.022181138 0.009052088 0.998822689
672.761911744 0.055545125 -1.766524196 23.675712585 0.042535733 -0.023104521 0.011413434 0.998762548
672.793867072 0.046499755 -1.785180092 23.830717087 0.044745035 -0.023664959 0.008550978 0.998681486
672.825164448 0.037950117 -1.802783608 23.989301682 0.043557443 -0.025124859 0.008390423 0.998699725
672.856744000 0.030083228 -1.822101712 24.141178131 0.051186901 -0.026084132 0.009635968 0.998301864
672.888106528 0.021026729 -1.840131521 24.300655365 0.049178597 -0.026801232 0.011161869 0.998367965
672.919808352 0.011680936 -1.861518264 24.452877045 0.054038718 -0.027151521 0.010391398 0.998115540
672.951308032 0.003052386 -1.881835341 24.608070374 0.055498347 -0.028554937 0.011712153 0.997981668
672.982673536 -0.005626097 -1.902148843 24.765140533 0.051987939 -0.029910179 0.014378069 0.998096168
673.013805280 -0.013549551 -1.922948003 24.920532227 0.052487362 -0.030042337 0.016998321 0.998024821
673.045223296 -0.023938574 -1.945125222 25.068407059 0.057860132 -0.029491132 0.014608963 0.997782052
673.076758368 -0.034243673 -1.969630241 25.214879990 0.059989017 -0.029780801 0.011451260 0.997688949
673.108469440 -0.042189490 -1.990102172 25.367036819 0.060299184 -0.031892646 0.017056843 0.997524917
673.140193472 -0.050197110 -2.007922649 25.520137787 0.054152403 -0.034335595 0.019146563 0.997758508
673.171543968 -0.065119505 -2.028812170 25.674962997 0.050647799 -0.035181750 0.010825876 0.998037994
673.202916320 -0.078435063 -2.054065466 25.827098846 0.050007965 -0.036378972 0.009290287 0.998042822
673.234471072 -0.090444088 -2.073693752 25.982313156 0.046911072 -0.038075384 0.011378006 0.998108268
673.265817696 -0.105710804 -2.087942123 26.132465363 0.049435232 -0.039313994 0.008824601 0.997964263
673.297238592 -0.121495433 -2.106045961 26.284524918 0.049459394 -0.040733568 0.004478487 0.997935116
673.328920800 -0.134725749 -2.127833843 26.433351517 0.052422296 -0.042188823 0.005061172 0.997720599
673.361701088 -0.148227274 -2.147325993 26.588874817 0.046921808 -0.043841965 0.005480080 0.997920930
673.393121568 -0.164833978 -2.165583134 26.744899750 0.048504040 -0.044853680 0.002543837 0.997812152
673.425040544 -0.181592509 -2.184468269 26.899429321 0.050116457 -0.047090773 0.000391427 0.997632504
673.456483008 -0.199181184 -2.207068920 27.051578522 0.052889515 -0.049139448 -0.000832537 0.997390270
673.488913088 -0.216209561 -2.231823683 27.206422806 0.058329597 -0.051041987 -0.000245915 0.996991634
673.520645504 -0.234911323 -2.253970623 27.360315323 0.063245051 -0.052978236 -0.001414876 0.996589839
673.552291136 -0.253608763 -2.274825573 27.509588242 0.066692941 -0.055222362 -0.003861338 0.996236742
673.583618976 -0.273776054 -2.300302029 27.658676147 0.071492314 -0.055943552 -0.006179810 0.995851874
673.615110176 -0.295757830 -2.326421499 27.810562134 0.070562899 -0.055173110 -0.012117971 0.995906591
673.646529728 -0.316172123 -2.349725723 27.962106705 0.069245741 -0.054183427 -0.016282029 0.995993972
673.677949792 -0.333955646 -2.374041796 28.105377197 0.074348450 -0.052286897 -0.014754805 0.995751321
673.717947904 -0.353443325 -2.407146215 28.298892975 0.067927696 -0.046755075 -0.014141158 0.996493757
673.746517440 -0.369307280 -2.424416304 28.441242218 0.055057235 -0.042422581 -0.019812407 0.997384846
673.778024352 -0.387720287 -2.435509920 28.596191406 0.038098324 -0.038678173 -0.023286998 0.998253584
673.809678240 -0.402743697 -2.441404581 28.756383896 0.014151845 -0.040068466 -0.020622592 0.998883843
673.841883168 -0.416200191 -2.462681532 28.905361176 0.013254753 -0.043590441 -0.011869349 0.998891056
673.873294816 -0.426129490 -2.492319584 29.041822433 0.042342659 -0.047969397 -0.000460246 0.997950792
673.906655360 -0.438067973 -2.516866207 29.176820755 0.075694054 -0.049730819 0.007200473 0.995864153
673.940892096 -0.468920469 -2.538855791 29.333837509 0.094905131 -0.045917884 -0.019322539 0.994239032
673.972275136 -0.486848325 -2.556281805 29.486497879 0.081620313 -0.046393991 -0.019041909 0.995401025
674.003266112 -0.485100925 -2.586372137 29.636146545 0.061555643 -0.052086413 0.026332788 0.996395767
674.034920384 -0.499076277 -2.616569519 29.772769928 0.069797173 -0.049639352 0.025723016 0.995993257
674.066284512 -0.528972864 -2.635092497 29.921888351 0.055922095 -0.040882450 -0.011082264 0.997536242
674.097765152 -0.549906731 -2.646139622 30.071687698 0.037160456 -0.034816213 -0.022360437 0.998452306
674.129531008 -0.563285947 -2.657280684 30.223943710 0.017469874 -0.034491334 -0.013430262 0.999162018
674.161818272 -0.571917355 -2.673505783 30.364480972 0.017917680 -0.037700009 0.005517809 0.999113202
674.193185408 -0.599073589 -2.686893225 30.492549896 0.051954899 -0.040771551 -0.012529171 0.997738123
674.224817504 -0.615022182 -2.704755783 30.620304108 0.084665112 -0.044051323 -0.005491651 0.995420098
674.256553536 -0.636989057 -2.727293968 30.757322311 0.086774193 -0.044521205 -0.007821403 0.995201945
674.296006112 -0.659395456 -2.760349512 30.925699234 0.093652725 -0.042727482 -0.013355146 0.994597971
674.326393472 -0.670233607 -2.787946939 31.060777664 0.090958878 -0.041712657 -0.003473533 0.994974613
674.358258624 -0.677714586 -2.817705631 31.199094772 0.089347072 -0.039880536 0.012551132 0.995122671
674.389811648 -0.689815700 -2.839844465 31.344011307 0.076267898 -0.039797138 0.011666610 0.996224523
674.421313024 -0.709154129 -2.858251572 31.491567612 0.060797639 -0.040897403 0.002929019 0.997307599
674.453078432 -0.721086144 -2.883062363 31.628278732 0.062814921 -0.044176649 0.011057272 0.996985674
674.484463712 -0.734969676 -2.908400774 31.763477325 0.061639372 -0.047682874 0.009542342 0.996913195
674.515741952 -0.754962921 -2.927715540 31.899599075 0.056514330 -0.050929446 -0.002687903 0.997098327
674.547532128 -0.769553185 -2.940354824 32.038257599 0.051154178 -0.054518212 -0.001740043 0.997200072
674.578970720 -0.785625279 -2.954846859 32.171432495 0.059094835 -0.054900326 -0.006627108 0.996719539
674.610636960 -0.796374142 -2.974693298 32.309970856 0.050092582 -0.052416887 -0.000669356 0.997367918
674.642095264 -0.809909046 -2.995924473 32.443706512 0.052358270 -0.046927981 -0.002548662 0.997521877
674.673360864 -0.823128581 -3.012419939 32.579154968 0.051510371 -0.042981990 -0.005983472 0.997729123
674.705084576 -0.835858703 -3.026897430 32.714653015 0.042248800 -0.040807113 -0.004272395 0.998264313
674.738563968 -0.849653542 -3.040225029 32.857582092 0.034641065 -0.042253789 0.001591516 0.998504937
674.770167488 -0.865050554 -3.058365345 32.985382080 0.047372166 -0.041421551 -0.000773594 0.998017788
674.801604416 -0.883362055 -3.076734543 33.116779327 0.051380776 -0.040390629 -0.009288284 0.997818828
674.833648576 -0.893911779 -3.098453999 33.250785828 0.056207720 -0.042177275 0.001184564 0.997527122
674.865396864 -0.902724802 -3.119994879 33.382724762 0.065758482 -0.042800073 0.012165645 0.996842980
674.896785280 -0.912733614 -3.141687155 33.520462036 0.066447653 -0.042082399 0.014655312 0.996794343
674.928536192 -0.927895188 -3.160721540 33.650600433 0.067126438 -0.040027529 0.008817176 0.996902287
674.960374368 -0.943260610 -3.179844856 33.782718658 0.068335801 -0.036843169 0.002870483 0.996977687
674.991694720 -0.952806592 -3.200873375 33.918525696 0.063407980 -0.036293365 0.006800573 0.997304320
675.023566592 -0.959224343 -3.224747181 34.050045013 0.058165550 -0.039154019 0.019399954 0.997350156
675.055416736 -0.976017177 -3.243086815 34.187824249 0.051726129 -0.039091643 0.011354809 0.997831345
675.087566944 -0.990562975 -3.257573366 34.325462341 0.043884777 -0.040430270 0.006770424 0.998195231
675.119252128 -1.002645731 -3.280548096 34.447895050 0.058177169 -0.042573318 0.008465823 0.997362196
675.150718848 -1.017663479 -3.303896904 34.578399658 0.062942311 -0.043093540 0.006511344 0.997065067
675.182071968 -1.030616879 -3.324682713 34.707145691 0.065013587 -0.042916719 0.005267773 0.996947169
675.213361280 -1.042863727 -3.344135523 34.830501556 0.076370053 -0.043752115 0.006495620 0.996097982
675.244730048 -1.058694124 -3.365961313 34.960102081 0.078313351 -0.045711622 0.005479013 0.995865166
675.276297024 -1.074476480 -3.389514923 35.087520599 0.078179941 -0.047125667 0.000911563 0.995824397
675.307718656 -1.090297580 -3.410321474 35.219718933 0.071554065 -0.048664838 -0.001679599 0.996247411
675.340781152 -1.103825212 -3.428243160 35.349437714 0.061788268 -0.049747597 -0.000047915 0.996848762
675.372320416 -1.117963433 -3.444769382 35.491367340 0.046089254 -0.049946938 0.003061275 0.997683167
675.406051424 -1.132147789 -3.466329813 35.616203308 0.048341546 -0.048351407 0.001674199 0.997658491
675.440560640 -1.151418328 -3.488427639 35.761756897 0.048011165 -0.046512887 0.000408802 0.997763157
675.471572256 -1.170880318 -3.500458002 35.892566681 0.043332875 -0.044475533 -0.009278381 0.998027086
675.502993984 -1.184474587 -3.510250807 36.021873474 0.041002326 -0.045295190 -0.002812384 0.998127878
675.534462624 -1.197091699 -3.524419308 36.147682190 0.041680455 -0.048637632 0.003247249 0.997941136
675.565793920 -1.213242054 -3.539635181 36.276252747 0.038229711 -0.048756681 -0.001506204 0.998077691
675.597188768 -1.226923227 -3.553098917 36.407714844 0.029098252 -0.049038339 0.002705275 0.998369277
675.629158720 -1.240333319 -3.571579695 36.530353546 0.041880298 -0.046919126 0.003618476 0.998013794
675.660848320 -1.257555842 -3.585868597 36.658740997 0.046031199 -0.044017538 -0.000816556 0.997969389
675.692341824 -1.274781704 -3.596743584 36.792663574 0.040759139 -0.041557699 -0.006602581 0.998282552
675.723672320 -1.283460140 -3.609683037 36.924938202 0.039445162 -0.040345475 0.006455012 0.998386025
675.755088480 -1.291700244 -3.625781536 37.051136017 0.041870605 -0.041590352 0.014953437 0.998145044
675.786504384 -1.309568882 -3.640792370 37.176021576 0.043634959 -0.041819002 0.003950497 0.998164058
675.820308032 -1.331288815 -3.656989574 37.301300049 0.047100898 -0.041660175 -0.014247953 0.997919321
675.851673120 -1.342316747 -3.672636747 37.434406281 0.047837384 -0.043497097 -0.009174814 0.997865438
675.891206304 -1.351760030 -3.684426308 37.604492188 0.034648750 -0.047646679 0.008187316 0.998229563
675.921593792 -1.365447998 -3.698290348 37.726512909 0.038801853 -0.046125274 0.003895346 0.998174191
675.953490880 -1.382263541 -3.715543985 37.857769012 0.037348673 -0.043754749 -0.005397172 0.998329341
675.985086240 -1.396047950 -3.733816624 37.985137939 0.040343046 -0.042900298 -0.004259613 0.998255372
676.018884736 -1.400537610 -3.751888990 38.112567902 0.051601574 -0.042332839 0.013715986 0.997675836
676.050587296 -1.417324543 -3.762878895 38.249980927 0.046607845 -0.042171083 0.004584573 0.998012185
676.082197824 -1.428804398 -3.785327911 38.370433807 0.060235370 -0.043370098 0.007252948 0.997215211
676.114372544 -1.435834646 -3.805950165 38.497283936 0.061535154 -0.045029815 0.021498384 0.996856868
676.145876544 -1.451956034 -3.818162918 38.632259369 0.049009785 -0.046264328 0.015081077 0.997612238
676.177862048 -1.471240997 -3.830689192 38.765441895 0.052890915 -0.044049777 0.006025302 0.997610092
676.210631168 -1.476026893 -3.854419231 38.896026611 0.052946225 -0.042733081 0.021109568 0.997459233
676.246351136 -1.486806393 -3.874331713 39.043056488 0.043078825 -0.041911304 0.029356712 0.997760415
676.278637568 -1.498147011 -3.889716625 39.169113159 0.047741793 -0.038888935 0.029122187 0.997677445
676.310693024 -1.514527082 -3.902625084 39.292324066 0.055268317 -0.036161482 0.020208184 0.997611821
676.342029536 -1.517468333 -3.920325279 39.424278259 0.043090004 -0.036819655 0.038566217 0.997647345
676.373392032 -1.530183554 -3.939104319 39.543399811 0.053491268 -0.033482078 0.033356637 0.997449219
676.404949216 -1.538517952 -3.958554745 39.661392212 0.064027295 -0.035673670 0.034721307 0.996705711
676.436683552 -1.552653670 -3.972664118 39.793128967 0.051219027 -0.037575759 0.029139807 0.997554779
676.468178144 -1.567464590 -3.984133244 39.920822144 0.042511683 -0.039867569 0.023194883 0.998030722
676.499501760 -1.577844739 -4.002553463 40.039371490 0.051453393 -0.044599399 0.029182170 0.997252166
676.531020800 -1.589516044 -4.018335342 40.160736084 0.048405144 -0.050165888 0.027616248 0.997184873
676.562513088 -1.600861192 -4.037757397 40.281055450 0.045647953 -0.054355126 0.027008301 0.997111976
676.593955072 -1.617426038 -4.053180218 40.396148682 0.058655605 -0.055369474 0.013862183 0.996645212
676.625391456 -1.629390717 -4.066403866 40.520671844 0.051080998 -0.056554250 0.016915457 0.996948421
676.656959648 -1.640961766 -4.082086563 40.647624969 0.047365505 -0.055574547 0.023142397 0.997061908
676.688283584 -1.652258396 -4.101335049 40.769424438 0.052680135 -0.054270204 0.025403075 0.996812046
676.720451392 -1.666887760 -4.120342731 40.895206451 0.049486540 -0.053444009 0.022744711 0.997084498
676.751866784 -1.679853916 -4.137286663 41.019752502 0.049717885 -0.054819610 0.027310796 0.996883690
676.783507648 -1.694352984 -4.150815487 41.148296356 0.050345883 -0.057677053 0.032366708 0.996539533
676.815267296 -1.714725614 -4.161386490 41.275318146 0.043628834 -0.062873341 0.027521830 0.996687531
676.847482464 -1.735804915 -4.179550648 41.397331238 0.046320714 -0.072254993 0.025846696 0.995974660
676.878885504 -1.756379604 -4.198784828 41.518547058 0.046212316 -0.078435361 0.028508086 0.995439410
676.910539296 -1.774445415 -4.217863083 41.638858795 0.045586087 -0.083280772 0.032280512 0.994959414
676.941939520 -1.794944286 -4.231463432 41.758518219 0.051717337 -0.085490748 0.030457480 0.994529545
676.973608288 -1.819475412 -4.241742134 41.881591797 0.052802324 -0.083997399 0.021914074 0.994824648
677.005080032 -1.838013053 -4.257238388 42.007720947 0.045642197 -0.081343457 0.026065467 0.995299280
677.036847776 -1.857364178 -4.274162292 42.132900238 0.045654375 -0.080364510 0.026929596 0.995355248
677.068219104 -1.876747966 -4.293639183 42.255374908 0.044715241 -0.081982493 0.028499216 0.995222211
677.099615264 -1.899572253 -4.308932304 42.377296448 0.044835340 -0.084641315 0.024721181 0.995095193
677.130933344 -1.919663191 -4.323673248 42.498928070 0.047640920 -0.090104923 0.029710466 0.994348407
677.162077568 -1.944704413 -4.334902763 42.623500824 0.043829542 -0.094838314 0.025046257 0.994211912
677.193372352 -1.977391481 -4.343212605 42.751232147 0.036459662 -0.096758582 0.007138448 0.994614244
677.225777888 -2.001068354 -4.359920025 42.872306824 0.038030926 -0.098483242 0.011452083 0.994345784
677.258440640 -2.019925833 -4.378881454 43.004001617 0.036141604 -0.099997185 0.022799896 0.994069695
677.291824160 -2.045325994 -4.393039703 43.132755280 0.030597763 -0.100200981 0.021118624 0.994272351
677.324720576 -2.079287291 -4.401173115 43.266132355 0.038955193 -0.098361544 0.006639811 0.994365871
677.356178880 -2.102523327 -4.413882732 43.391067505 0.044700600 -0.097663060 0.011472224 0.994148970
677.388059168 -2.126029730 -4.429643631 43.515609741 0.044890538 -0.098424166 0.014011762 0.994032800
677.420221856 -2.153424740 -4.446024418 43.638294220 0.046091847 -0.100092240 0.009852782 0.993861139
677.451749792 -2.180045605 -4.460398197 43.761997223 0.045305945 -0.103070378 0.012990587 0.993556798
677.490756384 -2.217518568 -4.476605892 43.918735504 0.040576208 -0.108227186 0.011798685 0.993227661
677.520874976 -2.249025106 -4.488066673 44.037723541 0.037470382 -0.112173960 0.003253733 0.992976546
677.552425248 -2.279373884 -4.502276897 44.162372589 0.037296377 -0.114525102 0.002692531 0.992716372
677.583702176 -2.308941841 -4.515182972 44.288013458 0.033126235 -0.116425358 0.005649373 0.992630780
677.615138816 -2.339530945 -4.528146744 44.411827087 0.031897534 -0.116471201 0.004433528 0.992671847
677.646687936 -2.369186878 -4.543138981 44.531429291 0.038473908 -0.115907237 0.005852314 0.992497385
677.678019296 -2.400030851 -4.558952332 44.650249481 0.047297433 -0.116020389 0.004488999 0.992109895
677.709637792 -2.432849169 -4.572492123 44.776752472 0.045346048 -0.117340751 0.003166082 0.992050827
677.741019168 -2.463057280 -4.584755898 44.901737213 0.046304025 -0.117703490 0.007592252 0.991939604
677.772292000 -2.496480465 -4.598430634 45.029338837 0.047623169 -0.117288455 0.007324023 0.991928339
677.803683040 -2.531353474 -4.615245342 45.150360107 0.043215506 -0.117948115 0.004062030 0.992070675
677.835666784 -2.562799215 -4.629086494 45.281372070 0.034000501 -0.119345993 0.009835407 0.992221594
677.868600928 -2.598734856 -4.640021324 45.416965485 0.026281564 -0.118989989 0.006990749 0.992522955
677.901276608 -2.634783745 -4.647391319 45.545944214 0.024287786 -0.117197119 0.004858714 0.992799759
677.932773376 -2.670203209 -4.660262585 45.677558899 0.023089394 -0.114940412 0.002579752 0.993100643
677.964660768 -2.699710846 -4.671603203 45.807388306 0.018228002 -0.114060692 0.010171235 0.993254483
677.996300224 -2.734731197 -4.681048870 45.935615540 0.017340669 -0.113360316 0.007201444 0.993376493
678.027707360 -2.770232916 -4.687635899 46.060310364 0.025451517 -0.112990394 0.004017787 0.993261933
678.059367744 -2.803435564 -4.694663525 46.192913055 0.014710223 -0.113331258 0.007849287 0.993417382
678.091158976 -2.835291862 -4.705835342 46.321708679 0.016480792 -0.114036433 0.008741567 0.993301392
678.122856512 -2.871920586 -4.716470242 46.452659607 0.020086413 -0.115568548 0.004900639 0.993084311
678.154421088 -2.906646490 -4.722120762 46.584251404 0.006002605 -0.117455453 0.004500620 0.993049800
678.186219520 -2.936305523 -4.728754520 46.705944061 0.007258837 -0.118385598 0.008185277 0.992907405
678.217478400 -2.966113329 -4.733564377 46.823818207 0.012196094 -0.118244208 0.011240322 0.992846012
678.249001152 -2.997101068 -4.737744331 46.939014435 -0.001722680 -0.118540466 0.008623385 0.992910266
678.280363584 -3.025245905 -4.747862339 47.037303925 0.002993484 -0.117652476 0.006017292 0.993032098
678.312509312 -3.047598600 -4.754953384 47.137542725 0.008523318 -0.118368432 0.015958415 0.992804945
678.343850336 -3.075731754 -4.757593155 47.239242554 0.004379686 -0.116313510 0.012192587 0.993128061
678.375445568 -3.104270935 -4.761561394 47.328147888 0.005325859 -0.114092231 0.001430193 0.993454874
678.407601152 -3.124587059 -4.768678665 47.415142059 0.007248371 -0.113502227 0.012156146 0.993436933
678.439167648 -3.145843506 -4.774896145 47.499523163 0.006659904 -0.112446591 0.012609592 0.993555486
678.470598656 -3.167342186 -4.779784679 47.577026367 0.002586304 -0.112885892 0.012412077 0.993527114
678.501954464 -3.185441732 -4.785156250 47.645523071 0.008845537 -0.113900751 0.015336822 0.993334353
678.533302880 -3.205545425 -4.787352085 47.713195801 0.008008291 -0.114176974 0.011710344 0.993359149
678.564342496 -3.222239733 -4.790587425 47.774814606 0.007257825 -0.113944054 0.012749230 0.993378818
678.596967904 -3.238772869 -4.795212746 47.831596375 0.008853285 -0.113862976 0.011335756 0.993392348
678.630434816 -3.255337238 -4.800415516 47.889942169 0.008290878 -0.114140108 0.011996436 0.993357658
678.671073536 -3.273730278 -4.804738998 47.956104279 0.010442775 -0.114619426 0.012738483 0.993272901
678.699761344 -3.286103964 -4.806917191 47.998912811 0.008955612 -0.115263201 0.012106502 0.993220806
678.731232064 -3.299076319 -4.810554981 48.041610718 0.009186959 -0.116794862 0.010759167 0.993055284
678.762605984 -3.308189154 -4.815027714 48.080535889 0.010568509 -0.119270116 0.014370007 0.992701590
678.793949888 -3.316485882 -4.818346977 48.116847992 0.012822455 -0.120378397 0.017583124 0.992489517
678.825290848 -3.327636957 -4.818863392 48.153537750 0.009507923 -0.120223120 0.013866975 0.992604494
678.856758368 -3.337963581 -4.820205688 48.186523438 0.009669547 -0.119682744 0.011334391 0.992700398
678.887978048 -3.346744537 -4.821300030 48.217250824 0.010553676 -0.119559973 0.011949632 0.992698967
678.919955136 -3.355316162 -4.823615074 48.246177673 0.008790052 -0.118932404 0.009973561 0.992813349
678.951309792 -3.361503839 -4.828148365 48.271045685 0.011665451 -0.118850239 0.011460617 0.992777526
678.982656736 -3.366200209 -4.830506325 48.292865753 0.015569206 -0.118785471 0.014617005 0.992690265
679.013754912 -3.373854637 -4.830826283 48.315479279 0.014168272 -0.118059441 0.010744182 0.992847323
679.045124768 -3.378630400 -4.832783699 48.336105347 0.012748489 -0.118516319 0.012769957 0.992788136
679.084265696 -3.383945942 -4.835231781 48.358165741 0.014526459 -0.118652679 0.013825114 0.992733300
679.114706464 -3.389277458 -4.835874557 48.373817444 0.015861737 -0.117650740 0.011102525 0.992866278
679.146417184 -3.393710136 -4.837807178 48.388076782 0.017336030 -0.117512926 0.011388280 0.992854714
679.177833344 -3.398248672 -4.839625835 48.400627136 0.018365772 -0.118619442 0.010662658 0.992712677
679.217274432 -3.401931763 -4.840083122 48.414016724 0.017783830 -0.120417766 0.011799128 0.992493868
679.250386240 -3.405458927 -4.840041637 48.427135468 0.017532943 -0.121355847 0.012674611 0.992373288
679.279223488 -3.408092260 -4.840316772 48.437931061 0.016384499 -0.121000789 0.012384036 0.992439926
679.311060576 -3.410180330 -4.842103481 48.447460175 0.016622290 -0.120343626 0.012988433 0.992508113
679.342496704 -3.412594318 -4.842921734 48.455699921 0.017162131 -0.119829342 0.013359820 0.992556274
679.371630432 -3.415332079 -4.842914104 48.462451935 0.017284136 -0.119839467 0.012692276 0.992561698
679.400445344 -3.417223215 -4.843683243 48.468437195 0.017721022 -0.120089516 0.013343519 0.992515206
679.432266656 -3.419220448 -4.844487667 48.474617004 0.018302878 -0.120238744 0.013126562 0.992489457
679.464096320 -3.420996666 -4.844817162 48.480792999 0.018509148 -0.120003067 0.012538749 0.992521763
679.495590080 -3.422471762 -4.844818115 48.486633301 0.018664481 -0.119502656 0.012565311 0.992578864
679.526972672 -3.424219131 -4.844960213 48.492301941 0.018590448 -0.119284809 0.011963752 0.992613912
679.558462048 -3.425833225 -4.845305443 48.497478485 0.018440785 -0.119305275 0.011652250 0.992617965
679.590531808 -3.427402735 -4.845561981 48.502326965 0.018501095 -0.119577274 0.011462292 0.992586315
679.622577792 -3.428820133 -4.845614433 48.507217407 0.018310891 -0.119920552 0.011366764 0.992549479
679.654024544 -3.430234194 -4.845731735 48.511745453 0.018096063 -0.120202072 0.011362939 0.992519498
679.685501056 -3.431539536 -4.845965862 48.516174316 0.017773323 -0.120420575 0.011301655 0.992499530
679.717109088 -3.432731152 -4.846257687 48.520103455 0.017616270 -0.120630659 0.011478116 0.992474735
679.749641088 -3.433781862 -4.846470833 48.524150848 0.017399689 -0.120904461 0.011691813 0.992442787
679.781128032 -3.434620857 -4.846765041 48.528053284 0.017251218 -0.121129751 0.012186749 0.992411911
679.813067744 -3.435328007 -4.847101688 48.531864166 0.017092103 -0.121344820 0.012452834 0.992385149
679.848084640 -3.436268806 -4.847467422 48.535892487 0.016799793 -0.121562243 0.012894997 0.992357850
679.881789824 -3.437237978 -4.847646713 48.539825439 0.016711039 -0.121634603 0.013036171 0.992348671
679.913285280 -3.438019753 -4.847838879 48.543277740 0.016581183 -0.121565893 0.013161451 0.992357612
679.945185024 -3.438586950 -4.848206043 48.545856476 0.016614007 -0.121525034 0.013345215 0.992359579
679.977693024 -3.439234495 -4.848426342 48.548488617 0.016716717 -0.121500701 0.013410996 0.992359936
