3115.520593856 0.000000000 0.000000000 0.000000000 0.000000000 0.000000000 0.000000000 1.000000000
3115.583389632 0.000972704 -0.002998989 0.006262972 0.004270365 -0.000434380 0.004021060 0.999982715
3115.645032736 0.002737945 -0.010221863 0.023251522 0.010163530 0.001733739 0.006095120 0.999928296
3115.706913952 0.004666077 -0.013901283 0.056696996 0.010619385 0.015608676 0.000352952 0.999821723
3115.770231392 0.014171379 -0.009060543 0.123179048 -0.016479494 0.044404484 -0.007167185 0.998852015
3115.838017888 0.006591073 -0.014134362 0.182587668 0.022792095 0.043889005 -0.018146999 0.998611510
3115.899362496 0.004462347 -0.017893445 0.265838504 0.018077303 0.027876860 -0.008515895 0.999411583
3115.960726016 -0.004931975 -0.001211977 0.367488265 0.004042292 0.014960304 -0.016354745 0.999746144
3116.026267584 -0.004758324 -0.012693489 0.478096306 0.008998930 0.011457982 -0.010819295 0.999835312
3116.087222688 -0.010148412 -0.017125472 0.611190021 -0.020321093 0.017674627 -0.024158888 0.999345303
3116.148925888 -0.081277512 0.014093708 0.760533690 -0.031695940 0.030337082 -0.052565504 0.997653186
3116.210805216 -0.087322466 0.037466586 0.887113154 -0.031501953 0.028826036 -0.082926370 0.995640457
3116.273993088 -0.085219868 0.058869913 1.027750254 -0.043338012 0.033586383 -0.085290603 0.994846344
3116.342584672 -0.080787182 0.056279074 1.168062091 -0.030272249 0.022996299 -0.077889964 0.996236861
3116.399427552 -0.081713714 0.069467835 1.327967167 -0.055716421 0.015499081 -0.081402637 0.995002031
3116.460714784 -0.080202177 0.071232751 1.469135284 -0.035733912 0.003109030 -0.064373508 0.997281015
3116.523689632 -0.086516351 0.076461829 1.624093890 -0.029571768 -0.004823727 -0.060004503 0.997748315
3116.587438176 -0.099232130 0.087249331 1.794874191 -0.050913479 -0.008887414 -0.067848064 0.996356130
3116.650584832 -0.110321619 0.098157674 1.939442396 -0.016069015 -0.010458843 -0.074147679 0.997062981
3116.710779040 -0.111594781 0.099111095 2.101365089 -0.017747123 -0.019048447 -0.064796142 0.997558892
3116.773449312 -0.116259478 0.104104772 2.271963358 -0.024547823 -0.030918870 -0.060890596 0.997363389
3116.837678496 -0.129434288 0.115787320 2.444957495 -0.025404809 -0.035179980 -0.074487336 0.996277392
3116.898763200 -0.137772828 0.125299722 2.622790575 -0.040770821 -0.032433037 -0.068981871 0.996256649
3116.960648320 -0.148066550 0.135193139 2.800283670 -0.038600508 -0.025621390 -0.070261456 0.996452153
3117.024156384 -0.160066038 0.142430440 2.988603354 -0.034143124 -0.022603009 -0.071348116 0.996610641
3117.089888544 -0.168665171 0.156633437 3.178066254 -0.037816055 -0.023118896 -0.067749225 0.996717393
3117.148740704 -0.177149966 0.167380467 3.355106592 -0.032048810 -0.024900850 -0.067323692 0.996905386
3117.211773536 -0.180251479 0.180473059 3.553649664 -0.047952019 -0.024223458 -0.059848052 0.996760786
3117.274131296 -0.182920009 0.182960033 3.737749100 -0.033689104 -0.022796679 -0.046794668 0.998075962
3117.338173280 -0.194823503 0.198125020 3.935859919 -0.035423167 -0.020604495 -0.054902505 0.997650445
3117.400002240 -0.203159392 0.206869677 4.133020401 -0.035048623 -0.019317467 -0.044676661 0.998199582
3117.461200800 -0.215006053 0.225327164 4.336434364 -0.052482352 -0.019775713 -0.038350739 0.997689188
3117.524066016 -0.236822367 0.255524009 4.547206879 -0.066514924 -0.024837760 -0.052294433 0.996104479
3117.588680928 -0.246798545 0.288400948 4.780056953 -0.072998047 -0.031120157 -0.050252512 0.995579004
3117.650581952 -0.256244272 0.327039540 4.972791672 -0.051591933 -0.037278716 -0.035465423 0.997341871
3117.710721536 -0.269967169 0.334237188 5.164173603 -0.009940738 -0.033597887 -0.026228810 0.999041736
3117.777611456 -0.304514378 0.337929636 5.377532005 0.038464319 -0.027467510 -0.017448658 0.998730004
3117.840089088 -0.320817590 0.262934983 5.640839100 0.049006946 -0.036504515 -0.001818810 0.998129487
3117.901953024 -0.343456060 0.244671464 5.855148315 0.033523772 -0.043235436 -0.001887599 0.998500526
3117.964337344 -0.374102592 0.231160164 6.074934959 0.014577029 -0.047052294 -0.014631215 0.998678863
3118.027659424 -0.403396815 0.220200911 6.291206360 0.003113031 -0.050735071 -0.018710084 0.998531997
3118.089939040 -0.429991901 0.219715625 6.504693508 -0.005922306 -0.059463434 -0.015229703 0.998096764
3118.151946720 -0.458408892 0.215603858 6.713022709 -0.005245957 -0.064184472 -0.000400219 0.997924209
3118.215198400 -0.492399931 0.204000428 6.920220852 0.008367041 -0.061916545 -0.001202956 0.998045504
3118.280101120 -0.526626945 0.202560380 7.140391350 0.005495029 -0.059436668 -0.002969478 0.998212516
3118.339348160 -0.548231721 0.200453594 7.353078365 -0.004618083 -0.065110385 0.007137175 0.997841835
3118.402250368 -0.585847616 0.200241938 7.581893921 -0.031231178 -0.070093527 -0.001991770 0.997049391
3118.464495616 -0.626320422 0.228264421 7.808711529 -0.055218037 -0.075319767 -0.013406963 0.995539129
3118.527532960 -0.657250047 0.239265621 8.036580086 -0.065833613 -0.077043563 -0.005803976 0.994834960
3118.589718912 -0.700221777 0.252817273 8.253901482 -0.049226798 -0.071094714 -0.015805501 0.996128738
3118.654446816 -0.736838222 0.274855912 8.475996971 -0.037566151 -0.064888895 -0.011781970 0.997115552
3118.719721504 -0.775967956 0.279396266 8.708539009 -0.028741136 -0.070325091 -0.007814432 0.997079372
3118.778638400 -0.816164374 0.289247930 8.940694809 -0.033105079 -0.073394611 -0.012404403 0.996676147
3118.840805120 -0.853465676 0.304616034 9.182482719 -0.041506525 -0.076295294 -0.014592738 0.996114075
3118.904047040 -0.885027945 0.308241785 9.423736572 -0.033238672 -0.076684266 -0.010965632 0.996440887
3118.974226528 -0.932768703 0.323352516 9.694192886 -0.029970128 -0.076936096 -0.023724992 0.996303022
3119.036058464 -0.967578232 0.342628270 9.939493179 -0.041293819 -0.079710357 -0.014200309 0.995861173
3119.098921920 -1.014517546 0.354913294 10.197637558 -0.049834631 -0.084964424 -0.019093551 0.994953752
3119.160707552 -1.066851258 0.373991966 10.440943718 -0.051419523 -0.097634435 -0.023158442 0.993623257
3119.223372256 -1.120359659 0.391074836 10.683864594 -0.044734705 -0.107160814 -0.015748821 0.993109941
3119.285308384 -1.186772943 0.406792611 10.934094429 -0.037599225 -0.111362271 -0.026411084 0.992717087
3119.352904736 -1.253223658 0.421094865 11.207567215 -0.044610977 -0.109498538 -0.022409214 0.992732465
3119.410577472 -1.311375976 0.432709187 11.438989639 -0.038515251 -0.109745950 -0.023820888 0.992927432
3119.473917728 -1.376345396 0.445170760 11.700239182 -0.033313163 -0.109860227 -0.022779264 0.993127406
3119.537321344 -1.441383362 0.459523380 11.964451790 -0.032349505 -0.112791270 -0.021612439 0.992856741
3119.598225024 -1.506620288 0.468703896 12.221949577 -0.033349715 -0.116098925 -0.020814836 0.992459357
3119.660723712 -1.572816610 0.484422743 12.488385201 -0.032374591 -0.116085738 -0.020202665 0.992505848
3119.723363584 -1.630748153 0.494902402 12.758190155 -0.032628771 -0.114788510 -0.018957052 0.992672980
3119.785631520 -1.697418809 0.507396579 13.025246620 -0.029877711 -0.112469502 -0.017840488 0.993045628
3119.848099744 -1.764449120 0.515398741 13.298490524 -0.025723234 -0.110621497 -0.015912699 0.993402243
3119.911529984 -1.827009916 0.527484417 13.578154564 -0.031105554 -0.103127599 -0.013880485 0.994084716
3119.973519296 -1.886485934 0.529893517 13.854560852 -0.030270983 -0.100493126 -0.011479845 0.994410872
3120.035591104 -1.952418089 0.524246573 14.129289627 -0.026388358 -0.099247247 -0.004906178 0.994700730
3120.104679488 -2.017574549 0.522479236 14.427835464 -0.024956973 -0.099840209 -0.002427233 0.994687498
3120.161432000 -2.066528797 0.534014344 14.680794716 -0.022274088 -0.100702256 -0.002869999 0.994663119
3120.223011264 -2.127660513 0.529850960 14.952361107 -0.021021152 -0.102771349 -0.001990861 0.994480848
3120.286196864 -2.188818932 0.510910392 15.272891045 -0.026738428 -0.101954885 -0.003510636 0.994423449
3120.348682240 -2.254377365 0.508791804 15.558380127 -0.030599887 -0.100740537 -0.006521873 0.994420648
3120.411063296 -2.336440086 0.523110926 15.839291573 -0.031660940 -0.095441021 -0.016740162 0.994790614
3120.473613824 -2.403123140 0.530989170 16.116937637 -0.030593086 -0.097343631 -0.015650410 0.994657397
3120.535625824 -2.452289343 0.533388436 16.424551010 -0.037648421 -0.098247506 -0.012480584 0.994371295
3120.598311136 -2.493203163 0.493839204 16.731061935 -0.049224336 -0.102610901 -0.007894460 0.993471503
3120.660665568 -2.590619564 0.517134428 16.972400665 -0.048590600 -0.097560734 -0.010573252 0.993986487
3120.723244096 -2.565029860 0.533326507 17.104938507 -0.053561818 -0.102210678 -0.010579756 0.993263364
3120.785840704 -2.689466715 0.508421361 17.520538330 -0.054978456 -0.099471748 -0.015581264 0.993398190
3120.848245984 -2.780696630 0.522732913 17.969352722 -0.055683862 -0.100835167 -0.026411990 0.992992461
3120.912419872 -2.902678013 0.490058780 19.081457138 -0.058601554 -0.101745166 -0.038394060 0.992340505
3120.973105568 -2.791063786 0.508585751 19.210699081 -0.062074505 -0.111541986 -0.030609630 0.991346657
3121.036453088 -2.984480858 0.458430916 19.723543167 -0.064044997 -0.104838900 -0.033573970 0.991856754
3121.099721120 -3.135789394 0.405933768 20.239145279 -0.068289891 -0.106397122 -0.031051185 0.991489768
3121.160921632 -3.252014160 1.158958316 18.252035141 -0.079643771 -0.130884185 0.108130410 0.982259631
3121.223722656 -3.376188040 1.284871817 17.817152023 -0.075098440 -0.117697805 0.094056651 0.985728502
3121.285739648 -3.536914349 1.139632344 18.670373917 -0.080112129 -0.117593274 0.105025679 0.984237492
3121.348996576 -3.687339544 1.001233220 19.554788589 -0.085605800 -0.119750112 0.115360625 0.982356131
3121.412189952 -3.725519657 0.880200505 20.327600479 -0.092859522 -0.128556937 0.123622179 0.979575336
3121.475776864 -3.179354191 0.886222243 19.844844818 -0.104638934 -0.151830792 0.108342551 0.976862311
3121.535542048 -3.609453201 0.702254415 20.315530777 -0.112928450 -0.136892319 0.120908804 0.976672292
3121.598155584 -4.037585735 0.517388225 20.828573227 -0.120179400 -0.122088604 0.134543404 0.975986362
3121.663144992 -4.135159969 0.444968283 21.972726822 -0.120433941 -0.123314060 0.138852298 0.975197077
3121.723186976 -3.924456596 0.464338601 21.052864075 -0.120786034 -0.120911591 0.099818990 0.980217993
3121.785644896 -4.319739342 0.724604845 22.347587585 -0.100891463 -0.120081067 0.133049637 0.978621066
3121.849199776 -4.598658085 0.719985664 23.350500107 -0.095216885 -0.127463862 0.156819150 0.974727869
3121.910652480 -1.191494465 6.540709972 10.656397820 -0.021012619 -0.044332739 0.021150980 0.998571813
3121.976218304 6.190990448 13.355400085 -6.028943062 0.065772675 0.018803010 -0.283557832 0.956512034
3122.035639328 14.321140289 18.311183929 -21.125373840 0.141046047 0.077895522 -0.522747397 0.837122083
3122.099232576 16.773172379 17.791011810 -7.853522301 0.347787261 0.000305507 -0.480095029 0.805327654
3122.160622272 18.130580902 17.685226440 -7.958371162 0.347531140 -0.143159121 -0.484845847 0.789716482
3122.223694336 21.223909378 17.754423141 -7.594633102 0.411084950 -0.228505611 -0.572076321 0.671954632
3122.287504736 23.442573547 16.853321075 -6.663156033 0.462993592 -0.300954133 -0.643395841 0.530193806
3122.350727552 6.842727661 20.006210327 -2.294595718 0.579158664 -0.314048350 -0.496266693 0.565392137
3122.410971872 6.516168118 19.605163574 -2.000008821 0.477502167 -0.515573800 -0.484048903 0.521413445
3122.473151616 6.043255329 19.420696259 -1.657746077 -0.346559465 0.695947051 0.443371803 -0.446066886
3122.535545536 4.879833221 20.007143021 -1.671334267 -0.206986517 0.832777798 0.374527514 -0.351236194
3122.598355232 3.959830761 20.728500366 -1.885359764 -0.060848385 0.925043583 0.291827530 -0.235432565
3122.660699776 3.532942772 20.802904129 -1.813294053 0.070131376 0.969118774 0.207971901 -0.112419032
3122.723129632 -6.461806297 25.091938019 1.595026612 0.179391712 0.962295413 0.071851104 0.191424876
3122.785689504 -14.377622604 32.176189423 -1.863251328 0.266923517 0.840071797 -0.072825707 0.466612905
3122.848532992 -16.747707367 38.785293579 -10.548197746 0.322007328 0.617029607 -0.209771082 0.686718225
3122.910768320 -12.636756897 41.791770935 -20.237257004 0.338482797 0.326380521 -0.322412908 0.821556449
3122.971443680 -4.336366653 40.024589539 -26.683700562 0.315761238 0.007038350 -0.395745963 0.862340093
3123.036392576 5.220949173 33.786163330 -27.223293304 0.252980024 -0.335451603 -0.426388174 0.801040888
3123.098295520 10.650897980 26.435220718 -21.501386642 0.164136812 -0.621068597 -0.405459374 0.650335014
3123.160596832 11.391047478 18.189193726 -10.769104004 -0.032391444 0.802851081 0.389724284 -0.449995428
3123.220791584 4.526700974 13.492309570 2.010886192 0.101128697 0.912524343 0.341858447 -0.200512081
3123.285746944 -8.669398308 16.184715271 11.792992592 0.237279475 0.933695197 0.251890302 0.091994375
3123.351378272 -24.382411957 26.581027985 13.019785881 0.314588189 0.853065491 0.137656614 0.392892152
3123.412450048 -34.047901154 40.634620667 3.529775620 0.347543150 0.680739999 0.010106105 0.644751608
3123.471039776 -33.944644928 51.235115051 -9.964367867 0.343727201 0.462269098 -0.092895307 0.812114120
3123.536096352 -24.776863098 57.157806396 -24.639102936 0.299803406 0.191036731 -0.188089743 0.915557265
3123.598079328 -9.920257568 56.184482574 -33.650249481 0.233621255 -0.084888138 -0.261558086 0.932632029
3123.662752288 1.354160309 51.646816254 -35.846717834 0.181199938 -0.281999767 -0.326697648 0.883691847
3123.721427808 3.822499275 50.309120178 -35.260482788 0.175894111 -0.331424028 -0.329125971 0.866542280
3123.786342944 4.518981457 49.588806152 -34.076572418 0.159601212 -0.345690101 -0.335610330 0.861621439
3123.857394656 4.257695675 49.523719788 -33.833877563 0.158502862 -0.344764411 -0.342735976 0.859387219
3123.919081856 4.081589222 49.510517120 -33.677539825 0.156132206 -0.347783566 -0.347226083 0.856798351
3123.979309760 3.928128958 49.480102539 -33.514480591 0.149008900 -0.351042628 -0.345960468 0.857249558
3124.048299808 3.721021175 49.475700378 -33.319869995 0.137548313 -0.345615566 -0.357327133 0.856707454
3124.107206496 3.548476219 49.479499817 -33.146492004 0.141004607 -0.347404927 -0.345789254 0.860149562
3124.172117600 3.361021280 49.480453491 -32.966213226 0.143359274 -0.347371876 -0.353432685 0.856659949
3124.229476928 3.180194139 49.473644257 -32.794792175 0.147255123 -0.347960591 -0.350420803 0.856997430
3124.294743584 2.993036985 49.463073730 -32.621730804 0.160719484 -0.349653542 -0.345035464 0.856073678
3124.357906016 2.824301481 49.444694519 -32.476097107 0.170424327 -0.350160539 -0.337547332 0.856974304
3124.420227712 2.608875751 49.426628113 -32.283737183 0.169290304 -0.346011728 -0.350624233 0.853627145
3124.480388608 2.446801186 49.408279419 -32.161449432 0.136950552 -0.349751741 -0.335427850 0.863948166
3124.543526592 2.265543222 49.416683197 -31.997619629 0.154888242 -0.342734575 -0.369898558 0.849539697
3124.607575776 2.068541765 49.401775360 -31.793136597 0.150161266 -0.350737423 -0.337552249 0.860519230
3124.668071520 1.877611041 49.380325317 -31.617635727 0.171565175 -0.348775685 -0.348140210 0.853064656
3124.729700128 1.729179978 49.358432770 -31.479537964 0.165280715 -0.349469513 -0.341902673 0.856537163
3124.794037760 1.553125978 49.351387024 -31.317819595 0.169044510 -0.345389336 -0.348872125 0.854645193
3124.857071680 1.386047840 49.343006134 -31.150554657 0.148502454 -0.336687654 -0.347616941 0.862409949
3124.920177056 1.206742644 49.342624664 -30.981122971 0.146177307 -0.328814507 -0.357508361 0.861801028
3124.983506848 0.993218541 49.337341309 -30.738550186 0.141282246 -0.331231683 -0.345565468 0.866550326
3125.044710688 0.826529860 49.348194122 -30.582080841 0.146190077 -0.329838067 -0.353786558 0.862942874
3125.107721024 0.624537468 49.368350983 -30.419185638 0.144296929 -0.332605779 -0.333275050 0.870333016
3125.170346944 0.454740614 49.370185852 -30.234352112 0.140891433 -0.327833116 -0.346295029 0.867614448
3125.236790080 0.270871282 49.355010986 -30.036371231 0.145837560 -0.332206547 -0.337155223 0.868732750
3125.301162656 0.112806603 49.353374481 -29.858337402 0.131931573 -0.332268745 -0.346347958 0.867314577
3125.364952224 -0.080802113 49.347175598 -29.644065857 0.147669673 -0.340793103 -0.353728563 0.858446181
3125.426423616 -0.237405434 49.350128174 -29.516912460 0.144098520 -0.342414677 -0.351305902 0.859402061
3125.489988800 -0.396364510 49.352516174 -29.352510452 0.140625000 -0.339988887 -0.352169484 0.860586345
3125.551471040 -0.569317997 49.335643768 -29.176313400 0.150639877 -0.339389265 -0.351447582 0.859422565
3125.616010880 -0.740083873 49.332080841 -29.013320923 0.152828619 -0.337190449 -0.358887404 0.856823146
3125.676271104 -0.902934551 49.303382874 -28.836107254 0.160327956 -0.344924599 -0.336200774 0.861563146
3125.740033248 -1.076833963 49.292350769 -28.636878967 0.147338331 -0.339140385 -0.341135204 0.864234924
3125.801912416 -1.231177807 49.275394440 -28.463794708 0.149436682 -0.339887112 -0.335259676 0.865878940
3125.865004832 -1.390870094 49.266281128 -28.297712326 0.146764785 -0.339381516 -0.330910444 0.868204236
3125.930137248 -1.554078102 49.259170532 -28.133832932 0.146186724 -0.334242374 -0.332023889 0.869868755
3125.990835360 -1.713136554 49.246982574 -27.975629807 0.151253879 -0.334908605 -0.323816746 0.871837854
3126.054554400 -1.869268417 49.233695984 -27.817531586 0.150648624 -0.333047718 -0.331025600 0.869946122
3126.118593120 -2.033233404 49.221282959 -27.647829056 0.149490952 -0.333912134 -0.325816274 0.871779144
3126.179413408 -2.189719677 49.212032318 -27.486970901 0.143914148 -0.337217599 -0.329942316 0.869891405
3126.241193824 -2.355757952 49.201747894 -27.319017410 0.139603823 -0.339081734 -0.331585884 0.869243979
3126.306040608 -2.542372942 49.188224792 -27.124629974 0.150717348 -0.345140427 -0.331046343 0.865199804
3126.368574944 -2.702357054 49.184196472 -26.964998245 0.139108792 -0.346614003 -0.333295137 0.865691543
3126.430639904 -2.869845390 49.178764343 -26.806278229 0.132061169 -0.352635354 -0.332544595 0.864651501
3126.491246816 -3.041565418 49.177516937 -26.647130966 0.138650224 -0.361646920 -0.331626534 0.860239208
3126.555587808 -3.209650517 49.168712616 -26.494586945 0.135099694 -0.368384480 -0.323363185 0.861090720
3126.618941216 -3.381442070 49.168838501 -26.334735870 0.130293697 -0.371764988 -0.328099787 0.858583033
3126.680333472 -3.556120872 49.180034637 -26.202819824 0.122271419 -0.379224598 -0.335810751 0.853504300
3126.745151584 -3.736368418 49.189441681 -26.050739288 0.119333588 -0.396435916 -0.335725278 0.846100807
3126.805416896 -3.914639950 49.207057953 -25.894735336 0.106897980 -0.403753400 -0.349867076 0.838539779
3126.868835456 -4.104676247 49.224922180 -25.737392426 0.111429967 -0.417576641 -0.346277535 0.832649410
3126.933340288 -4.291559219 49.251800537 -25.592901230 0.107942559 -0.412773043 -0.360049933 0.829657078
3126.995283744 -4.484086990 49.265422821 -25.432121277 0.102625631 -0.414264888 -0.340967089 0.837612092
3127.060045632 -4.681079865 49.291133881 -25.288742065 0.109855592 -0.410945117 -0.350075394 0.834567606
3127.123570944 -4.890781403 49.301044464 -25.111028671 0.108981043 -0.410989642 -0.346685290 0.836074114
3127.185666176 -5.078983307 49.321361542 -24.962587357 0.104848176 -0.414643228 -0.349145442 0.833771706
3127.245388640 -5.261787891 49.338710785 -24.831586838 0.104652725 -0.416509092 -0.348317623 0.833212376
3127.309721600 -5.469448566 49.360126495 -24.678886414 0.104722120 -0.408410460 -0.349742949 0.836608648
3127.375207904 -5.686818600 49.377605438 -24.500938416 0.111739978 -0.406259984 -0.343325526 0.839401364
3127.434961312 -5.862024784 49.396244049 -24.358072281 0.109131776 -0.405699521 -0.334252238 0.843666732
3127.495723776 -6.043853283 49.426300049 -24.217035294 0.107117489 -0.403502405 -0.347866029 0.839464664
3127.562405184 -6.262423038 49.439701080 -24.050586700 0.098940223 -0.409858465 -0.341578037 0.839971006
3127.623456448 -6.480197906 49.465454102 -23.887155533 0.098838836 -0.411648601 -0.353842258 0.834009588
3127.685432992 -6.670751572 49.499416351 -23.733823776 0.087868027 -0.408862650 -0.352241248 0.837279320
3127.745118048 -6.881708145 49.529418945 -23.555583954 0.087660089 -0.409223795 -0.349004865 0.838479102
3127.810056256 -7.088636398 49.563617706 -23.389051437 0.085304476 -0.405066401 -0.349166960 0.840670466
3127.873294656 -7.309865475 49.601047516 -23.224033356 0.085375890 -0.402711838 -0.348817736 0.841938436
3127.935327328 -7.503298759 49.636104584 -23.066040039 0.083904281 -0.402932316 -0.348283201 0.842202127
3127.996020832 -7.695445538 49.673156738 -22.907299042 0.081079729 -0.401571840 -0.354983747 0.840328872
3128.060137056 -7.903464794 49.718833923 -22.751949310 0.077612720 -0.401774675 -0.354580820 0.840729356
3128.123760000 -8.089924812 49.760601044 -22.600914001 0.076132767 -0.403869897 -0.351527691 0.841142833
3128.185103904 -8.265899658 49.779407501 -22.456716537 0.074901082 -0.404461116 -0.356902868 0.838702202
3128.244821760 -8.402684212 49.805271149 -22.343656540 0.076743454 -0.407966226 -0.350698292 0.839455009
3128.310084192 -8.546697617 49.820960999 -22.238092422 0.073567711 -0.408567846 -0.352512836 0.838686347
3128.373220000 -8.662050247 49.845722198 -22.139738083 0.077391595 -0.413038373 -0.349929690 0.837232947
3128.434993792 -8.769476891 49.860454559 -22.057079315 0.074198835 -0.413851827 -0.348005235 0.837922156
3128.494632448 -8.855280876 49.878551483 -21.986955643 0.074777693 -0.414418250 -0.348982126 0.837184131
3128.560100096 -8.955150604 49.906162262 -21.933746338 0.073939629 -0.413228989 -0.347735941 0.838364124
3128.623792480 -9.020767212 49.918350220 -21.883543015 0.077252112 -0.412810236 -0.347938776 0.838187575
3128.684870944 -9.079209328 49.932575226 -21.838356018 0.077930614 -0.411978602 -0.349273145 0.837978899
3128.746414144 -9.132184029 49.939857483 -21.803752899 0.078870431 -0.412581116 -0.347702980 0.838247538
3128.811149632 -9.174291611 49.948867798 -21.769027710 0.077270210 -0.412661314 -0.347144455 0.838588536
3128.873351040 -9.214865685 49.950969696 -21.738712311 0.075780503 -0.415489644 -0.342272192 0.839330316
3128.934277216 -9.241909981 49.957374573 -21.716472626 0.078116126 -0.413955718 -0.344899237 0.838798583
3128.994930368 -9.265488625 49.961238861 -21.698953629 0.077349782 -0.413973033 -0.346862316 0.838051260
3129.060781120 -9.296690941 49.973098755 -21.682752609 0.078036003 -0.414277762 -0.345375806 0.838450849
3129.123281792 -9.311917305 49.975879669 -21.669872284 0.077518366 -0.415068120 -0.344998479 0.838263333
3129.184253344 -9.325936317 49.979141235 -21.659536362 0.078517735 -0.415724784 -0.344912022 0.837880433
3129.244957984 -9.334115982 49.977699280 -21.652967453 0.078843355 -0.415703624 -0.344598472 0.837989330
3129.310098016 -9.350359917 49.982368469 -21.644697189 0.079668149 -0.416081041 -0.344173640 0.837898612
3129.373723776 -9.360374451 49.985443115 -21.635175705 0.079922378 -0.416152745 -0.343961716 0.837925792
3129.435248864 -9.370887756 49.988178253 -21.627399445 0.080755189 -0.416440368 -0.343928218 0.837716699
3129.495568352 -9.382232666 49.991546631 -21.617740631 0.081021801 -0.416714400 -0.344248980 0.837422967
