3753.011399680 0.000000000 0.000000000 0.000000000 0.000000000 0.000000000 0.000000000 1.000000000
3753.074856288 0.000402926 0.000884876 0.015520508 -0.001460714 0.001701115 -0.001234949 0.999996722
3753.138505696 0.001816995 -0.001542883 0.048822250 -0.000591181 -0.000044023 0.001061539 0.999999285
3753.199002080 0.001808888 -0.002388227 0.101576701 -0.000879241 -0.007195567 0.004834372 0.999962032
3753.261516384 -0.004040465 -0.010336448 0.168458611 0.007549138 -0.018051136 0.003890849 0.999800980
3753.325404448 -0.005139658 -0.017275225 0.253012985 0.011172013 -0.022698766 0.012658424 0.999599814
3753.386646816 -0.009366188 -0.021839825 0.352851778 0.016696727 -0.022157263 0.009960219 0.999565423
3753.449274080 -0.011062602 -0.026271900 0.469770104 0.016951215 -0.022027073 0.011932968 0.999542415
3753.511873664 -0.020158956 -0.029648542 0.596240401 0.025535246 -0.019871771 0.002555033 0.999473155
3753.574131168 -0.024411270 -0.033255316 0.741190851 0.020758536 -0.015098101 0.002831159 0.999666512
3753.636594240 -0.029372243 -0.047357600 0.891051412 0.017298089 -0.012682524 -0.001425819 0.999768972
3753.699310720 -0.033703998 -0.052817628 1.047491431 0.015396785 -0.014618858 0.001031162 0.999774039
3753.761928736 -0.042104766 -0.061441049 1.210763335 0.011336019 -0.015083216 -0.003809524 0.999814749
3753.824253952 -0.047317095 -0.067368336 1.382007122 0.009452978 -0.013518120 -0.003297006 0.999858499
3753.886492672 -0.049715735 -0.079474956 1.551439881 0.011902810 -0.007989801 -0.000970825 0.999896765
3753.950155488 -0.055145916 -0.085551456 1.732007265 0.011834518 -0.006098867 -0.002822601 0.999907374
3754.011622432 -0.051068611 -0.093528174 1.907749653 0.007901586 -0.002751626 0.009183822 0.999922812
3754.074264608 -0.052667677 -0.104491055 2.091110468 0.010478876 0.001023975 0.005152609 0.999931276
3754.136781664 -0.052734900 -0.106746972 2.277501583 0.004112842 0.003311386 0.004073693 0.999977767
3754.199298688 -0.048526820 -0.119017400 2.467763424 0.009240915 0.003443841 0.007817292 0.999920785
3754.261525920 -0.052806415 -0.121991865 2.660734415 -0.002670909 -0.001033196 -0.003308432 0.999990404
3754.324331648 -0.050382279 -0.126843423 2.850776672 0.004095777 -0.008274114 0.003880874 0.999949872
3754.386548800 -0.057804521 -0.133030728 3.050196171 -0.004415540 -0.011753046 -0.006093525 0.999902606
3754.449486752 -0.064532250 -0.133525044 3.248844862 -0.001649315 -0.011870712 -0.011177748 0.999865711
3754.511757952 -0.064417273 -0.141771927 3.451992750 -0.000809263 -0.010071635 -0.003330637 0.999943376
3754.574351456 -0.071352951 -0.146339953 3.651441336 0.000972289 -0.006307267 -0.007730754 0.999949753
3754.637047104 -0.074169233 -0.150019094 3.856146097 0.001918475 -0.003257081 -0.009897006 0.999943852
3754.699183360 -0.072009362 -0.156397149 4.063918114 -0.003429295 -0.003864471 0.001483302 0.999985576
3754.761721344 -0.075626604 -0.160897791 4.273869038 -0.009108972 -0.004286755 -0.001779563 0.999947727
3754.824056480 -0.079081416 -0.168601304 4.481516838 0.000083360 -0.004837413 -0.007292738 0.999961674
3754.886641792 -0.076216988 -0.169911802 4.696790695 -0.003811651 -0.003416680 0.001674540 0.999985516
3754.949191744 -0.082009271 -0.172071546 4.916802406 -0.008592785 -0.003420813 -0.004400142 0.999947548
3755.011632640 -0.083041780 -0.177927718 5.134871483 -0.010160931 -0.005239066 -0.005615392 0.999918878
3755.074205600 -0.088770375 -0.175115004 5.359365940 -0.011207981 -0.006419603 -0.013952521 0.999819219
3755.137076864 -0.086246319 -0.180946097 5.586292267 -0.003329837 -0.008948482 -0.000972212 0.999953926
3755.199194048 -0.090840071 -0.186020479 5.819132805 -0.005891699 -0.009812399 -0.005861991 0.999917328
3755.261745632 -0.089721076 -0.181348279 6.043515205 0.001010036 -0.006537658 -0.000359558 0.999978065
3755.325055904 -0.081619181 -0.189001724 6.276906013 -0.015899068 -0.004369407 0.020193243 0.999660134
3755.386683200 -0.085831814 -0.191188291 6.493204117 -0.003604732 0.001519675 0.010009372 0.999942243
3755.449110624 -0.083769664 -0.194000512 6.722885132 -0.009629272 0.007659568 0.017865757 0.999764681
3755.511588256 -0.082165256 -0.202363774 6.953839779 0.002604162 0.007570719 0.020691084 0.999753833
3755.573947968 -0.077596150 -0.210880816 7.185663223 0.010282791 0.005962093 0.025543964 0.999603033
3755.636545312 -0.072457887 -0.223169878 7.424324512 0.011013199 0.008711677 0.023780193 0.999618590
3755.699248448 -0.070574597 -0.222464591 7.660248280 0.003563407 0.007796370 0.020250114 0.999758184
3755.762247520 -0.065526940 -0.239594638 7.890669346 0.002058435 -0.001689083 0.025292743 0.999676526
3755.824533824 -0.074089952 -0.241867185 8.118759155 0.006601037 -0.012052584 0.009595908 0.999859512
3755.886909952 -0.068806104 -0.249966994 8.351645470 0.002054511 -0.017232940 0.026696274 0.999492943
3755.949364192 -0.083344564 -0.259669185 8.589697838 0.011480538 -0.008809351 0.013631225 0.999802351
3756.011770176 -0.086061329 -0.262250006 8.822869301 0.013901265 -0.004483614 0.017314037 0.999743402
3756.074517280 -0.091642134 -0.272103012 9.062501907 0.004944616 -0.011004169 0.017727965 0.999770105
3756.136507936 -0.094219491 -0.281406939 9.296642303 -0.000816997 -0.017799258 0.020015290 0.999640882
3756.199114336 -0.109414265 -0.284830630 9.531553268 -0.004810883 -0.014201026 0.003182036 0.999882519
3756.262164192 -0.112814322 -0.274280101 9.768026352 -0.022527672 -0.011924013 0.011662610 0.999607086
3756.324341280 -0.118613459 -0.273532987 10.005072594 -0.029126475 -0.014614948 0.007732729 0.999438941
3756.388950880 -0.123736151 -0.272172421 10.242180824 -0.026232898 -0.020312300 0.007842286 0.999418676
3756.449049376 -0.134779662 -0.265971154 10.470331192 -0.010294255 -0.023430288 -0.000734935 0.999672234
3756.511600032 -0.144960165 -0.273300380 10.712327957 -0.007937758 -0.017356282 -0.005297292 0.999803841
3756.574091360 -0.158061758 -0.268697023 10.956785202 -0.002346518 -0.018020993 -0.016480399 0.999698997
3756.636605184 -0.163627714 -0.269263595 11.206139565 -0.019852828 -0.026081167 -0.008453818 0.999426901
3756.699239264 -0.178762123 -0.268062592 11.446063995 -0.016720004 -0.027621467 -0.015765214 0.999354303
3756.761599200 -0.186520934 -0.273718208 11.691999435 -0.004306629 -0.016278969 -0.012197545 0.999783814
3756.824028128 -0.190304041 -0.278395176 11.939353943 -0.001199522 -0.001460553 -0.002379995 0.999995351
3756.886688000 -0.194841266 -0.288691521 12.180144310 0.010772222 0.004431410 -0.003990571 0.999924183
3756.949231040 -0.191465899 -0.296798676 12.434510231 -0.001788383 0.006388154 0.006489107 0.999956906
3757.011509600 -0.190552324 -0.306169689 12.681797028 0.003103574 0.017828800 -0.015894176 0.999709904
3757.075104384 -0.168609634 -0.318546504 12.931400299 -0.004222662 0.025747577 0.004737687 0.999648333
3757.136507232 -0.162641361 -0.306282878 13.190990448 -0.014469209 0.029982923 -0.004289303 0.999436438
3757.199550048 -0.147315472 -0.313856989 13.438670158 -0.016537555 0.028180495 -0.001396740 0.999465048
3757.261738432 -0.142058283 -0.312076122 13.679242134 -0.013257609 0.024132205 -0.013067013 0.999535441
3757.324125440 -0.120986104 -0.306730479 13.930340767 -0.020049468 0.021031702 0.007404081 0.999550343
3757.386528896 -0.102586195 -0.303563774 14.186415672 -0.025524355 0.027889922 0.011041372 0.999224067
3757.449409184 -0.080163114 -0.297420591 14.441635132 -0.021132771 0.044467166 0.014404318 0.998683393
3757.511391072 -0.053251188 -0.298760444 14.694993019 -0.014311503 0.050109550 0.019422872 0.998452306
3757.574416448 -0.028247260 -0.316248506 14.930787086 0.035436146 0.048565842 0.023920650 0.997904539
3757.636758976 -0.011893973 -0.332675636 15.182703972 0.025179774 0.051665325 0.017286837 0.998197317
3757.699812832 0.013200417 -0.320147902 15.454492569 -0.036703270 0.053867765 0.011747342 0.997804165
3757.762055872 0.048225656 -0.197099745 15.690863609 -0.027119569 0.042890742 0.015905021 0.998584986
3757.824368384 0.084517606 -0.190963238 15.935317993 -0.011365954 0.035537824 0.055517703 0.997760296
3757.886620640 0.084506445 -0.157418594 16.198781967 0.010291032 0.040799815 0.035429619 0.998485982
3757.949570624 0.112913266 -0.193422660 16.420902252 0.049718533 0.046908572 0.060029823 0.995853424
3758.011649792 0.139049217 -0.200291842 16.672367096 0.020977756 0.044170722 0.067987993 0.996487081
3758.074243328 0.152760282 -0.206645027 16.928068161 -0.017570071 0.031175600 0.047901008 0.998210847
3758.137890272 0.171526253 -0.215685323 17.174804688 -0.005788831 0.029935157 0.045555908 0.998496413
3758.199228928 0.183656484 -0.208207652 17.422414780 -0.009332695 0.027613571 0.046675760 0.998484731
3758.261861856 0.191656411 -0.216318548 17.673713684 -0.006070202 0.027150413 0.040389661 0.998796642
3758.324250592 0.191879421 -0.223854601 17.926723480 -0.000488148 0.023376502 0.032674376 0.999192536
3758.386669408 0.197156176 -0.233843967 18.179544449 0.009960768 0.022283589 0.030599562 0.999233663
3758.449471680 0.206321791 -0.244782224 18.435297012 0.010653094 0.020480286 0.026602270 0.999379516
3758.513570816 0.211940289 -0.260411471 18.699804306 0.010706658 0.019410327 0.025419585 0.999431074
3758.574597216 0.223581299 -0.272848547 18.945066452 0.013651127 0.011988937 0.022921186 0.999572158
3758.637267808 0.221345752 -0.286087960 19.208427429 0.011003066 0.000092223 0.022444928 0.999687493
3758.700655520 0.214565471 -0.298608780 19.467863083 0.011429404 -0.005865481 0.017633738 0.999761999
3758.762190144 0.208501130 -0.306219310 19.734834671 -0.001621886 -0.004454231 0.020641793 0.999775708
3758.824315968 0.201082721 -0.314651906 19.999538422 -0.002705052 -0.001741256 0.014591811 0.999888361
3758.886836768 0.201482102 -0.326483637 20.265256882 0.003827125 -0.003075530 0.024233939 0.999694288
3758.948866432 0.201526999 -0.331998974 20.533035278 0.003383651 0.004933665 0.015533771 0.999861419
3759.011610304 0.210082650 -0.344088644 20.804206848 0.002407253 0.017146368 0.017748203 0.999692559
3759.073775648 0.223157108 -0.353697062 21.072273254 0.010458600 0.029958298 0.020439491 0.999287426
3759.136561152 0.238103732 -0.369118750 21.338214874 0.010429211 0.033371978 0.017759386 0.999230802
3759.199704032 0.253637671 -0.381640881 21.608081818 0.014760853 0.032324966 0.021085197 0.999145925
3759.262282368 0.263904929 -0.398546487 21.876852036 0.018126665 0.030456336 0.018855216 0.999193847
3759.324151040 0.275902212 -0.414185196 22.147985458 0.017186401 0.029125057 0.020402765 0.999219716
3759.386519008 0.281447768 -0.432721347 22.423692703 0.009652940 0.028473338 0.017357249 0.999397218
3759.449156320 0.287367105 -0.449338734 22.692596436 0.015147290 0.026262594 0.019888874 0.999342382
3759.511871200 0.309348941 -0.463958442 22.968048096 0.021691298 0.025281170 0.014788700 0.999335587
3759.574124608 0.319024146 -0.477521479 23.238588333 0.020109927 0.022388767 0.013812980 0.999451578
3759.636698528 0.325159371 -0.504580796 23.508874893 0.023871254 0.021334864 0.013790668 0.999392211
3759.699369728 0.330917150 -0.519701123 23.780622482 0.023763958 0.018417155 0.009546389 0.999502361
3759.762604800 0.333525121 -0.542802691 24.053644180 0.023418175 0.017348271 0.010786266 0.999517024
3759.825379264 0.337082326 -0.562480688 24.321498871 0.025468400 0.014335489 0.007873864 0.999541819
3759.886458720 0.339039564 -0.580369234 24.593557358 0.025877435 0.014399121 0.008260624 0.999527276
3759.949139296 0.341916025 -0.598023951 24.868389130 0.022161571 0.014258133 0.007231123 0.999626577
3760.011583552 0.347036809 -0.623045206 25.137498856 0.025843652 0.015974795 0.007535574 0.999509931
3760.074013472 0.348937422 -0.641381085 25.411628723 0.027276719 0.017694389 0.005705769 0.999455035
3760.136474528 0.355659485 -0.657855451 25.683151245 0.021783546 0.021228250 0.004504020 0.999527156
3760.199221120 0.363212526 -0.679838300 25.956045151 0.022780169 0.027485181 0.007454758 0.999334812
3760.261709376 0.370339513 -0.700908780 26.225261688 0.027994789 0.030366041 0.007113686 0.999121428
3760.324163904 0.389021128 -0.725465238 26.490238190 0.030069480 0.030644652 0.009423967 0.999033511
3760.386488928 0.406328499 -0.747464299 26.763025284 0.028804844 0.028777070 0.010383844 0.999116778
3760.450332576 0.418747187 -0.774706006 27.028652191 0.032378703 0.030894799 0.009781243 0.998950183
3760.511735936 0.437884718 -0.796389878 27.297193527 0.028941326 0.037172221 0.010263748 0.998836994
3760.574121952 0.456490427 -0.820311487 27.570827484 0.027681777 0.046339523 0.012697726 0.998461425
3760.636634400 0.474314123 -0.841593087 27.833084106 0.025387067 0.047995228 0.012597076 0.998445451
3760.699636320 0.496344984 -0.868937016 28.098751068 0.028135804 0.047759414 0.013176089 0.998375595
3760.761473280 0.524043083 -0.888418853 28.363567352 0.028310604 0.044201296 0.013540697 0.998529613
3760.824228448 0.551036179 -0.901569486 28.634223938 0.024288168 0.042110939 0.014041414 0.998718977
3760.886696352 0.570835531 -0.931916475 28.897535324 0.023413034 0.040905915 0.013785378 0.998793542
3760.949155296 0.586250782 -0.956625223 29.157791138 0.029995443 0.039062787 0.014486947 0.998681366
3761.012246016 0.597058773 -0.969711125 29.427024841 0.024769038 0.037706267 0.011133899 0.998919785
3761.074271936 0.621672511 -0.994841814 29.688739777 0.027408810 0.034421839 0.012868366 0.998948574
3761.136793888 0.638262510 -1.015911937 29.953561783 0.033554513 0.034056913 0.012710287 0.998775542
3761.199285792 0.650818527 -1.018576026 30.216007233 0.027329015 0.033815954 0.014212928 0.998953283
3761.261640096 0.660580158 -1.055235267 30.477449417 0.025006818 0.036524236 0.013282750 0.998931527
3761.324389536 0.661653161 -1.081588745 30.738225937 0.027104655 0.036566645 0.014435807 0.998859286
3761.386528384 0.668622136 -1.101893902 31.000064850 0.028521707 0.037510768 0.012683885 0.998808563
3761.449072480 0.685000002 -1.124901295 31.263393402 0.030904887 0.037002552 0.013599041 0.998744607
3761.511737248 0.699917734 -1.149804473 31.525894165 0.034045786 0.037171904 0.014243882 0.998627186
3761.574114688 0.715709805 -1.173655391 31.786567688 0.034152523 0.037927818 0.016897792 0.998553693
3761.637163840 0.731155753 -1.201117277 32.048381805 0.036453221 0.038288578 0.019899169 0.998403311
3761.699405120 0.751223505 -1.227345705 32.309120178 0.033703838 0.037911501 0.020506535 0.998502016
3761.761781728 0.767851293 -1.251669765 32.565879822 0.034593921 0.037828788 0.023456521 0.998409748
3761.824261536 0.790775120 -1.279930115 32.823486328 0.042290747 0.039536349 0.023503389 0.998046041
3761.886781952 0.814067245 -1.300409555 33.084220886 0.037239514 0.041903771 0.023781089 0.998144150
3761.949511264 0.839428127 -1.330018401 33.341869354 0.037509516 0.048368283 0.025942527 0.997787833
3762.011934400 0.864609480 -1.355305552 33.597637177 0.039290413 0.051956579 0.025637176 0.997546792
3762.074095584 0.892009556 -1.385676980 33.849010468 0.043448783 0.053741548 0.028143087 0.997212112
3762.136625728 0.914394498 -1.415756583 34.099403381 0.047700800 0.054131124 0.023398701 0.997119308
3762.199347328 0.939512551 -1.445017457 34.348571777 0.051781535 0.051726401 0.031597231 0.996817291
3762.261953568 0.960840523 -1.473400116 34.599479675 0.045733392 0.052915212 0.025104111 0.997235298
3762.324353984 0.982507110 -1.502682805 34.840583801 0.060698364 0.052229289 0.023450917 0.996512830
3762.386694368 1.004582167 -1.539381981 35.084621429 0.062615857 0.049999636 0.020245019 0.996578872
3762.449193824 1.027664423 -1.570304394 35.326938629 0.059853092 0.046903417 0.026896833 0.996741831
3762.511611520 1.045811296 -1.603874683 35.569641113 0.053218529 0.047338769 0.012903152 0.997376740
3762.576745408 1.066508055 -1.633487582 35.809772491 0.034629125 0.044663094 0.014153615 0.998301387
3762.636332288 1.085799694 -1.663407326 36.041019440 0.053395774 0.040220764 0.016525429 0.997626245
3762.699155584 1.098153591 -1.692111969 36.281856537 0.049167138 0.040209051 0.005856329 0.997963667
3762.761747968 1.112297297 -1.716528893 36.519939423 0.046719003 0.038678758 0.005745059 0.998142421
3762.824031616 1.127740622 -1.750307083 36.756153107 0.045579966 0.035715606 0.003082225 0.998317242
3762.886641376 1.142081141 -1.774656177 36.992462158 0.048862603 0.032341592 0.002633330 0.998278260
3762.949462912 1.167603374 -1.816326618 37.193317413 0.059281211 0.032864198 0.006980429 0.997675776
3763.011573696 1.181547403 -1.853717685 37.413547516 0.076601796 0.035643969 0.000868017 0.996424079
3763.074433824 1.205539823 -1.882135272 37.611221313 0.060832337 0.032064531 0.002983729 0.997628391
3763.136632864 1.218777061 -1.908822656 37.851234436 0.033347420 0.027314719 0.000913254 0.999070048
3763.199181696 1.226194501 -1.926514030 38.092048645 0.006234121 0.029127117 -0.018268317 0.999389350
3763.261878816 1.256065726 -1.931339979 38.340042114 -0.006828251 0.047415320 -0.004935277 0.998839736
3763.324508960 1.303681374 -1.944801092 38.564464569 0.000649423 0.081235886 -0.001738598 0.996693134
3763.386773408 1.358544350 -1.950847507 38.796932220 0.007418972 0.114309758 -0.004252228 0.993408382
3763.449101984 1.433182597 -1.960426688 39.024127960 0.008061913 0.131338164 0.012051539 0.991231620
3763.512483616 1.505117416 -1.962528110 39.257045746 -0.005393663 0.147338837 0.007023674 0.989046454
3763.574096160 1.582873702 -1.965468287 39.487693787 -0.015651628 0.163070396 0.008811276 0.986450970
3763.639965920 1.661725640 -1.959879279 39.723163605 -0.030758427 0.169098198 0.004038376 0.985110879
3763.699166784 1.751012206 -1.959288955 39.954006195 -0.017011939 0.170706689 0.015682669 0.985050201
3763.761352704 1.753951073 -2.004993677 40.168071747 0.022511076 0.184220850 0.017879035 0.982464433
3763.824066432 1.836632490 -2.024787426 40.315410614 0.074800909 0.193993628 0.010157584 0.978094161
3763.886843648 1.957739472 -2.060727835 40.437774658 0.086651765 0.192359507 0.027753776 0.977097273
3763.949338368 2.108917952 -2.137092590 40.538738251 0.049644779 0.189916268 0.032592505 0.980002522
3764.012321952 2.200950623 -2.164629698 40.702808380 0.030865088 0.198162511 0.025869161 0.979341507
3764.074325664 2.292097330 -2.181193352 40.911334991 0.021163650 0.213069171 0.037425578 0.976090670
3764.136705280 2.387233019 -2.184319258 41.114002228 0.028894825 0.235337496 0.032700583 0.970933557
3764.198479136 2.475877523 -2.208969355 41.268630981 0.031959750 0.253711462 0.037324518 0.966031015
3764.259666048 2.578409910 -2.217373610 41.471004486 0.021627009 0.268294185 0.023218019 0.962814331
3764.322116096 2.719914198 -2.228517056 41.699275970 0.029694827 0.276351154 0.029321466 0.960150242
3764.384104064 2.850831747 -2.242124081 41.931159973 0.022345131 0.275510550 0.018752100 0.960855365
3764.446707328 3.030236006 -2.258704185 42.212543488 0.037552260 0.268686861 0.037276886 0.961773157
3764.508938304 3.143773079 -2.269729376 42.408763885 0.025617301 0.270631701 0.020497093 0.962123752
3764.571799296 3.251007557 -2.282706261 42.582279205 0.036170308 0.267896175 0.019582452 0.962569416
3764.633731104 3.364716053 -2.304378986 42.758178711 0.025842180 0.263655424 0.045511965 0.963196039
3764.696195392 3.447182655 -2.311454535 42.896018982 0.025472682 0.259758770 0.029498586 0.964886665
3764.758774432 3.564825058 -2.312067509 43.092720032 0.005230500 0.266598314 0.029127462 0.963353276
3764.823951520 3.668021679 -2.327235460 43.264198303 0.005802737 0.277791649 0.035830379 0.959955394
3764.883657952 3.778047562 -2.339870930 43.433277130 0.017915612 0.288303077 0.038421649 0.956600308
3764.946603296 3.910979748 -2.344535112 43.618999481 0.016413596 0.289749980 0.049156699 0.955698252
3765.008955136 4.035635948 -2.356642723 43.796691895 0.028263396 0.288739592 0.057407048 0.955267012
3765.071712000 4.152699471 -2.365247488 43.986789703 0.019727144 0.289087147 0.039930847 0.956266165
3765.134758464 4.277979851 -2.370069027 44.163337708 0.035081428 0.286989719 0.052499920 0.955850422
3765.197475712 4.403035641 -2.390330076 44.350055695 0.037851598 0.288170338 0.049073357 0.955571532
3765.259180704 4.512034893 -2.391650677 44.543197632 0.023070706 0.292025566 0.035880513 0.955458760
3765.322258880 4.643082142 -2.401583433 44.717704773 0.025277914 0.284844130 0.061093736 0.956290960
3765.384881696 4.745545387 -2.422788620 44.873985291 0.020182077 0.279553384 0.044040613 0.958907187
3765.446961600 4.861210823 -2.429233789 45.022567749 0.038658582 0.273875982 0.040415220 0.960137546
3765.509566784 4.976839542 -2.443778992 45.213245392 0.032933414 0.275612444 0.032443114 0.960156560
3765.572049056 5.092516899 -2.452267408 45.395240784 0.021099888 0.273326248 0.036952339 0.960979760
3765.635459104 5.178656578 -2.465177536 45.471858978 0.053754155 0.278990477 0.047679000 0.957601964
3765.697858176 5.303360939 -2.502868414 45.706031799 0.033402357 0.296116441 0.016825283 0.954419315
3765.760223168 5.424713135 -2.498102188 45.880687714 0.028381461 0.296840638 0.037387986 0.953772664
3765.823149792 5.558618069 -2.501131296 46.056503296 -0.010703214 0.297830522 0.050163131 0.953239799
3765.886358656 5.669338226 -2.508243084 46.187812805 0.018764472 0.309448570 0.031746104 0.950200856
3765.948692448 5.804118633 -2.509063244 46.337169647 0.026831089 0.319071084 0.051664945 0.945941031
3766.011783296 5.925760269 -2.512729883 46.508613586 0.017613357 0.324528426 0.035369083 0.945050299
3766.073824576 6.044755936 -2.522611380 46.660282135 0.023875620 0.330018729 0.034225326 0.943051577
3766.141990560 6.174311161 -2.536202908 46.819400787 0.010788416 0.333071947 0.047711436 0.941631734
3766.199817184 6.259901524 -2.545500994 46.953811646 0.026015215 0.340686232 0.002968284 0.939812362
3766.262871648 6.385519028 -2.555590391 47.088405609 0.030234639 0.326049685 0.036882851 0.944148898
3766.324197728 6.494603634 -2.551923037 47.231323242 0.015124846 0.321582854 0.033012308 0.946184933
3766.386520288 6.612125874 -2.568702221 47.384307861 0.006069132 0.331859469 0.026394425 0.942939937
3766.448772224 6.729390621 -2.580173969 47.533020020 0.008669903 0.336048961 0.028583957 0.941370785
3766.512004128 6.842124939 -2.577519894 47.685009003 0.016370906 0.336667448 0.020080995 0.941267133
3766.574063968 6.951393604 -2.589365005 47.823303223 0.020226382 0.333544403 0.024937784 0.942187428
3766.636606752 7.072414875 -2.590579510 47.973304749 0.015621478 0.335977167 0.019652424 0.941535473
3766.699127648 7.195783615 -2.604614735 48.121810913 0.012969841 0.346349865 0.026982538 0.937627614
3766.761594560 7.335527420 -2.605127335 48.263320923 0.012539027 0.359198958 0.061476871 0.931149542
3766.824198368 7.445198059 -2.612030268 48.403087616 0.024156041 0.369793564 0.026755486 0.928414464
3766.886820192 7.579664707 -2.621139765 48.537357330 0.018696139 0.374428183 0.058069870 0.925246954
3766.949198784 7.705921173 -2.615948200 48.679763794 0.017601907 0.372196347 0.050978828 0.926585793
3767.011803616 7.830524921 -2.632242441 48.817039490 0.018135412 0.375472486 0.047245558 0.925450921
3767.074118496 7.933169842 -2.642904520 48.945571899 0.031154562 0.380834103 0.010686980 0.924056590
3767.136511680 8.066526413 -2.644278049 49.069305420 0.034199052 0.378785640 0.045122437 0.923750937
3767.199165856 8.198995590 -2.645916939 49.214710236 0.025997400 0.374529064 0.043883439 0.925811172
3767.261611040 8.304738998 -2.664499760 49.358814240 0.009016779 0.382587940 0.000488210 0.923874915
3767.324265504 8.432188034 -2.675727367 49.466007233 0.011989874 0.374431610 0.048535738 0.925905764
3767.386734432 8.539745331 -2.666423798 49.577800751 0.024146151 0.369461775 0.058493070 0.927088737
3767.449241888 8.614199638 -2.665174723 49.686161041 0.004700386 0.375431269 0.031457596 0.926304281
3767.511722080 8.686522484 -2.674087524 49.776184082 -0.027517622 0.373565942 0.042549103 0.926218569
3767.574089888 8.744178772 -2.682909966 49.824489594 0.001551325 0.382785618 0.054779880 0.922210336
3767.636187040 8.796045303 -2.672517776 49.878551483 0.018021200 0.387244076 0.049893610 0.920449793
3767.699373312 8.841331482 -2.670939922 49.921901703 0.004417027 0.377710342 0.065153427 0.923618138
3767.761452960 8.867804527 -2.678861380 49.952198029 0.010945116 0.379069984 0.060894530 0.923297346
3767.824402752 8.884507179 -2.685281754 49.975093842 0.010494398 0.379179299 0.058716454 0.923398793
3767.886642336 8.898836136 -2.687335491 49.988685608 0.013249678 0.377756894 0.058324646 0.923970997
3767.949562080 8.909165382 -2.683765173 50.002143860 0.013901877 0.380133629 0.052685697 0.923325181
3768.012281536 8.919281960 -2.682749987 50.017539978 0.009011623 0.381312758 0.050503731 0.923021495
3768.074561120 8.926360130 -2.682287455 50.031276703 0.004640304 0.380198389 0.045707215 0.923763216
3768.136768384 8.932714462 -2.682004452 50.041465759 0.002388774 0.380238742 0.042497139 0.923908412
3768.199158720 8.938558578 -2.682283640 50.049156189 0.001467896 0.379679352 0.040570732 0.924226940
3768.261717856 8.943049431 -2.682042122 50.055450439 0.001489677 0.380875975 0.038610794 0.923818409
3768.324601216 8.946381569 -2.682229757 50.060138702 0.001774263 0.381707251 0.036774140 0.923549712
3768.386552416 8.947826385 -2.682472944 50.062664032 0.001960211 0.381792307 0.035636459 0.923558772
3768.449316192 8.948574066 -2.682119846 50.063571930 0.001714992 0.381821305 0.035434481 0.923555076
3768.511739008 8.948066711 -2.682016850 50.062927246 0.001568281 0.381882876 0.035631027 0.923522294
3768.574009440 8.946635246 -2.681809187 50.060993195 0.001614601 0.381820172 0.036150660 0.923527956
3768.638478464 8.945068359 -2.681662083 50.058933258 0.001649779 0.381874502 0.036832329 0.923478484
3768.699094272 8.944077492 -2.681593418 50.057331085 0.001712540 0.381762862 0.037430584 0.923500478
3768.762994528 8.943577766 -2.681607246 50.056499481 0.001747683 0.381690204 0.037795201 0.923515618
