286.612858240 0.000000000 0.000000000 0.000000000 0.000000000 0.000000000 0.000000000 1.000000000
286.643227424 -0.000038264 0.000350702 0.000402441 0.000944014 0.000033817 0.000578139 0.999999404
286.686631328 -0.000369484 -0.002458740 0.006285157 0.007056138 0.001335022 0.002063246 0.999972045
286.721065568 -0.001981911 -0.006228683 0.018861229 0.011058684 0.003083538 0.000118268 0.999934077
286.756444576 0.001838884 -0.012907526 0.037369117 0.019761784 0.005577488 0.011021568 0.999728382
286.791717024 0.006563988 -0.017366169 0.063339643 0.026983984 0.014760357 0.018494116 0.999355793
286.828609792 0.010637822 -0.016207134 0.102326214 0.019533338 0.020004386 0.021991998 0.999367118
286.865654624 0.007942207 -0.008087217 0.151191428 0.003560504 0.020352604 0.010550587 0.999730825
286.901049152 -0.001978437 -0.000332282 0.201785624 -0.001199493 0.020797327 -0.008867192 0.999743640
286.936471456 -0.009597759 -0.010192707 0.247425735 0.018807339 0.016758038 -0.017524164 0.999529064
286.972739392 -0.016177230 -0.010965218 0.306449831 0.021058459 0.010273316 -0.022387704 0.999474764
287.011304480 -0.018645011 -0.006607687 0.379565358 0.004893701 0.002264770 -0.018119972 0.999821305
287.048455904 -0.026916690 -0.009799797 0.455862343 0.006064552 0.005059355 -0.032209374 0.999449909
287.086892224 -0.021135274 -0.017511504 0.538051486 -0.006882811 0.011983803 -0.017861284 0.999744952
287.130837856 -0.006430591 -0.020733394 0.633843780 -0.013674907 0.016005376 0.014923646 0.999666989
287.168285856 -0.001110272 -0.024156600 0.717245460 -0.010556695 0.013214820 0.022340799 0.999607325
287.204243872 -0.008988631 -0.023793893 0.793244541 0.003654339 0.013566702 0.000643921 0.999901056
287.240273376 -0.018064806 -0.015321148 0.883320749 -0.004286839 0.018727306 -0.020785732 0.999599397
287.276084160 -0.018067600 -0.013931209 0.977548361 -0.011246113 0.021325629 -0.021977000 0.999467731
287.313668192 -0.007724864 -0.022502340 1.069419742 -0.007334019 0.021759463 -0.002539501 0.999733090
287.352554592 -0.001939161 -0.027983908 1.168208599 -0.000493343 0.021461051 0.004386123 0.999759972
287.388653280 0.010060878 -0.030329183 1.272599697 -0.007560328 0.018664677 0.022904104 0.999534845
287.424756704 0.020336783 -0.037013780 1.364948273 0.001616985 0.018905425 0.030209851 0.999363482
287.460819840 0.015642308 -0.032107729 1.468157768 -0.000841223 0.024652496 0.011657340 0.999627769
287.496791616 0.010385870 -0.026813438 1.570222855 0.001251091 0.031903788 -0.007256530 0.999463856
287.532877856 0.014302396 -0.036669701 1.665537357 0.016286880 0.033574261 -0.002855193 0.999299407
287.568628384 0.029653601 -0.048118204 1.768052220 0.007077988 0.030909576 0.023689253 0.999216318
287.605566528 0.044232540 -0.053779971 1.873351932 0.005643857 0.028801836 0.044189930 0.998591900
287.653335616 0.038771912 -0.062268294 1.996425152 0.027832931 0.030641045 0.018528810 0.998971045
287.681896864 0.036071580 -0.063313961 2.075751543 0.036193326 0.034781717 0.002804995 0.998735428
287.720047328 0.037282139 -0.063625038 2.200037718 0.007408511 0.037552845 -0.004735089 0.999255955
287.758179872 0.052252050 -0.068104565 2.314688683 0.009651105 0.040345956 0.022635609 0.998882771
287.794647904 0.060185101 -0.073303588 2.422778130 0.012891006 0.040410411 0.022882184 0.998837948
287.831526016 0.060545545 -0.078230202 2.538070202 -0.003477351 0.040222459 0.009918151 0.999135494
287.868341984 0.066846400 -0.083236098 2.653585434 -0.012453254 0.041276414 0.011972846 0.998998463
287.905257824 0.068889655 -0.087026812 2.760215759 0.005047389 0.041969463 0.005451299 0.999091268
287.942921920 0.074228026 -0.087652810 2.875629425 0.007971395 0.040716883 0.008820854 0.999099970
287.983285088 0.084135868 -0.086547956 3.006323099 -0.003710845 0.038492933 0.015692974 0.999128759
288.023736320 0.089986786 -0.086611792 3.136467218 -0.006421326 0.033876844 0.016289016 0.999272645
288.064215936 0.096368544 -0.091544226 3.262622118 0.001893506 0.032495301 0.017119290 0.999323487
288.105812128 0.105449982 -0.096704423 3.399145603 -0.000884782 0.029690737 0.023292916 0.999287307
288.146602336 0.112535641 -0.102398984 3.532602072 -0.000514977 0.026889216 0.026476860 0.999287605
288.187765312 0.118885994 -0.100747511 3.668573380 -0.001479589 0.030612433 0.025996823 0.999192119
288.233298880 0.130251318 -0.103264220 3.823425293 -0.003206163 0.033674009 0.035974022 0.998780072
288.278472736 0.140056357 -0.106645860 3.976209879 -0.003861962 0.035873368 0.035501067 0.998718083
288.321135392 0.147553518 -0.115627095 4.115543365 0.001201217 0.039339881 0.029926961 0.998776913
288.364761088 0.163778469 -0.110131972 4.273181915 -0.012046691 0.038748931 0.043635931 0.998223066
288.407911840 0.171853870 -0.099079952 4.428855419 -0.024709392 0.037004247 0.040974535 0.998168945
288.448844224 0.182046100 -0.085914880 4.586751938 -0.035638399 0.035790473 0.047146630 0.997610211
288.480946784 0.181194067 -0.084082961 4.703701973 -0.044568378 0.032532010 0.039229304 0.997705579
288.523511776 0.188470006 -0.091170609 4.845183372 -0.032668702 0.028100293 0.043605629 0.998119056
288.562512160 0.196804911 -0.099332571 4.983341217 -0.011763436 0.025454778 0.054643128 0.998112142
288.603222336 0.194623306 -0.106870554 5.114125729 0.026312709 0.020668574 0.048413090 0.998266816
288.633553952 0.190215349 -0.117590062 5.213362694 0.052454766 0.018903092 0.045046069 0.997427702
288.665200768 0.186179742 -0.132703975 5.319174767 0.068564780 0.014888068 0.036927231 0.996851802
288.697001632 0.192645878 -0.150647402 5.424000740 0.082159936 0.005912345 0.047178447 0.995484293
288.728846912 0.191282868 -0.164918184 5.536312580 0.082307093 -0.005108378 0.052021813 0.995235264
288.761335424 0.185166672 -0.178304881 5.654785633 0.075343899 -0.015870571 0.044862527 0.996021450
288.792949888 0.179038227 -0.196672112 5.773902893 0.065500654 -0.022569835 0.045005202 0.996581554
288.825779936 0.169474170 -0.214799583 5.895185947 0.055263881 -0.024935264 0.039784148 0.997367203
288.858849696 0.159718543 -0.230179787 6.013615131 0.045884792 -0.026992606 0.031010805 0.998100340
288.890689024 0.149017200 -0.244326741 6.129607677 0.039943423 -0.028035749 0.025963401 0.998471022
288.948806528 0.133655176 -0.263534516 6.336292744 0.030739291 -0.034308761 0.029357297 0.998506963
288.982100096 0.128285006 -0.274730235 6.458014965 0.027447606 -0.034820631 0.038410094 0.998277962
289.016490688 0.120255023 -0.288655519 6.586627960 0.031832326 -0.032160010 0.046686407 0.997884154
289.048678432 0.112191811 -0.304729998 6.708765984 0.040325306 -0.027331319 0.045125086 0.997792840
289.080622560 0.099135801 -0.322260559 6.820391655 0.046438280 -0.020096112 0.038714852 0.997968316
289.112769632 0.087012097 -0.332474798 6.941294193 0.043162357 -0.015748868 0.036566630 0.998274446
289.145205632 0.089011043 -0.342746556 7.065028667 0.035397012 -0.016824182 0.052360713 0.997858882
289.176648480 0.087098509 -0.352210671 7.184564114 0.028735705 -0.020619137 0.058677427 0.997650266
289.208424000 0.081235103 -0.360364288 7.308761120 0.018184111 -0.025067357 0.055665951 0.997969031
289.240113952 0.069538414 -0.367006719 7.433479309 0.001859741 -0.029088665 0.043736242 0.998617768
289.271441632 0.059370708 -0.365144819 7.559123516 -0.010225773 -0.032970700 0.038966913 0.998644054
289.302905440 0.050816894 -0.358292609 7.684765339 -0.024732688 -0.036574919 0.040017195 0.998223007
289.334468832 0.042304859 -0.357478768 7.809825420 -0.030200845 -0.038561363 0.043021537 0.997872770
289.367685600 0.035947569 -0.362124324 7.938487530 -0.031068591 -0.038109355 0.047092050 0.997679651
289.399261184 0.021426873 -0.365801632 8.059294701 -0.022843445 -0.037436057 0.037253801 0.998343050
289.431208224 0.008576706 -0.364805967 8.178217888 -0.008515417 -0.035015609 0.030552013 0.998883367
289.462624352 -0.005465951 -0.359788209 8.300657272 -0.002548153 -0.031536143 0.036182705 0.998844206
289.493938144 -0.011584079 -0.359675974 8.425739288 -0.002079589 -0.033528861 0.044552267 0.998442113
289.525602848 -0.020747192 -0.366063595 8.547988892 0.003218070 -0.035213228 0.044174016 0.998397827
289.558500160 -0.032342970 -0.373310030 8.680145264 0.002835054 -0.035437368 0.041592777 0.998502016
289.590001344 -0.044122029 -0.378370881 8.807441711 0.002607938 -0.035439208 0.037963834 0.998647094
289.624832672 -0.056616064 -0.381030589 8.949901581 -0.002233235 -0.035676975 0.033485521 0.998799741
289.656510144 -0.065883070 -0.380216420 9.082012177 -0.007696133 -0.036554042 0.037712015 0.998590171
289.688139136 -0.074561507 -0.386289358 9.208636284 -0.001551608 -0.038201299 0.039941840 0.998470247
289.719799200 -0.084968075 -0.394567132 9.339770317 -0.000165158 -0.037965219 0.038784206 0.998526096
289.759518720 -0.103934534 -0.400720924 9.508459091 -0.000004986 -0.036804873 0.028377153 0.998919487
289.789649376 -0.108672164 -0.400477856 9.628114700 0.006256485 -0.036175314 0.031311985 0.998835206
289.822285920 -0.108425125 -0.397254109 9.776000023 -0.002526356 -0.039539117 0.036655638 0.998542249
289.853944160 -0.121347897 -0.397672236 9.917957306 -0.012332609 -0.042772986 0.034375433 0.998417079
289.885441888 -0.133938208 -0.402166545 10.054850578 -0.012935969 -0.044547245 0.034198981 0.998337924
289.917662752 -0.151515260 -0.403020650 10.195301056 -0.019368609 -0.047587581 0.025594369 0.998351276
289.950216544 -0.170744151 -0.401866585 10.335631371 -0.018943878 -0.052402925 0.021506324 0.998214662
289.981728960 -0.183920830 -0.404197305 10.469096184 -0.006614693 -0.056191601 0.025985843 0.998059869
290.013104640 -0.197664529 -0.406543672 10.602407455 -0.007261886 -0.058216959 0.032950602 0.997733593
290.044850976 -0.217545554 -0.404456764 10.744000435 -0.006173300 -0.057886593 0.025075814 0.997989118
290.076195488 -0.237586245 -0.407235235 10.879781723 -0.000377032 -0.055850629 0.020941127 0.998219430
290.112643584 -0.253876150 -0.411272973 11.020884514 -0.007554527 -0.054548170 0.024083178 0.998192072
290.152671744 -0.273259044 -0.416284084 11.221964836 -0.006380988 -0.053249568 0.024063334 0.998270869
290.184751392 -0.291757882 -0.420749605 11.367653847 -0.002198463 -0.053058278 0.025327308 0.998267770
290.217869856 -0.309617192 -0.423390061 11.517476082 -0.001378846 -0.054469794 0.026047712 0.998174667
290.257152192 -0.333235919 -0.427940667 11.694724083 0.002218696 -0.055644937 0.022652619 0.998191178
290.287009344 -0.352822065 -0.432992548 11.832140923 0.002820673 -0.055528652 0.025699029 0.998122334
290.318649888 -0.369994819 -0.439143062 11.974973679 0.003795746 -0.056134712 0.026618972 0.998061061
290.350714784 -0.390321612 -0.443756729 12.122197151 0.002252333 -0.057524756 0.025112579 0.998025596
290.382686496 -0.412071317 -0.447507292 12.271781921 0.003980357 -0.057592247 0.024622925 0.998028517
290.414686144 -0.429881215 -0.453767478 12.419535637 0.003340354 -0.056972489 0.026644295 0.998014569
290.446471840 -0.448063612 -0.461692989 12.567348480 0.004128466 -0.056748711 0.028827650 0.997963667
290.479311488 -0.469028711 -0.466267586 12.724349976 0.003448440 -0.057103056 0.028616458 0.997952104
290.511267488 -0.488805473 -0.475086182 12.870556831 0.007612872 -0.055482626 0.029345701 0.997999251
290.542663008 -0.508011758 -0.481987983 13.023797035 0.004852058 -0.054503519 0.029897865 0.998054087
290.574043072 -0.528044701 -0.488234580 13.169982910 0.006534034 -0.053457852 0.032988522 0.998003662
290.608301120 -0.544459164 -0.494669229 13.321580887 0.008076100 -0.053905316 0.035056174 0.997897804
290.641153728 -0.567649901 -0.501774013 13.491303444 0.003011876 -0.053943653 0.033433843 0.997979581
290.672833376 -0.586422622 -0.510335624 13.642833710 0.007150233 -0.052792747 0.034619678 0.997979581
290.704591328 -0.603756845 -0.517408252 13.795206070 0.006711571 -0.053177893 0.038298234 0.997827768
290.735948704 -0.623889685 -0.523450792 13.946878433 0.004401001 -0.054473162 0.037908431 0.997785687
290.768792288 -0.644201815 -0.533742189 14.102134705 0.011238324 -0.054220274 0.041031789 0.997622311
290.800424416 -0.662949800 -0.542787433 14.252869606 0.011476094 -0.054286294 0.040261302 0.997647405
290.832798432 -0.681028962 -0.550984383 14.407802582 0.012210948 -0.055604734 0.040882640 0.997540772
290.864155104 -0.700403392 -0.558992922 14.557285309 0.015604860 -0.056914356 0.040162306 0.997448862
290.895432256 -0.720743120 -0.570196152 14.708466530 0.016646558 -0.056893751 0.041520879 0.997377574
290.926798400 -0.740853727 -0.581287384 14.860939980 0.015306331 -0.057233363 0.040654574 0.997415304
290.958102688 -0.758804619 -0.590398252 15.015039444 0.016001925 -0.058482792 0.042548966 0.997252882
290.989544416 -0.778162479 -0.597203255 15.170389175 0.012404991 -0.059203807 0.041752588 0.997295260
291.020899392 -0.798838377 -0.611510813 15.321673393 0.014716243 -0.057778485 0.041543923 0.997356117
291.049486752 -0.816943765 -0.622126520 15.461502075 0.012949613 -0.056718841 0.042236902 0.997412324
291.080965184 -0.833706796 -0.630304813 15.613425255 0.011764074 -0.057489637 0.043331902 0.997335851
291.111817568 -0.852825165 -0.638511360 15.763031006 0.016270567 -0.058436342 0.043631490 0.997204483
291.141360000 -0.871603847 -0.650873721 15.904693604 0.012685393 -0.058425207 0.045228574 0.997186065
291.170039488 -0.887404144 -0.659981370 16.047935486 0.014216968 -0.058299989 0.042272627 0.997302353
291.198710432 -0.907373905 -0.668156922 16.190309525 0.014859495 -0.058818825 0.041050728 0.997313559
291.227688064 -0.925153673 -0.676463902 16.333646774 0.011292100 -0.059781037 0.042661574 0.997235537
291.256278560 -0.942542851 -0.688289940 16.474510193 0.017128117 -0.058930859 0.043697320 0.997158110
291.293003168 -0.967792332 -0.701744318 16.655872345 0.017328829 -0.058116298 0.041798607 0.997283876
291.322335712 -0.987449169 -0.707197905 16.803480148 0.011242576 -0.057610754 0.040083256 0.997470737
291.356254240 -1.008287430 -0.717615426 16.970005035 0.013726234 -0.054509442 0.041421592 0.997559309
291.384933344 -1.023914099 -0.728429615 17.114973068 0.012185764 -0.052766148 0.043636765 0.997578621
291.421034368 -1.041383624 -0.739699662 17.271314621 0.010874712 -0.052658699 0.043182101 0.997619212
291.451827872 -1.063057661 -0.747134566 17.446609497 0.014716530 -0.053595807 0.042007565 0.997570157
291.487821760 -1.085630298 -0.759568810 17.629381180 0.013623402 -0.054378651 0.043984309 0.997458160
291.517251872 -1.103287816 -0.769264221 17.772312164 0.014334294 -0.054631308 0.043155175 0.997470558
291.545899648 -1.122750878 -0.778818548 17.921310425 0.011979735 -0.055602759 0.042137880 0.997491479
291.574517440 -1.139361739 -0.784809411 18.064697266 0.009635216 -0.055811606 0.041346811 0.997538328
291.603134304 -1.152001500 -0.792493343 18.208309174 0.011582023 -0.055297244 0.043438319 0.997457385
291.633046656 -1.168715596 -0.802044749 18.353679657 0.010551769 -0.054920737 0.043242835 0.997498095
291.662436352 -1.183296919 -0.808866918 18.503051758 0.008972242 -0.055986822 0.043079346 0.997461319
291.692312352 -1.201205373 -0.814350069 18.653320312 0.008917899 -0.056767460 0.042754643 0.997431695
291.721058272 -1.218916655 -0.824455023 18.803392410 0.011735116 -0.055739421 0.045352850 0.997345746
291.749750880 -1.235721111 -0.834890425 18.949968338 0.011981487 -0.055627052 0.044894416 0.997369826
291.778357408 -1.252401471 -0.843435407 19.091600418 0.016277799 -0.055682685 0.045378201 0.997283936
291.817870336 -1.276139498 -0.852039635 19.291349411 0.016502216 -0.055535026 0.045537718 0.997281253
291.846548896 -1.289577723 -0.863306284 19.438991547 0.017197365 -0.054894909 0.047306318 0.997222602
291.875296224 -1.308531165 -0.875383914 19.584852219 0.018994626 -0.054617625 0.047703583 0.997186303
291.903873952 -1.325649261 -0.882686436 19.733833313 0.013740883 -0.055373177 0.046256289 0.997299016
291.932669792 -1.345023632 -0.893614590 19.879709244 0.015972231 -0.054573637 0.048037782 0.997225642
291.961425504 -1.362484455 -0.904244661 20.026817322 0.018019762 -0.053476878 0.047605921 0.997270882
291.991183904 -1.380694032 -0.915471137 20.174438477 0.016415386 -0.053798407 0.047569867 0.997282982
292.021029568 -1.400171638 -0.924449801 20.328329086 0.016115217 -0.054734286 0.047293279 0.997250140
292.049801088 -1.423186183 -0.934699237 20.479379654 0.016082577 -0.054438841 0.046060372 0.997324526
292.080340672 -1.440253615 -0.944725513 20.627006531 0.016602907 -0.054216351 0.047091693 0.997279942
292.121041728 -1.467756510 -0.958321512 20.841188431 0.015139225 -0.055440888 0.047412433 0.997220695
292.152661600 -1.488711238 -0.968428075 21.006155014 0.020142023 -0.055635046 0.042852126 0.997327805
292.184054176 -1.508760452 -0.979177415 21.168521881 0.019728465 -0.054390687 0.045077424 0.997306585
292.221882688 -1.526206732 -0.992386460 21.331638336 0.020842848 -0.054836620 0.045051500 0.997260690
292.253230016 -1.552545428 -1.000235081 21.524951935 0.017832488 -0.056342237 0.042228155 0.997358680
292.285015328 -1.573440671 -1.011926293 21.689453125 0.018267768 -0.056125879 0.042297803 0.997360051
292.317143968 -1.593463182 -1.028884172 21.851524353 0.023771621 -0.055861499 0.041486278 0.997292995
292.351949472 -1.616340876 -1.041708350 22.022609711 0.025559172 -0.057735056 0.039350048 0.997228682
292.383419648 -1.641516209 -1.051154971 22.195940018 0.024071345 -0.059106953 0.037521012 0.997255802
292.415412512 -1.659675002 -1.065305233 22.360815048 0.024030702 -0.059797611 0.039171305 0.997152150
292.448469664 -1.681563139 -1.085068345 22.529235840 0.028025070 -0.060655352 0.038105406 0.997037351
292.479842112 -1.704777360 -1.100966096 22.687639236 0.031277761 -0.061421257 0.031068267 0.997137845
292.511445952 -1.729315281 -1.112297416 22.850313187 0.033148341 -0.061310232 0.031498626 0.997070730
292.543040384 -1.750174046 -1.123660564 23.014663696 0.030068358 -0.062298138 0.035564609 0.996970415
292.576599136 -1.768245816 -1.141456246 23.183620453 0.028483471 -0.064526483 0.034190390 0.996923327
292.608923168 -1.791920424 -1.156519532 23.350421906 0.026691800 -0.065396912 0.028851656 0.997084916
292.642466528 -1.812745810 -1.172903419 23.511997223 0.031405967 -0.065204889 0.030623799 0.996907294
292.674630816 -1.835468650 -1.187325239 23.685632706 0.030108912 -0.066871747 0.032917436 0.996763825
292.706631712 -1.858092308 -1.200856090 23.849264145 0.033518184 -0.069461830 0.030061258 0.996568084
292.738356096 -1.880996227 -1.217988849 24.012397766 0.034828875 -0.068849601 0.029911371 0.996570110
292.769920192 -1.903359175 -1.235715628 24.174579620 0.039506216 -0.067284256 0.029023955 0.996528804
292.802957120 -1.926696301 -1.251162410 24.335916519 0.041205864 -0.065931715 0.029094761 0.996548355
292.834374400 -1.946073651 -1.267042875 24.504152298 0.044539623 -0.064177632 0.032220401 0.996423244
292.865670304 -1.965005398 -1.288473368 24.662578583 0.046678852 -0.062468752 0.033223938 0.996400952
292.897018336 -1.981390238 -1.307919025 24.821212769 0.044458061 -0.062769629 0.033626910 0.996470094
292.928803456 -2.000850201 -1.325711846 24.982149124 0.043607019 -0.062530324 0.034212667 0.996502817
292.960281568 -2.018445492 -1.345744133 25.141511917 0.048672825 -0.062660187 0.033699274 0.996277571
292.992244352 -2.039587975 -1.368913889 25.300313950 0.050480697 -0.063554212 0.034382757 0.996107638
293.024172736 -2.057224989 -1.389199972 25.456304550 0.050483927 -0.065396361 0.039369110 0.995803595
293.055664608 -2.083106518 -1.402761698 25.620353699 0.043322258 -0.067198649 0.034311537 0.996207893
293.087468448 -2.108133554 -1.422159076 25.781078339 0.041877974 -0.066901170 0.027981380 0.996487617
293.119056736 -2.128956795 -1.443847537 25.941936493 0.038050804 -0.067979805 0.031857252 0.996451676
293.150732256 -2.151664734 -1.462373376 26.100303650 0.037907816 -0.070316404 0.034026381 0.996223271
293.182105536 -2.180314541 -1.474856257 26.259672165 0.038150020 -0.071432993 0.024324831 0.996418655
293.213425472 -2.202969074 -1.494038105 26.414817810 0.038717147 -0.071246780 0.026527764 0.996353924
293.249028416 -2.227535963 -1.515431404 26.584541321 0.041550595 -0.072581463 0.029373813 0.996063590
293.290916032 -2.260700464 -1.537282705 26.796047211 0.038289621 -0.073583379 0.022062760 0.996309519
293.319848192 -2.282954693 -1.554126024 26.941801071 0.040836804 -0.073319122 0.023153646 0.996203065
293.356662048 -2.307289600 -1.574859381 27.103212357 0.043015208 -0.075289719 0.022946045 0.995969176
293.390360000 -2.338702202 -1.598570704 27.282836914 0.051036946 -0.078902133 0.019393669 0.995386124
293.432734912 -2.375624180 -1.629454017 27.498794556 0.056529202 -0.080953375 0.018173818 0.994947612
293.463088864 -2.401588917 -1.650632739 27.642925262 0.060491677 -0.079304487 0.013564210 0.994920909
293.494438944 -2.431869507 -1.673294663 27.803028107 0.060493387 -0.077465683 0.009911700 0.995108724
293.526694912 -2.462442160 -1.697572947 27.966596603 0.059682451 -0.075114883 0.005677576 0.995371044
293.559910496 -2.489104033 -1.724136353 28.128793716 0.063261919 -0.075758435 0.008237253 0.995083272
293.599215360 -2.522126675 -1.754849792 28.318849564 0.063895769 -0.079090051 0.007234483 0.994791329
293.629609504 -2.550949574 -1.771820784 28.472938538 0.051273759 -0.081228927 0.001854753 0.995373964
293.661014112 -2.581576347 -1.782966852 28.635152817 0.034447644 -0.083245739 -0.000920743 0.995933056
293.692810816 -2.615044117 -1.785825491 28.800777435 0.007124916 -0.085463032 -0.007934074 0.996284246
293.724766240 -2.638146400 -1.805531859 28.949142456 0.008690235 -0.089285582 0.004537012 0.995957792
293.756700640 -2.660259724 -1.834719062 29.093746185 0.034702729 -0.092726968 0.017309859 0.994936049
293.788415040 -2.688911200 -1.857239008 29.229753494 0.072056457 -0.090900734 0.015639620 0.993126571
293.821179552 -2.730923891 -1.885702968 29.368186951 0.090884537 -0.087225318 -0.011519464 0.991967261
293.862036864 -2.753340721 -1.909379482 29.527992249 0.073629700 -0.091532782 0.007416420 0.993048549
293.895422848 -2.773519516 -1.944905519 29.718246460 0.062710449 -0.095169879 0.040016189 0.992677569
293.931864608 -2.820149422 -1.971025467 29.891733170 0.054960687 -0.086004898 0.005378630 0.994763076
293.963286528 -2.854966402 -1.984583259 30.060586929 0.033812866 -0.079927333 -0.005387057 0.996212482
293.994636224 -2.887285471 -1.990534425 30.217084885 0.014571860 -0.076867655 -0.012030295 0.996862233
294.025937664 -2.903306246 -2.003286600 30.364095688 0.008723895 -0.074329339 0.014906269 0.997084200
294.058242304 -2.928868055 -2.024650335 30.503005981 0.032624718 -0.074452020 0.018876243 0.996511996
294.090512352 -2.961193323 -2.041966677 30.633655548 0.067323804 -0.073263004 0.010370708 0.994983673
294.122752864 -2.996137857 -2.061143160 30.773668289 0.080259800 -0.069725439 -0.005379214 0.994317770
294.154031136 -3.018570900 -2.083608150 30.910266876 0.083116427 -0.069286957 0.003418474 0.994122386
294.185390112 -3.037618637 -2.112473726 31.053081512 0.081421860 -0.070085734 0.015680309 0.994088829
294.217060864 -3.056828737 -2.137508154 31.197040558 0.079879068 -0.071489409 0.020946573 0.994017065
294.248647968 -3.080293417 -2.161256790 31.345308304 0.061233215 -0.072996385 0.023642775 0.995169878
294.280040576 -3.099344969 -2.182216644 31.488544464 0.050476380 -0.074275725 0.027248824 0.995586634
294.311987360 -3.124404669 -2.207043171 31.626762390 0.054019019 -0.075120769 0.022187421 0.995462954
294.344529248 -3.147724152 -2.228672743 31.769954681 0.051752359 -0.077842541 0.022090841 0.995376408
294.384538560 -3.180306673 -2.248924971 31.943876266 0.054537836 -0.080268428 0.015683744 0.995156586
294.441060640 -3.228655100 -2.276936769 32.201358795 0.043071888 -0.081477270 0.010821249 0.995685279
294.470784672 -3.249719620 -2.293797970 32.329566956 0.039703149 -0.079276577 0.010730227 0.996003926
294.505458112 -3.277581453 -2.314587116 32.488700867 0.038251631 -0.077953093 0.009527963 0.996177375
294.542789472 -3.305830956 -2.332525492 32.652210236 0.042949613 -0.077210329 0.018092604 0.995924950
294.575094784 -3.332071781 -2.341258287 32.801441193 0.028928997 -0.077618763 0.017708326 0.996405959
294.616716224 -3.371443033 -2.360789776 32.979454041 0.041123502 -0.076619469 0.003440417 0.996206045
294.647447456 -3.391113281 -2.380340815 33.115993500 0.042337552 -0.076800860 0.013601646 0.996054292
294.678947872 -3.411618710 -2.400534153 33.250839233 0.053209275 -0.078365989 0.021711025 0.995266914
294.711221088 -3.434695959 -2.422550201 33.392227173 0.060311105 -0.078147918 0.021699633 0.994879186
294.742879712 -3.451876163 -2.446295023 33.527996063 0.065442093 -0.078242943 0.032237280 0.994261622
294.774353120 -3.483528137 -2.463320017 33.668346405 0.067402393 -0.075176030 0.014827306 0.994779170
294.806014112 -3.515027761 -2.480097055 33.808177948 0.065706819 -0.072124474 -0.001597050 0.995227695
294.837692672 -3.528326035 -2.498485327 33.952106476 0.051237632 -0.073862106 0.019116847 0.995767832
294.869222208 -3.541764021 -2.517822981 34.097137451 0.036448311 -0.075430423 0.038825389 0.995728016
294.901182624 -3.568830490 -2.533158541 34.230552673 0.034261584 -0.072581634 0.017880412 0.996613443
294.932781760 -3.601390600 -2.550348282 34.366279602 0.043243214 -0.069422752 -0.004256596 0.996640503
294.964259872 -3.612594366 -2.571193218 34.498111725 0.049249683 -0.071126707 0.016503515 0.996114016
294.995708448 -3.629817963 -2.590600729 34.631900787 0.058994137 -0.072855957 0.027848441 0.995206594
295.024642624 -3.649580240 -2.605970621 34.766208649 0.064492032 -0.072744578 0.019650340 0.995069265
295.056571008 -3.675635338 -2.624213934 34.900955200 0.065455265 -0.072885178 0.012579284 0.995110571
295.097221728 -3.704346895 -2.655726671 35.075626373 0.068739727 -0.075404152 0.013313092 0.994691849
295.131519808 -3.733007431 -2.682657957 35.232738495 0.062019113 -0.077882037 0.010198683 0.994979441
295.163281600 -3.760233164 -2.698505163 35.374431610 0.055681001 -0.079794005 0.004004126 0.995246947
295.194685376 -3.778189898 -2.713897467 35.511451721 0.040970679 -0.081843004 0.018361554 0.995633483
295.225997408 -3.800271511 -2.732187986 35.638080597 0.038869899 -0.080957636 0.018568542 0.995786250
295.257426656 -3.829394579 -2.747530222 35.767776489 0.040764105 -0.079541408 0.005987883 0.995979667
295.290213952 -3.857690334 -2.762236118 35.904796600 0.039118409 -0.078550182 0.000872133 0.996141970
295.321852864 -3.875811577 -2.775579691 36.033103943 0.033941049 -0.081393212 0.015254045 0.995987177
295.353336064 -3.895830393 -2.782545328 36.168273926 0.023914803 -0.085161060 0.024460170 0.995779812
295.387090880 -3.926977396 -2.796880722 36.302951813 0.029846171 -0.083061397 0.010337882 0.996043742
295.419042752 -3.950158596 -2.813759327 36.435428619 0.030817440 -0.081505880 0.014366787 0.996092737
295.458646880 -3.975292206 -2.837321997 36.598316193 0.039902199 -0.077345081 0.028123764 0.995808542
295.488814208 -4.007014751 -2.846220732 36.728874207 0.041958787 -0.072302923 0.009356267 0.996455848
295.520447584 -4.033557892 -2.854658127 36.864059448 0.032689225 -0.071124479 0.005954395 0.996913850
295.552294592 -4.050339699 -2.868640900 36.999080658 0.030382540 -0.072868630 0.020267434 0.996672630
295.583694176 -4.068997383 -2.884182453 37.132499695 0.029234350 -0.074200019 0.027288241 0.996441185
295.615232960 -4.097917080 -2.898594856 37.259830475 0.037278570 -0.074722417 0.010618817 0.996450782
295.646816320 -4.127855301 -2.913203955 37.386199951 0.039186858 -0.076410115 -0.005490562 0.996290982
295.679138464 -4.146183968 -2.925216675 37.517250061 0.035232995 -0.079880662 0.008444435 0.996145785
295.712864864 -4.164990902 -2.932924271 37.661048889 0.028894909 -0.081909336 0.018944489 0.996040642
295.744663872 -4.188015938 -2.944624662 37.796890259 0.032700993 -0.076134607 0.012780405 0.996479213
295.776125472 -4.212392330 -2.960588217 37.931865692 0.030348839 -0.070603371 0.007134682 0.997017145
295.808914496 -4.227474213 -2.980715513 38.059020996 0.039204333 -0.067373149 0.021125957 0.996733427
295.843345408 -4.252776623 -2.995514870 38.210659027 0.040886048 -0.065418445 0.016119329 0.996889651
295.875005792 -4.272092342 -3.011666298 38.338172913 0.048829518 -0.066605873 0.017990794 0.996421456
295.906456704 -4.287141800 -3.032467604 38.463325500 0.052984789 -0.070741221 0.032087475 0.995569527
295.937883040 -4.310822010 -3.046050787 38.595836639 0.044519823 -0.075179137 0.027683459 0.995790958
295.969424000 -4.335740089 -3.057033062 38.727718353 0.041663904 -0.076000363 0.020900169 0.996017694
296.001083840 -4.355130672 -3.078985929 38.854385376 0.052232374 -0.074369304 0.029066624 0.995437622
296.033082080 -4.370965004 -3.095304251 38.990852356 0.039191406 -0.075735353 0.041407749 0.995496631
296.064602528 -4.387766838 -3.110111952 39.121383667 0.033461615 -0.075045191 0.048418865 0.995441675
296.095991168 -4.411408901 -3.124834538 39.243019104 0.049757693 -0.072856516 0.040080983 0.995293736
296.127525120 -4.429845333 -3.142888546 39.375328064 0.040797289 -0.073375836 0.048779093 0.995274901
296.159060256 -4.449122429 -3.158378363 39.503116608 0.042569287 -0.073894195 0.051309131 0.995035112
296.190804416 -4.468039036 -3.178548098 39.621677399 0.056651723 -0.074814491 0.051094975 0.994274914
296.222854528 -4.493625641 -3.197699308 39.752437592 0.049966577 -0.077100560 0.042159677 0.994877577
296.254368320 -4.520462036 -3.205595493 39.889213562 0.035393670 -0.080760479 0.039225366 0.995332301
296.289337152 -4.541399479 -3.222831964 40.022144318 0.036089644 -0.087043785 0.048474722 0.994369686
296.323163008 -4.569834709 -3.239815712 40.161590576 0.038353436 -0.091124706 0.042732134 0.994182706
296.363366240 -4.603625298 -3.261643648 40.320049286 0.043777127 -0.095239051 0.033529796 0.993925989
296.405992416 -4.641190529 -3.280355453 40.486587524 0.045869473 -0.098034516 0.032488294 0.993594348
296.434647808 -4.663093567 -3.292711020 40.603282928 0.040040795 -0.100857422 0.037679199 0.993380487
296.466218272 -4.688776970 -3.311498642 40.726081848 0.046732083 -0.104050264 0.039772637 0.992677093
296.497898528 -4.719931602 -3.328974962 40.852993011 0.045561552 -0.107860692 0.034863789 0.992509305
296.529438304 -4.750632286 -3.343090773 40.977256775 0.041206360 -0.112238340 0.034433473 0.992229223
296.561423040 -4.776599884 -3.356113911 41.101684570 0.042743642 -0.117447741 0.042342946 0.991254807
296.593231904 -4.808664322 -3.369416952 41.233963013 0.036564179 -0.121074118 0.041290514 0.991110086
296.625369056 -4.842601299 -3.388469696 41.359550476 0.038538873 -0.123289756 0.037101671 0.990927815
296.657057024 -4.872035980 -3.408189535 41.480258942 0.044174820 -0.124737933 0.042667285 0.990287125
296.688662208 -4.900458813 -3.423679352 41.605995178 0.044535741 -0.124598950 0.049869183 0.989951909
296.727990016 -4.943532944 -3.437801361 41.768993378 0.043316733 -0.120895363 0.043063976 0.990784287
296.760453856 -4.977881908 -3.452952385 41.895706177 0.043149240 -0.118227489 0.038909189 0.991285264
296.792084096 -5.010301113 -3.469087601 42.026645660 0.036124323 -0.119785160 0.040248789 0.991325676
296.828122400 -5.043515205 -3.486054659 42.152744293 0.035923537 -0.121822409 0.038497970 0.991154253
296.859772352 -5.079599380 -3.503754854 42.292846680 0.039862305 -0.125520200 0.040028591 0.990481377
296.896720960 -5.118064880 -3.518661499 42.426147461 0.039372634 -0.130054429 0.036976174 0.990034521
296.928311232 -5.163574219 -3.531629562 42.572841644 0.037086967 -0.133824900 0.026453800 0.989957392
296.961186944 -5.200586796 -3.545585871 42.704250336 0.035422213 -0.135449946 0.026210355 0.989803791
296.996730592 -5.239398479 -3.561089754 42.850166321 0.027758736 -0.136691540 0.028606441 0.989811361
297.028314304 -5.273261070 -3.579857588 42.974411011 0.033827212 -0.135211334 0.030911794 0.989756584
297.060899840 -5.312011719 -3.589918137 43.103660583 0.027396398 -0.134515852 0.027158039 0.990160286
297.093659168 -5.348616600 -3.601152897 43.235763550 0.029346215 -0.131739184 0.029166412 0.990420580
297.126315776 -5.383733749 -3.613791227 43.366165161 0.038660720 -0.129875690 0.029399082 0.990340054
297.157943328 -5.418278217 -3.628980160 43.496490479 0.033115000 -0.129742131 0.031674180 0.990488350
297.189263712 -5.453754425 -3.645044565 43.622150421 0.038707938 -0.129079521 0.032131210 0.990357399
297.221462144 -5.493395805 -3.658125639 43.748886108 0.036172826 -0.130076587 0.025420574 0.990517735
297.252986528 -5.534721851 -3.666388035 43.881404877 0.029414060 -0.131875083 0.019988092 0.990628242
297.284581504 -5.572635174 -3.679532528 44.010826111 0.029798327 -0.133958668 0.024769165 0.990229070
297.316756096 -5.607923508 -3.694895744 44.137866974 0.031004785 -0.136264548 0.027598437 0.989802480
297.348554112 -5.650995731 -3.705433369 44.272781372 0.017969050 -0.137808278 0.018243266 0.990127861
297.383859712 -5.689495087 -3.717738152 44.393772125 0.029072836 -0.135747612 0.015050095 0.990202427
297.416547232 -5.728119373 -3.734976768 44.527893066 0.048378721 -0.134095803 0.018824901 0.989607751
297.450131136 -5.776034355 -3.748289108 44.677875519 0.041606650 -0.133734405 0.024691075 0.989835501
297.481959200 -5.811952591 -3.757982492 44.809947968 0.040182151 -0.131820545 0.028610438 0.990045547
297.513450080 -5.852909565 -3.770258665 44.940334320 0.038990371 -0.129406363 0.020938896 0.990603507
297.545673600 -5.893013954 -3.793046474 45.069747925 0.042765684 -0.128283352 0.015551576 0.990692973
297.577838560 -5.928181171 -3.811275005 45.203041077 0.033061769 -0.130164132 0.024370272 0.990641356
297.609308960 -5.963585854 -3.818098307 45.337757111 0.020141833 -0.133631378 0.030973194 0.990342200
297.641225568 -6.004309177 -3.818678617 45.465404510 0.017802391 -0.132562548 0.023238275 0.990742266
297.677155424 -6.051339149 -3.830113649 45.614589691 0.012185341 -0.128136382 0.015429990 0.991561651
297.711086400 -6.085906029 -3.843756914 45.751476288 0.015811244 -0.124487996 0.025987571 0.991754711
297.742680832 -6.127834797 -3.854441166 45.887226105 0.014713100 -0.120864697 0.017298512 0.992409229
297.773823104 -6.164959431 -3.859672785 46.019653320 0.005694846 -0.121154420 0.019757817 0.992420673
297.805231136 -6.201393604 -3.865936995 46.143768311 0.003083294 -0.120518029 0.019970363 0.992505431
297.836804544 -6.234470844 -3.872568607 46.261898041 0.009061720 -0.118404962 0.021537540 0.992690444
297.868740192 -6.269144535 -3.879035711 46.384979248 -0.000429065 -0.117799848 0.018450117 0.992865860
297.900640352 -6.299930096 -3.885789394 46.498058319 -0.001434172 -0.116646551 0.020702740 0.992956638
297.932095168 -6.328201771 -3.890952349 46.601505280 0.003991368 -0.114207409 0.023355778 0.993174314
297.964465920 -6.361692905 -3.895214796 46.711849213 -0.005258383 -0.114740543 0.022240246 0.993132591
297.996464256 -6.385395527 -3.902150393 46.805706024 -0.011439402 -0.115287505 0.027911015 0.992874086
298.027868736 -6.412217617 -3.908888102 46.894329071 -0.002895556 -0.113934860 0.024564689 0.993180275
298.059363872 -6.437008381 -3.911863089 46.980873108 0.000956717 -0.112791024 0.024627553 0.993313015
298.090937440 -6.461330891 -3.912841320 47.066612244 -0.007296945 -0.112368740 0.024222447 0.993344486
298.124469408 -6.485601425 -3.917866230 47.147045135 -0.003596704 -0.111522101 0.023441190 0.993478954
298.156831808 -6.508923531 -3.921714306 47.221801758 0.000028749 -0.110789917 0.021020152 0.993621528
298.188562720 -6.528491974 -3.925169706 47.290523529 -0.001156577 -0.111676596 0.023745129 0.993460178
298.220350560 -6.545257568 -3.929843664 47.354156494 -0.001709656 -0.112417020 0.026354771 0.993310094
298.251800928 -6.563007355 -3.934988260 47.413631439 -0.000930099 -0.112336688 0.024618007 0.993364751
298.283216736 -6.578634739 -3.938422680 47.467990875 0.002989456 -0.112813830 0.026173111 0.993266881
298.314868384 -6.591296196 -3.940236330 47.522041321 -0.000453270 -0.114462182 0.032183621 0.992906034
298.343840800 -6.604491711 -3.942790270 47.564979553 0.002417731 -0.114717454 0.029856665 0.992946446
298.375591936 -6.620115757 -3.945121527 47.609859467 0.005631456 -0.114514530 0.024870545 0.993094206
298.407761440 -6.634159565 -3.946733475 47.654808044 0.002007684 -0.114856482 0.023577455 0.993100226
298.439070592 -6.644696236 -3.950245380 47.692230225 0.006011401 -0.114687063 0.025187377 0.993064106
298.470787392 -6.654613018 -3.953700066 47.728027344 0.005326070 -0.115470365 0.026362214 0.992946744
298.502188960 -6.663578033 -3.955345869 47.761814117 0.006905208 -0.115988441 0.027260039 0.992852390
298.533706080 -6.672242641 -3.956965446 47.793186188 0.006568686 -0.116090052 0.026552536 0.992861986
298.567048896 -6.680955887 -3.958381176 47.823390961 0.005665353 -0.116284914 0.025647586 0.992868483
298.606604960 -6.690308571 -3.960684538 47.857574463 0.006267440 -0.117360115 0.026906453 0.992705107
298.637032000 -6.696972847 -3.962338448 47.879314423 0.007987041 -0.118245728 0.025941435 0.992613316
298.668739648 -6.703462124 -3.964284658 47.900413513 0.009382941 -0.118887216 0.024558449 0.992559671
298.701952096 -6.709403038 -3.966802359 47.920974731 0.009634643 -0.119232640 0.024677699 0.992512882
298.733645632 -6.714419365 -3.968459368 47.939395905 0.009299644 -0.119428709 0.024977917 0.992484927
298.769557984 -6.719761372 -3.969128847 47.958999634 0.009038922 -0.119399704 0.025325980 0.992482066
298.801122816 -6.723828793 -3.968981504 47.974887848 0.008188179 -0.120180339 0.026546881 0.992363274
298.832894464 -6.727213383 -3.969872475 47.988834381 0.008545260 -0.120739922 0.027011169 0.992279828
298.864420576 -6.730640411 -3.971166372 48.001502991 0.009072101 -0.120383166 0.026320111 0.992337048
298.897351200 -6.733694553 -3.971616268 48.013889313 0.008768131 -0.120108679 0.026733147 0.992362022
298.928987776 -6.736817360 -3.971931696 48.024440765 0.009342656 -0.120182611 0.027188217 0.992335439
298.961037408 -6.739532948 -3.972639322 48.034290314 0.009169581 -0.120798156 0.027467864 0.992254615
298.992595776 -6.742316246 -3.973133326 48.043048859 0.009382965 -0.120848306 0.026589558 0.992270470
299.024600320 -6.744509697 -3.973803282 48.050662994 0.009314160 -0.120584972 0.025811633 0.992323697
299.056788896 -6.746803761 -3.974171162 48.057369232 0.009398537 -0.120543435 0.025174946 0.992344260
