4234.015146432 0.000000000 0.000000000 0.000000000 0.000000000 0.000000000 0.000000000 1.000000000
4234.060433408 0.000000000 0.000000000 0.000000000 0.000000000 0.000000000 0.000000000 1.000000000
4234.103680960 0.001160382 -0.000184932 0.002133643 0.002814741 0.000655270 0.003301194 0.999990344
4234.176488512 0.004341261 -0.000137676 0.030384503 0.004535382 -0.000287020 0.007614059 0.999960721
4234.218385536 0.006916892 -0.004073282 0.048926175 0.005367387 -0.001044192 0.009507264 0.999939859
4234.264742400 0.004102456 -0.001309049 0.086426675 0.007440694 -0.004669368 0.002168513 0.999959052
4234.308848512 -0.000026939 -0.004189235 0.134628251 0.006579633 -0.004386532 -0.001801565 0.999967098
4234.359542432 0.017785123 -0.014927253 0.191846177 0.006958331 -0.002960452 -0.000874910 0.999971032
4234.401013088 0.027829966 -0.026025761 0.251569510 0.008214483 -0.001347369 -0.000318762 0.999965310
4234.444616640 0.036679316 -0.028273504 0.323820233 0.006000297 -0.002801002 0.002143559 0.999975741
4234.496989504 0.030978970 -0.035097428 0.414961576 0.014934342 -0.002421369 0.000934075 0.999885142
4234.544867072 0.047251247 -0.061795887 0.499311090 0.003247099 -0.002952472 0.006393572 0.999969959
4234.587898176 0.054470010 -0.019718196 0.588232994 0.020135280 -0.004926767 0.008637621 0.999747813
4234.626435808 0.052288562 -0.017406212 0.676684737 0.013335321 -0.005014963 0.000275141 0.999898434
4234.676117984 0.052639611 -0.026050707 0.781985462 0.022217559 -0.005420238 0.003682909 0.999731660
4234.749812992 0.053253576 -0.054703396 0.967301309 0.006059329 -0.005913840 -0.005513809 0.999948919
4234.789160192 0.050066166 -0.061158456 1.058123112 0.010210837 -0.007834401 -0.000737266 0.999916911
4234.832132448 0.050152618 -0.065570682 1.168402195 0.006946675 -0.008539132 -0.002402521 0.999936521
4234.876363552 0.046985757 -0.070783503 1.275803208 0.004490276 -0.008528548 -0.007622708 0.999924481
4234.919387552 0.048103470 -0.077089086 1.387445331 0.001617334 -0.009753500 -0.009717731 0.999903917
4234.965759072 0.048332468 -0.081803732 1.503568292 0.009032810 -0.009644588 -0.008362403 0.999877751
4235.000867200 0.047412790 -0.089571044 1.600332260 0.011813522 -0.009890161 -0.005753368 0.999864757
4235.046369056 0.043684375 -0.091730051 1.741676092 0.004375792 -0.009533260 -0.006292919 0.999925196
4235.091861056 0.028993979 -0.089785971 1.872618198 0.009557161 -0.008856087 -0.008543053 0.999878645
4235.140177248 0.039029218 -0.104504310 1.986179352 0.012326492 -0.008976677 -0.008353632 0.999848843
4235.177105248 0.045845404 -0.108676545 2.099841833 0.002115009 -0.008057564 -0.003687216 0.999958515
4235.247644736 0.061195269 -0.127088219 2.293958902 0.005224900 -0.002528639 -0.005500285 0.999967992
4235.289441536 0.060508773 -0.125108302 2.421204329 -0.005854919 0.001825298 -0.008099739 0.999948382
4235.329291328 0.058845788 -0.131115973 2.539469004 -0.000975100 0.007868777 -0.015004626 0.999855995
4235.391776768 0.065168269 -0.136279508 2.724690437 -0.002607691 0.012502234 -0.014414823 0.999814570
4235.428675648 0.065862656 -0.138599664 2.841703892 -0.003746581 0.012773088 -0.017928319 0.999750614
4235.479287872 0.079469889 -0.136104181 2.985103369 0.001047893 0.010478569 -0.012141052 0.999870837
4235.521357984 0.071164079 -0.132365793 3.149245262 -0.005979668 0.008397934 -0.021372175 0.999718428
4235.562568800 0.074980862 -0.136312395 3.277237415 -0.007553711 0.007938340 -0.012925611 0.999856412
4235.607634592 0.072990872 -0.136123508 3.422245979 -0.008410404 0.010573723 -0.024254568 0.999614537
4235.656984800 0.080134213 -0.142210394 3.566737652 -0.006313552 0.015948152 -0.015563871 0.999731719
4235.698155008 0.085336991 -0.144099787 3.699918032 -0.006264850 0.020311758 -0.009737912 0.999726653
4235.761483616 0.095662907 -0.143889487 3.921564102 -0.001966661 0.023219222 -0.008670751 0.999690890
4235.797564192 0.097708613 -0.143643752 4.043458462 -0.008771526 0.023903389 -0.008958251 0.999635637
4235.852370080 0.106851697 -0.148858652 4.210338116 -0.005586941 0.021098156 -0.002606411 0.999758422
4235.896544608 0.112349890 -0.149934202 4.354444504 -0.008742183 0.018712068 -0.004717201 0.999775589
4235.936873696 0.115202755 -0.150371164 4.495701790 -0.008185768 0.016514912 -0.007443826 0.999802411
4235.974790208 0.110911004 -0.144786209 4.622759819 -0.004988390 0.015307121 -0.001043798 0.999869823
4236.023374528 0.118976265 -0.151654884 4.786260605 -0.008973909 0.012885486 -0.006735928 0.999854028
4236.066935136 0.117018700 -0.155844882 4.936726570 -0.007749060 0.011027480 -0.010358161 0.999855518
4236.109943424 0.115504600 -0.157734588 5.069406033 -0.000745124 0.009256698 -0.017498042 0.999803782
4236.175146848 0.120463185 -0.153600410 5.305211067 -0.013269339 0.006887910 -0.017053379 0.999742806
4236.221646688 0.135281518 -0.158183455 5.444084644 -0.010548782 0.005918304 -0.013164072 0.999840200
4236.262214208 0.132359639 -0.157271102 5.613557339 -0.020783095 0.007971792 -0.025561977 0.999425411
4236.299336192 0.137256056 -0.163427472 5.739557266 -0.001268863 0.008540837 -0.016213195 0.999831259
4236.339324832 0.138857782 -0.163151026 5.877117634 -0.001575200 0.009987373 -0.024244629 0.999654949
4236.392310784 0.158777893 -0.153494850 6.065188408 -0.012849820 0.011876705 -0.014634991 0.999739766
4236.436602240 0.164811641 -0.161185995 6.198205471 -0.000134382 0.014041255 -0.014398069 0.999797761
4236.508615744 0.168719560 -0.160745174 6.493311882 -0.015534363 0.022023465 -0.016957784 0.999492943
4236.545570240 0.173058242 -0.158960775 6.616537094 -0.003603924 0.023910629 -0.018046247 0.999544740
4236.595319040 0.191220209 -0.165504590 6.786126614 -0.011883865 0.026553597 -0.000451972 0.999576628
4236.663299840 0.202840641 -0.172576517 7.031750202 -0.007351294 0.033103198 -0.006463047 0.999404013
4236.701845952 0.206065610 -0.171081543 7.165945530 -0.005986365 0.037418775 -0.014355746 0.999178588
4236.742153920 0.230023578 -0.177229375 7.321495533 0.003635974 0.038777296 0.010337242 0.999187768
4236.790691872 0.237194896 -0.180319071 7.502101898 -0.003433717 0.039260063 -0.006821748 0.999199867
4236.832562432 0.252820015 -0.186002672 7.674726009 -0.005879461 0.036508743 -0.007387760 0.999288738
4236.869572192 0.265021443 -0.191002846 7.805971146 0.000612045 0.031151518 0.001811802 0.999512851
4236.911998560 0.273967296 -0.200442344 7.941819191 0.008156360 0.026421234 -0.000196152 0.999617636
4236.953194464 0.284063220 -0.209590942 8.107515335 0.005632220 0.027034925 -0.000982425 0.999618113
4236.994150208 0.295458287 -0.208864003 8.253807068 0.006414320 0.029110359 0.003637673 0.999548972
4237.036352896 0.308967650 -0.210315868 8.422722816 0.004020612 0.033405758 0.004876434 0.999421895
4237.094140192 0.323898435 -0.223975778 8.585709572 0.006901377 0.034795977 0.006558303 0.999349058
4237.138662912 0.344512701 -0.231143966 8.792304039 0.001494314 0.033717297 0.005548024 0.999414921
4237.179195136 0.351800025 -0.236503825 8.932626724 0.011929826 0.030376013 0.000519746 0.999467194
4237.219048672 0.365865797 -0.239017099 9.075272560 0.005782239 0.026859710 0.009007695 0.999581933
4237.263042464 0.367766768 -0.236752540 9.228098869 -0.009420241 0.023541272 -0.002566329 0.999675214
4237.310299296 0.369358480 -0.240961045 9.392580986 0.001808312 0.022145325 -0.007606207 0.999724209
4237.357284608 0.382514060 -0.244693622 9.551929474 -0.012171009 0.022958426 -0.006785948 0.999639273
4237.396422080 0.391699731 -0.248556778 9.697898865 -0.002029315 0.021458812 -0.008448436 0.999731958
4237.445363648 0.387512475 -0.239486948 9.829787254 -0.029135628 0.025112728 -0.002393951 0.999257088
4237.497893984 0.390714109 -0.233183280 10.015011787 -0.034146141 0.026734298 -0.012031580 0.998986721
4237.540292640 0.399676055 -0.236164406 10.171586990 -0.036018722 0.031541634 -0.014356932 0.998750031
4237.578353120 0.408679694 -0.234350502 10.309282303 -0.017301658 0.034703691 -0.016177248 0.999116898
4237.652382240 0.428595155 -0.229559854 10.558956146 -0.010329210 0.036385246 -0.010681270 0.999227345
4237.718766976 0.443680257 -0.229450017 10.810316086 -0.018635493 0.034969229 -0.022925228 0.998951614
4237.761679488 0.452755690 -0.231361374 10.955390930 -0.004147990 0.030339785 -0.017890213 0.999370933
4237.797338304 0.465701759 -0.226781368 11.104339600 -0.018545557 0.023395525 -0.007155014 0.999528646
4237.842659424 0.468729138 -0.224701822 11.263962746 -0.021041090 0.015732186 -0.014428986 0.999550700
4237.888807136 0.478163540 -0.221737549 11.435675621 -0.021052318 0.014513156 -0.010367429 0.999619246
4237.938163072 0.489668339 -0.222663060 11.606679916 -0.021181330 0.018901791 -0.004808445 0.999585390
4237.975373120 0.496766955 -0.226732329 11.760286331 -0.005989387 0.025605720 -0.006278430 0.999634445
4238.022476096 0.508706868 -0.224359170 11.937008858 -0.005476788 0.031556766 -0.005570719 0.999471426
4238.091649344 0.533123851 -0.236128256 12.200449944 0.007058972 0.030841978 0.009633320 0.999452889
4238.133299200 0.539185584 -0.240901425 12.359410286 -0.001128087 0.027411263 0.004820030 0.999611974
4238.168880320 0.535549760 -0.236973614 12.501311302 -0.002361047 0.024500094 -0.011763181 0.999627829
4238.213676768 0.545224786 -0.238048121 12.662326813 -0.003506954 0.020290500 0.002116918 0.999785721
4238.256112288 0.553763270 -0.245134428 12.832701683 -0.013946503 0.015014121 0.006911724 0.999766111
4238.290220448 0.549938917 -0.242247626 12.955399513 -0.007917110 0.011187159 -0.015449357 0.999786735
4238.332608704 0.548635364 -0.248802975 13.130087852 -0.018803816 0.008869331 -0.014313294 0.999681413
4238.377718848 0.545804620 -0.242387563 13.289560318 -0.015373853 0.011347724 0.006061684 0.999799073
4238.412805824 0.543009281 -0.237947211 13.421092033 -0.012985740 0.012532056 -0.010445861 0.999782622
4238.445026368 0.544588029 -0.237899736 13.560407639 -0.015005704 0.014793240 -0.016123230 0.999647975
4238.490382272 0.558320761 -0.236687362 13.728126526 -0.020731740 0.014502684 -0.007277384 0.999653399
4238.563075520 0.586700797 -0.238193288 14.008190155 -0.028799288 0.012580258 0.006274526 0.999486327
4238.608192096 0.600497961 -0.227573693 14.201848030 -0.046615731 0.017827736 0.022614723 0.998497725
4238.663162912 0.582070827 -0.179492295 14.408967972 -0.022525126 0.033348065 0.013931605 0.999092817
4238.703344032 0.589502633 -0.179376990 14.570092201 -0.014326958 0.038805433 0.011854408 0.999073744
4238.747659616 0.607385099 -0.206701487 14.725975037 -0.018161431 0.040194463 0.008431961 0.998991191
4238.780017472 0.608338296 -0.205273598 14.837344170 0.009944596 0.034021944 -0.003004314 0.999367118
4238.812057600 0.593076050 -0.247409523 14.976739883 0.005058922 0.032662690 -0.031536061 0.998955965
4238.851568160 0.563931704 -0.312147230 15.157814980 -0.010233806 0.031504449 -0.070639960 0.996951699
4238.900089824 0.514874399 -0.333154738 15.348261833 -0.000354841 0.035282802 -0.112488389 0.993026376
4238.933708576 0.451161355 -0.354738742 15.533300400 -0.023374705 0.049792476 -0.162752718 0.985132456
4238.966846848 0.453351796 -0.349328846 15.672389030 -0.031277068 0.056065857 -0.178461969 0.981850147
4239.005359392 0.464749634 -0.322696805 15.793271065 -0.027413879 0.062368430 -0.178213567 0.981630564
4239.050294528 0.498929441 -0.324034840 15.962255478 -0.047601081 0.063603058 -0.144537598 0.986305058
4239.084303488 0.513857722 -0.319280863 16.078498840 -0.040630203 0.062238801 -0.156770796 0.984834194
4239.115977792 0.536644697 -0.326252669 16.165683746 -0.014083946 0.058191929 -0.172522843 0.983184218
4239.166832160 0.566680253 -0.392908245 16.289594650 0.016168209 0.052531045 -0.182863191 0.981600821
4239.209562720 0.545653224 -0.499518871 16.433355331 0.003771058 0.057008035 -0.178252429 0.982324779
4239.242120416 0.501816452 -0.649959683 16.553922653 -0.020081742 0.064566508 -0.176872447 0.981908381
4239.275791616 0.482341558 -0.556365132 16.608703613 -0.039533086 0.071819909 -0.192734033 0.977820337
4239.321060800 0.500828505 -0.564443231 16.789871216 -0.044474442 0.073347993 -0.195556223 0.976933897
4239.363724736 0.521678507 -0.557388842 16.953268051 -0.041192457 0.072786987 -0.201225445 0.975968003
4239.396730464 0.534140170 -0.561542034 17.073917389 -0.040528376 0.071520105 -0.204886913 0.975327492
4239.437922784 0.559165418 -0.556258857 17.235462189 -0.040866159 0.067273773 -0.201660171 0.976287544
4239.486666848 0.577472746 -0.552546144 17.414764404 -0.039103854 0.065597832 -0.208457828 0.975045204
4239.527945440 0.596542060 -0.545144856 17.594160080 -0.037517805 0.065398686 -0.214717388 0.973761737
4239.560769376 0.611129701 -0.540924430 17.728649139 -0.031306174 0.065123178 -0.214627817 0.974019408
4239.601640416 0.627552807 -0.538635552 17.888751984 -0.029189017 0.063033037 -0.217742443 0.973531246
4239.638796032 0.641512930 -0.536426604 18.040874481 -0.022170251 0.060720276 -0.219961286 0.973364532
4239.681067968 0.660518408 -0.534976840 18.209136963 -0.022239532 0.061105773 -0.220187500 0.973287702
4239.718373984 0.675217390 -0.533947110 18.363506317 -0.024705935 0.061656334 -0.223600745 0.972414970
4239.760304480 0.692984462 -0.534066617 18.537248611 -0.022197563 0.060820688 -0.224829629 0.972244680
4239.824965024 0.720568597 -0.534484804 18.801174164 -0.022515340 0.062184837 -0.224404618 0.972249269
4239.856779488 0.734385014 -0.533032596 18.939165115 -0.023938337 0.062169190 -0.226977363 0.971618891
4239.895568576 0.751820147 -0.532226980 19.104593277 -0.025204996 0.060986131 -0.230855614 0.970747709
4239.932056608 0.769107759 -0.532446980 19.258563995 -0.025108892 0.060362961 -0.229151160 0.971192896
4239.978444480 0.791934609 -0.528800607 19.454523087 -0.032290887 0.062181592 -0.228113562 0.971110165
4240.021188384 0.810593605 -0.520135820 19.633857727 -0.034261730 0.063644536 -0.238423526 0.968467712
4240.055048320 0.830624819 -0.520804167 19.787174225 -0.034304406 0.069632500 -0.236742839 0.968466520
4240.093595680 0.858177006 -0.528002441 19.949256897 -0.029111871 0.078411147 -0.231047139 0.969340682
4240.135042304 0.891463339 -0.530615270 20.129631042 -0.025243366 0.089066289 -0.232461050 0.968190014
4240.173979040 0.924873173 -0.527333498 20.300613403 -0.021486470 0.097185776 -0.237526536 0.966268301
4240.210249952 0.950390875 -0.535961390 20.448785782 -0.020855026 0.099728562 -0.230595976 0.967700779
4240.274440800 0.996690929 -0.544612348 20.725833893 -0.020992139 0.099151671 -0.230152637 0.967862606
4240.308673984 0.998165309 -0.537102938 20.817495346 -0.015576142 0.096811958 -0.228915811 0.968494892
4240.345218976 1.024010897 -0.538498044 20.968534470 -0.013498383 0.096383877 -0.229318470 0.968473494
4240.385386336 1.037842035 -0.546852112 21.142921448 -0.014634527 0.098849140 -0.230515093 0.967924297
4240.423772160 1.089488149 -0.543456912 21.299430847 -0.011988980 0.096303970 -0.234682649 0.967215538
4240.467106496 1.108588934 -0.529367387 21.468484879 -0.009346012 0.095076762 -0.230961785 0.968261182
4240.513082976 1.092406631 -0.586695850 21.703779221 -0.011204667 0.096620433 -0.232371971 0.967751086
4240.574600608 1.108354568 -0.652191699 22.034313202 -0.012952261 0.096164867 -0.235177100 0.967096806
4240.606210944 0.996178329 -0.838313699 22.014894485 -0.032969590 0.101983711 -0.246961832 0.963079512
4240.648462496 0.873267412 -0.729224205 21.658246994 -0.032813895 0.107170656 -0.245530427 0.962887585
4240.684437120 0.876082540 -0.795570016 21.966203690 -0.032114901 0.106993996 -0.244198278 0.963269472
4240.716856352 0.901806355 -0.860953569 22.246797562 -0.030224213 0.103148445 -0.245503411 0.963418365
4240.758070624 1.074491620 -0.805549204 22.109535217 -0.022239741 0.097813614 -0.267284542 0.958382428
4240.804548256 0.990784347 -0.742898285 21.761350632 -0.023619041 0.097010486 -0.269746691 0.957740963
4240.838252096 0.943270802 -0.829428315 22.105895996 -0.029641481 0.090892553 -0.257163763 0.961627126
4240.871145024 0.881236672 -0.960723221 22.499559402 -0.037973773 0.084300026 -0.245119676 0.965074003
4240.905245920 0.603007793 -1.014320135 22.733137131 -0.047722109 0.105134830 -0.240209207 0.963830292
4240.938992768 0.437364638 -0.919071555 22.267488480 -0.043392614 0.110946991 -0.241727486 0.963003457
4240.978072128 0.458635330 -0.946897507 22.447078705 -0.045286380 0.109770201 -0.230878100 0.965709567
4241.010920544 0.490816593 -0.951896250 22.526901245 -0.045079749 0.106653616 -0.222511768 0.968029618
4241.056585280 0.529674172 -0.949661970 22.724582672 -0.042003904 0.106386520 -0.222545385 0.968189597
4241.093112384 0.435892254 -0.941528797 22.571813583 -0.045585666 0.107529767 -0.211201191 0.970439732
4241.133317824 0.280153275 -1.152606249 22.617088318 -0.055408776 0.112004876 -0.208217248 0.970067203
4241.167639392 0.134033740 -1.308428764 22.678232193 -0.062586889 0.117756590 -0.210013762 0.968561053
4241.205164032 0.125959873 -1.316129923 22.582271576 -0.057734452 0.113899410 -0.220085859 0.967086315
4241.245163680 0.040304571 -1.298974156 22.389501572 -0.056220204 0.115358159 -0.226160303 0.965599954
4241.282753504 0.066090927 -1.314071417 22.734018326 -0.060586788 0.118168630 -0.224928945 0.965283573
4241.317077696 0.157922089 -1.255415678 23.088157654 -0.054241221 0.115719624 -0.222215980 0.966585219
4241.354545056 0.224793419 -1.208402872 23.457483292 -0.051062435 0.114468202 -0.214646682 0.968615711
4241.421869216 0.268096149 -1.199067712 23.617307663 -0.049223579 0.112694666 -0.209528223 0.970038593
4241.453423296 0.266539991 -1.200488329 23.743387222 -0.052400153 0.115539074 -0.211749658 0.969054699
4241.488382464 0.247242555 -1.163507342 23.926334381 -0.051743422 0.124575511 -0.220062062 0.966113985
4241.529729536 0.234434888 -1.136783004 24.079006195 -0.052198268 0.132323742 -0.226144910 0.963651538
4241.565082848 0.230158284 -1.148240685 24.152420044 -0.047351684 0.132343978 -0.226711050 0.963766038
4241.605584128 0.276075989 -1.186980486 24.406358719 -0.051155787 0.133258998 -0.222640336 0.964394331
4241.642859264 0.330428034 -1.173576832 24.648109436 -0.051105734 0.135579556 -0.223715827 0.963824451
4241.677180128 0.352316469 -1.174158931 24.820911407 -0.054105103 0.138469905 -0.222739667 0.963475883
4241.717121856 0.403807163 -1.134979844 24.971773148 -0.052608006 0.140686139 -0.223009780 0.963175178
4241.754718304 0.448175848 -1.148306370 25.193033218 -0.053236093 0.141606644 -0.220476508 0.963588953
4241.814204480 0.497784674 -1.171638012 25.535324097 -0.054266430 0.146027178 -0.217057735 0.963647842
4241.845623488 0.548176289 -1.184210658 25.641973495 -0.058443643 0.145518988 -0.218918845 0.963059247
4241.885846304 0.580720603 -1.187298536 25.750638962 -0.055717837 0.143803716 -0.223688051 0.962382257
4241.917197504 0.628374159 -1.203136802 25.906078339 -0.057072267 0.142127588 -0.223077089 0.962693691
4241.948772032 0.660817742 -1.200779438 26.044435501 -0.056907207 0.142218754 -0.224526614 0.962352931
4241.984654848 0.708537519 -1.182098389 26.191278458 -0.056311965 0.141966537 -0.222913295 0.962800145
4242.021866560 0.749275088 -1.195429921 26.297760010 -0.062157150 0.141232833 -0.222517833 0.962639868
4242.067352640 0.747219324 -1.277675390 26.541210175 -0.063168779 0.142148077 -0.221671164 0.962634683
4242.100751744 0.763480306 -1.336606622 26.737541199 -0.063287579 0.140265062 -0.219962627 0.963294804
4242.149571872 1.778753400 -1.820888519 24.651044846 -0.134098694 0.003062687 0.069126561 0.988549292
4242.191912544 2.428080082 -1.330811501 23.660799026 -0.112264447 -0.049539264 0.181442350 0.975715756
4242.233146848 2.398293495 -1.331189513 23.936941147 -0.118132964 -0.045692082 0.184462979 0.974643648
4242.267178176 2.372372389 -1.319308400 24.170211792 -0.119854443 -0.042186670 0.189265341 0.973670304
4242.301365312 2.341366768 -1.252670884 24.371883392 -0.114484929 -0.038766846 0.192727536 0.973779440
4242.364722752 2.325121403 -1.219458938 24.606910706 -0.107775427 -0.039734147 0.197218716 0.973606944
4242.396307456 2.176553726 -0.896900773 25.067663193 -0.106189772 -0.039345399 0.190487877 0.975135863
4242.429610912 1.996407628 -0.470810056 25.566438675 -0.090349488 -0.037483245 0.173351035 0.979990482
4242.463818112 2.027005196 0.065284491 26.090484619 -0.070489861 -0.045462534 0.157024652 0.984026253
4242.499549632 1.855997801 0.321979731 26.233274460 -0.056438539 -0.038742345 0.160256758 0.984698653
4242.535071968 1.797047019 0.310020268 26.452426910 -0.053263657 -0.036283392 0.165950745 0.984025836
4242.566873984 1.739114523 0.279030353 26.647600174 -0.055690054 -0.034326293 0.165327668 0.984066606
4242.607413408 1.706346631 0.325613469 26.805120468 -0.046780512 -0.032600332 0.160667092 0.985360324
4242.641047584 1.575870395 0.455314398 26.964788437 -0.036997717 -0.026603242 0.168777496 0.984600246
4242.678446688 1.473576903 0.536521614 27.171169281 -0.029096663 -0.021964323 0.171912968 0.984437346
4242.713134144 1.376313686 0.617125750 27.371526718 -0.019204224 -0.017746666 0.174583927 0.984295011
4242.751082944 1.443696618 0.676141858 27.571758270 -0.012783462 -0.023834618 0.177536830 0.983742416
4242.790920128 1.439359426 0.686862826 27.720649719 -0.015374821 -0.023936085 0.178328812 0.983559608
4242.852223616 1.385660887 0.673359454 28.029104233 -0.010285956 -0.020649947 0.181233332 0.983169496
4242.885827776 1.386066198 0.670365274 28.168979645 -0.015984615 -0.023301296 0.184345007 0.982455313
4242.924461472 1.381031036 0.669940054 28.328662872 -0.010942740 -0.021282285 0.186336607 0.982194424
4242.957455552 1.388516784 0.691302598 28.457906723 -0.011255659 -0.022460409 0.188624933 0.981727779
4242.992792032 1.370922923 0.657983303 28.637763977 -0.014751349 -0.021268958 0.187219486 0.981977046
4243.027986528 1.368358135 0.653190553 28.784240723 -0.008406828 -0.019918339 0.190099046 0.981526852
4243.063487008 1.331033230 0.650198340 28.949016571 -0.014501894 -0.017020691 0.191564843 0.981225193
4243.106601056 1.295759797 0.669325173 29.102836609 -0.008158325 -0.013509673 0.194837347 0.980708599
4243.150168896 1.294543386 0.651482224 29.321651459 -0.011584078 -0.014657887 0.192572460 0.981104910
4243.184580288 1.287556052 0.661175609 29.479887009 -0.007116393 -0.012983956 0.192954227 0.981096029
4243.217863872 1.291351557 0.657794237 29.624250412 -0.010198518 -0.011768955 0.194909334 0.980697632
4243.260602144 1.272046328 0.672431767 29.766416550 -0.007747135 -0.005329669 0.193791151 0.980997741
4243.302106912 1.283221960 0.667456269 29.950515747 -0.005542423 0.000909711 0.192838356 0.981214464
4243.335221536 1.285544872 0.667325556 30.086803436 -0.005899975 0.008701722 0.194223925 0.980900884
4243.369889728 1.301171422 0.669989049 30.236936569 -0.003468052 0.015590891 0.197097391 0.980253816
4243.417862624 1.299144864 0.693684876 30.390092850 -0.003069767 0.017178318 0.197327614 0.980182290
4243.470512768 1.303826690 0.683104336 30.632871628 -0.009731061 0.015658645 0.197789297 0.980071187
4243.509925792 1.245768905 0.721539974 30.787807465 0.009779332 0.027810227 0.186080158 0.982092202
4243.546138112 1.213667393 0.746261954 30.949182510 0.022549491 0.035828080 0.177339092 0.983238876
4243.584710944 1.244282722 0.743840873 31.024154663 0.029868335 0.033648741 0.182442769 0.982186496
4243.627965312 1.240886211 0.727532804 31.245832443 0.029877307 0.030885465 0.183209613 0.982134223
4243.664016640 1.226505280 0.703638196 31.417936325 0.017806336 0.027967719 0.176949516 0.983661354
4243.696178144 1.248525620 0.663852870 31.532476425 0.009950766 0.024701616 0.178088799 0.983654022
4243.763560288 1.318114877 0.629088104 31.710590363 -0.008050481 0.019485619 0.180736005 0.983305633
4243.805402784 1.273350358 0.596181154 31.975875854 0.008680034 0.023948397 0.185006484 0.982407153
4243.841538592 1.265302062 0.530432463 32.189289093 0.005028918 0.022811301 0.177447423 0.983852983
4243.906457792 1.341194391 0.506219506 32.294368744 0.002952233 0.016561147 0.184307128 0.982724726
4243.940765152 1.354997635 0.507705748 32.411827087 -0.004711216 0.012522150 0.188103646 0.982058048
4243.983953280 1.350863338 0.499836415 32.593090057 -0.004733801 0.010534268 0.182134345 0.983205855
4244.035677024 1.356337547 0.495588452 32.793121338 -0.001024885 0.009019548 0.181556389 0.983338654
4244.088729056 1.361624837 0.490469664 32.996204376 0.002742363 0.009424403 0.183451474 0.982979774
4244.167400000 1.373555779 0.471318752 33.275924683 0.024796311 0.014317697 0.182654798 0.982760072
4244.213327488 1.379458904 0.465087950 33.442092896 0.020520898 0.014340500 0.179660842 0.983410001
4244.260734208 1.387988448 0.468766183 33.622901917 0.008239173 0.009152375 0.184857100 0.982688248
4244.327598368 1.421366334 0.439833403 33.825817108 -0.024956748 -0.003655373 0.175038218 0.984238505
4244.365039872 1.412902713 0.443061858 33.978942871 -0.038525935 -0.008547963 0.161730185 0.986045659
4244.410587040 1.413734078 0.459828377 34.165668488 -0.054956384 -0.008220583 0.173563704 0.983253717
4244.477545792 1.362301111 0.546547592 34.441307068 -0.045172557 0.013664255 0.186894432 0.981245756
4244.513412736 1.374564648 0.533192635 34.562274933 -0.043361049 0.029402707 0.174034551 0.983344972
4244.555548928 1.385925770 0.550218046 34.721504211 -0.043721404 0.045280181 0.174993619 0.982555509
4244.600793888 1.413012266 0.566436052 34.874279022 -0.049861833 0.054339241 0.188697830 0.979262054
4244.641940224 1.431279540 0.598362446 35.023075104 -0.054687310 0.063070565 0.189320475 0.978360474
4244.678382784 1.458130836 0.605105937 35.165054321 -0.068902835 0.073008090 0.181540594 0.978245974
4244.746372032 1.498999596 0.651661098 35.437763214 -0.081900783 0.090679117 0.174224332 0.977095425
4244.780968224 1.523126245 0.678393126 35.575435638 -0.092753090 0.094470590 0.175569564 0.975524247
4244.825262944 1.551144242 0.710916936 35.737182617 -0.092566498 0.101808675 0.173132136 0.975239336
4244.866470624 1.592754602 0.732546926 35.888481140 -0.079028450 0.109136142 0.187086940 0.973058224
4244.907132128 1.625002980 0.741940618 36.032356262 -0.048203211 0.121110514 0.174091697 0.976063907
4244.948516800 1.662972569 0.750474393 36.174423218 -0.013258448 0.137760863 0.173228115 0.975109339
4244.993624000 1.724738002 0.733345270 36.345397949 0.005952384 0.155322552 0.175908267 0.972057462
4245.071060864 1.957253456 0.572753608 36.733604431 -0.018697981 0.164221361 0.175979912 0.970418870
4245.105069184 2.076179028 0.526468933 36.880985260 -0.024780834 0.163677335 0.189439252 0.967836976
4245.151441248 2.092926979 0.577388644 37.040073395 -0.039916258 0.161700532 0.189470977 0.967657149
4245.193381760 2.135423899 0.599095762 37.196708679 -0.059900843 0.159036100 0.180454448 0.968790770
4245.237620480 2.188910723 0.619946659 37.343345642 -0.047200438 0.169903219 0.188519955 0.966108263
4245.285301312 2.248615265 0.643662155 37.508640289 -0.041113257 0.183982730 0.187823951 0.963940978
4245.327570944 2.307817221 0.669161379 37.656848907 -0.053555358 0.195280686 0.198679432 0.958917975
4245.369689888 2.357331753 0.694891572 37.805191040 -0.068674341 0.206900999 0.179382682 0.959321439
4245.413317152 2.418168783 0.718114972 37.937629700 -0.060411416 0.221788123 0.187130049 0.955061674
4245.457424288 2.486359596 0.748513401 38.083606720 -0.070198715 0.229835346 0.194544837 0.950999558
4245.503879552 2.545412540 0.780625045 38.227706909 -0.074290924 0.239977777 0.181733266 0.950717926
4245.545690784 2.610151529 0.802110970 38.355800629 -0.067416072 0.243666634 0.189704984 0.948732674
4245.591012000 2.683051586 0.827479303 38.489746094 -0.056192979 0.244637117 0.200041950 0.947089374
4245.632863520 2.738041639 0.860017121 38.629066467 -0.070374176 0.241178423 0.185962915 0.949893773
4245.672429344 2.789877415 0.885476530 38.751125336 -0.058357053 0.239896312 0.182963237 0.951613724
4245.711694848 2.849507332 0.903708696 38.872245789 -0.052826591 0.242220268 0.185043931 0.950945556
4245.754673504 2.916561842 0.928808212 39.001884460 -0.061093312 0.242071882 0.190380186 0.949433625
4245.799573216 2.978957891 0.952813089 39.132781982 -0.050083239 0.243229240 0.181367755 0.951544523
4245.845489056 3.025678873 0.965864420 39.239227295 -0.064111225 0.240288138 0.192012981 0.949358940
4245.890141408 3.045629025 0.967813611 39.316184998 -0.076166883 0.239684522 0.179651707 0.951039016
4245.937479264 3.120762110 1.001960516 39.458988190 -0.075017512 0.240566790 0.196656987 0.947536826
4245.983377088 3.192434549 1.038958073 39.608566284 -0.094238788 0.237022921 0.197869152 0.946460247
4246.065409728 3.309366465 1.101238966 39.842414856 -0.079673968 0.248077989 0.189890340 0.946599722
4246.099821920 3.368386984 1.130713344 39.946228027 -0.081820376 0.256217808 0.193569079 0.943498194
4246.140806080 3.440915346 1.158748746 40.061107635 -0.070982754 0.266788453 0.200792208 0.939929724
4246.181831392 3.516931295 1.193367362 40.187057495 -0.074152410 0.269703507 0.209412098 0.936967432
4246.227728800 3.581330299 1.223728061 40.313850403 -0.063942187 0.273631841 0.194634095 0.939763069
4246.269724448 3.658653736 1.261405110 40.446353912 -0.078172363 0.270691544 0.204941943 0.937344134
4246.308484320 3.727763891 1.294403791 40.559528351 -0.077150814 0.270759523 0.212307200 0.935768485
4246.351534656 3.795590639 1.320991993 40.680622101 -0.060294751 0.276707143 0.201016277 0.937758088
4246.399492800 3.871687412 1.347730637 40.825603485 -0.059012957 0.278368801 0.188552424 0.939934194
4246.443841248 3.949792385 1.407084227 40.990619659 -0.056186587 0.281197041 0.213566184 0.933895469
4246.494133984 4.033508778 1.464264512 41.147037506 -0.078711078 0.275634527 0.216051355 0.933355212
4246.548498208 4.086392879 1.514837980 41.304103851 -0.101270102 0.277776331 0.195093110 0.935159504
4246.594604992 4.155645847 1.547051311 41.466369629 -0.077902481 0.289671689 0.213640124 0.929720044
4246.638511872 4.219854832 1.577888727 41.591640472 -0.060173847 0.299431741 0.189120144 0.933248818
4246.685086240 4.298281670 1.618207932 41.732246399 -0.075096585 0.291565150 0.187870845 0.934908986
4246.729809344 4.364403248 1.649664640 41.855377197 -0.070654690 0.286448956 0.180574179 0.938268542
4246.772098048 4.432044506 1.677997470 41.975986481 -0.072897866 0.275634944 0.180293471 0.941384912
4246.814288544 4.505211830 1.703729630 42.083965302 -0.063665919 0.273530811 0.196194872 0.939486623
4246.857002176 4.577287674 1.723064899 42.194023132 -0.050836302 0.276671171 0.196554407 0.939273715
4246.900264704 4.641935825 1.756436825 42.323799133 -0.066271469 0.280545205 0.172590777 0.941867769
4246.944154912 4.718957424 1.791152716 42.437908173 -0.066138022 0.290201873 0.188072577 0.935968697
4246.986145120 4.789946079 1.834819198 42.561252594 -0.089814864 0.287372053 0.191001236 0.934274673
4247.029908800 4.872839928 1.863823533 42.666454315 -0.090001427 0.291234642 0.221552521 0.926281035
4247.076645376 4.908549309 1.918037057 42.771137238 -0.077120423 0.297652841 0.196582317 0.931026638
4247.119126208 4.991164684 1.929827571 42.881851196 -0.087986208 0.294572771 0.193590373 0.931669533
4247.160000832 5.037272930 1.992401361 42.980739594 -0.086534448 0.293618917 0.193232238 0.932180762
4247.206817344 5.087259769 2.075839043 43.082660675 -0.074856736 0.293222845 0.178786770 0.936190188
4247.257884608 5.159133434 2.103273392 43.202785492 -0.079015084 0.292340279 0.176197350 0.936615348
4247.294331168 5.239295483 2.143185377 43.315372467 -0.077369899 0.290218264 0.191433802 0.934419811
4247.336835840 5.321203232 2.174633265 43.424522400 -0.085624494 0.287787557 0.208964825 0.930688143
4247.378402368 5.366868019 2.191860676 43.516551971 -0.085665025 0.292228669 0.158897713 0.939156771
4247.419600736 5.433927059 2.220252991 43.609672546 -0.066600293 0.303070039 0.156312421 0.937698960
4247.459211936 5.509353638 2.252860069 43.706123352 -0.065957792 0.304752111 0.171770483 0.934489489
4247.499587232 5.586045742 2.296520710 43.808330536 -0.075692832 0.300630510 0.196151242 0.930277705
4247.543721376 5.646554470 2.327118635 43.916778564 -0.085436702 0.298304081 0.174009725 0.934577882
4247.585482080 5.719853878 2.353074074 44.022998810 -0.088950895 0.298898011 0.183388248 0.932264149
4247.627547808 5.796502113 2.382948160 44.135601044 -0.096383721 0.300488770 0.187676653 0.930158138
4247.672722336 5.863338947 2.418995619 44.247577667 -0.088511109 0.305528820 0.177101299 0.931371570
4247.737193408 5.974361420 2.463994265 44.409111023 -0.073418073 0.311845213 0.181648642 0.929712892
4247.771536704 6.026002884 2.494351149 44.502723694 -0.087806270 0.306535244 0.176654130 0.931192517
4247.813545696 6.105360508 2.536092281 44.610958099 -0.087723337 0.301920086 0.196478814 0.928732991
4247.884081760 6.225642681 2.581873894 44.791744232 -0.088006057 0.296667725 0.195959195 0.930506945
4247.917699392 6.290090561 2.606020212 44.881225586 -0.089701891 0.295118928 0.202487811 0.929439068
4247.966745120 6.358636856 2.647119999 44.992172241 -0.080614753 0.294877797 0.198923066 0.931116521
4248.008268736 6.432019711 2.683296680 45.105403900 -0.067173488 0.302581549 0.191990048 0.931167006
4248.048314144 6.505069256 2.722108603 45.216434479 -0.088245876 0.302230030 0.201346129 0.927539408
4248.094625824 6.582203865 2.747957468 45.327278137 -0.081556700 0.309142202 0.196187437 0.926979005
4248.138880832 6.660738945 2.779928923 45.430156708 -0.075259857 0.313816816 0.204222262 0.924201369
4248.187421376 6.731077194 2.810516834 45.556591034 -0.094454341 0.312684625 0.171832725 0.929397821
4248.235216256 6.809203148 2.843185902 45.652034760 -0.081312947 0.315270483 0.192794904 0.925647259
4248.304828384 6.917262554 2.897916079 45.812068939 -0.073847532 0.312216282 0.189102083 0.928066790
4248.340276608 6.969108582 2.919451714 45.890571594 -0.085005812 0.310837358 0.187203974 0.927959442
4248.380607776 7.021525383 2.930303097 45.971466064 -0.078599796 0.314399660 0.169713572 0.930683732
4248.425202368 7.093439102 2.957877874 46.053394318 -0.068293788 0.315514326 0.188189745 0.927561998
4248.468924512 7.150282860 2.991026402 46.155715942 -0.084071837 0.313241482 0.171267778 0.930311263
4248.514648672 7.200643063 3.010540247 46.231639862 -0.077282257 0.310564131 0.176381618 0.930842042
4248.594002944 7.293787956 3.058988094 46.367858887 -0.089708976 0.297631651 0.196108490 0.930004954
4248.628939456 7.315431595 3.065931559 46.418167114 -0.094933145 0.290258944 0.177755490 0.935489416
4248.669890304 7.354477882 3.077045679 46.461067200 -0.079310752 0.291265368 0.191724494 0.933871508
4248.717938912 7.389011860 3.086068630 46.498943329 -0.064700253 0.302231878 0.188976347 0.932071686
4248.762053824 7.427062035 3.099605560 46.532814026 -0.067741737 0.311930805 0.199396536 0.926472485
4248.805326976 7.450537682 3.124841213 46.577766418 -0.099258453 0.316590518 0.185232654 0.924990296
4248.847220992 7.470075607 3.146782398 46.611766815 -0.118567452 0.316908807 0.188803583 0.921880543
4248.896941664 7.489167213 3.149319410 46.634452820 -0.105548501 0.317402691 0.192912251 0.922442377
4248.979581632 7.513085365 3.157716274 46.667366028 -0.096998468 0.316673189 0.190137610 0.924206197
4249.014154816 7.521172523 3.159981251 46.678592682 -0.096075334 0.316409409 0.189543277 0.924515009
4249.057514112 7.528869629 3.162452221 46.685676575 -0.084671356 0.318234235 0.190974280 0.924708903
4249.102576160 7.536303520 3.166516304 46.692356110 -0.077894121 0.318281204 0.194686845 0.924514234
4249.158536128 7.548525333 3.171478987 46.703422546 -0.075997822 0.319153577 0.199060604 0.923439324
4249.210498208 7.554685116 3.173049927 46.711227417 -0.078124106 0.321316123 0.198697552 0.922589779
4249.255453952 7.555587292 3.173189163 46.714866638 -0.079900749 0.320191234 0.196889058 0.923216164
4249.299704192 7.554852486 3.172701359 46.714092255 -0.078407019 0.319315672 0.197064087 0.923610091
4249.341740992 7.552273273 3.172421694 46.710403442 -0.077912770 0.319943964 0.196719378 0.923507929
4249.385231040 7.548161983 3.171110153 46.704254150 -0.076842882 0.321741074 0.196574405 0.923003972
4249.428009664 7.542802334 3.169203997 46.698040009 -0.076802596 0.321512222 0.195209071 0.923376739
4249.474764096 7.538379192 3.166465759 46.693355560 -0.076802813 0.318509549 0.195101947 0.924439430
4249.546822560 7.533868790 3.164857626 46.691272736 -0.077852681 0.316445380 0.193889961 0.925315082
4249.610008096 7.535140991 3.165192842 46.692115784 -0.077422045 0.316989750 0.194327086 0.925073147
