3867.697142208 0.000000000 0.000000000 0.000000000 0.000000000 0.000000000 0.000000000 1.000000000
3867.759202656 0.000000000 0.000000000 0.000000000 0.000000000 0.000000000 0.000000000 1.000000000
3867.822371520 -0.000003482 0.000518123 0.001353992 0.001342280 -0.000046836 0.000242079 0.999999046
3867.884330688 0.001473955 -0.001932968 0.015815619 0.005222600 0.000504246 0.002119693 0.999983966
3867.947328352 0.003010528 -0.006027219 0.052235600 0.002727096 -0.001872695 0.004533407 0.999984264
3868.009570560 0.005323405 -0.005004762 0.112038150 -0.008127760 -0.003635800 0.010368176 0.999906600
3868.071836832 -0.005472873 -0.015708804 0.175966352 0.018167030 0.004200497 -0.012686776 0.999745607
3868.134183008 -0.014166401 -0.022173073 0.264971375 0.029190274 0.001540814 -0.020289032 0.999366760
3868.197438720 -0.012379588 -0.009929584 0.380135059 -0.002623041 -0.015000602 -0.000230294 0.999884009
3868.259232672 -0.021889769 -0.017101444 0.487082034 -0.003085391 -0.016883686 -0.016596545 0.999714971
3868.322730208 -0.026430201 -0.027263790 0.606478810 0.016355466 -0.024582393 -0.000208312 0.999563992
3868.384500896 -0.040426746 -0.025126480 0.752434611 -0.017721467 -0.041719776 -0.000753283 0.998971939
3868.446936064 -0.061936125 -0.023326160 0.887013197 -0.006235750 -0.046104711 -0.009365778 0.998873234
3868.509410720 -0.068756655 -0.031706251 1.034834504 -0.002148218 -0.045296166 0.007664345 0.998941898
3868.574573824 -0.080734655 -0.038923465 1.189070940 -0.000851245 -0.043387763 0.017636526 0.998902261
3868.634169344 -0.097312734 -0.033522125 1.354004383 -0.009355983 -0.038157489 0.016937543 0.999084353
3868.697180608 -0.119147718 -0.032588508 1.506505489 0.009773225 -0.029979626 0.005817059 0.999485791
3868.759385728 -0.127895162 -0.059073318 1.656998396 0.019465446 -0.038005471 0.020028895 0.998887122
3868.822626144 -0.144276917 -0.053761844 1.826247334 -0.001287841 -0.053173415 0.029906131 0.998136520
3868.884134240 -0.195059866 -0.002144862 1.944845438 0.044335339 -0.046296734 0.031539354 0.997444868
3868.947196896 -0.267242610 -0.169283792 2.149009943 -0.008418918 -0.035479553 0.005413748 0.999320269
3869.009868512 -0.290070117 -0.262249529 2.322215080 -0.021564476 -0.023674818 0.006029075 0.999468923
3869.072207648 -0.292438805 -0.287036866 2.482157707 -0.036836259 -0.024566358 0.014296453 0.998917043
3869.135098848 -0.311934561 -0.284303427 2.653984785 -0.040507995 -0.027467156 0.004962906 0.998789310
3869.197833696 -0.328726977 -0.277658701 2.824492693 -0.036987513 -0.030440891 0.005308039 0.998837888
3869.260526016 -0.337246537 -0.264437139 3.006477118 -0.042389963 -0.029277267 0.016922921 0.998528659
3869.324362912 -0.342876166 -0.257816821 3.186756134 -0.039019704 -0.026662659 0.022437232 0.998630643
3869.386654592 -0.361035824 -0.242526248 3.367955446 -0.041019309 -0.026231438 0.008928934 0.998774052
3869.448996384 -0.362550050 -0.234165072 3.553503036 -0.043773424 -0.024578664 0.035525229 0.998107076
3869.511395808 -0.372372597 -0.227214456 3.741049767 -0.037314042 -0.021249892 0.039297305 0.998304486
3869.574199840 -0.390644759 -0.214508057 3.943856001 -0.037943754 -0.017714621 0.028872494 0.998705566
3869.636721760 -0.394202620 -0.204332456 4.141529083 -0.040601227 -0.014357234 0.046017393 0.998011947
3869.700383392 -0.415997505 -0.184411973 4.351218224 -0.065588608 -0.022803403 0.031580005 0.997086167
3869.761835424 -0.434672713 -0.158217549 4.552460670 -0.075308852 -0.037613548 0.037988462 0.995726228
3869.824048960 -0.455969036 -0.148831829 4.749978065 -0.069665164 -0.050384890 0.036383513 0.995632648
3869.887347488 -0.475597233 -0.140842423 4.941245079 -0.041835535 -0.052641165 0.044933494 0.996724486
3869.949230464 -0.502765715 -0.142346144 5.121320724 0.012299569 -0.047447670 0.037525918 0.998092771
3870.011640672 -0.515011251 -0.157573968 5.318418026 0.024440454 -0.045843486 0.052700203 0.997258127
3870.074200256 -0.539521873 -0.171097860 5.522577763 0.035360593 -0.048066642 0.048664082 0.997031093
3870.136684192 -0.573160887 -0.186191410 5.732604980 0.020398535 -0.056277916 0.039976243 0.997405946
3870.199421824 -0.603147626 -0.194952056 5.943267345 -0.000019935 -0.065249294 0.039661169 0.997080505
3870.261721248 -0.640756011 -0.203631565 6.147599220 -0.001833785 -0.074346930 0.031293266 0.996739626
3870.324687392 -0.674474597 -0.206956983 6.355618954 -0.008950161 -0.082242876 0.038834848 0.995815158
3870.386666272 -0.701470912 -0.216907293 6.556284904 -0.001917113 -0.081484161 0.054306820 0.995192170
3870.450518720 -0.753348947 -0.227110729 6.757791519 0.010115974 -0.071443327 0.036854759 0.996712208
3870.511506880 -0.780901909 -0.227804169 6.969871044 -0.002058654 -0.070732877 0.052464772 0.996112466
3870.574295648 -0.809662700 -0.227235034 7.188233376 -0.020028936 -0.077547275 0.054536164 0.995294452
3870.637012768 -0.854415059 -0.217759684 7.412298203 -0.041654192 -0.084901206 0.033009041 0.994970918
3870.699515520 -0.891633272 -0.192465186 7.635643005 -0.066913605 -0.089813814 0.041161772 0.992855370
3870.761646976 -0.930373490 -0.185181573 7.854212761 -0.067695893 -0.087715432 0.041315481 0.992983520
3870.827079360 -0.981429815 -0.165836245 8.075083733 -0.047446053 -0.081431076 0.032042515 0.995033205
3870.886885280 -1.015669107 -0.148525298 8.284389496 -0.038364816 -0.080595493 0.041174419 0.995156884
3870.949316032 -1.056729794 -0.145016372 8.508138657 -0.036896627 -0.082075074 0.039773583 0.995148420
3871.012070656 -1.100113869 -0.134116963 8.737490654 -0.037268866 -0.082815610 0.034415666 0.995272934
3871.075713056 -1.141787052 -0.118332699 8.973081589 -0.047258355 -0.083681852 0.036137294 0.994715095
3871.139220608 -1.182705045 -0.111890256 9.202149391 -0.038424935 -0.082909681 0.034824245 0.995206892
3871.199530400 -1.231544495 -0.097350299 9.437515259 -0.036343139 -0.081064343 0.029869618 0.995598078
3871.261613568 -1.269527674 -0.080643296 9.688863754 -0.042757779 -0.082848735 0.032696441 0.995107412
3871.324614816 -1.314884663 -0.066509612 9.937328339 -0.052330319 -0.084052309 0.028099952 0.994689465
3871.386764576 -1.367536902 -0.045800049 10.184008598 -0.059961636 -0.086630762 0.020814810 0.994216502
3871.449145312 -1.411626458 -0.033272766 10.429203987 -0.047417983 -0.088994749 0.030281126 0.994441807
3871.512301248 -1.467933178 -0.014337242 10.678629875 -0.038870897 -0.088573426 0.020322744 0.995103419
3871.574839968 -1.519795418 -0.002039174 10.933593750 -0.048756599 -0.087306380 0.022976844 0.994722307
3871.637036960 -1.569604278 0.011236760 11.185976028 -0.042186342 -0.087178372 0.025192231 0.994980216
3871.699372096 -1.623034477 0.023837639 11.442887306 -0.038452733 -0.088461004 0.024048539 0.995046556
3871.762048928 -1.675838709 0.038925070 11.703598976 -0.035612870 -0.088058218 0.025695620 0.995146811
3871.824987776 -1.729771137 0.043779433 11.969326973 -0.036286436 -0.089302100 0.025749121 0.995010257
3871.886773600 -1.785384893 0.057653956 12.233573914 -0.034082603 -0.088908188 0.025066067 0.995140910
3871.948964064 -1.837006807 0.064805575 12.501244545 -0.035379287 -0.088630915 0.028793214 0.995019495
3872.011881504 -1.890881538 0.073424913 12.769850731 -0.031554613 -0.086382076 0.027972629 0.995369256
3872.074289056 -1.943503976 0.085405178 13.036347389 -0.031653311 -0.084499814 0.034051836 0.995338261
3872.137061312 -1.994941831 0.094484128 13.312275887 -0.039340217 -0.084146887 0.033692859 0.995106280
3872.200131264 -2.045053244 0.105644584 13.584114075 -0.030851521 -0.083598554 0.038341369 0.995283544
3872.261729216 -2.097040176 0.111625031 13.858791351 -0.031378623 -0.087332062 0.040617619 0.994856179
3872.324744736 -2.153863907 0.116626382 14.135499001 -0.028674528 -0.089748368 0.041990630 0.994665682
3872.386600480 -2.196694136 0.118386753 14.411729813 -0.024837166 -0.094289437 0.041169472 0.994383037
3872.449047072 -2.255337715 0.120026052 14.686660767 -0.023251260 -0.095951699 0.042629428 0.994200885
3872.511686496 -2.315699816 0.124056667 14.965605736 -0.028295448 -0.096481182 0.041769009 0.994055390
3872.574118176 -2.369525671 0.126398638 15.246202469 -0.026022127 -0.094836749 0.043471258 0.994202733
3872.636565856 -2.421516180 0.131339610 15.529024124 -0.022287557 -0.095030539 0.044328015 0.994237125
3872.699367360 -2.476652145 0.137127057 15.806893349 -0.027089927 -0.094800673 0.043780234 0.994164109
3872.761670560 -2.533491611 0.139997438 16.090389252 -0.027228806 -0.093939058 0.041929897 0.994321883
3872.824564832 -2.589682817 0.142076463 16.366683960 -0.019598417 -0.092915669 0.044144787 0.994501770
3872.886987008 -2.647563219 0.146456882 16.648700714 -0.026252441 -0.093400151 0.041718531 0.994407773
3872.949338272 -2.705375433 0.152407438 16.932376862 -0.028665353 -0.092930757 0.044874519 0.994247675
3873.011687776 -2.763510704 0.153910071 17.211795807 -0.024117272 -0.094509982 0.041500755 0.994366109
3873.074158816 -2.826410532 0.156514511 17.495777130 -0.023011167 -0.095376179 0.041111298 0.994325757
3873.136678752 -2.887495756 0.162681893 17.783317566 -0.028837763 -0.096813165 0.038409263 0.994143009
3873.199411264 -2.944641352 0.167005330 18.066301346 -0.026820250 -0.097385436 0.041125365 0.994034946
3873.261578656 -3.008385658 0.171338096 18.349241257 -0.029021893 -0.102918305 0.038296409 0.993528545
3873.324591872 -3.073463202 0.174469158 18.635065079 -0.026544422 -0.108618475 0.041415442 0.992865682
3873.386835104 -3.133547306 0.177250430 18.916160583 -0.022817928 -0.111044653 0.041729361 0.992676735
3873.449353632 -3.195383549 0.183177546 19.203031540 -0.019043831 -0.110151410 0.043355856 0.992786109
3873.511724672 -3.262477160 0.182230040 19.490747452 -0.024934871 -0.109669954 0.047060907 0.992540181
3873.574156448 -3.334909201 0.178940922 19.774879456 -0.023427008 -0.107959449 0.044050075 0.992902577
3873.636769216 -3.404907227 0.180450380 20.060657501 -0.022098916 -0.107763156 0.045443591 0.992891550
3873.699425952 -3.476220131 0.185801283 20.351776123 -0.019825250 -0.107632503 0.044320203 0.993004501
3873.761580992 -3.545419693 0.186649889 20.642488480 -0.022118885 -0.108812854 0.042238716 0.992918134
3873.824232672 -3.613807201 0.189301342 20.934873581 -0.021075852 -0.109650783 0.043513242 0.992793560
3873.886688192 -3.684484482 0.193075210 21.232965469 -0.020381253 -0.109728850 0.040445741 0.992929161
3873.949063296 -3.751796722 0.189039230 21.520938873 -0.014977800 -0.110276848 0.039971363 0.992983878
3874.011621280 -3.832243681 0.187525049 21.801362991 -0.015959267 -0.110119082 0.036127862 0.993133366
3874.074152576 -3.907228470 0.187807590 22.090127945 -0.014434011 -0.110766955 0.035496425 0.993107378
3874.137130688 -3.979111910 0.179005712 22.375261307 -0.008086143 -0.112344719 0.031876002 0.993124962
3874.199544096 -4.045716763 0.180877686 22.661420822 -0.008028097 -0.115412496 0.033468816 0.992721200
3874.261806752 -4.119091511 0.171966955 22.953613281 -0.011405843 -0.117144339 0.029755080 0.992603540
3874.324426656 -4.193513393 0.167999282 23.241001129 -0.007456899 -0.118427739 0.030696474 0.992460072
3874.386563456 -4.265597343 0.164378792 23.528221130 -0.005817683 -0.121160537 0.028829601 0.992197156
3874.449134912 -4.339169025 0.156102553 23.812715530 0.000314470 -0.120753340 0.030340243 0.992218733
3874.511421088 -4.409829617 0.146761477 24.099500656 0.002004485 -0.121609159 0.030465338 0.992108405
3874.573909856 -4.482893467 0.139105201 24.388013840 0.006190466 -0.118695579 0.032901715 0.992366135
3874.637041248 -4.534454823 0.121431127 24.665447235 0.004637900 -0.110272370 0.034613803 0.993287683
3874.699598400 -4.592511177 0.106563404 24.952056885 0.008279614 -0.101762757 0.035812017 0.994129419
3874.762012864 -4.649168968 0.090308741 25.238790512 -0.000061222 -0.101979457 0.036188766 0.994128048
3874.824991808 -4.713788986 0.079762667 25.525344849 -0.002537690 -0.103372708 0.033031877 0.994090796
3874.886536512 -4.776021957 0.076678082 25.803642273 -0.004152986 -0.109306030 0.031482048 0.993500829
3874.949135712 -4.838913441 0.070312589 26.082632065 -0.002232379 -0.113713555 0.030007314 0.993057787
3875.012015520 -4.909241199 0.063604683 26.360368729 -0.003570654 -0.114587046 0.025798636 0.993071735
3875.074255616 -4.977138519 0.055379014 26.637243271 -0.000099060 -0.115331687 0.023371313 0.993052065
3875.136722912 -5.037002087 0.037765287 26.903207779 0.009903791 -0.118499257 0.022847647 0.992641866
3875.199319232 -5.109189987 0.024926234 27.178531647 0.017181814 -0.121734887 0.019392967 0.992224395
3875.261863136 -5.185162544 0.003934965 27.451530457 0.019229125 -0.125086576 0.013197064 0.991871715
3875.324694752 -5.264311790 -0.014923228 27.724691391 0.023362575 -0.130858794 0.011706701 0.991056561
3875.386533824 -5.345263958 -0.031622365 28.001169205 0.016368553 -0.137772799 0.007253510 0.990302026
3875.449067584 -5.435180664 -0.026112292 28.282840729 -0.014715405 -0.141890839 -0.004601381 0.989762247
3875.511451936 -5.514432907 -0.029215369 28.553230286 -0.034141019 -0.145608008 0.004160865 0.988744318
3875.574239296 -5.599625111 0.088313788 28.759069443 0.028726917 -0.143884033 0.030151648 0.988717854
3875.636585760 -5.696119785 0.071062662 28.980680466 0.044192497 -0.135438561 -0.001170363 0.989799023
3875.703133632 -5.737508774 0.034390729 29.230958939 0.020338809 -0.135504976 0.052169785 0.989193141
3875.761582080 -5.830683708 0.023625880 29.499374390 -0.000736586 -0.125370368 0.004931279 0.992097497
3875.824638176 -5.902138710 0.031815797 29.769691467 -0.032579541 -0.124248944 0.019698530 0.991520405
3875.886685696 -5.980865002 0.017478123 29.997943878 0.005781554 -0.130672008 0.003401932 0.991402984
3875.949050656 -6.048853874 0.000820657 30.228935242 0.032132227 -0.131431535 0.005544556 0.990788877
3876.011676192 -6.111063480 -0.028575243 30.471763611 0.042115264 -0.127068341 0.018104289 0.990834057
3876.074059712 -6.175102234 -0.054834798 30.721876144 0.032785431 -0.122842915 0.024269456 0.991587460
3876.136490560 -6.241438389 -0.069822736 30.978879929 0.008311035 -0.125632420 0.027111497 0.991671503
3876.199570752 -6.311285019 -0.092842638 31.228265762 0.008462106 -0.126942456 0.025652673 0.991542220
3876.261583008 -6.382894993 -0.098515987 31.468004227 0.013423258 -0.126076952 0.015779063 0.991804123
3876.324206176 -6.449515820 -0.107079253 31.716495514 0.001231082 -0.122889832 0.016262980 0.992286265
3876.386598976 -6.514565945 -0.123755842 31.954837799 -0.000007429 -0.116740055 0.014066380 0.993062854
3876.449108544 -6.580539703 -0.125233129 32.196430206 -0.004595023 -0.115864396 0.011704081 0.993185461
3876.512824480 -6.639822960 -0.126052782 32.433830261 -0.004336382 -0.117481269 0.019680435 0.992870629
3876.574211104 -6.705379963 -0.141838863 32.668949127 0.007245304 -0.115766630 0.014911742 0.993138075
3876.636504672 -6.757719517 -0.157201096 32.905483246 0.015303376 -0.115722239 0.034778275 0.992554605
3876.699083072 -6.822712421 -0.176725149 33.123558044 0.023092238 -0.110448256 0.027552541 0.993231535
3876.761692864 -6.875571728 -0.191167533 33.364791870 0.011144559 -0.111025363 0.034656879 0.993150592
3876.824255168 -6.935263157 -0.203835130 33.603458405 -0.000622948 -0.114502117 0.025708036 0.993090093
3876.886702400 -6.987802982 -0.215175956 33.825469971 0.008426588 -0.115089223 0.031846341 0.992808759
3876.948976512 -7.039541721 -0.233669430 34.061069489 0.011852629 -0.111648090 0.035875652 0.993029237
3877.012204640 -7.094746113 -0.247846022 34.289470673 0.026878377 -0.111163355 0.032762531 0.992898226
3877.074028672 -7.141985416 -0.271991491 34.515117645 0.028722158 -0.112960875 0.041353602 0.992322922
3877.136998880 -7.208231449 -0.276260197 34.761016846 0.011377690 -0.114290841 0.032821238 0.992839813
3877.199346464 -7.261816025 -0.286805809 34.994270325 -0.003226907 -0.115372762 0.034268890 0.992725730
3877.261588832 -7.313479900 -0.302858829 35.218002319 -0.002452425 -0.112772740 0.035785787 0.992973149
3877.325126560 -7.371682644 -0.292212754 35.447891235 -0.012779388 -0.114971787 0.033457797 0.992722869
3877.386853088 -7.433067322 -0.294627368 35.672504425 -0.018377537 -0.124050066 0.028567815 0.991694391
3877.448995296 -7.487796307 -0.308656245 35.889163971 -0.005191785 -0.131100401 0.036291856 0.990691006
3877.511630176 -7.552545071 -0.314155787 36.111862183 -0.013332970 -0.133741751 0.035819527 0.990278900
3877.574310496 -7.626104832 -0.305938095 36.329814911 -0.010543540 -0.135429829 0.026305180 0.990381539
3877.637244256 -7.693743706 -0.318889618 36.546379089 -0.005601583 -0.144730970 0.032740306 0.988913357
3877.699987968 -7.768088341 -0.327778429 36.762134552 -0.005614644 -0.153466433 0.031503163 0.987635612
3877.761531168 -7.837521553 -0.328672200 36.977794647 -0.002368208 -0.155413568 0.034021161 0.987260640
3877.824175616 -7.910363674 -0.344197720 37.193954468 0.002170627 -0.153153747 0.030420074 0.987731636
3877.886804032 -7.978115082 -0.348905385 37.415245056 -0.001079510 -0.154660419 0.039495327 0.987177372
3877.949250592 -8.056814194 -0.362587869 37.628330231 0.013518636 -0.158689007 0.031773902 0.986724615
3878.011475232 -8.128300667 -0.370932788 37.846233368 0.007756867 -0.158247679 0.037300907 0.986664176
3878.074389152 -8.202203751 -0.382014006 38.063095093 0.008408347 -0.155249104 0.040613934 0.987004280
3878.136460672 -8.273463249 -0.396567792 38.283020020 -0.004044034 -0.153601751 0.043199375 0.987179816
3878.199238912 -8.346844673 -0.402682483 38.492763519 0.010598819 -0.148361340 0.040616125 0.988041937
3878.261508160 -8.411733627 -0.419615000 38.709598541 0.004008798 -0.148153186 0.052080046 0.987584054
3878.324124512 -8.479546547 -0.432430953 38.918148041 0.013620773 -0.149325475 0.049895175 0.987434506
3878.386490368 -8.554568291 -0.436969817 39.136749268 0.000588923 -0.153338045 0.042743083 0.987248778
3878.449018048 -8.625277519 -0.449437469 39.349205017 0.001658429 -0.155955642 0.036420815 0.987091005
3878.511492864 -8.693100929 -0.461753815 39.559501648 0.006148265 -0.151814565 0.033970620 0.987805963
3878.574017632 -8.762720108 -0.466089547 39.777011871 -0.002620739 -0.150261030 0.037620157 0.987926841
3878.636517888 -8.831338882 -0.481715232 39.987174988 0.005882072 -0.148367032 0.036747299 0.988231897
3878.699187808 -8.905311584 -0.487848967 40.208690643 -0.000070697 -0.148859739 0.034167875 0.988267839
3878.761565536 -8.976301193 -0.495194644 40.425559998 -0.003730631 -0.150333971 0.041072164 0.987774670
3878.824428704 -9.044559479 -0.508582175 40.639450073 0.000853028 -0.147996545 0.043035261 0.988050759
3878.886667488 -9.108716011 -0.517050326 40.855522156 0.000293205 -0.143654600 0.052020077 0.988259673
3878.949033792 -9.179682732 -0.523003161 41.070678711 0.003087782 -0.140362546 0.044766586 0.989082754
3879.011561664 -9.250081062 -0.532856524 41.288825989 -0.007018714 -0.150596976 0.042041704 0.987675965
3879.074084448 -9.319570541 -0.541886985 41.498554230 -0.001664499 -0.165400580 0.046328895 0.985136271
3879.136707808 -9.402370453 -0.547617435 41.709003448 -0.003116399 -0.175951496 0.036138896 0.983730376
3879.199067552 -9.483932495 -0.552938521 41.924415588 -0.009392718 -0.177482188 0.031003799 0.983590662
3879.261479968 -9.564018250 -0.563590050 42.134670258 -0.004205858 -0.177679911 0.034530081 0.983473361
3879.324336480 -9.650167465 -0.564427495 42.348564148 -0.013286008 -0.177080467 0.032610435 0.983566225
3879.387136704 -9.735103607 -0.569319487 42.560180664 -0.008122467 -0.178674906 0.032129209 0.983349860
3879.449170496 -9.821880341 -0.578277647 42.770622253 -0.001299559 -0.181297645 0.033968169 0.982840598
3879.512328096 -9.918422699 -0.579255700 42.987510681 -0.010756362 -0.185514703 0.024961470 0.982265532
3879.574304736 -10.009317398 -0.585881948 43.203697205 -0.009317169 -0.192806706 0.028505033 0.980778396
3879.636556864 -10.105628014 -0.585792959 43.419441223 -0.023156974 -0.196056813 0.024520278 0.980012357
3879.699098720 -10.198090553 -0.597744644 43.621097565 0.002851417 -0.192769945 0.022199478 0.980988681
3879.761514304 -10.277444839 -0.608092070 43.831329346 0.004459482 -0.187590137 0.045726065 0.981172323
3879.824184416 -10.383202553 -0.609400511 44.053695679 0.001464592 -0.179607421 0.018578464 0.983561814
3879.886975904 -10.466482162 -0.627519846 44.276596069 -0.012525615 -0.183231682 0.037281744 0.982282698
3879.948972448 -10.562314987 -0.617561340 44.495876312 -0.020810479 -0.188164011 0.026221637 0.981566966
3880.011872704 -10.655351639 -0.619698226 44.715328217 -0.027236255 -0.189430416 0.022893993 0.981249332
3880.074197408 -10.748115540 -0.617745161 44.933536530 -0.030011576 -0.188562214 0.024829214 0.981288493
3880.136627392 -10.840535164 -0.612285793 45.155082703 -0.026234966 -0.187818781 0.026317054 0.981500506
3880.199004224 -10.935924530 -0.610328019 45.381206512 -0.028493386 -0.188148826 0.023416195 0.981447816
3880.261744736 -11.029968262 -0.601635754 45.608577728 -0.029175192 -0.185808986 0.026826167 0.981786251
3880.324214848 -11.120376587 -0.596031249 45.830627441 -0.048195813 -0.185511470 0.026025243 0.981114328
3880.387254240 -11.204514503 -0.588702619 46.028755188 -0.039227974 -0.183517456 0.023966180 0.981940985
3880.449035232 -11.276508331 -0.583816350 46.208213806 -0.039009094 -0.177558079 0.028926307 0.982911289
3880.512109312 -11.347899437 -0.575964570 46.382938385 -0.043171935 -0.172530040 0.029938437 0.983602166
3880.577507136 -11.410237312 -0.573298752 46.529579163 -0.037287716 -0.168691680 0.026773369 0.984599352
3880.636838816 -11.462143898 -0.568437755 46.656776428 -0.041581608 -0.166218549 0.028670417 0.984794617
3880.699386976 -11.511381149 -0.569362044 46.766033173 -0.037077643 -0.165984020 0.023929706 0.985140562
3880.761516160 -11.551069260 -0.564215958 46.862537384 -0.038274888 -0.167588130 0.027153729 0.984739482
3880.824422624 -11.585743904 -0.565802515 46.946163177 -0.037118390 -0.170691445 0.029517604 0.984182596
3880.886626720 -11.619552612 -0.562514484 47.023155212 -0.038034879 -0.171629757 0.025955649 0.984084785
3880.949220768 -11.648488998 -0.560967803 47.093124390 -0.038451292 -0.172836706 0.028477887 0.983787596
3881.011533312 -11.672601700 -0.562239110 47.147190094 -0.035492513 -0.173375070 0.028633090 0.983799517
3881.074043712 -11.692467690 -0.560160041 47.193367004 -0.034760255 -0.174627855 0.027974689 0.983623028
3881.136760672 -11.709854126 -0.560484827 47.233108521 -0.033429161 -0.176567897 0.026702058 0.983358145
3881.199579680 -11.725645065 -0.559470654 47.265895844 -0.031754643 -0.177256212 0.025256237 0.983327985
3881.261829600 -11.736256599 -0.558029234 47.295169830 -0.033436868 -0.178781107 0.028040135 0.982920647
3881.325807872 -11.746180534 -0.559006155 47.318866730 -0.031228906 -0.178757638 0.027416417 0.983015180
3881.386673984 -11.754747391 -0.558512151 47.338665009 -0.030209977 -0.179425403 0.027961595 0.982909977
3881.449226016 -11.760993004 -0.558677793 47.354595184 -0.029972132 -0.178803548 0.028288132 0.983021259
3881.511695520 -11.766963005 -0.558376551 47.372009277 -0.029805258 -0.178715035 0.029006859 0.983021438
3881.574215584 -11.770939827 -0.557814240 47.383239746 -0.029701015 -0.179010510 0.029629515 0.982952297
3881.636811424 -11.774821281 -0.557712197 47.392627716 -0.029784320 -0.179422066 0.029670114 0.982873440
3881.699252864 -11.777968407 -0.557448745 47.400917053 -0.030009713 -0.179692507 0.029829228 0.982812405
3881.761586816 -11.780776978 -0.557576895 47.408641815 -0.029945163 -0.179757908 0.029924026 0.982799530
3881.824381120 -11.784247398 -0.557290912 47.416179657 -0.029717062 -0.179888189 0.029760541 0.982787609
3881.887103904 -11.787564278 -0.557032228 47.424533844 -0.029650686 -0.179883853 0.029776657 0.982789874
3881.949085568 -11.790966988 -0.557028353 47.432693481 -0.029112602 -0.179447204 0.029459154 0.982895374
3882.011688992 -11.793671608 -0.557167113 47.439342499 -0.028838610 -0.179140598 0.029310942 0.982963800
