1934.188736768 0.000000000 0.000000000 0.000000000 0.000000000 0.000000000 0.000000000 1.000000000
1934.313357792 -0.000027373 0.000345258 0.000125931 -0.000280544 -0.000014152 -0.000032526 0.999999940
1934.438948800 0.001198357 0.000644661 0.012786057 0.002220190 0.002443003 0.001065089 0.999993980
1934.563125792 0.004704801 0.003357327 0.099312082 0.003435092 0.011361518 -0.001678416 0.999928117
1934.688624480 0.005897840 -0.003716256 0.258598119 0.003386636 0.006835154 -0.002745987 0.999967098
1934.813407552 0.006801371 -0.014095899 0.479677200 0.010864041 -0.003831833 0.005869276 0.999916434
1934.938503648 0.001788096 -0.025359882 0.753531218 0.023344122 -0.001344917 0.000160028 0.999726534
1935.063413664 0.000511155 -0.040545460 1.074321032 0.015382010 -0.004673362 0.000825261 0.999870420
1935.188386464 -0.002105081 -0.055753488 1.408074617 0.007741742 -0.010514328 -0.007355170 0.999887705
1935.316508896 -0.007806508 -0.069236480 1.769129753 0.006038500 -0.003525761 -0.001650046 0.999974191
1935.438565856 -0.006398018 -0.083500251 2.131695271 0.002847704 0.001562925 -0.000434146 0.999994636
1935.563442080 -0.002959219 -0.095136650 2.517212629 -0.002770134 0.007107269 -0.004478805 0.999960840
1935.688333312 -0.005845257 -0.106056184 2.906916380 0.001156072 -0.001796919 -0.015356121 0.999879837
1935.813371328 -0.007997997 -0.112993710 3.309627771 -0.005082108 -0.004734912 -0.017788054 0.999817669
1935.938431776 0.003791072 -0.125641048 3.711958408 -0.002952078 0.010516014 -0.008648714 0.999902904
1936.063333280 0.012241052 -0.128755301 4.138287067 -0.012755052 0.019069133 -0.008957385 0.999696672
1936.188452192 0.037781656 -0.126318380 4.581961155 -0.007507741 0.028503004 -0.002910971 0.999561250
1936.313371488 0.058363862 -0.141177207 5.001341820 -0.003916523 0.034214329 -0.010212815 0.999354661
1936.438498112 0.084153220 -0.135723695 5.436138153 -0.009485609 0.027693316 -0.008899669 0.999531865
1936.563382816 0.108200803 -0.141655013 5.876512051 0.001621079 0.032888710 -0.018567065 0.999285221
1936.688352448 0.142443687 -0.155292839 6.329536438 -0.007786831 0.036510140 -0.007701105 0.999273300
1936.813407680 0.181422979 -0.157415539 6.801480770 -0.010205410 0.043648243 0.001577849 0.998993576
1936.938333376 0.225505456 -0.170631707 7.263482094 0.002407529 0.053228803 0.011171922 0.998516977
1937.063356768 0.271330088 -0.189166069 7.716977119 -0.000274556 0.047965664 0.005816179 0.998831987
1937.188665184 0.311845601 -0.193995297 8.180594444 0.007991522 0.039655756 -0.003811203 0.999174178
1937.313749920 0.366267234 -0.215978682 8.658525467 0.006966947 0.047595453 0.004907493 0.998830378
1937.438879136 0.409913808 -0.230069101 9.107232094 -0.011143225 0.030999413 0.009761301 0.999409616
1937.563724448 0.436198115 -0.237703070 9.576912880 -0.012062627 0.026553828 -0.006107928 0.999555945
1937.688719904 0.459647894 -0.221897483 10.087450027 -0.033771273 0.029213995 -0.005568866 0.998987019
1937.813710304 0.486296505 -0.211076140 10.560220718 -0.004754310 0.023579195 -0.002703371 0.999706984
1937.938727104 0.497316957 -0.238041908 11.071016312 -0.015986506 0.022334090 -0.014924079 0.999511302
1938.063438656 0.513495982 -0.230469823 11.578557968 -0.023044633 0.013157642 -0.013713136 0.999553800
1938.188630752 0.491445303 -0.194275871 12.046573639 0.006116406 0.032833129 -0.014114346 0.999342442
1938.314152288 0.539854527 -0.241799444 12.568060875 -0.013965344 0.029494975 -0.001893045 0.999465585
1938.438428736 0.577625513 -0.241849124 13.055458069 -0.013031355 0.038769796 0.002066226 0.999161065
1938.563408576 0.619571924 -0.236763760 13.570765495 -0.024537312 0.040419184 -0.004134926 0.998872936
1938.688844384 0.663056135 -0.225177288 14.081805229 -0.018216778 0.035072092 0.000031641 0.999218762
1938.813093088 0.696969032 -0.226681471 14.591441154 -0.012536850 0.054879002 0.004786531 0.998402834
1938.938638304 0.736653149 -0.227100968 15.095511436 -0.009062042 0.048497159 -0.006977379 0.998757839
1939.063773408 0.706128895 -0.234930664 15.637474060 -0.010587761 0.068868347 -0.030604798 0.997099996
1939.188945344 0.728350103 -0.418680996 16.091913223 -0.049120910 0.068633683 -0.029923916 0.995982528
1939.313701088 0.543200135 -0.319195747 16.320932388 0.029345905 0.111081295 -0.020548405 0.993165433
1939.438364320 0.323653370 -0.228866786 16.609729767 0.114922680 0.160740614 -0.009594909 0.980236292
1939.563354080 0.467522323 -0.358661354 17.080701828 0.120331287 0.156684488 -0.019173788 0.980103433
1939.688690880 0.607855201 -0.504152894 17.558542252 0.130800650 0.156650230 -0.028647583 0.978535235
1939.813425728 0.752339184 -0.662856758 18.037967682 0.133935094 0.158573791 -0.035343952 0.977581978
1939.938450048 0.903235793 -0.823783338 18.525327682 0.133067071 0.159413084 -0.038216241 0.977455974
1940.063605600 1.051115632 -0.982059240 19.020910263 0.125459492 0.158332705 -0.041366588 0.978508830
1940.188486400 1.203994513 -1.141271472 19.528461456 0.127661020 0.158970892 -0.038490050 0.978237927
1940.313351072 1.366252542 -1.307710171 20.041345596 0.127886668 0.161184460 -0.037345991 0.977890491
1940.438341664 1.525607824 -1.476933956 20.551807404 0.138499737 0.163375586 -0.039397694 0.975998998
1940.563377568 1.688611269 -1.655588865 21.066568375 0.141120315 0.164090902 -0.039921988 0.975482166
1940.688682848 1.852546930 -1.831672192 21.583921432 0.138872728 0.167539716 -0.041577283 0.975149274
1940.813389088 2.040169239 -2.007122517 22.101816177 0.144758180 0.166551173 -0.048090275 0.974162757
1940.938432864 2.204811335 -2.194842577 22.612693787 0.146259084 0.164234027 -0.051568847 0.974154055
1941.063337184 2.365022421 -2.377587795 23.126131058 0.147183061 0.164024904 -0.054360900 0.973898292
1941.188449792 2.527783871 -2.563335419 23.643424988 0.150579125 0.162297100 -0.056889325 0.973524094
1941.313353280 2.697632074 -2.741115093 24.148435593 0.150677770 0.159970447 -0.055818480 0.973955870
1941.438443552 2.857794285 -2.929578543 24.661994934 0.150185511 0.160706177 -0.052356072 0.974103034
1941.563375616 2.998143435 -3.131357193 25.164045334 0.156438679 0.164698064 -0.051797397 0.972480595
1941.688327616 3.136872053 -3.320954561 25.671813965 0.156929955 0.167875156 -0.049034242 0.972001314
1941.813378688 3.295713186 -3.515472412 26.182462692 0.152976602 0.169841900 -0.047248304 0.972378254
1941.938482752 3.432449579 -3.732748508 26.671682358 0.152406707 0.171123624 -0.048192635 0.972196639
1942.063373888 3.575694561 -3.897586823 27.176218033 0.152557880 0.174580798 -0.053205084 0.971296489
1942.188682080 3.748826981 -4.096428394 27.680721283 0.152237669 0.174652949 -0.055149823 0.971225262
1942.313705120 3.914592743 -4.292665005 28.184459686 0.153956577 0.173055977 -0.055637844 0.971212327
1942.438585312 4.092675209 -4.467146873 28.690618515 0.156327888 0.172014296 -0.057456501 0.970912695
1942.563315840 4.270298481 -4.636251450 29.093145370 0.156986624 0.174883321 -0.061870575 0.970022202
1942.688422080 4.449536800 -4.828875542 29.480142593 0.157450095 0.178147569 -0.065853372 0.969090462
1942.813310080 4.643185139 -5.031600952 29.866640091 0.153518379 0.180448890 -0.072041430 0.968855202
1942.938403072 4.836609364 -5.240102768 30.276926041 0.149233758 0.182283118 -0.075095735 0.968949318
1943.063662880 5.045270920 -5.455079079 30.680677414 0.145572975 0.180603459 -0.077395238 0.969639540
1943.188179328 5.248075485 -5.662556171 31.088718414 0.141220093 0.178864688 -0.077846743 0.970569015
1943.314256736 5.416360378 -5.833412647 31.563905716 0.153183833 0.178332388 -0.077202693 0.968902469
1943.438388896 5.560944080 -6.045887947 32.038005829 0.154507220 0.180895224 -0.080984749 0.967908025
1943.563396960 5.644465446 -6.253638268 32.520729065 0.146925658 0.192775011 -0.091802970 0.965827584
1943.688473952 5.780384064 -6.426254749 32.999862671 0.141449302 0.195554510 -0.095532149 0.965724647
1943.813589312 5.857591629 -6.623700142 33.675701141 0.143714905 0.195954159 -0.106781006 0.964129567
1943.938506432 6.997208595 -6.453507423 22.524883270 0.141264185 0.204662576 -0.041784473 0.967683673
1944.063347424 8.867036819 -6.490774632 11.587098122 0.109792754 0.190331772 0.038331166 0.974807739
1944.188487584 10.629264832 -6.422144890 5.057126045 0.074100502 0.168625742 0.126370057 0.974733353
1944.313369088 11.084908485 -6.232610703 -0.675694942 0.106551215 0.205132395 0.026787918 0.972548187
1944.438393504 11.306539536 -0.941537380 -11.285114288 0.185094491 0.284052968 -0.132799268 0.931352913
1944.563418336 11.243513107 5.646172523 -22.751413345 0.243558377 0.346222043 -0.269778460 0.864886820
1944.689239584 11.094304085 13.760247231 -33.799938202 0.298271835 0.400024980 -0.393881708 0.771926880
1944.813417280 10.137613297 13.847001076 -35.581981659 0.357239455 0.383109301 -0.456765920 0.719007730
1944.938498848 9.182072639 14.182526588 -37.350139618 0.412538409 0.362948298 -0.513484001 0.659101486
1945.063709088 9.123433113 19.234077454 -49.844573975 0.374140948 0.335357934 -0.492570937 0.710582495
1945.188358528 9.794347763 20.732624054 -54.961765289 0.363945365 0.330531955 -0.497253835 0.714864373
1945.313283520 9.582612991 21.229877472 -54.576400757 0.376868665 0.351126522 -0.481025845 0.709432364
1945.438373408 9.677458763 21.012401581 -54.019996643 0.407185584 0.366312653 -0.471223503 0.691348910
1945.563712864 9.815837860 20.288948059 -53.570899963 0.419628620 0.387956202 -0.448415369 0.687259376
1945.688764448 9.836047173 20.006563187 -53.456855774 0.411996484 0.399197161 -0.434621453 0.694265544
1945.822967392 9.889881134 19.646179199 -53.391002655 0.419672221 0.390428901 -0.439694464 0.691454470
1945.938650336 9.947974205 19.288219452 -53.286525726 0.430680156 0.372651637 -0.441839159 0.693125904
1946.063436288 9.959032059 18.966407776 -53.164661407 0.440331519 0.368732661 -0.432171226 0.695249856
1946.188570016 10.086261749 18.397979736 -52.925033569 0.428329110 0.383885801 -0.443143517 0.687597096
1946.313733120 10.153896332 17.964424133 -52.772994995 0.413757980 0.385614306 -0.441285372 0.696687281
1946.438726080 10.221142769 17.573167801 -52.611938477 0.400263488 0.391812831 -0.463302314 0.686747968
1946.563701152 10.250841141 17.190364838 -52.483581543 0.426252723 0.370383650 -0.450164378 0.691720068
1946.688457408 10.321516991 16.788354874 -52.315799713 0.398418337 0.399396986 -0.455206990 0.688862443
1946.813379392 10.365769386 16.410373688 -52.166522980 0.409399182 0.388400674 -0.477282584 0.673601210
1946.938798496 10.415211678 16.024171829 -52.035373688 0.419283688 0.392276585 -0.452377766 0.682403564
1947.063877760 10.473248482 15.629981041 -51.902240753 0.444683045 0.379758269 -0.440446317 0.681210458
1947.188366016 10.548693657 15.183929443 -51.737819672 0.413322717 0.407116771 -0.446232647 0.681393206
1947.313486272 10.617257118 14.788783073 -51.610637665 0.421496749 0.418180466 -0.441120327 0.672962427
1947.438568224 10.628803253 14.489830971 -51.505077362 0.440659702 0.425623119 -0.432816505 0.661312282
1947.563585952 10.708247185 14.061428070 -51.406490326 0.443837613 0.444447041 -0.425273716 0.651626706
1947.688853120 10.768413544 13.661261559 -51.339237213 0.449586242 0.424922943 -0.410746157 0.669776320
1947.813595360 10.849025726 13.262945175 -51.257385254 0.451704085 0.415334046 -0.409673691 0.675002575
1947.938425984 10.926598549 12.867634773 -51.166030884 0.455853939 0.420506179 -0.421281576 0.661735296
1948.063374240 10.992352486 12.511348724 -51.095146179 0.450468421 0.419354707 -0.429605275 0.660801888
1948.188327808 11.045952797 12.176293373 -51.009136200 0.449514866 0.434300631 -0.432193160 0.650021911
1948.313360736 11.105875015 11.927021027 -50.967601776 0.440773845 0.433367044 -0.388684958 0.683253586
1948.438381952 11.110747337 11.830645561 -50.925075531 0.440011293 0.444468498 -0.404377311 0.667320609
1948.563392768 11.122283936 11.721664429 -50.901496887 0.431579560 0.448154658 -0.409516245 0.667227805
1948.688896288 11.138258934 11.661814690 -50.894046783 0.437180758 0.436193377 -0.415182739 0.668005705
1948.813855968 11.150757790 11.615304947 -50.886150360 0.443117589 0.429691941 -0.413173139 0.669551790
1948.938515840 11.160317421 11.572319984 -50.877971649 0.442271233 0.425527394 -0.411527544 0.673771203
1949.063461952 11.164731979 11.544463158 -50.867477417 0.441469371 0.429482967 -0.413767248 0.670407176
1949.188339968 11.168208122 11.524899483 -50.863018036 0.441961825 0.431232572 -0.414211482 0.668683052
1949.313342080 11.169044495 11.527768135 -50.858577728 0.442394167 0.431876093 -0.414430469 0.667845666
1949.438461440 11.167084694 11.540357590 -50.860965729 0.442269236 0.430916697 -0.414338768 0.668604612
1949.563574880 11.165947914 11.549090385 -50.864448547 0.442528874 0.430458158 -0.413940758 0.668974578
1949.688734112 11.164900780 11.553626060 -50.865982056 0.442635089 0.430329680 -0.413802266 0.669072628
1949.813410048 11.164480209 11.554883957 -50.866195679 0.442635804 0.430296481 -0.413751513 0.669124901
