1245.109806304 0.000000000 0.000000000 0.000000000 0.000000000 0.000000000 0.000000000 1.000000000
1245.359750880 0.000265307 -0.002368406 0.004731582 0.005134775 -0.001903076 0.002628003 0.999981523
1245.609830336 -0.018114267 -0.000561133 0.199650571 0.003271000 -0.000569007 -0.022770999 0.999735177
1245.860197568 -0.086292773 0.000410460 0.567328393 -0.017872205 0.036655415 -0.028339274 0.998766184
1246.110088416 -0.043072827 0.095791735 0.900552511 0.018795438 0.032948293 -0.015493633 0.999160230
1246.359728000 0.091620408 0.113327786 1.298137069 0.034462053 -0.025032075 -0.007138423 0.999066949
1246.609523168 0.029491119 0.020435192 1.749196529 0.005410954 -0.047035199 -0.009593968 0.998832524
1246.859916672 -0.059490114 -0.039654855 2.155534029 -0.010603549 -0.051555052 -0.012081846 0.998540759
1247.109575712 -0.142936945 -0.090662606 2.550364017 -0.026435172 -0.056829158 -0.014294314 0.997931540
1247.360216576 -0.312803745 -0.066918544 3.039533854 -0.044608783 -0.053143065 -0.007858202 0.997559071
1247.610799360 -0.779006958 0.244473815 1.402626753 0.031470638 -0.036703773 -0.163725495 0.985320449
1247.861341440 -0.900448918 0.252458334 1.164531350 0.027967481 -0.025638277 -0.171089545 0.984524727
1248.113287936 -1.034303069 0.282073587 0.980288684 0.026884353 -0.012256469 -0.180797070 0.983076513
1248.361970304 -1.126726627 0.423051596 0.826996684 0.063254714 -0.011439294 -0.181563914 0.981275976
1248.612038816 -1.231525540 0.396909565 0.620666087 0.064198092 -0.016361363 -0.181554481 0.981146693
1248.862756864 -1.366625667 0.244938120 0.345602900 0.038907215 -0.016477153 -0.191030860 0.980674267
1249.112163968 -1.503242970 0.228286907 0.166718811 0.042435594 -0.014034473 -0.191201642 0.980532587
1249.362692832 -1.663559198 0.219699740 -0.023724720 0.045659810 -0.008313509 -0.188323945 0.981009781
1249.612396416 -1.879759312 0.250296265 -0.218033731 0.047525272 0.005987523 -0.185446545 0.981486142
1249.862547648 -1.990939736 0.241063163 -0.117955580 0.049901403 0.024742674 -0.195064813 0.979207516
1250.112491744 -2.010499239 0.190871060 0.284915745 0.046849184 0.019497128 -0.203579813 0.977742434
1250.362353056 -2.046241283 0.084556840 0.826816797 0.040036239 0.020454526 -0.199343443 0.978897810
1250.612197632 -2.072121143 0.013100766 1.403518915 0.036837254 0.019482292 -0.195684716 0.979781091
1250.862491680 -2.059718132 -0.086685129 1.912987471 0.033545878 0.016771214 -0.198123917 0.979459226
1251.112214880 -2.078835011 -0.140240356 2.372697830 0.034701258 0.020558536 -0.202892795 0.978369892
1251.362289376 -2.099920750 -0.166713014 2.841729641 0.038919471 0.024222685 -0.206003129 0.977477014
1251.612435168 -2.111458540 -0.191586182 3.319877863 0.045743030 0.027343312 -0.208587185 0.976550698
1251.862924992 -0.644750237 -0.565142453 1.400915980 0.055340849 0.066074967 -0.183835223 0.979171097
1252.112313728 -0.217203230 -0.275032729 1.117609501 0.083337642 0.107240275 -0.105526105 0.985098302
1252.362233568 -0.217203230 -0.275032729 1.117609501 0.083337642 0.107240275 -0.105526105 0.985098302
1252.612442656 -0.217203230 -0.275032729 1.117609501 0.083337642 0.107240275 -0.105526105 0.985098302
1252.862910528 -0.217203230 -0.275032729 1.117609501 0.083337642 0.107240275 -0.105526105 0.985098302
1253.112437600 -0.221570879 -0.261721909 1.095797420 0.085201308 0.108212687 -0.107206129 0.984651029
1253.362843616 -0.286635280 -0.230864376 1.119138837 0.088676393 0.110596985 -0.109789819 0.983794212
1253.612313920 -0.475131571 -0.203851238 1.383053422 0.091806702 0.114106864 -0.109086066 0.983184278
1253.862523328 -0.497668177 -0.072712317 1.416949034 0.096650943 0.116704650 -0.109498836 0.982368886
1254.112171264 -0.488398641 0.071465984 1.453146815 0.104800336 0.116694249 -0.110581823 0.981412768
1254.362471040 -0.484536141 0.201781854 1.508846402 0.112552106 0.116927065 -0.111689232 0.980400741
1254.612299104 -0.491879344 0.302236855 1.572896838 0.112813033 0.117445819 -0.108617835 0.980653763
1254.862303776 -0.512653232 0.403757751 1.612570763 0.111069240 0.115116656 -0.107644163 0.981236219
1255.112224000 -0.514705181 0.506075680 1.790014505 0.121949010 0.110230781 -0.103757672 0.980924010
1255.363014688 -0.551494777 0.586393058 1.963578582 0.128813282 0.108775906 -0.089002170 0.981658578
1255.612538016 -0.601662636 0.635968029 2.134485960 0.124495909 0.105681211 -0.081948832 0.983166635
1255.862523328 -0.622007906 0.698188484 2.318480968 0.127605915 0.087088980 -0.066136345 0.985777974
1256.112243776 -0.629713953 0.710818410 2.539905548 0.117366381 0.062152531 -0.062043998 0.989198029
1256.362575712 -0.701220989 0.744873047 2.856365204 0.111016810 0.050183415 -0.066310607 0.990333200
1256.612348864 -0.805758953 0.774421692 3.379772425 0.111497484 0.048211101 -0.075408109 0.989726067
1256.862457696 -0.988073230 0.805400670 3.904990911 0.110388190 0.060854759 -0.075495981 0.989146829
1257.112556832 -1.133169532 0.791381001 4.422175407 0.099424809 0.066295452 -0.073768072 0.990089834
1257.363026144 -1.088138342 0.640322328 5.105352879 0.085024409 0.062715076 -0.065755993 0.992226720
1257.612695072 -1.038390756 0.524002790 5.620512962 0.089331016 0.065591112 -0.067969315 0.991512954
1257.863277312 -1.043632507 0.458575457 5.814702034 0.091132723 0.064612567 -0.070691645 0.991222858
1258.112653472 -1.026449800 0.419098049 5.983656406 0.091614008 0.065812379 -0.068497516 0.991253614
1258.362816768 -1.014518857 0.397457421 6.081653118 0.093219273 0.064736828 -0.068841614 0.991150916
1258.613063936 -1.008567810 0.382028997 6.148339748 0.092667155 0.063811220 -0.068977788 0.991253257
1258.864073120 -1.003542304 0.369001895 6.210809708 0.092443481 0.065490209 -0.071747810 0.990967989
1259.112497792 -0.997615933 0.356191635 6.261725903 0.093362421 0.066653371 -0.070861749 0.990867972
1259.362769920 -0.992338717 0.346261203 6.301036835 0.093903922 0.066625193 -0.068994470 0.990950525
1259.612498880 -0.989251614 0.340556085 6.324133873 0.095117249 0.066350356 -0.068507373 0.990886986
1259.862513504 -0.986236930 0.335284263 6.347927570 0.095788799 0.066177294 -0.068190113 0.990855813
1260.112846304 -0.983107805 0.329553545 6.373761654 0.096811645 0.066236526 -0.067740448 0.990783274
1260.362707872 -0.980259717 0.323835611 6.398690701 0.097180903 0.066167854 -0.067322850 0.990780175
1260.613087808 -0.978730977 0.320112467 6.413854122 0.097904526 0.065784372 -0.067260332 0.990738690
