676.407388544 0.000000000 0.000000000 0.000000000 0.000000000 0.000000000 0.000000000 1.000000000
676.655807936 0.000000000 0.000000000 0.000000000 0.000000000 0.000000000 0.000000000 1.000000000
676.907481984 0.000682927 0.000790802 0.005372082 0.005311119 0.001116590 -0.000954285 0.999984801
677.159665440 0.045931425 -0.003104828 0.206960559 0.003596986 0.028074512 0.002577031 0.999596059
677.407413440 0.112840980 -0.028602965 0.626444817 0.024048915 0.023369171 -0.001412398 0.999436617
677.655627040 0.119765013 -0.086444303 1.177978039 0.006845174 0.004277559 -0.008554148 0.999930859
677.908349536 0.128542274 -0.078945562 1.892234325 0.004505957 0.006781766 -0.002557207 0.999963582
678.159674432 0.135277092 -0.130873784 2.637823105 -0.001459279 0.005700278 -0.013823039 0.999887168
678.407289312 0.167510197 -0.163385093 3.381458044 -0.005122695 -0.000342636 -0.011745255 0.999917865
678.657495136 0.090488531 -0.202460244 4.025341034 -0.013023878 0.016570702 -0.016779799 0.999637067
678.907295872 0.141777098 -0.183272272 4.959577560 -0.010317680 0.051411189 -0.002492983 0.998621166
679.159506528 0.317659080 -0.178086132 5.870595932 -0.007024109 0.045915339 -0.011272664 0.998857021
679.406859808 0.394084990 -0.187991455 6.730369568 -0.006330909 0.059898213 0.000940050 0.998183966
679.655994016 0.529940426 -0.210949495 7.685981274 -0.000983383 0.069015875 0.004127325 0.997606516
679.908754080 0.678460836 -0.222293600 8.820914268 -0.007901169 0.061562501 0.006142213 0.998053074
680.159399136 0.718387902 -0.154321373 9.709901810 -0.030349620 0.053871617 0.004371899 0.998076975
680.407922208 0.791156828 -0.123712234 10.588580132 -0.010632796 0.054096594 -0.009691149 0.998432040
680.655949792 0.924126148 -0.153439119 11.599331856 0.006023193 0.056121565 -0.009118686 0.998364151
680.908290976 1.161835790 -0.153550103 12.271391869 -0.013933915 0.047979787 -0.004724719 0.998739958
681.161520096 1.365103483 -0.108273171 13.162796021 -0.024002114 0.046210982 0.007348715 0.998616278
681.408521280 1.610448003 -0.042295434 13.951637268 -0.007853391 0.006596143 0.046226460 0.998878300
681.656504608 1.612092018 0.090514384 14.939614296 -0.036586292 0.031580687 0.024810478 0.998523176
681.909531872 1.672154069 0.179660648 15.665942192 -0.059777535 0.015152415 0.050648924 0.996810794
682.160620160 1.677281260 0.217509180 16.812866211 -0.046926431 0.001423204 0.028134571 0.998501062
682.409527136 1.686021447 0.275582671 17.904479980 -0.045501947 -0.001929276 0.022956563 0.998698533
682.656834016 1.660829186 0.362489283 18.942268372 -0.056184944 -0.001087117 0.020751277 0.998204112
682.909307296 1.658655286 0.422322541 20.094139099 -0.041260749 0.002447284 0.021000769 0.998924673
683.159667680 1.615786314 0.391727000 21.055795670 -0.045443617 0.022291057 0.018674798 0.998543561
683.409580224 1.532244802 0.415440559 21.746881485 -0.037816517 0.022166790 0.010761397 0.998980820
683.659130272 1.561336398 0.394659877 22.582401276 -0.042797267 0.007652065 0.010070832 0.999003708
683.910654976 1.576452136 0.392307431 23.925254822 -0.043539472 0.003614370 0.011919769 0.998974025
684.159572448 1.245584011 0.552028179 24.336395264 -0.036068864 0.030451912 -0.006686490 0.998862863
684.410289984 2.148890018 0.515095770 22.948373795 -0.056027506 -0.043535620 0.003078777 0.997474849
684.659414208 2.127341986 0.457579732 23.131767273 -0.072271347 -0.040295288 0.007413362 0.996543109
684.909719520 1.961685181 0.462874889 24.751005173 -0.078861982 -0.018651836 -0.001733289 0.996709526
685.160134592 1.961685181 0.462874889 24.751005173 -0.078861982 -0.018651836 -0.001733289 0.996709526
685.409469600 1.966642022 0.463627577 24.734813690 -0.077669419 -0.020651810 -0.004230685 0.996756256
685.659134272 1.626006126 0.864086151 24.871416092 -0.068667963 0.030765217 0.022462895 0.996912062
685.909659584 1.240579367 1.324570894 25.030218124 -0.061025631 0.085345797 0.086269967 0.990731776
686.159378880 1.240579367 1.324570894 25.030218124 -0.061025631 0.085345797 0.086269967 0.990731776
686.409620128 1.218990326 1.307623506 25.040996552 -0.064461507 0.087754712 0.082913063 0.990590334
686.659439648 1.211392283 1.289029002 25.065206528 -0.067791335 0.089351952 0.079541646 0.990501761
686.909912128 1.463876486 1.396200776 25.551836014 -0.089504726 0.130494475 0.083049439 0.983901858
687.160815552 1.923871994 1.568767428 26.113317490 -0.124420717 0.162418172 0.075334325 0.975942910
687.409931328 2.362915516 1.770697236 26.610431671 -0.159284532 0.193282500 0.067238607 0.965789437
687.658087552 2.681678534 2.162952900 27.378702164 -0.180584133 0.259045422 0.068908125 0.946327865
687.909807872 3.172249079 2.633482218 28.054159164 -0.179706082 0.288408995 0.050925121 0.939112663
688.160124576 3.174237490 2.704934597 28.451641083 -0.187741116 0.294238687 0.049077757 0.935824871
688.408526144 3.256427288 2.886836052 29.066680908 -0.196465969 0.325564444 0.048161637 0.923628390
688.657265920 3.376317501 3.027420759 29.544866562 -0.200111866 0.332604319 0.052438326 0.920097709
688.908667936 4.009069920 3.471813440 30.201808929 -0.189678147 0.327822804 0.058091730 0.923677325
689.160272352 4.429910660 3.662500858 30.547574997 -0.200326487 0.309716344 0.073762625 0.926554978
689.407557600 4.735704899 3.848877668 30.890941620 -0.208282232 0.319888622 0.053257115 0.922742367
689.656457184 5.171514034 4.081269264 31.265874863 -0.185879722 0.312772244 0.063692518 0.929282248
689.907944448 5.564896107 4.403303623 31.941738129 -0.185322985 0.323764086 0.070269376 0.925145626
690.159637152 5.965070724 4.680413723 32.519935608 -0.188838840 0.318969578 0.073951229 0.925812840
690.407584608 6.268440247 4.847792625 33.011264801 -0.200437084 0.317610502 0.074610271 0.923786700
690.655754400 6.500502586 5.059271812 33.467716217 -0.206324771 0.315217197 0.040453497 0.925435960
690.907847392 6.659529686 5.195460320 33.748210907 -0.200990468 0.317056537 0.041539140 0.925933301
691.159872800 6.743200779 5.248540878 34.003124237 -0.209752604 0.316920877 0.038436934 0.924168587
691.407495520 6.667402267 5.193061352 33.837841034 -0.202646792 0.325828075 0.051277574 0.922030926
691.655820576 6.639547348 5.179187775 33.813838959 -0.202523619 0.317994833 0.047480244 0.924991369
691.906228096 6.648105145 5.183909893 33.821201324 -0.201325208 0.317935914 0.051195309 0.925075114
