4159.620976992 0.000000000 0.000000000 0.000000000 0.000000000 0.000000000 0.000000000 1.000000000
4159.668246720 0.000000000 0.000000000 0.000000000 0.000000000 0.000000000 0.000000000 1.000000000
4159.713511808 0.000831559 0.000739121 0.001687549 -0.000066824 -0.000081159 0.000204455 0.999999940
4159.752920320 0.000831559 0.000739121 0.001687549 -0.000066824 -0.000081159 0.000204455 0.999999940
4159.795350240 0.000831559 0.000739121 0.001687549 -0.000066824 -0.000081159 0.000204455 0.999999940
4159.837561920 0.000831559 0.000739121 0.001687549 -0.000066824 -0.000081159 0.000204455 0.999999940
4159.883652864 0.000793173 -0.000307623 0.000482857 -0.000281289 -0.000074560 0.000164658 0.999999940
4159.929568384 0.002261165 -0.001515988 -0.000912371 0.003154470 0.000080190 0.002150553 0.999992669
4159.996238464 0.002120359 0.000680099 0.021090306 0.000429196 -0.000362155 0.003626021 0.999993265
4160.036715808 0.004035624 0.004631930 0.045273367 0.003983140 -0.000541439 0.003841063 0.999984503
4160.077404352 0.005109609 0.005369435 0.083032563 0.000271526 0.002314575 0.001166121 0.999996603
4160.118653056 0.009747986 0.001056816 0.122293383 -0.000681650 0.005081202 0.004104043 0.999978423
4160.155143872 0.011378614 -0.002738351 0.161878079 0.001145260 0.007688280 -0.000387336 0.999969721
4160.199181184 0.036834620 -0.001926986 0.206755623 0.002972847 0.009387177 -0.000637211 0.999951303
4160.243568352 0.053483047 0.002410602 0.276685655 0.002217013 0.009623062 0.009870023 0.999902487
4160.283211136 0.053535640 -0.000404414 0.343788713 0.010356148 0.009895627 0.001878212 0.999895632
4160.323260672 0.057903133 -0.003400361 0.418376327 0.007125692 0.009993520 0.006264917 0.999905050
4160.392637984 0.058972456 -0.012290572 0.541884065 0.015847323 0.009160071 0.008722989 0.999794424
4160.434169088 0.060229316 -0.013476828 0.632374823 0.013477032 0.007161763 0.004252558 0.999874473
4160.473675968 0.061313868 -0.016576963 0.725895405 0.018186616 0.005688987 0.006209307 0.999799132
4160.514945536 0.058483068 -0.025263548 0.823574781 0.019276353 0.006445436 0.002220514 0.999790967
4160.558190400 0.072549164 -0.038703047 0.917860389 0.007177637 0.005260392 -0.004717940 0.999949276
4160.607804032 0.071983248 -0.041991014 1.050519109 0.009955203 0.001565585 0.001792132 0.999947608
4160.649103360 0.067239009 -0.045309767 1.164728522 0.008081283 -0.000168469 -0.005091446 0.999954402
4160.687382368 0.062993988 -0.048773408 1.272448778 0.006464995 -0.002135033 -0.009039448 0.999935985
4160.727883200 0.064793654 -0.055770315 1.375824809 0.003446373 -0.003068875 -0.003828878 0.999981999
4160.775439296 0.063528791 -0.056759298 1.501036763 0.004210342 -0.003227122 -0.006748970 0.999963164
4160.815596352 0.063964009 -0.063609309 1.613090277 0.007949939 -0.002902196 -0.003125035 0.999959290
4160.853360224 0.060388565 -0.068503700 1.724951744 0.005185653 -0.002751372 -0.005982397 0.999964893
4160.895597632 0.059591837 -0.078356221 1.814558029 0.004621873 -0.001563074 -0.009738212 0.999940693
4160.943993280 0.066482402 -0.080467366 1.954860568 0.003220810 0.000854407 0.003841865 0.999987066
4160.984264320 0.069740027 -0.086669952 2.070443869 0.011207506 0.003897422 0.006804673 0.999906421
4161.024694208 0.069429480 -0.090610392 2.193753719 0.003735995 0.006802019 0.002758857 0.999966085
4161.067028096 0.068577133 -0.092921183 2.325864792 -0.003004704 0.007420643 -0.000427893 0.999967873
4161.116441888 0.066164680 -0.092072003 2.453667641 0.003157231 0.008919442 0.002582021 0.999951899
4161.161830208 0.069765903 -0.099934891 2.596088409 0.000492187 0.007180189 0.002734122 0.999970376
4161.196967872 0.084604613 -0.101636201 2.694786310 -0.007546103 0.003673853 -0.006541430 0.999943376
4161.240057760 0.073207729 -0.101030365 2.852365732 0.000015329 -0.000801108 -0.005905112 0.999982238
4161.286974656 0.081010096 -0.096128419 2.981193542 -0.003308423 -0.004706774 -0.005055600 0.999970675
4161.329353824 0.072485670 -0.104216404 3.129411459 -0.009965328 -0.006452345 -0.008132999 0.999896467
4161.366453120 0.066300966 -0.104015388 3.251703978 -0.004195177 -0.007193771 -0.016073633 0.999836147
4161.412221216 0.065840423 -0.104925565 3.397228718 -0.010247384 -0.006670266 -0.010938414 0.999865413
4161.457767936 0.067158289 -0.110111803 3.540770292 -0.006545076 -0.007342048 -0.007193936 0.999925733
4161.501746816 0.065855302 -0.111562125 3.676548004 -0.005629128 -0.006215685 -0.010120818 0.999913633
4161.536971584 0.064494282 -0.111659795 3.801733971 -0.001327669 -0.004697633 -0.010671769 0.999931157
4161.576477984 0.060552701 -0.121156767 3.913364172 -0.004799610 -0.003359336 -0.008664963 0.999945283
4161.623453856 0.060122348 -0.123691678 4.064124107 -0.010098915 -0.003015815 -0.006217023 0.999925137
4161.691224672 0.061034139 -0.126926467 4.302497864 -0.012282670 -0.001393081 -0.003752847 0.999916553
4161.727819520 0.060122736 -0.127589539 4.420300484 -0.009613127 0.000411096 -0.008573015 0.999916971
4161.770161056 0.059059273 -0.131538659 4.571114540 -0.004239629 0.001378557 -0.004596804 0.999979496
4161.815786784 0.059008390 -0.127498388 4.728714466 -0.012360395 0.001150180 -0.007117670 0.999897599
4161.854826592 0.056976769 -0.130203381 4.865389824 -0.006334605 0.000621435 -0.006050570 0.999961436
4161.889728864 0.055673033 -0.126971915 4.991514206 -0.012162786 -0.002141003 -0.007251478 0.999897420
4161.932077312 0.052543815 -0.129669130 5.139969826 -0.014447263 -0.004974718 -0.008813528 0.999844432
4162.006115200 0.045044698 -0.128732592 5.400697708 -0.016465615 -0.008794983 -0.017522972 0.999672174
4162.047249216 0.045056608 -0.125299349 5.550355911 -0.009789173 -0.010871387 -0.010835476 0.999834299
4162.111974688 0.037985545 -0.134458885 5.787759781 -0.002921005 -0.011990853 -0.011519490 0.999857485
4162.148184128 0.037843514 -0.132489070 5.919828892 -0.013518339 -0.011245361 -0.008749645 0.999807119
4162.215668800 0.055179447 -0.138754740 6.170449257 -0.001216703 -0.002952140 -0.007948696 0.999963284
4162.254911616 0.063958615 -0.143137708 6.321543217 -0.015344311 0.000448618 0.012532000 0.999803662
4162.291014720 0.067975603 -0.143347487 6.460348606 -0.020931393 0.005704746 0.020591434 0.999552548
4162.335818496 0.063529804 -0.141730547 6.608818054 -0.008007874 0.011624875 0.005821880 0.999883413
4162.402983072 0.103429481 -0.152169764 6.775503159 -0.011749269 0.016195722 0.020283161 0.999594092
4162.442655648 0.103918903 -0.154733211 6.919626713 0.000489439 0.013517256 0.017109279 0.999762177
4162.477645856 0.100902729 -0.153700814 7.060924530 -0.004819710 0.011179015 0.009722904 0.999878645
4162.521459744 0.111622036 -0.160779342 7.216367722 0.009800056 0.007978524 0.027999565 0.999528050
4162.571212576 0.121920750 -0.166092783 7.430047512 0.003148132 0.006618690 0.019213349 0.999788582
4162.611148800 0.118480906 -0.160232022 7.585535526 -0.007383236 0.003995136 0.012129094 0.999891222
4162.650548192 0.125182077 -0.168051094 7.746982098 -0.001168628 -0.001433011 0.017416690 0.999846578
4162.694991456 0.131418660 -0.179564923 7.908039570 -0.006250614 -0.009092478 0.025162209 0.999622524
4162.772592256 0.128832176 -0.174848944 8.157208443 -0.000175659 -0.023944410 0.015252221 0.999596953
4162.811597856 0.128828898 -0.177959621 8.297284126 -0.002270185 -0.026947638 0.023670148 0.999353945
4162.852389472 0.127027169 -0.190758005 8.437700272 0.008810583 -0.025030242 0.026532089 0.999295712
4162.895215200 0.114314079 -0.196354046 8.596060753 0.007586521 -0.018992841 0.000612514 0.999790668
4162.940909696 0.119141594 -0.195858598 8.771529198 0.007932096 -0.019304732 0.006517945 0.999760985
4162.983082176 0.109542705 -0.208711669 8.931045532 0.006568193 -0.024780691 0.013864918 0.999575138
4163.021879552 0.106163129 -0.210222051 9.080086708 -0.010095919 -0.032296631 0.010553777 0.999371648
4163.064115040 0.092361376 -0.215067476 9.225059509 -0.002397910 -0.039491925 -0.002545008 0.999213755
4163.107231392 0.077268273 -0.215953246 9.385011673 -0.010318058 -0.038059510 -0.002902337 0.999217987
4163.151658272 0.059840370 -0.216092721 9.556837082 -0.006140056 -0.035029534 -0.016499609 0.999231219
4163.193619008 0.057718076 -0.206972808 9.720244408 -0.026493527 -0.032321513 -0.000022923 0.999126375
4163.237422752 0.038383849 -0.199257776 9.877279282 -0.033518367 -0.029424313 -0.014685753 0.998896897
4163.281831584 0.028358843 -0.198313594 10.045781136 -0.037196293 -0.022798277 -0.016863810 0.998905540
4163.324174208 0.019322541 -0.198865280 10.200628281 -0.027234711 -0.018911451 -0.015862886 0.999324262
4163.359713632 0.010497458 -0.190033048 10.342432976 -0.021450432 -0.017292738 -0.016228944 0.999488592
4163.401867008 0.002164304 -0.187747747 10.496062279 -0.015478315 -0.018371642 -0.025076572 0.999396861
4163.449936320 -0.015232638 -0.187726304 10.688295364 -0.022063347 -0.019934917 -0.029563567 0.999120533
4163.493879008 -0.030307569 -0.184549674 10.856476784 -0.012760282 -0.018957239 -0.047843143 0.998593390
4163.529830656 -0.034909271 -0.181437731 11.001029968 -0.024716523 -0.016230987 -0.041678090 0.998693466
4163.576083264 -0.039411042 -0.185477212 11.172592163 -0.017798882 -0.007600145 -0.032011889 0.999300122
4163.625880896 -0.049460553 -0.173512012 11.357060432 -0.022166708 -0.001310176 -0.043793634 0.998793781
4163.669459488 -0.050417889 -0.173809335 11.530071259 -0.020686533 0.001869212 -0.033812948 0.999212325
4163.704565248 -0.047807958 -0.177635223 11.681588173 -0.018556168 0.002989942 -0.022161702 0.999577701
4163.749779296 -0.050965153 -0.183576807 11.837327003 0.003315899 0.005278298 -0.021440431 0.999750674
4163.793306144 -0.043208744 -0.187715605 12.013619423 -0.003859480 0.005990729 -0.014022623 0.999876261
4163.836095296 -0.037075598 -0.193265170 12.175355911 0.002020607 0.014198287 -0.010759704 0.999839246
4163.872017536 -0.026150940 -0.197477579 12.326809883 -0.003155235 0.021949906 -0.005716178 0.999737740
4163.915056992 -0.021466153 -0.196833581 12.500301361 -0.009034642 0.033986691 -0.012828807 0.999299109
4163.955710080 -0.006030764 -0.197727114 12.663073540 -0.006977626 0.040706638 -0.003339370 0.999141216
4163.989013184 0.006138780 -0.199508756 12.791841507 -0.010281357 0.040922079 -0.002180252 0.999107063
4164.029228608 0.001498507 -0.201020956 12.941285133 -0.014669191 0.040683039 -0.016523890 0.998927712
4164.081515936 0.002497152 -0.177793846 13.118762016 -0.016356129 0.042050611 -0.009114932 0.998940051
4164.115639776 0.013837992 -0.175840437 13.277131081 -0.022727486 0.042321928 -0.008215325 0.998811722
4164.149544160 0.022596266 -0.180524454 13.408166885 -0.020059153 0.042670529 -0.014603719 0.998781085
4164.189036064 0.031867988 -0.179742247 13.569546700 -0.017549563 0.045019429 -0.026969723 0.998467803
4164.230414816 0.055650957 -0.173699155 13.731222153 -0.018005783 0.046145279 -0.003288265 0.998767018
4164.265043616 0.064482912 -0.178870693 13.872967720 -0.023833469 0.046078362 -0.009747443 0.998605907
4164.303442656 0.078431398 -0.182889611 14.021665573 -0.022465223 0.045606785 -0.009246062 0.998664021
4164.367590368 0.111941487 -0.183631405 14.287079811 -0.036634471 0.052773837 0.009807397 0.997886121
4164.409467264 0.120885596 -0.142015934 14.463587761 -0.027837072 0.059581276 0.017041493 0.997689724
4164.441627168 0.135840371 -0.138767019 14.602711678 -0.027332932 0.064819306 0.011127407 0.997460544
4164.481841376 0.157086805 -0.142263100 14.754410744 -0.007386601 0.065953203 0.019505743 0.997604668
4164.528231520 0.182091564 -0.136402369 14.924631119 0.029299939 0.065273397 0.024593130 0.997133911
4164.573738624 0.157045513 -0.154219359 15.052495956 0.025170207 0.068220109 0.007385337 0.997325361
4164.605778624 0.174143538 -0.139603749 15.189104080 0.006419369 0.071466498 0.002170546 0.997420013
4164.664149344 0.213184685 -0.130843580 15.444887161 -0.041548699 0.072003439 0.011826130 0.996468425
4164.704239584 0.236425772 -0.101213977 15.589121819 -0.046691187 0.063352622 0.001936585 0.996896505
4164.747707424 0.243260205 -0.052439265 15.739544868 -0.028491879 0.056213066 -0.001790297 0.998010576
4164.783249088 0.239591599 -0.036627233 15.868941307 -0.024978360 0.051315695 -0.000216663 0.998370051
4164.815367072 0.254694194 -0.026368331 16.002115250 -0.028377905 0.047419202 -0.001598926 0.998470604
4164.855462336 0.295832425 -0.033283398 15.877756119 0.004786572 0.040598314 0.029641373 0.998724341
4164.907756128 0.257579029 -0.069249846 15.852436066 0.029847167 0.038314525 0.043537609 0.997870564
4164.946249920 0.212713867 -0.175549701 15.855851173 0.018303340 0.039502092 0.033193022 0.998500288
4164.979626912 0.231211767 -0.185397103 16.012784958 -0.010171426 0.034239091 0.039561857 0.998578548
4165.025441344 0.244838327 -0.186013207 16.168254852 -0.037821610 0.026370900 0.022736384 0.998677671
4165.066554624 0.246932507 -0.186725304 16.322631836 -0.030782089 0.024291104 0.014721392 0.999122500
4165.099989216 0.252603352 -0.179568842 16.445514679 -0.023033882 0.023032583 0.011998021 0.999397278
4165.162410016 0.263670325 -0.162874982 16.708797455 -0.029287020 0.019216008 0.012516858 0.999307871
4165.195643840 0.262103945 -0.159786195 16.842351913 -0.027886046 0.018570835 0.008765073 0.999400139
4165.228188384 0.261277467 -0.157548860 16.978548050 -0.025016626 0.016633604 0.004255609 0.999539554
4165.261332704 0.265281469 -0.162604749 17.118450165 -0.024077825 0.012676763 0.002997529 0.999625206
4165.293683488 0.265975356 -0.161788926 17.257966995 -0.017970849 0.008869498 0.003173856 0.999794126
4165.329576352 0.260843903 -0.162215829 17.398395538 -0.012495167 0.006938392 0.000208788 0.999897838
4165.368927072 0.260310501 -0.161689326 17.567832947 -0.008483134 0.005467888 -0.002208517 0.999946594
4165.404796640 0.258561343 -0.160327956 17.718200684 -0.012094377 0.005215606 -0.002274199 0.999910653
4165.439814880 0.262859106 -0.152944297 17.876228333 -0.008914257 0.005562631 -0.000498574 0.999944627
4165.480348928 0.261531562 -0.155845642 18.049215317 -0.010732069 0.006473158 -0.002917481 0.999917209
4165.516990240 0.261422992 -0.155571386 18.199171066 -0.004648898 0.005305721 -0.003228182 0.999969900
4165.554158400 0.261788368 -0.157065943 18.360912323 -0.007573229 0.003393305 -0.002753777 0.999961793
4165.593234400 0.258680105 -0.156894848 18.527181625 -0.009924302 0.002672533 -0.006206993 0.999927878
4165.630619584 0.261588395 -0.158307016 18.677303314 -0.008566846 0.001782439 -0.005670846 0.999945641
4165.662386976 0.259502769 -0.156565890 18.831733704 -0.015601013 0.001555952 -0.006950335 0.999852955
4165.699257536 0.260450035 -0.151272088 18.989898682 -0.024178237 0.001595223 -0.002485693 0.999703288
4165.737218400 0.258350790 -0.150171906 19.151130676 -0.019096790 0.004042760 -0.007609083 0.999780536
4165.771958208 0.253954887 -0.151337773 19.301517487 -0.025048936 0.005474787 -0.009107553 0.999629736
4165.806483776 0.255849779 -0.148821563 19.451509476 -0.020018263 0.005652590 -0.003173288 0.999778628
4165.867778464 0.259118408 -0.136882707 19.732521057 -0.019684464 0.011421697 -0.009995415 0.999691010
4165.904200704 0.264639020 -0.138529181 19.875225067 -0.018170938 0.016968144 -0.010195672 0.999638915
4165.937983136 0.272099495 -0.140947849 20.035253525 -0.017103497 0.022789398 -0.006225340 0.999574602
4165.971779072 0.280542880 -0.138206229 20.185260773 -0.018723901 0.027461877 -0.005430771 0.999432743
4166.006334400 0.298243314 -0.166542903 20.367975235 -0.020712633 0.034477793 0.000469105 0.999190688
4166.041266208 0.301581919 -0.169543386 20.496257782 -0.015290514 0.033210468 0.007271748 0.999304950
4166.081092160 0.290504038 -0.158500046 20.597305298 -0.014344241 0.031607188 0.003723153 0.999390483
4166.118046112 0.334135652 -0.176287889 20.883985519 -0.007965110 0.029003477 -0.000404798 0.999547482
4166.151799008 0.467855513 -0.223420411 21.170490265 -0.008429896 0.014775601 -0.002254146 0.999852777
4166.190655712 0.444656134 -0.218760327 21.334629059 -0.004585025 0.016029842 -0.002639903 0.999857545
4166.229868032 0.481783122 -0.145609394 21.358173370 -0.009111692 0.014623765 -0.004726099 0.999840379
4166.274349856 0.582377017 -0.194662660 21.913904190 -0.002973592 0.012937627 -0.008012488 0.999879777
4166.336349792 0.649637461 -0.379087031 22.598138809 -0.031150768 0.018552603 0.021876387 0.999103010
4166.367745408 -0.664068341 -0.699659228 22.262117386 -0.048518281 0.122839488 -0.016723868 0.991098762
4166.405853504 -0.642519593 -0.593513072 22.230594635 -0.043421715 0.121296257 -0.017626412 0.991509497
4166.446025984 -0.614724278 -0.677094638 22.501024246 -0.042369936 0.121604234 -0.014908109 0.991561890
4166.480958880 -0.143852890 -0.688241839 23.009067535 -0.039903555 0.062496632 0.043546733 0.996295929
4166.524164704 -0.538237095 -0.536838174 22.216516495 -0.032299656 0.064772733 -0.084626257 0.993780494
4166.561402080 -0.880548596 -0.398756266 21.523384094 -0.028445549 0.075429939 -0.084807605 0.993130803
4166.600721824 -0.867942154 -0.414597839 21.866796494 -0.027247529 0.074855976 -0.082544401 0.993398488
4166.632997280 -0.868841529 -0.415663183 22.129983902 -0.024163501 0.075213008 -0.079795234 0.993675947
4166.668583136 -0.903238535 -0.464784056 22.383672714 -0.025850011 0.079172336 -0.077847041 0.993480384
4166.710336576 -0.860803127 -0.421023339 22.477300644 -0.027099719 0.076411463 -0.074593335 0.993912816
4166.742120192 -0.851871312 -0.435168803 22.703023911 -0.023742499 0.075282380 -0.072458819 0.994242728
4166.774518784 -0.659705400 -0.397955239 23.398399353 -0.028384466 0.057933740 -0.053674217 0.996472299
4166.806570912 -0.649516821 -0.429629683 23.430255890 -0.028891323 0.057613693 -0.042050321 0.997034431
4166.846314464 -0.664312840 -0.400541693 23.487869263 -0.027052075 0.058802385 -0.047479872 0.996772826
4166.884732160 -0.605342507 -0.479643255 23.834865570 -0.034750424 0.056844771 -0.038942166 0.997017801
4166.917698656 -0.551847875 -0.522144914 24.146902084 -0.042331629 0.056352969 -0.036021493 0.996862471
4166.954312224 -0.512722433 -0.583675146 24.459331512 -0.051551729 0.055063024 -0.022783784 0.996890843
4167.001674208 -0.513592005 -0.426585406 24.606073380 -0.038544450 0.063119046 -0.026228374 0.996916413
4167.036515904 -0.486858785 -0.524059892 24.931362152 -0.048690461 0.069260389 -0.020391976 0.996200979
4167.068477312 -0.446997494 -0.588308752 25.203617096 -0.056152593 0.074496597 -0.020404682 0.995429933
4167.115499360 -0.387949079 -0.665459692 25.591787338 -0.066491857 0.082143798 -0.022192203 0.994152308
4167.154121440 -0.387522638 -0.665114939 25.676233292 -0.066216409 0.081835665 -0.020030845 0.994241953
4167.191878304 -0.339296639 -0.612106681 25.968841553 -0.061832596 0.080852702 -0.018769246 0.994629264
4167.226887776 -0.308995605 -0.550505042 26.229162216 -0.056962255 0.081516892 -0.023009365 0.994776785
4167.261637472 -0.279111147 -0.497050792 26.489864349 -0.052017707 0.081789143 -0.029556258 0.994852304
4167.302274240 -0.248098925 -0.475151420 26.543794632 -0.056814305 0.078185618 -0.016967259 0.995173991
4167.339424384 -0.210441917 -0.480916321 26.771034241 -0.053757586 0.077712558 -0.015138029 0.995410323
4167.371048512 -0.210587397 -0.453162998 26.914808273 -0.053523075 0.081930324 -0.024586601 0.994896054
4167.406906784 -0.175367251 -0.456343710 27.030330658 -0.055356551 0.080148064 -0.025284681 0.994923413
4167.450147680 -0.160166740 -0.425997525 27.204740524 -0.055457775 0.080851518 -0.032597281 0.994648159
4167.482117344 -0.127787888 -0.461669683 27.430154800 -0.059228774 0.080342904 -0.032913361 0.994461536
4167.514013696 -0.105131119 -0.525007784 27.678050995 -0.064721361 0.081199661 -0.033880644 0.994017065
4167.549367840 -0.099839404 -0.523402095 27.894754410 -0.066116154 0.080712877 -0.031737059 0.994035602
4167.630045408 -0.019514143 -0.503751218 28.188825607 -0.064491607 0.076217927 -0.030699831 0.994529605
4167.662041344 0.013724722 -0.507315218 28.475233078 -0.062818184 0.078042835 -0.007831562 0.994938135
4167.697822272 0.029579677 -0.602824867 28.692291260 -0.078467004 0.079709023 0.004369892 0.993715405
4167.735106208 0.035476349 -0.633048594 28.893123627 -0.089587823 0.081163779 0.013207083 0.992578506
4167.767151328 0.033872440 -0.539331555 28.950090408 -0.086128645 0.081438035 0.016764609 0.992808461
4167.823723488 0.186041474 -0.556840301 29.314205170 -0.087301604 0.076765038 0.016296607 0.993086100
4167.855991584 0.241037130 -0.541522741 29.565984726 -0.084803529 0.075768583 0.012451997 0.993434668
4167.891226272 0.360456079 -0.453561395 29.777652740 -0.083356939 0.065690838 -0.020528112 0.994140267
4167.925907968 0.196113780 -0.306935072 29.744205475 -0.074604906 0.074903995 -0.029568871 0.993956387
4167.961942656 0.169524282 -0.277249098 29.814275742 -0.072879024 0.075027235 -0.024065390 0.994223535
4167.993717632 0.130158961 -0.266490757 29.856801987 -0.074118108 0.077425592 -0.022789761 0.993978083
4168.031366976 0.075914688 -0.210440099 29.924415588 -0.066582628 0.082134120 -0.023843469 0.994108737
4168.064389920 0.095500030 -0.237315014 30.016828537 -0.072634481 0.081894234 -0.024520606 0.993688226
4168.100110432 0.108549014 -0.265535951 30.191045761 -0.079747237 0.083281696 -0.022054108 0.993085146
4168.131734048 0.131314665 -0.270805806 30.340625763 -0.081772655 0.084608167 -0.023808287 0.992767751
4168.172899168 0.162722632 -0.306398749 30.505210876 -0.091951013 0.083950035 -0.024871131 0.991906703
4168.235442592 0.215053201 -0.261505008 30.723663330 -0.087090492 0.081523068 -0.020689642 0.992643535
4168.297790304 0.205254495 -0.453055531 31.133543015 -0.099609241 0.087369159 -0.029972071 0.990730166
4168.330826304 0.187776342 -0.540139675 31.368467331 -0.106552318 0.093989082 -0.037616551 0.989139855
4168.369738336 0.069887146 -0.737137198 31.596994400 -0.124661356 0.108747236 -0.047660459 0.985069573
4168.405634400 0.092669889 -0.785864532 31.685258865 -0.125751182 0.108955473 -0.046092488 0.984982669
4168.443945024 0.108293548 -0.745973885 31.889211655 -0.128766313 0.110877216 -0.040843923 0.984610200
4168.480083904 0.144675598 -0.710208476 32.037677765 -0.126943305 0.112950638 -0.039720569 0.984657228
4168.515412160 0.187795281 -0.672119677 32.188602448 -0.124915883 0.115414232 -0.037148681 0.984731197
4168.553492352 0.255654097 -0.598331392 32.291084290 -0.127468422 0.115519248 -0.036305230 0.984423220
4168.589509792 0.297361195 -0.558993757 32.526275635 -0.121038869 0.119421780 -0.028794808 0.985017180
4168.621659968 0.349410862 -0.535699606 32.666584015 -0.118381284 0.120647937 -0.023562526 0.985329807
4168.656467872 0.389259577 -0.503179312 32.808406830 -0.121564634 0.124364965 -0.023367610 0.984484315
4168.699031616 0.415565521 -0.481643319 32.919090271 -0.119669929 0.128474250 -0.026772991 0.984101951
4168.741591840 0.472937882 -0.458994627 33.153549194 -0.122404814 0.131032914 -0.022635635 0.983531952
4168.775105152 0.516077995 -0.433756530 33.287750244 -0.121422552 0.132152274 -0.019328915 0.983574510
4168.808443200 0.555665612 -0.401743323 33.425815582 -0.121244192 0.134533271 -0.021654855 0.983225167
4168.846788160 0.597388387 -0.364004821 33.584304810 -0.120433360 0.138812244 -0.022582522 0.982708991
4168.895897632 0.657093167 -0.324805260 33.767822266 -0.119192101 0.143404350 -0.020473082 0.982247055
4168.929825440 0.701547742 -0.294998288 33.918659210 -0.117585368 0.149038836 -0.020542413 0.981600285
4168.966449920 0.759025633 -0.267809659 34.067497253 -0.114381030 0.150823385 -0.022315562 0.981667638
4169.005249888 0.799766243 -0.255873591 34.174659729 -0.113630474 0.151462525 -0.025193481 0.981586695
4169.046426720 0.845284700 -0.224432409 34.309360504 -0.110482797 0.151801988 -0.016807025 0.982072949
4169.078722048 0.885017633 -0.202029064 34.430713654 -0.108162373 0.152226105 -0.016262088 0.982274711
4169.111337120 0.925488949 -0.179794908 34.573177338 -0.114322588 0.153163254 -0.021428309 0.981331885
4169.150554176 0.999028444 -0.146690577 34.668529510 -0.112006515 0.153113678 -0.026173888 0.981491566
4169.195946912 1.054479837 -0.114841521 34.847408295 -0.101874523 0.152061403 -0.024165653 0.982809722
4169.228691680 1.098922729 -0.128847897 34.982654572 -0.105636165 0.150376052 -0.028250884 0.982562959
4169.261506080 1.139840841 -0.150426596 35.099552155 -0.108430788 0.148531407 -0.029686140 0.982496798
4169.300187552 1.192860723 -0.149790630 35.208705902 -0.117121376 0.147167444 -0.026340438 0.981799603
4169.341569216 1.239419580 -0.125527248 35.367519379 -0.130716056 0.145231560 -0.034553792 0.980115891
4169.373673856 1.277401090 -0.101523258 35.515666962 -0.127572894 0.145487592 -0.036630791 0.980416596
4169.405525728 1.313018322 -0.025339648 35.632019043 -0.133103177 0.147228643 -0.040664501 0.979261816
4169.450211680 1.361652374 0.010752197 35.757656097 -0.129375711 0.142219946 -0.042237505 0.980434299
4169.495473216 1.411635160 0.037442952 35.910388947 -0.119675919 0.140067384 -0.039506096 0.982088625
4169.533191744 1.454999924 0.072589383 36.066497803 -0.124415278 0.136926308 -0.047914565 0.981568217
4169.566035072 1.495294452 0.094691232 36.186515808 -0.126130268 0.134574622 -0.048419926 0.981649816
4169.609257344 1.543631673 0.127122492 36.331497192 -0.129534811 0.134366438 -0.040263750 0.981603384
4169.654283648 1.595001698 0.167607874 36.510078430 -0.133488670 0.132813454 -0.043954771 0.981126547
4169.688485088 1.625757575 0.199678943 36.638504028 -0.132562399 0.131748676 -0.045140728 0.981341839
4169.720430304 1.660261273 0.231689915 36.758785248 -0.131578177 0.131806657 -0.042982507 0.981563389
4169.759531232 1.703303933 0.264154196 36.895595551 -0.128864497 0.130947486 -0.040215153 0.982155502
4169.799288448 1.741927147 0.290713608 37.027046204 -0.121122211 0.132411271 -0.038313460 0.983020186
4169.844456896 1.788421869 0.317754477 37.191787720 -0.102316178 0.133820176 -0.039972074 0.984898865
4169.884834784 1.834594965 0.331172287 37.296707153 -0.105763212 0.133408040 -0.050561611 0.984103620
4169.921296352 1.883373976 0.365614235 37.411800385 -0.120052084 0.130763933 -0.043107718 0.983173430
4169.968411776 1.958237886 0.362775922 37.561630249 -0.137320697 0.125765204 -0.035569914 0.981866062
4170.015799136 2.007127285 0.407601535 37.740879059 -0.162776172 0.121389754 -0.042958114 0.978224456
4170.058420800 2.037868738 0.459547520 37.898220062 -0.177256510 0.116363741 -0.059323415 0.975459039
4170.095549024 2.082165003 0.515078783 38.040107727 -0.190822721 0.118446819 -0.048678022 0.973235548
4170.138877024 2.136694193 0.563611269 38.192455292 -0.181327492 0.126544192 -0.037998844 0.974506557
4170.208687008 2.202260256 0.644361913 38.452861786 -0.169090360 0.147294044 -0.055044349 0.972976327
4170.247895104 2.250163317 0.674844146 38.557167053 -0.165089369 0.159552231 -0.056446705 0.971649289
4170.283490944 2.304247379 0.719941258 38.687271118 -0.170996055 0.167330235 -0.051372163 0.969598770
4170.325048064 2.366467476 0.768935442 38.842468262 -0.178345397 0.172965452 -0.050187841 0.967345357
4170.384399168 2.456781387 0.849428594 39.059619904 -0.194974482 0.181654319 -0.051776595 0.962447882
4170.428880448 2.525780439 0.909132540 39.217311859 -0.198086172 0.185904458 -0.052486353 0.960961282
4170.468952256 2.588307142 0.959892273 39.352687836 -0.196760044 0.190031514 -0.049386054 0.960590720
4170.539557408 2.700507879 1.034488201 39.588706970 -0.167269140 0.197878763 -0.048165262 0.964647710
4170.574534240 2.751361132 1.058552384 39.702514648 -0.137275353 0.202502042 -0.055911846 0.967999101
4170.615439232 2.815837622 1.079529881 39.837543488 -0.097527675 0.207158983 -0.053296909 0.971973717
4170.653722560 2.885969162 1.098201275 39.971050262 -0.080985315 0.214384213 -0.042651158 0.972451389
4170.696884512 2.949891329 1.139279962 40.130611420 -0.093989983 0.223339215 -0.054942660 0.968641698
4170.744314720 3.040787697 1.178021550 40.303699493 -0.121176369 0.231803373 -0.045755651 0.964100599
4170.783844256 3.117526531 1.205926538 40.445259094 -0.136295080 0.238543600 -0.039851792 0.960693717
4170.827544928 3.201002836 1.237687349 40.594474792 -0.145764545 0.249805734 -0.039333109 0.956453204
4170.870469472 3.280254602 1.274172902 40.728683472 -0.133638903 0.262730986 -0.042178441 0.954638183
4170.914922848 3.377693176 1.324615002 40.888538361 -0.141411215 0.277401358 -0.051955905 0.948868752
4170.958392256 3.471359253 1.358448982 41.022533417 -0.128942773 0.291846067 -0.048969682 0.946467936
4171.001064512 3.562776327 1.386893630 41.150581360 -0.131181225 0.301904768 -0.041015919 0.943378329
4171.041657888 3.648244619 1.422128081 41.273315430 -0.135477021 0.308749914 -0.054028120 0.939893842
4171.083534272 3.741910696 1.455477238 41.398956299 -0.133227319 0.315988719 -0.050945811 0.937979817
4171.123993280 3.833740711 1.486438990 41.522880554 -0.133347407 0.318764955 -0.056944437 0.936677456
4171.166575296 3.928287745 1.516148686 41.647907257 -0.136273399 0.323272705 -0.061976638 0.934389234
4171.209563008 4.029023170 1.546759605 41.769149780 -0.133805126 0.324821860 -0.057016913 0.934524477
4171.252171296 4.123342037 1.575194359 41.884643555 -0.131815553 0.328821033 -0.063330404 0.933000922
4171.293523904 4.221253872 1.603994608 42.005043030 -0.123958677 0.337346882 -0.061827850 0.931132972
4171.342245504 4.343609810 1.631701112 42.158805847 -0.132408291 0.343997657 -0.073769748 0.926656187
4171.389674624 4.448799610 1.665329218 42.285564423 -0.128011823 0.355857402 -0.065339014 0.923422575
4171.434067904 4.560471058 1.692129254 42.391441345 -0.127256542 0.366657853 -0.056805950 0.919859171
4171.479209088 4.682779789 1.730716109 42.516132355 -0.153728336 0.376822442 -0.065338753 0.911100030
4171.521111008 4.785237789 1.756094694 42.612747192 -0.140070006 0.386417985 -0.071949452 0.908782065
4171.561545792 4.900195599 1.781842589 42.708194733 -0.154268220 0.393363357 -0.055023644 0.904676199
4171.603387904 5.018451691 1.805468202 42.797801971 -0.147523254 0.403969288 -0.041274879 0.901854813
4171.645250816 5.124121189 1.833714485 42.892803192 -0.137490869 0.411415309 -0.065094791 0.898663640
4171.688065248 5.209475994 1.849876404 42.961765289 -0.142910451 0.420450598 -0.068778351 0.893346190
4171.730115904 5.344961166 1.880738139 43.062488556 -0.136455148 0.427069873 -0.050811857 0.892417789
4171.778676768 5.463090897 1.900727510 43.159690857 -0.124490187 0.426105380 -0.050377529 0.894649923
4171.817263008 5.576128006 1.927654982 43.249259949 -0.133352637 0.424313068 -0.047732331 0.894369721
4171.864500128 5.702917576 1.963718534 43.360576630 -0.141339943 0.421239823 -0.066823602 0.893372595
4171.907526688 5.820615768 1.970283031 43.438148499 -0.115545653 0.418579102 -0.036964111 0.900041342
4171.968130464 5.984205723 2.011367559 43.579299927 -0.133937135 0.410821140 -0.050167304 0.900427699
4172.014229632 6.107824802 2.041176558 43.681583405 -0.118576318 0.409187615 -0.062844165 0.902527452
4172.061590624 6.241314888 2.065644979 43.779003143 -0.133282185 0.407565832 -0.036634900 0.902653813
4172.101851520 6.328792572 2.086992741 43.859127045 -0.131583363 0.401607126 -0.058535941 0.904417574
4172.166828608 6.431708336 2.095066547 43.943660736 -0.123919480 0.402362913 -0.049113836 0.905723929
4172.201383328 6.496983528 2.101482153 44.000289917 -0.126496717 0.405648828 -0.052507244 0.903709352
4172.241892256 6.591280460 2.120293379 44.088703156 -0.125462204 0.407767206 -0.072615385 0.901505470
4172.289161152 6.708030224 2.144383907 44.172294617 -0.130302131 0.414686620 -0.055144664 0.898896754
4172.331345632 6.817407608 2.166081667 44.263248444 -0.120334476 0.417004645 -0.047266994 0.899662495
4172.375909184 6.909878254 2.172392845 44.332775116 -0.125146970 0.417533606 -0.052894559 0.898446500
4172.435121120 7.108263016 2.237035275 44.510387421 -0.133453786 0.417594343 -0.057491902 0.896939099
4172.469494112 7.179271221 2.246911287 44.563800812 -0.125144377 0.413062334 -0.048252966 0.900771976
4172.513462912 7.294310570 2.277203083 44.670627594 -0.135267809 0.400434047 -0.044856779 0.905175686
4172.557338912 7.390061855 2.295148611 44.764724731 -0.127410308 0.389546156 -0.038954187 0.911319375
4172.609451424 7.500724792 2.333123446 44.901744843 -0.135397360 0.381323665 -0.077222250 0.911206126
4172.650667552 7.595944405 2.366620779 44.997005463 -0.141438529 0.383561850 -0.066108450 0.910222590
4172.689358880 7.707790375 2.387911797 45.079029083 -0.126336366 0.388253003 -0.044594768 0.911762059
4172.728199104 7.800110817 2.406037331 45.169681549 -0.131982595 0.391416699 -0.047004398 0.909485638
4172.775321376 7.914093018 2.440538168 45.283905029 -0.148191750 0.391077220 -0.059815735 0.906377316
4172.823967968 8.056395531 2.479172468 45.391078949 -0.132708505 0.390446246 -0.048374761 0.909725249
4172.871044800 8.190029144 2.513831615 45.540679932 -0.121527448 0.389948219 -0.050823599 0.911366284
4172.912949504 8.288185120 2.534106016 45.630592346 -0.118032232 0.391097635 -0.046744309 0.911551476
4172.956036192 8.402520180 2.573698282 45.741928101 -0.130784214 0.392468750 -0.062019140 0.908304691
4172.995525024 8.513305664 2.596026659 45.829566956 -0.118344329 0.390940189 -0.043430451 0.911742389
4173.043525024 8.623243332 2.611556292 45.945625305 -0.118125506 0.387754291 -0.066813059 0.911717594
4173.084372320 8.709213257 2.628286362 46.032424927 -0.120351762 0.387147516 -0.073091611 0.911202431
4173.130566176 8.827437401 2.657415152 46.120975494 -0.124500841 0.390802026 -0.043854542 0.910961092
4173.174413728 8.938796997 2.700943708 46.228607178 -0.143410429 0.390417188 -0.043302666 0.908368170
4173.258719456 9.145654678 2.744979143 46.421276093 -0.144387871 0.408306390 -0.048598621 0.900042355
4173.293162240 9.220027924 2.765165567 46.490283966 -0.120430008 0.413034767 -0.055194013 0.901028574
4173.337217600 9.312078476 2.789842129 46.586620331 -0.118747048 0.414007068 -0.070300296 0.899752796
4173.379139296 9.419311523 2.816858053 46.672756195 -0.133623615 0.415165037 -0.044517532 0.898777425
4173.419157440 9.518821716 2.845629692 46.751964569 -0.133646443 0.418210506 -0.036108851 0.897738695
4173.460618400 9.625724792 2.888395309 46.855575562 -0.154037997 0.417102903 -0.061132349 0.893622041
4173.507637728 9.749199867 2.902917385 46.945915222 -0.139652476 0.420069844 -0.039905641 0.895793498
4173.553770784 9.858360291 2.912289143 47.039218903 -0.123897083 0.417942226 -0.039220881 0.899130404
4173.601568128 9.973381996 2.944430590 47.129058838 -0.127313554 0.416922063 -0.032427926 0.899397373
4173.642396512 10.039927483 2.974838018 47.205699921 -0.124674492 0.409527719 -0.078089058 0.900358498
4173.685570208 10.132688522 2.989108086 47.274330139 -0.115334928 0.410831660 -0.062710114 0.902209878
4173.727787680 10.225157738 3.010179281 47.359542847 -0.136859536 0.408810467 -0.056206364 0.900546730
4173.774186208 10.315985680 3.031226397 47.436973572 -0.126166195 0.404289246 -0.062706947 0.903714657
4173.822235936 10.413642883 3.049909592 47.516963959 -0.132623956 0.409279227 -0.051868204 0.901227534
4173.861454304 10.471282005 3.066888332 47.593681335 -0.163610861 0.412933052 -0.092215046 0.891186953
4173.907686848 10.542442322 3.069130182 47.646568298 -0.161051378 0.418405056 -0.070940569 0.891048312
4173.948791264 10.604972839 3.070133448 47.683319092 -0.134388492 0.423751473 -0.041422013 0.894795299
4173.992176640 10.649564743 3.078580141 47.718921661 -0.110299081 0.426997125 -0.046908684 0.896274030
4174.039132992 10.681271553 3.105687380 47.767505646 -0.107172728 0.430191427 -0.101467557 0.890591800
4174.082903776 10.726524353 3.118181467 47.794776917 -0.134606838 0.438280404 -0.085478716 0.884581625
4174.127090144 10.770361900 3.121051311 47.814765930 -0.118619688 0.442530304 -0.055848349 0.887117386
4174.168038688 10.793808937 3.123597622 47.834720612 -0.112042084 0.441462934 -0.063282557 0.888004720
4174.209629888 10.815755844 3.134486198 47.861026764 -0.129995376 0.441389620 -0.071737744 0.884946406
4174.257713248 10.828866959 3.130977869 47.878273010 -0.123543002 0.444075316 -0.070779078 0.884604216
4174.307741216 10.835172653 3.131271839 47.890125275 -0.126468852 0.441950202 -0.075705357 0.884847045
4174.344493824 10.844114304 3.131230831 47.892070770 -0.124604106 0.439957559 -0.066205949 0.886864126
4174.389245248 10.849675179 3.131767988 47.891559601 -0.123197220 0.439343840 -0.064512290 0.887489498
4174.435657888 10.853363991 3.129647017 47.891220093 -0.121110812 0.440672547 -0.060721412 0.887385368
4174.479583232 10.853117943 3.129869223 47.892765045 -0.121230699 0.440972507 -0.062519453 0.887095094
4174.522741952 10.851822853 3.130995989 47.893119812 -0.121278845 0.440862179 -0.063034035 0.887106895
4174.564629856 10.849947929 3.130898237 47.892517090 -0.121698588 0.440105230 -0.063933842 0.887360871
4174.607195648 10.847565651 3.130054951 47.890258789 -0.121344917 0.440493137 -0.064190328 0.887198269
4174.682483552 10.838818550 3.130012035 47.885536194 -0.121783771 0.441174775 -0.068330601 0.886489987
4174.716548288 10.832499504 3.130367517 47.882923126 -0.122273989 0.440842927 -0.071299724 0.886353731
4174.761094496 10.822493553 3.131107569 47.877571106 -0.121898718 0.440542221 -0.075189456 0.886233509
4174.831190560 10.803737640 3.134780407 47.864585876 -0.121185996 0.441493750 -0.081446350 0.885304272
4174.865788960 10.797164917 3.133632898 47.854732513 -0.120043486 0.444013804 -0.076420642 0.884647489
4174.907544896 10.787563324 3.130585909 47.843112946 -0.119153298 0.443328083 -0.073048256 0.885396361
