628.406352576 0.000000000 0.000000000 0.000000000 0.000000000 0.000000000 0.000000000 1.000000000
628.655032032 -0.000139978 0.001220373 -0.000891809 -0.000310726 -0.000148028 0.000158854 0.999999940
628.909215392 -0.010127394 -0.015502600 0.093916692 0.005332294 -0.021715151 -0.009790987 0.999702036
629.159280992 -0.108747900 -0.047478184 0.357215464 -0.008250915 -0.012866301 -0.022384314 0.999632597
629.406620416 -0.258185238 -0.048466623 0.697038531 -0.020890823 0.023042664 -0.021761075 0.999279261
629.655167904 -0.347928882 0.001607571 1.037670851 -0.007223442 0.046795651 -0.001152914 0.998877704
629.906317952 -0.481524527 0.052662432 1.426516533 0.014036917 0.093977734 0.023867723 0.995189130
630.159312160 -0.522410870 -0.064749181 1.834867358 -0.020111809 0.113418058 0.026443530 0.992991745
630.406330816 -0.552143097 -0.169398919 2.229181767 -0.053263474 0.131416738 0.027740568 0.989506483
630.655148128 -0.570849717 -0.245542258 2.628917694 -0.085722342 0.150823504 0.029900292 0.984383047
630.906503648 -0.114301264 -0.213588387 3.321005106 -0.091167904 0.155471548 0.041718837 0.982739329
631.158249504 0.496501446 -0.051758915 1.972531676 -0.125728399 0.116889156 0.166427732 0.970994890
631.406820672 0.207403779 -0.729316831 -0.626701236 -0.137011155 0.118419960 0.190304011 0.964877725
631.655290432 -0.147492766 -1.670908451 -3.273560524 -0.159022540 0.103256039 0.177214190 0.965735555
631.910169088 -0.733219862 -3.605216503 -7.979684353 -0.183087945 0.088474907 0.172972515 0.963707209
632.160223904 -1.091870070 -5.924901962 -12.415742874 -0.223879933 0.075325586 0.173592404 0.956069827
632.409663904 -0.757976174 -5.982374668 -13.514133453 -0.195074290 0.070282161 0.229966775 0.950853169
632.659202464 -0.292954892 -6.037532330 -14.348065376 -0.187128991 0.062691420 0.269829571 0.942467272
632.909492096 -0.307013631 -5.915910721 -14.410281181 -0.184744895 0.070461124 0.274297535 0.941097975
633.159417728 -0.502614141 -5.795898438 -13.668892860 -0.184418604 0.082456358 0.243965968 0.948510051
633.409662592 -0.459007114 -5.444890022 -12.632767677 -0.191542909 0.087134279 0.243609428 0.946769953
633.659822368 -0.359541506 -4.987808228 -11.517517090 -0.192052871 0.089500435 0.243244380 0.946539760
633.910748672 -0.181032404 -4.657198429 -10.103742599 -0.208778739 0.092012107 0.245895147 0.942061961
634.159582304 -0.249846131 -4.154383659 -9.453630447 -0.186842874 0.094660409 0.257337719 0.943348527
634.410137984 -1.154657125 -2.986908913 -8.198135376 -0.041220911 0.125494972 0.402780443 0.905715048
634.659759200 -0.957294822 -2.820260525 -8.626214027 -0.033448156 0.087183855 0.373837292 0.922781587
634.910101408 -1.430184245 -3.166425705 -8.254060745 -0.025371995 0.219374746 0.256824076 0.940889120
635.159304736 -0.943547249 -3.111548662 -7.183888435 -0.029832972 0.204967558 0.275293052 0.938782215
635.409618912 -1.270046234 -3.164630651 -9.138508797 0.077080600 0.277275354 0.042827725 0.956735492
635.659183616 -1.864788055 -2.854098082 -10.976018906 0.178143695 0.329964042 -0.192170128 0.906895399
635.910589376 -2.564017296 -2.071658611 -12.890896797 0.264792085 0.361344993 -0.418191761 0.790209234
636.159480672 -21.098274231 1.589540005 -48.760749817 -0.117192075 -0.375947744 0.777453363 -0.490403444
636.409669984 -52.634311676 14.364955902 -72.145034790 0.064164087 -0.299515963 0.949479461 -0.068278283
636.659246624 -79.343872070 44.929477692 -85.129661560 0.231332451 -0.150683954 0.884680688 0.375658989
636.909273440 -87.348815918 84.656860352 -99.682250977 0.344011635 0.035499316 0.601975739 0.719736814
637.159198144 -74.015808105 97.992996216 -130.377151489 0.247221857 0.184960037 -0.068241686 0.948690772
637.409724736 -84.113327026 84.933044434 -163.116012573 0.009815595 0.235142872 -0.707069159 0.666831672
637.659060672 -119.546356201 89.497901917 -175.970718384 0.241041079 -0.161199868 0.956717432 -0.024608672
637.909390912 -132.196517944 126.487243652 -183.011413574 0.375274122 -0.023709850 0.673748195 0.636137187
638.159172960 -125.642654419 152.668304443 -207.934936523 0.346374631 0.138331845 0.185779646 0.909051597
638.409473952 -122.714996338 165.874496460 -243.694213867 0.263412774 0.258762121 -0.252732277 0.894305468
638.657611744 -124.414619446 179.759002686 -285.789154053 0.210949481 0.278128475 -0.423165292 0.836107671
638.909674784 -129.724822998 190.017486572 -329.639068604 0.162035659 0.284649640 -0.556909561 0.763263226
639.159153760 -137.170547485 195.683380127 -373.215423584 0.114799805 0.263103217 -0.639451683 0.713231564
639.409706464 -149.369186401 196.848388672 -416.645843506 0.049789801 0.249157399 -0.697197616 0.670341074
639.656588864 -164.512481689 193.715484619 -460.365905762 -0.008441595 0.219862223 -0.740331173 0.635215878
639.909429696 -182.914001465 187.019470215 -503.757110596 -0.058574025 0.202579677 -0.748877883 0.628261447
640.159330656 -204.616577148 177.988250732 -541.729858398 -0.119579710 0.207970068 -0.753551841 0.612052917
640.409144320 -229.361541748 163.583038330 -577.264892578 -0.195173234 0.207213044 -0.721644402 0.631030262
640.656545408 -256.319427490 142.744873047 -611.270141602 -0.269337118 0.194598600 -0.684880972 0.648480535
640.910115008 -282.784942627 115.347923279 -640.193847656 -0.343874097 0.168695882 -0.647964716 0.658357084
641.160134304 -308.341918945 83.028480530 -663.013916016 -0.416126609 0.144936383 -0.608342588 0.660114706
641.409458880 -329.330108643 51.875923157 -678.225280762 -0.468742192 0.121975437 -0.580991089 0.654104054
641.655874912 -347.897521973 19.085979462 -689.107788086 -0.519674003 0.104773790 -0.538631737 0.654856682
641.910500256 -364.451843262 -16.487094879 -696.528869629 -0.566119611 0.086040899 -0.494742274 0.653709114
