556.579067616 0.000000000 0.000000000 0.000000000 0.000000000 0.000000000 0.000000000 1.000000000
556.608019648 0.000000000 0.000000000 0.000000000 0.000000000 0.000000000 0.000000000 1.000000000
556.639619488 0.000435421 -0.000597156 0.001698695 0.003061781 0.000063446 0.000440032 0.999995232
556.670913056 0.001103292 -0.000631992 0.010085559 0.002430870 0.001956786 -0.000079297 0.999995112
556.702381312 0.002113061 0.000305801 0.024287689 -0.001301936 0.004030378 -0.001223264 0.999990284
556.743452448 0.005636605 -0.000887538 0.047258951 -0.000912487 0.008043216 -0.000159244 0.999967217
556.774024544 0.007973680 -0.001857808 0.071940958 -0.002330518 0.009309899 -0.000288965 0.999953926
556.805695072 0.011401678 -0.002683606 0.101959780 -0.003330073 0.009865295 0.002669325 0.999942243
556.837363520 0.012137455 -0.003141859 0.134424716 -0.001144008 0.008343156 0.002409234 0.999961615
556.868792992 0.011744145 -0.007960539 0.169753730 0.007428347 0.002291497 0.005252432 0.999956012
556.899903744 0.011268678 -0.013860959 0.211947709 0.007765815 -0.005682503 0.011656896 0.999885738
556.932440704 0.008329591 -0.018348567 0.258486181 0.005507394 -0.012288617 0.013051072 0.999824166
556.964100640 0.004479155 -0.021783661 0.308600903 0.009596006 -0.018441945 0.013184661 0.999696910
556.995698528 0.001241580 -0.023233853 0.361062527 0.013034732 -0.022610309 0.013891296 0.999562860
557.027467296 0.000042877 -0.022875220 0.418112993 0.009296875 -0.027250178 0.018031340 0.999422789
557.059140704 -0.006228782 -0.024661630 0.476493269 0.017886180 -0.027242098 0.011695253 0.999400377
557.091644576 -0.011487455 -0.028710382 0.543431699 0.024435364 -0.025145110 0.006715875 0.999362588
557.123047776 -0.015600096 -0.029046118 0.612309694 0.026121670 -0.021228343 0.003508681 0.999427199
557.154760096 -0.017015716 -0.029514197 0.685050249 0.027158137 -0.016778266 0.003236381 0.999485075
557.186533536 -0.017737342 -0.033199996 0.763705909 0.021104088 -0.012490310 0.002263141 0.999696672
557.217631968 -0.013124566 -0.042129517 0.841294169 0.017700395 -0.012305198 0.010209905 0.999715447
557.248832320 -0.015431098 -0.047660805 0.918883085 0.014952631 -0.012253648 0.004334928 0.999803722
557.280138848 -0.016570309 -0.049574398 0.997168183 0.012569943 -0.013908126 0.003380410 0.999818563
557.308916416 -0.017222147 -0.052486118 1.071308494 0.012422942 -0.013859957 0.006231940 0.999807358
557.340746592 -0.021768685 -0.056228507 1.156761408 0.010854968 -0.013952309 0.000857942 0.999843359
557.374436160 -0.024152687 -0.061146650 1.243342757 0.010162232 -0.013594371 0.000274909 0.999855936
557.407755008 -0.027010560 -0.063384071 1.341997266 0.006826716 -0.012563860 -0.001119908 0.999897122
557.439769024 -0.026748499 -0.067039020 1.432590008 0.007757945 -0.011396195 0.002162912 0.999902606
557.471128160 -0.028090796 -0.075110957 1.518799901 0.014047929 -0.009686823 0.001624575 0.999853075
557.502850176 -0.028957048 -0.078575656 1.613161922 0.009417171 -0.007930877 0.002946260 0.999919891
557.536615328 -0.032067511 -0.080275811 1.708545089 0.006648961 -0.006498551 -0.000560127 0.999956608
557.569976928 -0.031351842 -0.085532598 1.804428339 0.013894700 -0.004909801 -0.000743854 0.999891102
557.601444448 -0.031030180 -0.090042219 1.897641897 0.011603835 -0.003123634 0.002787457 0.999923885
557.633283808 -0.028270997 -0.093093969 1.996817827 0.006932238 -0.001028527 0.011100790 0.999913812
557.664867680 -0.026952175 -0.099254891 2.090811968 0.008726383 -0.000064492 0.010620716 0.999905527
557.696821920 -0.029553894 -0.103007674 2.187543154 0.010400074 0.001173697 0.003533476 0.999938965
557.728462272 -0.030033976 -0.102562055 2.290263653 0.001321702 0.003582065 0.001811817 0.999991059
557.759996160 -0.027676079 -0.105301872 2.388570786 0.002528906 0.004884912 0.005924718 0.999967337
557.791367744 -0.021265134 -0.112455897 2.480588675 0.006353361 0.005315441 0.004834774 0.999953985
557.822967488 -0.023361363 -0.115613833 2.578475237 0.002384430 0.002305392 0.002727754 0.999990761
557.854441056 -0.027548961 -0.116326332 2.682466984 -0.002386197 -0.002360866 -0.001131262 0.999993742
557.885922624 -0.029705247 -0.117587902 2.779418230 0.002184878 -0.008215379 -0.003219420 0.999958694
557.917507872 -0.029360052 -0.121409975 2.877731323 0.005366245 -0.011993357 0.001531989 0.999912500
557.949855360 -0.033065215 -0.122848518 2.983528376 -0.003044789 -0.012828714 -0.003384647 0.999907374
557.981779424 -0.036278829 -0.125571772 3.089381218 -0.009306128 -0.012029191 -0.007279299 0.999857843
558.015049824 -0.038838569 -0.128843933 3.195582151 -0.003842631 -0.009716461 -0.007835972 0.999914706
558.047506304 -0.043153752 -0.128693342 3.303562641 -0.003803400 -0.006723314 -0.013283281 0.999881923
558.079193056 -0.039687429 -0.132073462 3.413509369 -0.008797312 -0.003100264 -0.003538700 0.999950230
558.112257728 -0.038307860 -0.137146771 3.519198418 -0.003275543 0.001309193 -0.000287351 0.999993742
558.143643872 -0.038121533 -0.139068380 3.629506826 -0.002316994 0.005990036 0.001108167 0.999978781
558.175234688 -0.038692418 -0.137161404 3.737190962 -0.002133068 0.010413500 0.000450372 0.999943376
558.206973920 -0.041253749 -0.138266653 3.846743584 0.000657685 0.011868455 -0.006091245 0.999910772
558.238712960 -0.038958725 -0.141700357 3.956629753 -0.002260534 0.010935104 -0.001676428 0.999936223
558.270010912 -0.033311609 -0.144372627 4.067867756 -0.007915786 0.009832368 0.008367138 0.999885321
558.301380224 -0.032331012 -0.148173451 4.174215317 -0.002800395 0.009630112 0.008054242 0.999917269
558.342943168 -0.033116933 -0.150342524 4.322115898 -0.007794685 0.010127692 0.002488034 0.999915242
558.374240096 -0.032136500 -0.151828393 4.432127953 -0.006095526 0.009309704 0.001439144 0.999937057
558.405732704 -0.031934746 -0.154926658 4.541137218 0.000068907 0.007662851 0.001509471 0.999969482
558.437280896 -0.030128334 -0.155767009 4.654498577 -0.003849960 0.005702120 0.005354278 0.999961972
558.468676928 -0.030830212 -0.155538440 4.769439220 -0.010224004 0.002984715 0.003993307 0.999935329
558.500048704 -0.035282113 -0.157662347 4.879264832 -0.005181079 0.000768939 -0.003069402 0.999981582
558.531877184 -0.038113229 -0.161705658 4.992181301 -0.001495636 -0.001068692 -0.004889944 0.999986351
558.563540416 -0.038433786 -0.158627048 5.113767147 -0.014266520 -0.003708631 -0.003281190 0.999885976
558.594982368 -0.040374540 -0.159310713 5.227646351 -0.012629456 -0.005743979 -0.001822107 0.999902070
558.626368192 -0.044589221 -0.159820899 5.341739178 -0.008165666 -0.006450198 -0.006017046 0.999927759
558.657874688 -0.051724873 -0.161994681 5.453296661 -0.009808531 -0.005540800 -0.013783185 0.999841571
558.689232320 -0.052866012 -0.163459763 5.571067810 -0.016401405 -0.005652938 -0.012709578 0.999768734
558.720983296 -0.055014923 -0.170081586 5.681683540 0.001054851 -0.004800093 -0.010324039 0.999934614
558.752937216 -0.057356581 -0.168973014 5.802300930 -0.000883055 -0.004873717 -0.012565184 0.999908805
558.784649664 -0.056794174 -0.164576128 5.926981926 -0.013691763 -0.004738070 -0.007711732 0.999865294
558.816808160 -0.056083895 -0.167857796 6.044049263 -0.006409939 -0.002565202 -0.005852220 0.999959052
558.848661216 -0.056644779 -0.174408317 6.167273521 -0.000438982 -0.000528100 -0.006346074 0.999979615
558.880583872 -0.053484667 -0.178542316 6.294055462 -0.006558832 0.002461372 -0.001239220 0.999974668
558.912435648 -0.052162252 -0.176404268 6.417950630 -0.013304206 0.005135776 -0.001536943 0.999897122
558.944227424 -0.055609092 -0.175096974 6.535989285 -0.003210593 0.007377503 -0.010596002 0.999911487
558.975703584 -0.050533719 -0.176080197 6.660468102 -0.009613027 0.008703873 0.000401521 0.999915838
559.007585824 -0.046332438 -0.184172407 6.776290894 -0.001928223 0.008529959 0.004359047 0.999952257
559.040856576 -0.042693719 -0.189689904 6.902614117 -0.006200888 0.009228410 0.008248557 0.999904156
559.072828896 -0.049131118 -0.188784704 7.018041134 0.003410193 0.011665937 -0.008034919 0.999893844
559.107660864 -0.042976767 -0.191041261 7.151897907 -0.000567858 0.013878990 -0.000871523 0.999903142
559.148463040 -0.031746186 -0.196181849 7.315544605 0.000645719 0.014729502 0.016998755 0.999746799
559.189719200 -0.033487003 -0.199792653 7.474470615 0.003716596 0.012698080 0.002724057 0.999908745
559.218760800 -0.032768436 -0.201463938 7.589485168 -0.002954381 0.010996415 -0.000377867 0.999935091
559.250134784 -0.027313026 -0.210535318 7.707815647 0.005904048 0.009646543 0.005239038 0.999922276
559.281545376 -0.023374386 -0.219225019 7.824167728 0.012191327 0.007017650 0.005780132 0.999884367
559.316404384 -0.020229291 -0.225677118 7.948585510 0.013998809 0.005189052 0.005618638 0.999872744
559.347998624 -0.013819752 -0.225896969 8.083256721 0.006983308 0.003256239 0.012643497 0.999890387
559.379311136 -0.013445731 -0.224613085 8.205986977 0.003931041 0.005868445 0.006911093 0.999951184
559.411065696 -0.013319836 -0.227567390 8.329712868 0.002264386 0.007162989 -0.000994308 0.999971271
559.442582080 -0.011092721 -0.239332482 8.453420639 0.002598854 0.008113481 -0.003126934 0.999958813
559.474153536 -0.002062167 -0.250611663 8.574398041 0.009413465 0.008067981 0.011362380 0.999858618
559.506346848 0.003422757 -0.252898186 8.697220802 0.015357758 0.006427963 0.011618073 0.999793887
559.538172512 0.004071742 -0.251341879 8.823663712 0.008838549 0.006645852 0.004396534 0.999929190
559.570239200 0.003420431 -0.248344541 8.948822021 0.001573262 0.003072930 0.000291690 0.999993980
559.601657568 0.000466145 -0.254746884 9.073497772 0.000164724 0.000590885 -0.007588750 0.999971032
559.633558464 -0.004187998 -0.260665417 9.200950623 0.001204061 0.001278808 -0.016748155 0.999858201
559.665105056 -0.003284696 -0.264586151 9.325552940 -0.001687238 0.001316288 -0.015676025 0.999874830
559.696809760 -0.006240018 -0.263604373 9.449837685 -0.002997928 0.001124889 -0.023188950 0.999725938
559.728232416 -0.006943298 -0.261023313 9.576535225 -0.009530984 0.000286157 -0.020862162 0.999736905
559.759788160 -0.010561284 -0.258409411 9.703905106 -0.013725284 -0.002495023 -0.026867207 0.999541640
559.791698304 -0.011496183 -0.260080934 9.830887794 -0.016382713 -0.004690535 -0.026189933 0.999511719
559.823302112 -0.008760587 -0.257392019 9.962931633 -0.028522823 -0.005088924 -0.018730842 0.999404669
559.855008992 -0.007925682 -0.246386707 10.096592903 -0.043531641 -0.002365895 -0.016932143 0.998905778
559.889315488 -0.009031300 -0.246849209 10.207259178 -0.029268490 0.004209290 -0.021608468 0.999329090
559.921087936 -0.018522777 -0.245382667 10.343848228 -0.022021754 0.009389215 -0.040646996 0.998886764
559.960804480 -0.015163929 -0.247739017 10.503287315 -0.019408332 0.014275779 -0.026457794 0.999359548
559.991346208 -0.014843002 -0.242756635 10.624159813 -0.011132558 0.013840213 -0.027205823 0.999472082
560.022905248 -0.021121353 -0.240078509 10.752108574 -0.011257863 0.009928702 -0.036086742 0.999235928
560.056735904 -0.034058057 -0.240454391 10.886006355 -0.005984957 0.006932985 -0.056953467 0.998334825
560.088153632 -0.033861089 -0.242831558 11.015362740 -0.008122323 0.004213578 -0.046229068 0.998888969
560.119623616 -0.033384971 -0.243103564 11.143371582 -0.008835814 0.003680291 -0.038615767 0.999208272
560.151149088 -0.037926253 -0.238834262 11.276772499 -0.014588882 0.005785015 -0.048570357 0.998696446
560.182602912 -0.037142359 -0.240970060 11.410030365 -0.016884260 0.010323929 -0.047948983 0.998653710
560.214242080 -0.032152005 -0.246816456 11.539424896 -0.010389073 0.015680715 -0.037079055 0.999135315
560.246058048 -0.023474021 -0.249875531 11.668686867 -0.006160531 0.020376990 -0.021270767 0.999547064
560.277451584 -0.020422669 -0.251713425 11.797468185 0.002362411 0.025435345 -0.021761756 0.999436796
560.310760192 -0.013144497 -0.257369131 11.929727554 0.005372502 0.027648194 -0.015921710 0.999476492
560.342248000 -0.002416603 -0.260115385 12.075258255 -0.001787822 0.027302137 -0.006140225 0.999606788
560.374014592 0.003860629 -0.264993936 12.203588486 0.006339531 0.027516756 -0.006106751 0.999582589
560.407044800 0.011276918 -0.272349924 12.338758469 0.006976516 0.028178772 -0.005526889 0.999563277
560.439069344 0.018848959 -0.275239855 12.481889725 -0.004908821 0.028295798 -0.005890025 0.999570191
560.472299488 0.028954409 -0.280299902 12.612639427 -0.001078256 0.030363249 -0.000082014 0.999538362
560.514246176 0.038314823 -0.281326175 12.776691437 0.001046633 0.033016644 -0.004894861 0.999442220
560.546454464 0.049444862 -0.284392267 12.934014320 -0.005538509 0.036477879 -0.004390604 0.999309421
560.577861280 0.061901897 -0.285118788 13.080294609 -0.014501707 0.038705193 -0.004085534 0.999137104
560.609325824 0.071233630 -0.281287134 13.218069077 -0.022360794 0.040330581 -0.004138828 0.998927593
560.640867520 0.083521120 -0.281037539 13.350943565 -0.014935301 0.042619124 0.000457872 0.998979628
560.672475744 0.089531414 -0.279760778 13.486926079 -0.020348672 0.041791152 -0.006915178 0.998895228
560.704507936 0.099148348 -0.279139578 13.624897003 -0.023988061 0.039730392 -0.005088551 0.998909473
560.736385344 0.106606759 -0.279784948 13.756547928 -0.011493835 0.037898611 -0.006866870 0.999191880
560.767800384 0.117196508 -0.277680904 13.891645432 -0.013903598 0.035303991 -0.002188923 0.999277532
560.799201504 0.124613665 -0.272151828 14.033004761 -0.022107828 0.036093645 -0.004860932 0.999092042
560.830710208 0.136928514 -0.270528495 14.170786858 -0.021573598 0.037491541 -0.000131285 0.999064028
560.865255328 0.150474727 -0.269960850 14.310288429 -0.022834644 0.040860839 0.004679526 0.998892903
560.896814144 0.164443463 -0.272078991 14.459374428 -0.015656233 0.045523211 0.007685926 0.998811007
560.928254560 0.179982051 -0.271231979 14.596853256 -0.012058314 0.047653172 0.016029613 0.998662531
560.959556384 0.191805154 -0.267158240 14.739556313 -0.014947861 0.048247125 0.016253121 0.998591304
560.990595808 0.199301109 -0.267675281 14.872438431 -0.011989392 0.046647839 0.011465286 0.998773634
561.022184480 0.196179673 -0.265215665 15.009337425 -0.012444870 0.041287672 -0.018825788 0.998892426
561.053842336 0.208877072 -0.272776842 15.142595291 -0.004317862 0.030558625 -0.001950042 0.999521732
561.086751296 0.232686430 -0.284437031 15.272129059 0.014563194 0.021472715 0.033816319 0.999091208
561.118305952 0.241153896 -0.295692623 15.415763855 0.018546393 0.020791514 0.033312671 0.999056578
561.150334144 0.228608638 -0.291717798 15.561400414 0.007648623 0.027214665 -0.014559505 0.999494314
561.181764544 0.227304801 -0.285962760 15.707706451 -0.004427963 0.032892998 -0.035837185 0.998806357
561.213254080 0.252684265 -0.294914037 15.835487366 -0.010779100 0.030043826 0.003941794 0.999482691
561.244907392 0.284230739 -0.296927989 15.982314110 -0.036428049 0.028934710 0.052808713 0.997520387
561.276656256 0.295548022 -0.298294723 16.114875793 -0.034361824 0.030617222 0.047557645 0.997807682
561.308451584 0.300737411 -0.305798829 16.238739014 -0.010187610 0.031876884 0.033036850 0.998893738
561.340180736 0.305073351 -0.317292899 16.357183456 0.025532437 0.034640413 0.016715184 0.998933792
561.371521216 0.309561670 -0.323440105 16.485046387 0.045396890 0.038381219 0.013020799 0.998146534
561.402935776 0.323927730 -0.325285643 16.618722916 0.039638303 0.036702830 0.020455219 0.998330295
561.445534208 0.341197312 -0.311695397 16.816091537 -0.008112858 0.035094120 0.035667777 0.998714387
561.475744000 0.353640199 -0.304421008 16.963447571 -0.039431293 0.035290051 0.038066156 0.997873127
561.507491296 0.362174422 -0.308924139 17.094236374 -0.034546785 0.038251314 0.031436890 0.998175859
561.539141888 0.373004258 -0.308590680 17.223960876 -0.020140691 0.041054666 0.026403774 0.998604894
561.578751296 0.386841625 -0.301358938 17.397472382 -0.024149919 0.039364118 0.029792586 0.998488665
561.614092960 0.395425737 -0.297100663 17.528957367 -0.025099430 0.037528399 0.026870020 0.998618841
561.646517856 0.404409885 -0.297866493 17.687965393 -0.022170670 0.037929125 0.023401504 0.998760343
561.678115232 0.410383344 -0.297498435 17.832727432 -0.018716145 0.038728520 0.018440306 0.998904288
561.709987648 0.418473333 -0.297449142 17.968467712 -0.011191831 0.038825382 0.016870264 0.999040902
561.742549472 0.427768260 -0.298378259 18.113355637 -0.008939357 0.039110027 0.016264573 0.999062538
561.774119200 0.435518116 -0.301464707 18.254434586 -0.006277248 0.038963407 0.014486503 0.999115884
561.806027936 0.444166243 -0.303514361 18.393953323 -0.002093323 0.038890284 0.012983878 0.999156952
561.837535232 0.451473594 -0.305765092 18.537263870 -0.002335987 0.038943533 0.011567122 0.999171734
561.869018976 0.459371626 -0.307876676 18.680131912 -0.004592537 0.039132550 0.009669900 0.999176681
561.900435776 0.468328536 -0.311083198 18.821517944 -0.004142817 0.039645135 0.007886251 0.999174118
561.932027968 0.479070157 -0.314842045 18.964464188 -0.005110843 0.039430767 0.008535248 0.999172747
561.963524064 0.486921519 -0.318371445 19.104682922 -0.000691412 0.039169922 0.006428501 0.999211669
561.995275200 0.496407032 -0.318014801 19.250396729 -0.005340917 0.038468137 0.004448599 0.999235690
562.026591296 0.505006254 -0.319992840 19.395225525 -0.006060339 0.038323976 0.002014750 0.999244928
562.058084768 0.513156891 -0.324053526 19.540731430 -0.005831184 0.037838962 0.003848180 0.999259412
562.089502272 0.522110403 -0.324586451 19.688081741 -0.010993647 0.037162315 0.003657610 0.999242067
562.121414176 0.527956665 -0.320380360 19.838010788 -0.014922219 0.036925070 -0.001993946 0.999204636
562.153166112 0.534262121 -0.318940222 19.985792160 -0.014834546 0.037822187 -0.003880031 0.999166846
562.185477888 0.543994844 -0.323263079 20.134576797 -0.013651381 0.038144354 0.001292717 0.999178171
562.217358944 0.552649736 -0.328647703 20.281988144 -0.009830588 0.038398027 0.003556219 0.999207854
562.248648512 0.559682369 -0.325476319 20.431314468 -0.011543077 0.039204374 -0.000083069 0.999164522
562.280149984 0.567111731 -0.323178381 20.579139709 -0.009704705 0.041479621 -0.002183152 0.999089837
562.311517152 0.580276966 -0.326547086 20.724716187 -0.008807324 0.042699646 0.002781916 0.999045253
562.345162560 0.592190266 -0.333260506 20.880016327 -0.006948855 0.042731836 0.004455385 0.999052465
562.376648544 0.602398574 -0.334000260 21.029375076 -0.009668703 0.042685907 0.002545752 0.999038517
562.408277952 0.614560366 -0.336170226 21.176759720 -0.002535266 0.044165421 0.003750623 0.999013960
562.440099520 0.628006876 -0.341560066 21.326854706 -0.001333138 0.046487819 0.005000144 0.998905420
562.471780224 0.641526759 -0.345901579 21.475910187 0.001167018 0.049840473 0.002867784 0.998752356
562.503429888 0.655470014 -0.351790369 21.630922318 0.000140077 0.053125966 0.002745242 0.998584032
562.534932480 0.670954049 -0.355642378 21.780092239 0.000114705 0.055726938 0.003394866 0.998440325
562.566472192 0.685781658 -0.361651570 21.927814484 0.004333857 0.056562901 0.002652816 0.998386085
562.597882880 0.702487767 -0.364830554 22.077325821 0.003587461 0.057131205 0.003592849 0.998353779
562.629125120 0.716250300 -0.368965626 22.226472855 0.003638047 0.057832953 0.002292692 0.998317003
562.660293824 0.729154468 -0.372256011 22.375930786 0.001769327 0.058821186 0.000016026 0.998266995
562.691709056 0.743459582 -0.376291811 22.528099060 -0.003032248 0.058419678 0.000463294 0.998287380
562.724215488 0.758691013 -0.380799204 22.675016403 0.002589869 0.057483498 0.002763740 0.998339295
562.756199488 0.772500277 -0.387043297 22.830568314 0.003600261 0.056520216 0.001618878 0.998393655
562.795346752 0.788254857 -0.393094838 23.018133163 0.005947067 0.055929352 -0.000677140 0.998416781
562.824671168 0.801042795 -0.397149116 23.155824661 0.008053023 0.055365380 -0.002877780 0.998429537
562.856161792 0.813298047 -0.399966061 23.309444427 0.008133618 0.053945977 -0.001505518 0.998509586
562.884981216 0.824295819 -0.407294244 23.444770813 0.007109341 0.051615316 -0.000082657 0.998641729
562.916600608 0.837130964 -0.418112904 23.593593597 0.008836252 0.047964014 0.000921258 0.998809576
562.945510048 0.840630472 -0.426893443 23.731094360 0.010184152 0.045090783 -0.004415347 0.998921216
562.974596800 0.848021805 -0.429446727 23.868253708 0.013015931 0.040865187 -0.007083018 0.999054790
563.003616192 0.853299260 -0.434439123 24.008935928 0.011683417 0.038065944 -0.006539911 0.999185503
563.032425792 0.861113191 -0.441562891 24.148778915 0.008431283 0.036484327 -0.005500767 0.999283493
563.061052768 0.866303504 -0.449824870 24.284337997 0.010218849 0.036058441 -0.008124189 0.999264419
563.089682784 0.873907149 -0.458001643 24.420000076 0.013539218 0.036338847 -0.008952543 0.999207735
563.118434336 0.880618036 -0.462395102 24.556915283 0.010846696 0.036585849 -0.008095891 0.999238849
563.154559552 0.893371403 -0.468120307 24.731687546 0.013570001 0.037313331 -0.008674464 0.999173820
563.184702912 0.902081668 -0.475598305 24.876289368 0.014060376 0.037496902 -0.008574101 0.999161065
563.213320960 0.910435617 -0.483664989 25.018276215 0.010445083 0.037249353 -0.008384548 0.999216259
563.241879808 0.914310694 -0.490124762 25.157180786 0.011461929 0.037622593 -0.010936413 0.999166429
563.270455872 0.922545910 -0.495550513 25.292743683 0.011956315 0.037641417 -0.011284166 0.999156058
563.299353184 0.932385087 -0.501416922 25.430715561 0.011358064 0.037196197 -0.008986796 0.999203026
563.329030112 0.939637840 -0.511111081 25.568237305 0.014282722 0.037036307 -0.008925810 0.999171972
563.358243968 0.947186768 -0.514958322 25.713283539 0.010854667 0.037096035 -0.010404148 0.999198616
563.386896320 0.954639971 -0.521460235 25.854217529 0.011764852 0.037850961 -0.011963194 0.999142528
563.415493472 0.964615703 -0.530141652 25.990793228 0.011828730 0.037833594 -0.006944194 0.999189913
563.444264992 0.972229302 -0.538078368 26.129379272 0.011048519 0.038244516 -0.007488116 0.999179244
563.475723776 0.982422054 -0.544740200 26.278932571 0.014617714 0.039892208 -0.009000858 0.999056518
563.504362784 0.990609527 -0.551008463 26.418056488 0.014395306 0.042240467 -0.008079713 0.998971105
563.533178304 1.003434062 -0.560002089 26.555049896 0.016429594 0.043145452 -0.005029666 0.998921037
563.561983072 1.010686398 -0.570577800 26.690097809 0.021496033 0.044040132 -0.006477593 0.998777449
563.590409440 1.020289779 -0.578131974 26.828308105 0.018886993 0.044422273 -0.005761865 0.998817682
563.619278560 1.027491808 -0.585837126 26.965173721 0.019056439 0.045539118 -0.005271013 0.998766840
563.648120416 1.037692785 -0.594451904 27.103055954 0.019446565 0.045697022 -0.004227819 0.998757124
563.676876480 1.047686100 -0.605447114 27.240493774 0.018009927 0.045350492 -0.004135728 0.998800218
563.707694368 1.058081388 -0.614256144 27.377220154 0.017923500 0.045227595 -0.003706496 0.998809040
563.736728896 1.067415714 -0.621791244 27.522499084 0.016397305 0.045557480 -0.003904236 0.998819470
563.766868192 1.078194857 -0.629110515 27.667348862 0.015637647 0.046132840 -0.004081509 0.998804569
563.795884704 1.090202093 -0.639225662 27.802480698 0.014581305 0.045537904 -0.003049754 0.998851538
563.824608832 1.104198933 -0.648658931 27.940151215 0.017378194 0.045789566 -0.003948779 0.998792112
563.853272224 1.120336890 -0.653559089 28.078027725 0.015911333 0.047426250 -0.004853623 0.998736203
563.881888736 1.136222124 -0.664620817 28.214750290 0.016095549 0.050838765 -0.005345927 0.998562872
563.911424096 1.152063966 -0.674584866 28.348722458 0.018274972 0.055234965 -0.003196066 0.998301029
563.940057312 1.167312741 -0.683289587 28.489418030 0.017338227 0.059712529 -0.002736614 0.998061240
563.968469888 1.183657885 -0.688546777 28.625669479 0.012361382 0.064396195 -0.002013842 0.997845829
563.997278464 1.198066950 -0.696174324 28.759227753 0.012983707 0.067578860 -0.002271339 0.997626841
564.025952128 1.212745786 -0.706680655 28.892372131 0.013694157 0.068115167 -0.000659816 0.997583270
564.057404000 1.229985476 -0.717525363 29.041231155 0.012830270 0.067044951 -0.002414314 0.997664571
564.088913152 1.249115825 -0.725827277 29.187854767 0.016386652 0.065516673 -0.000416683 0.997716844
564.120393504 1.265109062 -0.732803285 29.335453033 0.018606039 0.064598389 -0.002172338 0.997735500
564.151784160 1.282086968 -0.739622235 29.486204147 0.012383726 0.063556351 -0.001371148 0.997900486
564.183236032 1.298424244 -0.753661335 29.632125854 0.017305881 0.062467638 -0.002200087 0.997894526
564.215040288 1.314018130 -0.766007185 29.780429840 0.015457186 0.062020913 -0.001934211 0.997953236
564.249698688 1.330755234 -0.772704124 29.941270828 0.011780689 0.062367547 -0.003577095 0.997977316
564.281204992 1.352190614 -0.781996667 30.090576172 0.019386016 0.061496463 -0.000099449 0.997919023
564.313033408 1.366678238 -0.785677373 30.240415573 0.015892703 0.061795395 0.000044164 0.997962296
564.345187168 1.383096457 -0.794990718 30.392566681 0.013774519 0.061776135 0.000446933 0.997994840
564.377048480 1.395033121 -0.803049922 30.547508240 0.012642550 0.062234633 -0.001051605 0.997980893
564.409394304 1.405950665 -0.812080979 30.698007584 0.012637060 0.059836965 0.001049076 0.998127639
564.440943648 1.419297934 -0.822748840 30.844924927 0.017025741 0.055942424 0.001772101 0.998287261
564.472290880 1.428794384 -0.828518033 30.994539261 0.015885180 0.053774171 -0.000143209 0.998426735
564.503668768 1.443833351 -0.840661526 31.141437531 0.018110158 0.052517790 -0.001446530 0.998454690
564.535333984 1.455840826 -0.851442695 31.287986755 0.021345204 0.053407330 -0.000485665 0.998344541
564.566866048 1.469345331 -0.861735106 31.436349869 0.022559967 0.054439507 -0.000206390 0.998262167
564.598212960 1.482828140 -0.869706273 31.585056305 0.023249017 0.055498712 -0.000310835 0.998188019
564.637408160 1.501603365 -0.886053205 31.766452789 0.025654279 0.056560960 0.002113344 0.998067260
564.676620096 1.519551516 -0.897838831 31.951232910 0.023448680 0.057010178 0.002568482 0.998094916
564.707068736 1.536984563 -0.910047233 32.092018127 0.025752172 0.057420265 0.005118136 0.998004794
564.738782272 1.549822569 -0.919481754 32.242740631 0.024215987 0.059635948 0.004124975 0.997917891
564.770097984 1.565284848 -0.928642392 32.389446259 0.022805735 0.060149904 0.006771500 0.997905850
564.801545088 1.581466913 -0.943165720 32.531364441 0.029253157 0.060736399 0.006811231 0.997701824
564.833983872 1.594763160 -0.952614188 32.682662964 0.025052724 0.061682165 0.008425228 0.997745812
564.865647776 1.608781934 -0.966385245 32.827102661 0.028850133 0.062988468 0.007424787 0.997569501
564.897156320 1.629878283 -0.978393853 32.971725464 0.032419130 0.062712811 0.010843142 0.997446001
564.928536128 1.647585034 -0.988828659 33.118408203 0.028491050 0.062675603 0.010821765 0.997568488
564.959865376 1.665217519 -1.002915502 33.262378693 0.031018127 0.062942259 0.010158079 0.997483313
564.990935968 1.682499409 -1.013730884 33.407669067 0.030258952 0.063611843 0.009164642 0.997473776
565.022352384 1.700877547 -1.028410435 33.552009583 0.029692648 0.063688532 0.011240968 0.997464657
565.053750336 1.718453169 -1.042074800 33.696285248 0.031912182 0.063632682 0.008877851 0.997423530
565.085536608 1.737510920 -1.055204511 33.840076447 0.034146536 0.063301116 0.012232918 0.997335076
565.117176224 1.755111337 -1.069678068 33.983097076 0.037491012 0.063792728 0.009149678 0.997216702
565.148764192 1.772844553 -1.086193085 34.126655579 0.039859977 0.063604660 0.007880187 0.997147739
565.180096192 1.791366220 -1.099688172 34.270889282 0.039761808 0.063431136 0.007988513 0.997161806
565.212025184 1.811844230 -1.113435626 34.411941528 0.043125268 0.062878743 0.013323057 0.997000039
565.244698592 1.830339074 -1.128415823 34.564239502 0.041220449 0.063408390 0.009239149 0.997093201
565.276297152 1.846295357 -1.143593550 34.706577301 0.037540246 0.063643336 0.006842898 0.997242928
565.307996544 1.864401340 -1.162492037 34.844005585 0.048935786 0.063567229 0.006555750 0.996755540
565.339528864 1.879894614 -1.182060838 34.982532501 0.054318953 0.063038558 0.006722022 0.996509135
565.370903456 1.896962166 -1.194178820 35.124404907 0.052386321 0.061957814 0.002450573 0.996700048
565.402833536 1.916674733 -1.211142778 35.260257721 0.061410453 0.060137965 0.006673161 0.996276915
565.435675904 1.934167504 -1.226537585 35.408397675 0.050373666 0.060077593 0.007850849 0.996890962
565.466932512 1.948445797 -1.245487452 35.552978516 0.041672762 0.060291551 0.002328361 0.997307837
565.498252256 1.963961244 -1.262901545 35.691219330 0.041142233 0.061273124 -0.000798668 0.997272432
565.529657216 1.981346726 -1.276164651 35.836132050 0.027409015 0.060088437 0.001647227 0.997815311
565.561145152 1.996858358 -1.289536834 35.975860596 0.033217128 0.057063617 0.001415624 0.997816801
565.592945696 2.015051365 -1.307079434 36.109878540 0.044977207 0.054460831 0.005143309 0.997489154
565.624553728 2.026134491 -1.318576217 36.251201630 0.041695721 0.054407928 -0.001871484 0.997646093
565.656281728 2.037419558 -1.330330253 36.390453339 0.039822653 0.053887010 -0.008800382 0.997713864
565.687599552 2.049976826 -1.344192624 36.529655457 0.040535349 0.053158075 -0.009902697 0.997713923
565.719177344 2.064669371 -1.360187411 36.667602539 0.036724940 0.052021921 -0.005834428 0.997953415
565.750244704 2.076504946 -1.375525951 36.806674957 0.033684980 0.050465010 -0.010128733 0.998106241
565.781394208 2.088992596 -1.388404608 36.942543030 0.036324784 0.048689850 -0.010796516 0.998094797
565.812933184 2.102788925 -1.400248051 37.079914093 0.037547592 0.047382131 -0.007628356 0.998141766
565.844566560 2.123542786 -1.418080091 37.195774078 0.041749857 0.046713900 -0.006623910 0.998013437
565.877272544 2.136888981 -1.438023210 37.327392578 0.050528523 0.047544058 -0.004233915 0.997581303
565.911164416 2.149840593 -1.462842822 37.460693359 0.066437416 0.048729010 -0.005336123 0.996585727
565.942622624 2.163931608 -1.482725501 37.596611023 0.067753948 0.048951600 -0.007438695 0.996472716
565.974393184 2.175596952 -1.495030880 37.733116150 0.060831733 0.048550744 -0.012579207 0.996887207
566.005890720 2.193315983 -1.502284169 37.872352600 0.037489027 0.044823240 -0.005375618 0.998276830
566.037472928 2.206851006 -1.509720206 38.016574860 0.014728826 0.039282717 -0.002729102 0.999115825
566.068782624 2.213246346 -1.522146583 38.156272888 0.001158516 0.036652584 -0.012002070 0.999255300
566.100588320 2.214010954 -1.524509072 38.297355652 -0.010592095 0.035181519 -0.031589683 0.998825371
566.131984864 2.224880934 -1.523071766 38.442005157 -0.023487655 0.035009891 -0.026149819 0.998768628
566.163239616 2.243714094 -1.524891496 38.575424194 -0.018516634 0.039031122 -0.007753260 0.999036312
566.194824960 2.257929325 -1.527634263 38.709568024 -0.002096615 0.043509401 -0.004573043 0.999040365
566.226701856 2.264478445 -1.530647635 38.847465515 0.003274917 0.046970624 -0.017225187 0.998742402
566.268978144 2.289255142 -1.535229087 39.033325195 0.004683443 0.053565025 -0.005908147 0.998535931
566.299546784 2.309101820 -1.537595391 39.169967651 -0.001670231 0.059400801 -0.002338656 0.998230100
566.331014080 2.328997850 -1.539439797 39.315425873 -0.009340599 0.068229243 -0.006526364 0.997604609
566.363328608 2.353173256 -1.538177133 39.462684631 -0.018300273 0.078015015 -0.008372536 0.996749043
566.395411840 2.379547358 -1.535584450 39.606262207 -0.023455979 0.087740548 -0.007501793 0.995838940
566.428437152 2.409762859 -1.529520512 39.755851746 -0.033621114 0.096287385 -0.008018124 0.994753301
566.464380224 2.443839788 -1.522270441 39.923946381 -0.038109459 0.106209621 -0.012832973 0.993530333
566.495744416 2.480617285 -1.522314072 40.058837891 -0.028289163 0.115028374 -0.008588240 0.992922187
566.527151296 2.516601086 -1.530182123 40.199363708 -0.007416061 0.125346512 -0.005241038 0.992071450
566.558651680 2.562194109 -1.552818418 40.276535034 0.015596359 0.140673786 -0.013434073 0.989841998
566.592489600 2.604165554 -1.567442775 40.382263184 0.048684016 0.159841940 -0.023398403 0.985663712
566.632930144 2.656162500 -1.589249611 40.566123962 0.080489203 0.185850799 -0.034504864 0.978667676
566.669498112 2.703243256 -1.612196088 40.651756287 0.075150847 0.201962262 -0.026038587 0.976158619
566.706474208 2.777335167 -1.624632597 40.762378693 0.050110999 0.206291094 -0.011412906 0.977140009
566.742565728 2.817765236 -1.635209322 40.887462616 0.025925023 0.213583305 -0.006595934 0.976558506
566.777861696 2.856750250 -1.667600870 41.032764435 0.012876702 0.224635616 -0.000432069 0.974357665
566.813369888 2.937450647 -1.680745363 41.159461975 0.018477798 0.236906007 0.023689648 0.971067905
566.848612576 3.010863543 -1.685449123 41.288986206 0.026390279 0.252783388 0.025179315 0.966835082
566.883230208 3.077097416 -1.681358576 41.428657532 0.007438398 0.268996924 0.002175999 0.963109851
566.918460512 3.160205126 -1.691933155 41.548065186 0.016511397 0.286192268 0.015998635 0.957896352
566.953214720 3.236534834 -1.706706762 41.662349701 0.029610347 0.302851349 0.016934380 0.952427208
566.988860960 3.317192316 -1.713656068 41.791187286 0.017451372 0.314035147 0.007205276 0.949223638
567.024432064 3.396718264 -1.718189478 41.903053284 0.012510942 0.325751215 0.015186880 0.945250750
567.059511840 3.485640526 -1.725865006 42.015209198 0.019303650 0.338148773 0.019358678 0.940695465
567.094109600 3.571028709 -1.731329918 42.136043549 0.005056814 0.351974338 0.002531932 0.935992539
567.128904288 3.661059141 -1.737976670 42.239307404 0.010948050 0.362899691 0.010034948 0.931709826
567.163449760 3.761431694 -1.749082327 42.338611603 0.023996146 0.373123407 0.031006677 0.926952899
567.198377600 3.857482910 -1.760634303 42.439594269 0.024527185 0.378718853 0.037368633 0.924431741
567.238190944 3.954746008 -1.763714194 42.560153961 0.020648159 0.384224653 0.016429631 0.922862470
567.272944288 4.048173904 -1.767659545 42.661289215 0.024571776 0.383798271 0.021532970 0.922838807
567.308809632 4.141572475 -1.776154757 42.755905151 0.026116740 0.380915999 0.036865506 0.923505187
567.344894912 4.221241474 -1.785450101 42.851497650 0.023254085 0.379821062 0.022670258 0.924489737
567.381551456 4.313468933 -1.791113138 42.952377319 0.019257134 0.378249735 0.016990172 0.925347269
567.421695040 4.428558350 -1.793561339 43.065612793 0.019173803 0.375096709 0.030494751 0.926285505
567.457019264 4.529248714 -1.788236022 43.164974213 0.007300694 0.371986300 0.046109218 0.927063525
567.492590464 4.615025997 -1.788733959 43.275264740 -0.002987871 0.365261674 0.034222122 0.930270851
567.528074272 4.708018780 -1.793618679 43.380786896 -0.008736010 0.359169751 0.034014627 0.932611227
567.563331232 4.799304008 -1.800567865 43.477634430 0.006915850 0.350744694 0.040720653 0.935559809
567.600642432 4.896742821 -1.803971648 43.587608337 0.018489270 0.343253762 0.041547965 0.938141108
567.636651552 4.983885765 -1.800966620 43.700157166 0.008846880 0.340100706 0.030737691 0.939844906
567.672409600 5.074665070 -1.803778291 43.808406830 0.012552377 0.336782604 0.025845123 0.941143990
567.708247072 5.163723946 -1.811812758 43.904472351 0.019293066 0.335229397 0.034719273 0.941298902
567.744436864 5.249000549 -1.819759011 44.009128571 0.013773048 0.331666112 0.035676379 0.942621410
567.780167552 5.322549820 -1.818938613 44.125549316 0.006960496 0.330940872 0.018157635 0.943451107
567.816760448 5.416138172 -1.825695992 44.233055115 0.013105270 0.325935543 0.034150485 0.944684088
567.853199392 5.489741802 -1.833201528 44.337139130 0.018740658 0.323249519 0.024311323 0.945815802
567.890018272 5.569254398 -1.845205069 44.444522858 0.031056780 0.323385656 0.016916076 0.945606172
567.926713312 5.659912586 -1.851756215 44.563777924 0.025148254 0.323395014 0.019206990 0.945734799
567.963231296 5.750115395 -1.848291159 44.686031342 0.008269596 0.323521107 0.017942274 0.946014702
568.000381376 5.840251446 -1.853474379 44.795631409 0.011991985 0.322063535 0.030238189 0.946159005
568.038882368 5.932212830 -1.868791819 44.905502319 0.019974506 0.319943309 0.045622826 0.946126819
568.075765056 6.003011227 -1.879114747 45.020420074 0.023800630 0.319431543 0.019618455 0.947107255
568.112864704 6.086986542 -1.887207150 45.128223419 0.035848785 0.316585332 0.019150639 0.947692871
568.149549856 6.178513527 -1.891778827 45.244144440 0.028070170 0.314066648 0.032035839 0.948444963
568.189607936 6.266539574 -1.899273872 45.355991364 0.026968889 0.312605888 0.037746303 0.948749423
568.226198144 6.352095604 -1.908506989 45.483463287 0.020232005 0.317491978 0.021911636 0.947791874
568.262654816 6.438385963 -1.916507483 45.591728210 0.030793468 0.316888899 0.040895481 0.947080135
568.299050400 6.525793076 -1.925594211 45.702785492 0.028932085 0.316293478 0.047063991 0.947051406
568.336244992 6.604936123 -1.923006654 45.829849243 0.010996236 0.319836795 0.021761207 0.947158873
568.373541024 6.673289299 -1.932504892 45.936389923 0.020295201 0.323259771 0.000675152 0.946092367
568.410980736 6.770609379 -1.933684587 46.043849945 0.010174999 0.317019701 0.037733000 0.947613418
568.448732832 6.850162506 -1.937204838 46.146423340 0.012589283 0.316752255 0.035290625 0.947767913
568.489655200 6.929248810 -1.939868927 46.265033722 0.019211195 0.320579052 0.005456309 0.947011232
568.530709760 7.025995255 -1.955353498 46.385253906 0.023517262 0.316827297 0.015338524 0.948067605
568.561952960 7.105649471 -1.963497877 46.477317810 0.024577959 0.311628759 0.036874130 0.949169993
568.602329888 7.211943150 -1.958896279 46.613510132 0.011472420 0.306892306 0.042785350 0.950712860
568.639758816 7.287777424 -1.958312392 46.726169586 0.007116118 0.305804342 0.025944794 0.951714218
568.680550208 7.384572983 -1.970056534 46.843444824 0.016169032 0.306672871 0.036889069 0.950962424
568.724780736 7.473326206 -1.985297441 46.956165314 0.030835127 0.307009906 0.039313596 0.950393915
568.766737344 7.553557396 -2.000427008 47.072113037 0.051947791 0.313319147 0.008987925 0.948183358
568.808176032 7.631837845 -2.007291555 47.175163269 0.040601019 0.314791709 -0.001298849 0.948291123
568.848879200 7.736673832 -2.002610922 47.297172546 0.022412296 0.309765548 0.035441265 0.949887872
568.889410688 7.832412720 -2.003938437 47.417922974 0.003610607 0.312659532 0.041075859 0.948969841
568.929981344 7.912732601 -2.020927191 47.533843994 -0.000532934 0.320028186 0.023398140 0.947118878
568.970515776 7.999861717 -2.030334234 47.641819000 0.023721049 0.325579196 0.024385393 0.944902539
569.011345344 8.096296310 -2.034300566 47.752643585 0.029897269 0.325320750 0.042426262 0.944178283
569.052152160 8.189810753 -2.033082485 47.872825623 0.021800818 0.322785825 0.044252768 0.945185542
569.084176032 8.263593674 -2.030387878 47.977088928 0.007353715 0.320592523 0.038595568 0.946402013
569.116034464 8.335064888 -2.034451485 48.069015503 0.010203749 0.321546912 0.034875873 0.946196139
569.147447648 8.409448624 -2.037975311 48.158554077 0.004009098 0.318529546 0.048318550 0.946672142
569.178753632 8.489852905 -2.044826269 48.243835449 0.002305164 0.315585643 0.073662266 0.946030796
569.210102624 8.551985741 -2.051884651 48.327964783 0.007266927 0.318232626 0.058066800 0.946204722
569.242291712 8.603943825 -2.057820797 48.410678864 0.026902765 0.321646690 0.023691140 0.946180940
569.273906240 8.667528152 -2.060887337 48.486545563 0.039688502 0.322756082 0.021353608 0.945408583
569.314732224 8.773564339 -2.060137033 48.599273682 0.036994535 0.317679256 0.057266634 0.945744038
569.349089088 8.821141243 -2.063067913 48.699069977 0.023328628 0.319602787 0.015783750 0.947132885
569.380598304 8.891188622 -2.066864252 48.804672241 0.008201884 0.319949627 0.002258151 0.947396398
569.413181664 8.964865685 -2.081480265 48.891895294 0.014490844 0.319730639 0.016792355 0.947248876
569.444665824 9.043111801 -2.090452671 48.970954895 0.025838897 0.315397948 0.053239737 0.947112441
569.478480960 9.098359108 -2.097155333 49.063827515 0.024141056 0.319863081 0.022919877 0.946878850
569.511374592 9.163057327 -2.102674723 49.161914825 0.020981237 0.328149527 0.006685652 0.944369078
569.545266496 9.234387398 -2.102736712 49.259372711 0.009167794 0.333186328 0.003800546 0.942808747
569.577073952 9.309025764 -2.111728191 49.345390320 0.013541259 0.334971100 0.021461692 0.941886604
569.609249472 9.366694450 -2.117892742 49.420391083 0.028613778 0.342191815 0.018912781 0.939003885
569.640679744 9.416686058 -2.125014782 49.503124237 0.023991734 0.352208674 -0.007878871 0.935580790
569.672161856 9.477443695 -2.133723021 49.573982239 0.003364417 0.355266184 0.012713678 0.934672654
569.703510368 9.526564598 -2.136107683 49.632381439 -0.001269198 0.355843514 0.031627104 0.934009373
569.735190304 9.573823929 -2.147979021 49.682323456 0.020330831 0.357352793 0.042195305 0.932794273
569.766601344 9.616491318 -2.147382259 49.739887238 0.029456163 0.362983078 0.035414893 0.930656433
569.797916288 9.656149864 -2.135791063 49.806118011 0.010977971 0.366505414 0.018932285 0.930158496
569.838170720 9.702808380 -2.124788284 49.871318817 -0.002980577 0.362077922 0.031918261 0.931596398
569.868758304 9.733008385 -2.133726597 49.908267975 0.002136625 0.364942014 0.034840219 0.930375695
569.902796480 9.764269829 -2.139751673 49.956302643 -0.017068813 0.364508599 0.035062760 0.930383146
569.934783136 9.793774605 -2.141128302 49.997665405 -0.027841151 0.366749495 0.034642067 0.929257572
569.966434784 9.819016457 -2.143782377 50.027778625 -0.020698430 0.371592164 0.035285857 0.927494347
569.998011840 9.843618393 -2.144438267 50.050289154 -0.001136894 0.378332108 0.039607801 0.924821436
570.029456064 9.858825684 -2.142621756 50.076156616 0.001905394 0.380600393 0.029264161 0.924274504
570.060856512 9.876887321 -2.142145157 50.103652954 -0.006478169 0.376722723 0.024118768 0.925989330
570.092341504 9.893519402 -2.146757841 50.123306274 -0.005893508 0.376431048 0.023775771 0.926120758
570.124005696 9.905653954 -2.152797937 50.140399933 -0.005841340 0.376430809 0.018888839 0.926233768
570.155918624 9.917109489 -2.156176090 50.155483246 -0.003318421 0.374954879 0.016945211 0.926882267
570.187182816 9.928740501 -2.152203321 50.169105530 0.000865530 0.374030232 0.016877955 0.927262545
570.218474208 9.937050819 -2.146201849 50.186767578 -0.002519850 0.374602139 0.006009453 0.927162766
570.250122464 9.947465897 -2.147174835 50.198879242 -0.002868595 0.374314487 0.008847225 0.927255213
570.281508352 9.958107948 -2.149731398 50.208820343 -0.002924359 0.373287678 0.011885355 0.927634895
570.313103008 9.967726707 -2.149840593 50.217922211 -0.002776469 0.372216195 0.010964563 0.928077161
570.345315328 9.979925156 -2.146508217 50.222858429 0.001960463 0.371405721 0.018663086 0.928281009
570.376757152 9.991392136 -2.142572403 50.228206635 0.004362953 0.370379090 0.025289433 0.928526103
570.408365312 9.998072624 -2.143060207 50.234867096 0.005769975 0.369295359 0.026014717 0.928929985
570.439832992 10.001116753 -2.145216465 50.243385315 0.005053688 0.368398458 0.022914754 0.929371834
