407.215664192 0.000000000 0.000000000 0.000000000 0.000000000 0.000000000 0.000000000 1.000000000
407.242354336 -0.000208499 0.000615476 0.000310783 0.000861817 0.000057943 0.000353972 0.999999583
407.268993408 0.000124219 -0.000233079 0.002359558 0.005614740 -0.000079345 0.001323396 0.999983370
407.313963968 0.000126039 -0.002539724 0.014670687 0.012772894 -0.001771661 0.001926470 0.999915004
407.348511776 -0.001278582 -0.002979091 0.033265695 0.009694636 -0.005415620 0.001373866 0.999937415
407.384866080 -0.006594364 -0.003309848 0.058109574 0.009674441 -0.007693753 -0.007519250 0.999895334
407.415011680 -0.003619456 -0.003806089 0.083627477 0.003182635 -0.009667727 0.002241030 0.999945700
407.451355328 -0.000361827 0.000756361 0.123677894 -0.007788318 -0.014569439 0.012637540 0.999783635
407.487332576 0.000908225 -0.000979882 0.161408558 0.005557010 -0.010591777 0.010838222 0.999869704
407.524571392 -0.004994328 -0.010181671 0.208783910 0.022298021 -0.000511007 -0.007914078 0.999719918
407.564166496 -0.011397689 -0.016062226 0.270289809 0.028268501 0.008433478 -0.022746457 0.999305964
407.604809248 -0.010531155 -0.014953241 0.348886728 0.017229162 0.010721264 -0.025456453 0.999469936
407.642212800 -0.000242750 -0.012771191 0.425338596 0.000643419 0.014741328 -0.008716311 0.999853134
407.678731232 0.012096068 -0.012927731 0.497774601 -0.001222334 0.015596584 0.010215417 0.999825418
407.715557280 0.013957320 -0.011122595 0.571445704 0.005828226 0.017072588 0.001280540 0.999836445
407.760005216 0.017882669 -0.001336757 0.684181392 -0.011555223 0.016787749 0.012622502 0.999712646
407.786600160 0.019943461 0.004249838 0.752481043 -0.019375827 0.015685800 0.013307014 0.999600649
407.822394368 0.018128783 -0.002586525 0.838144064 -0.015345198 0.016164590 0.004845941 0.999739826
407.859244000 0.017834011 -0.017274231 0.928499460 -0.010136653 0.016233116 0.005859908 0.999799669
407.906874016 0.009064355 -0.028947663 1.044651270 0.006537803 0.009905542 -0.006045060 0.999911308
407.933564160 0.005955733 -0.029717315 1.114078403 0.009589517 0.005111459 -0.006952730 0.999916792
407.972616608 0.001925172 -0.025101559 1.208782554 0.012708439 -0.002281328 -0.004564089 0.999906242
408.008612896 0.001414204 -0.011235053 1.313375950 0.006679653 -0.014749980 0.012100084 0.999795675
408.045031136 -0.013036491 -0.003215889 1.416779637 0.001005926 -0.025299340 0.004362452 0.999669909
408.080946112 -0.021930631 -0.011284083 1.517089486 -0.006576716 -0.036850516 0.010528045 0.999243677
408.117645184 -0.038345441 -0.028702576 1.607869983 -0.002748107 -0.042348072 0.005401061 0.999084532
408.153735200 -0.062995583 -0.032001778 1.705460906 -0.002242434 -0.045288078 -0.019020995 0.998790324
408.190410560 -0.080037415 -0.038784727 1.806406736 0.010082890 -0.047726762 -0.017266173 0.998660266
408.229350976 -0.088068902 -0.046927702 1.909397840 0.030779915 -0.054624807 0.003273139 0.998027027
408.271071584 -0.067899510 -0.073565356 2.018653870 0.032441005 -0.074285269 0.021865277 0.996469378
408.314707072 -0.076978952 -0.084266603 2.151114702 0.022629526 -0.090172663 0.057184685 0.994025528
408.357534848 -0.106097132 -0.097323000 2.260897160 0.035801552 -0.095957585 0.033721209 0.994169652
408.395458880 -0.131020963 -0.101376742 2.373248577 0.014416020 -0.098410755 0.037826005 0.994322240
408.434108448 -0.155207977 -0.105858669 2.486450672 0.000101236 -0.098489612 0.040771797 0.994302511
408.471182688 -0.186392084 -0.112539507 2.591275454 0.009860558 -0.099799909 0.031967450 0.994444966
408.508288768 -0.209886849 -0.119139083 2.698984623 0.005912273 -0.105880246 0.043805905 0.993395925
408.548372960 -0.238252148 -0.123717315 2.821222782 -0.005383506 -0.111428909 0.051080164 0.992444158
408.588822752 -0.270780534 -0.127846912 2.935153246 0.003711398 -0.115171216 0.048650466 0.992146671
408.629313312 -0.308449984 -0.131553680 3.053100109 0.007205146 -0.116689853 0.036256433 0.992480278
408.669613120 -0.334255248 -0.138714656 3.179111004 0.004456965 -0.115987010 0.054832086 0.991726041
408.710264896 -0.368994772 -0.148215443 3.299921751 0.007122179 -0.114362098 0.041631635 0.992540896
408.751585216 -0.393352985 -0.151336446 3.434009314 -0.001410660 -0.115237772 0.062026445 0.991398513
408.793246144 -0.431396544 -0.155647025 3.566716671 -0.003342226 -0.112937160 0.048463002 0.992413878
408.837343744 -0.462984294 -0.169012889 3.710102797 0.001380404 -0.112928562 0.063568927 0.991566539
408.878436832 -0.494052023 -0.180031359 3.839799881 0.012541171 -0.112135731 0.061107166 0.991732955
408.919484736 -0.537883461 -0.179312438 3.977043629 0.006457890 -0.111194156 0.035304666 0.993150413
408.960017568 -0.553176105 -0.179667011 4.113934994 0.002893363 -0.110209003 0.076871119 0.990927041
409.001485408 -0.585470855 -0.179710239 4.256505013 -0.007725458 -0.108083017 0.074213453 0.991337836
409.039682336 -0.618495762 -0.183799177 4.390732765 -0.018729663 -0.110296264 0.064081356 0.991653919
409.083211712 -0.658382773 -0.180872694 4.546698093 -0.032594886 -0.107667737 0.051203419 0.992332339
409.114889216 -0.675137937 -0.180346191 4.657872677 -0.031943023 -0.107442237 0.068420008 0.991339743
409.147757888 -0.699191630 -0.183503374 4.773149490 -0.023557238 -0.109267995 0.071702525 0.991142929
409.179167008 -0.718597591 -0.191419095 4.880552292 -0.011740862 -0.107252717 0.074404798 0.991374254
409.218286752 -0.743879318 -0.203385264 5.008090019 0.011823554 -0.102102309 0.079657033 0.991509020
409.248519552 -0.760894537 -0.215529531 5.100978851 0.043179188 -0.095115371 0.083837613 0.990989327
409.280050304 -0.782689691 -0.230787605 5.201827049 0.068255216 -0.089446142 0.080034755 0.990421653
409.312961248 -0.804928243 -0.247844532 5.309638977 0.080099538 -0.088426225 0.075314313 0.989996314
409.344896320 -0.822160125 -0.267310858 5.419015408 0.084031872 -0.092589810 0.080137014 0.988910377
409.377007968 -0.843322635 -0.285553515 5.529786110 0.087440506 -0.097918309 0.080706611 0.988054931
409.408769248 -0.863410354 -0.304256111 5.641676903 0.076850809 -0.105646662 0.080596246 0.988148272
409.440631040 -0.890063882 -0.322698623 5.759039879 0.063994214 -0.113883942 0.075176135 0.988576651
409.472712928 -0.917447686 -0.342879653 5.872684002 0.057148065 -0.117983572 0.069414213 0.988936603
409.505482368 -0.945920408 -0.362323284 5.987504005 0.046299640 -0.120476969 0.068685427 0.989254236
409.536924992 -0.976640761 -0.378472239 6.099651814 0.038979411 -0.123008206 0.062866673 0.989645123
409.568464992 -1.008959532 -0.393329471 6.206491947 0.039469518 -0.125666454 0.059505366 0.989499450
409.600171840 -1.038567305 -0.405063570 6.320230961 0.032326758 -0.128803506 0.062485933 0.989171445
409.631693184 -1.066250443 -0.417049944 6.432016850 0.029286636 -0.129632503 0.072039962 0.988507926
409.665875552 -1.093464851 -0.431756556 6.540802479 0.034193411 -0.127767220 0.078102127 0.988132775
409.699515616 -1.123717904 -0.452893496 6.664070606 0.041576046 -0.123591714 0.077742539 0.988409162
409.731092192 -1.151611686 -0.468389899 6.772722244 0.045922376 -0.119370110 0.077049866 0.988789797
409.765146368 -1.181445360 -0.480141759 6.894244671 0.045692466 -0.115873173 0.078677244 0.989088237
409.796733440 -1.206086874 -0.489475667 7.009585857 0.040413756 -0.117351674 0.084221661 0.988686979
409.828679904 -1.234311104 -0.504830658 7.126244545 0.034190975 -0.120558351 0.087363027 0.988263309
409.861216992 -1.265475154 -0.517306924 7.249339581 0.020713262 -0.123859644 0.083918326 0.988527954
409.892810496 -1.300554991 -0.524628520 7.370450974 0.004472049 -0.128105119 0.074660003 0.988936305
409.924888064 -1.338306069 -0.525629580 7.491447449 -0.007018583 -0.134278819 0.063339233 0.988892376
409.956461664 -1.374350071 -0.524230123 7.614358902 -0.015543068 -0.141267374 0.061165426 0.987957835
409.988052096 -1.405188799 -0.529451728 7.735219955 -0.023649869 -0.146639809 0.070936136 0.986359715
410.021486112 -1.439409494 -0.538881958 7.850509167 -0.022063017 -0.150616080 0.070882604 0.985801041
410.053799104 -1.483981967 -0.544712901 7.969477177 -0.006925659 -0.153059676 0.059972987 0.986371160
410.085655328 -1.525149107 -0.546769559 8.081200600 0.005173718 -0.154556334 0.057149801 0.986316085
410.117494816 -1.560682416 -0.550586700 8.202644348 0.005243564 -0.157852352 0.071097009 0.984885991
410.149920192 -1.603141546 -0.559661090 8.321578979 0.010915829 -0.159681320 0.071930915 0.984483957
410.186496064 -1.646196008 -0.571310043 8.444095612 0.013957849 -0.160854280 0.069911711 0.984400034
410.218310848 -1.693880558 -0.583246589 8.576560020 0.013479378 -0.162043914 0.067737438 0.984363616
410.250019680 -1.737703800 -0.590255439 8.699850082 0.009934406 -0.161865622 0.063031532 0.984747648
410.281919808 -1.781682253 -0.596634626 8.828413963 0.001708065 -0.162714139 0.061402634 0.984759331
410.317298176 -1.814360976 -0.605298102 8.960026741 0.005762543 -0.163963422 0.063531198 0.984401584
410.351118688 -1.859899282 -0.620008886 9.102665901 0.011692311 -0.164636374 0.067004956 0.984006345
410.382608896 -1.908137083 -0.630415618 9.226861954 0.010647264 -0.164914295 0.058984175 0.984485030
410.414854912 -1.955366373 -0.635130942 9.351913452 0.014232227 -0.164236337 0.056618124 0.984691978
410.447206528 -1.998252630 -0.639343798 9.483760834 0.012307271 -0.164919779 0.063500628 0.984183788
410.478902464 -2.043808699 -0.645018160 9.612722397 -0.000569748 -0.167816222 0.059973452 0.983992159
410.512464352 -2.093225956 -0.654057384 9.747597694 -0.002367922 -0.170014784 0.055290624 0.983886302
410.548495200 -2.147446156 -0.663391888 9.897828102 -0.009214021 -0.171155199 0.054842047 0.983673394
410.580268512 -2.199336529 -0.666565359 10.026412964 -0.010670412 -0.172699079 0.048163630 0.983738482
410.613184224 -2.245888233 -0.671954274 10.152731895 0.004634941 -0.174275771 0.051713217 0.983327091
410.644800256 -2.294026613 -0.680151582 10.285431862 0.005559199 -0.176617086 0.058137879 0.982545376
410.682793088 -2.356564522 -0.686304867 10.443870544 0.004309098 -0.176866740 0.053840455 0.982751608
410.714904960 -2.406423092 -0.695445180 10.572593689 0.007654018 -0.175539404 0.051203616 0.983110130
410.755593696 -2.457823038 -0.703991950 10.707318306 0.003399732 -0.175678924 0.053381033 0.982993305
410.792647936 -2.526107073 -0.715324044 10.888530731 0.006351992 -0.176433593 0.051315717 0.982953429
410.824437760 -2.581495523 -0.724953651 11.032541275 0.007695983 -0.176792130 0.054952469 0.982682824
410.864923296 -2.648117065 -0.737986147 11.204806328 0.011170524 -0.177137882 0.054899540 0.982590139
410.895166912 -2.696453571 -0.745455623 11.330030441 0.014550414 -0.177330941 0.051688910 0.982685268
410.929659392 -2.751819134 -0.756413221 11.478500366 0.012645644 -0.178025782 0.054432362 0.982437789
410.961498560 -2.803086519 -0.767929316 11.614174843 0.013230195 -0.178032219 0.055356443 0.982377291
410.993606432 -2.854317904 -0.779083848 11.753063202 0.014109481 -0.178540334 0.055064730 0.982289255
411.025389568 -2.909173489 -0.788724124 11.891642570 0.015140980 -0.179259866 0.053388279 0.982235372
411.056858688 -2.962279320 -0.799406588 12.031752586 0.013355743 -0.179209679 0.055432685 0.982157171
411.088322912 -3.015659809 -0.811804354 12.169758797 0.013092614 -0.178728417 0.057870485 0.982107818
411.119828256 -3.069334030 -0.823507786 12.306531906 0.015151595 -0.178248361 0.057454459 0.982189894
411.151326848 -3.125794649 -0.836594641 12.443523407 0.019420397 -0.177879989 0.056705981 0.982225001
411.183685056 -3.179057837 -0.847932816 12.584443092 0.013483188 -0.177775279 0.058953244 0.982211113
411.215827808 -3.234273911 -0.860687613 12.730070114 0.016860841 -0.176902086 0.062634237 0.982088745
411.247864576 -3.290934563 -0.875894725 12.875617981 0.018561980 -0.176540196 0.063096218 0.982093632
411.281308640 -3.347915649 -0.886346221 13.022084236 0.012828424 -0.176962703 0.060937438 0.982245505
411.315885696 -3.408966064 -0.901387453 13.182279587 0.018919639 -0.176052958 0.066095509 0.981976986
411.348513536 -3.455617666 -0.913777173 13.329683304 0.014132037 -0.175077975 0.064723633 0.982323170
411.382910336 -3.512889624 -0.927961767 13.476312637 0.017353524 -0.170605466 0.065180250 0.983028054
411.416760544 -3.565906286 -0.946182966 13.637758255 0.020658959 -0.164977342 0.066954352 0.983805239
411.450767680 -3.618715048 -0.960260093 13.793850899 0.016432965 -0.160940528 0.069269545 0.984393120
411.482660064 -3.668551207 -0.975538194 13.941682816 0.022911958 -0.158602029 0.070931301 0.984524846
411.514203776 -3.718414307 -0.989250243 14.085171700 0.025739677 -0.159333289 0.069858037 0.984413624
411.546279808 -3.770549536 -1.005929708 14.232790947 0.023333639 -0.160604760 0.069766693 0.984273434
411.577385888 -3.820171595 -1.021278262 14.379170418 0.023236046 -0.161324680 0.072202437 0.983982325
411.608840672 -3.869958401 -1.037365794 14.522013664 0.024093015 -0.161739022 0.071491554 0.983945608
411.640110720 -3.922123432 -1.050358057 14.667289734 0.022098070 -0.161891222 0.068337731 0.984191477
411.671722048 -3.970867872 -1.067011714 14.814282417 0.021768803 -0.160764635 0.072331056 0.984098077
411.700690592 -4.018379688 -1.079460859 14.950364113 0.016753556 -0.160037324 0.071438827 0.984379947
411.729162912 -4.061214447 -1.097354054 15.079921722 0.023971580 -0.159086987 0.072649591 0.984296083
411.761394880 -4.112177849 -1.112863541 15.227042198 0.023458138 -0.158875629 0.072666906 0.984341264
411.790131392 -4.155080795 -1.123114467 15.366029739 0.017153734 -0.159176186 0.071665399 0.984496236
411.818997728 -4.199285984 -1.137390852 15.497709274 0.022220381 -0.157998994 0.071434073 0.984601319
411.847791008 -4.242502213 -1.149968863 15.632764816 0.021378413 -0.158271104 0.070706710 0.984628737
411.879553792 -4.293630600 -1.165937424 15.780381203 0.021342821 -0.158868849 0.069804043 0.984597683
411.908571552 -4.338168144 -1.182528973 15.912391663 0.026289770 -0.158181012 0.072530106 0.984391689
411.937197056 -4.382494450 -1.193705559 16.050970078 0.021182608 -0.157931507 0.071261130 0.984647572
411.965879392 -4.428181171 -1.206637025 16.185037613 0.021537056 -0.157411873 0.071370631 0.984715104
411.994979776 -4.474586964 -1.218769550 16.319458008 0.022970842 -0.156635702 0.070683867 0.984856009
412.024001440 -4.522545338 -1.234731793 16.461875916 0.017547561 -0.155821785 0.071776591 0.985017657
412.052618688 -4.566076279 -1.247965336 16.596920013 0.016857680 -0.154979125 0.071592934 0.985176027
412.081424800 -4.610789776 -1.261599660 16.730859756 0.023101926 -0.154422730 0.072343692 0.985081911
412.111999936 -4.657582760 -1.271235347 16.870534897 0.022036357 -0.154998869 0.071968988 0.985043228
412.141525408 -4.706595898 -1.288998604 17.015058517 0.020132722 -0.155188859 0.072062969 0.985047221
412.170431552 -4.751771450 -1.303404689 17.152643204 0.020131322 -0.154622421 0.072270446 0.985121131
412.199250176 -4.797867775 -1.318131566 17.292387009 0.019382857 -0.154655337 0.072051212 0.985146999
412.228410880 -4.842419147 -1.330213308 17.429092407 0.018229088 -0.154535651 0.070250340 0.985317886
412.257240896 -4.888532639 -1.344212174 17.570541382 0.016957954 -0.154011145 0.072399199 0.985267162
412.285873792 -4.931307793 -1.356812835 17.707841873 0.015569801 -0.153506309 0.072513781 0.985360444
412.317281632 -4.975473404 -1.368025064 17.847749710 0.016946241 -0.153595999 0.072077289 0.985355794
412.346386656 -5.024253845 -1.380025983 17.997192383 0.018096348 -0.153434798 0.072774872 0.985309184
412.376093376 -5.068418026 -1.393890142 18.139921188 0.017909287 -0.153154016 0.075075753 0.985183597
412.415126592 -5.125916958 -1.412548542 18.327241898 0.022258105 -0.152224571 0.075109802 0.985236406
412.444904448 -5.171430111 -1.427549362 18.471597672 0.026089231 -0.152019903 0.076571673 0.985061467
412.475260864 -5.216190815 -1.439078212 18.616521835 0.022671927 -0.152594611 0.077462502 0.984987497
412.509257440 -5.262892246 -1.458668947 18.765813828 0.024406483 -0.152326122 0.078281388 0.984922886
412.544014208 -5.322754860 -1.476972580 18.961317062 0.021189498 -0.151623860 0.077648856 0.985155761
412.572832256 -5.368017197 -1.493198752 19.101224899 0.023304796 -0.150891587 0.077719748 0.985214829
412.601602624 -5.412096024 -1.505623817 19.243009567 0.022073174 -0.149893805 0.076874427 0.985461771
412.630661024 -5.457581997 -1.522316098 19.385316849 0.021399142 -0.149071932 0.077734262 0.985533893
412.659568608 -5.500747681 -1.536956429 19.525674820 0.024002431 -0.148937792 0.077891827 0.985481739
412.688246400 -5.546567440 -1.550091147 19.668107986 0.022675106 -0.149693340 0.076753072 0.985488057
412.717733728 -5.592031002 -1.563660979 19.812650681 0.021043181 -0.150131181 0.076350100 0.985488951
412.747904608 -5.639464378 -1.579156160 19.962882996 0.018816711 -0.149987087 0.076401435 0.985551953
412.779578016 -5.687155247 -1.595401525 20.115512848 0.026958281 -0.149938077 0.075348608 0.985451341
412.811212672 -5.738345146 -1.611129284 20.271102905 0.025462274 -0.150884390 0.075029247 0.985371113
412.842656320 -5.786535263 -1.626538634 20.430522919 0.024387661 -0.151201010 0.075448647 0.985317707
412.874022624 -5.836053848 -1.642954946 20.583871841 0.026776150 -0.151242271 0.073909394 0.985366046
412.905432352 -5.888208866 -1.658757329 20.739145279 0.023263719 -0.152428612 0.071729653 0.985433519
412.937121792 -5.939405441 -1.675903678 20.892543793 0.028810872 -0.153129384 0.070746236 0.985249341
412.972139104 -5.993773937 -1.694779873 21.051456451 0.030563246 -0.153324962 0.069226570 0.985274076
413.003587552 -6.057455540 -1.712255239 21.214067459 0.032803316 -0.154043347 0.067598082 0.985203028
413.035844416 -6.112104893 -1.726844192 21.371623993 0.033267897 -0.157213718 0.068062991 0.984654546
413.068941856 -6.165966511 -1.749921799 21.529788971 0.032792076 -0.160517126 0.067779869 0.984156907
413.105028256 -6.219252110 -1.774150610 21.685947418 0.036840584 -0.163611382 0.065647602 0.983648539
413.140776032 -6.291369915 -1.794921398 21.872974396 0.042067964 -0.166233689 0.061330989 0.983277798
413.172886528 -6.346630096 -1.810072660 22.029258728 0.038549196 -0.168591961 0.062666796 0.982936203
413.213855744 -6.417275429 -1.838258982 22.230846405 0.037598040 -0.168809220 0.061902765 0.982984185
413.243187456 -6.469663620 -1.858886003 22.372106552 0.039212123 -0.168774351 0.057591915 0.983189106
413.274896032 -6.523908138 -1.877716780 22.524026871 0.041290015 -0.169367388 0.057467382 0.983009338
413.306283744 -6.578722954 -1.895760417 22.677673340 0.038893063 -0.169932410 0.061344016 0.982775271
413.337810976 -6.620992184 -1.917580366 22.821662903 0.042966362 -0.171766594 0.060364529 0.982347310
413.369207744 -6.677089691 -1.938709855 22.972541809 0.044264354 -0.172555819 0.058319438 0.982274890
413.401069184 -6.733823299 -1.959706903 23.124679565 0.046967816 -0.172526911 0.059805125 0.982065082
413.435077568 -6.790820599 -1.984101892 23.283361435 0.049493589 -0.172255501 0.059248768 0.982022405
413.466404704 -6.846109390 -2.006854296 23.437297821 0.055678796 -0.173182696 0.062112126 0.981351018
413.497762336 -6.898808956 -2.030938148 23.587179184 0.056065649 -0.173794866 0.063366517 0.981140494
413.529077472 -6.952888489 -2.056587696 23.739170074 0.052728649 -0.173826233 0.063791230 0.981292427
413.560948448 -7.006257057 -2.077802658 23.889234543 0.055297401 -0.173813716 0.066070437 0.981002390
413.594379488 -7.064237595 -2.105108976 24.049831390 0.059093729 -0.173976257 0.064795405 0.980837286
413.625882880 -7.118012428 -2.129736423 24.201414108 0.060109012 -0.174683735 0.065262519 0.980618834
413.657364160 -7.170835495 -2.156033516 24.352725983 0.059300169 -0.175528824 0.070422687 0.980160058
413.689932320 -7.230579853 -2.179388285 24.510023117 0.057644024 -0.176925004 0.068427689 0.980149150
413.721719584 -7.290592194 -2.203581095 24.660717010 0.054173179 -0.177511543 0.060578704 0.980757415
413.753193792 -7.346858978 -2.232934952 24.811218262 0.049876753 -0.178178832 0.061864700 0.980784059
413.784765632 -7.401894093 -2.256422520 24.960931778 0.047326177 -0.178095043 0.061343487 0.980958343
413.816681344 -7.457196712 -2.275087595 25.105453491 0.052856833 -0.176810622 0.057702564 0.981129229
413.848508960 -7.514004707 -2.298330069 25.260919571 0.051234357 -0.174266994 0.057539113 0.981679857
413.880461728 -7.567387581 -2.324829102 25.409389496 0.051940076 -0.171026021 0.057847582 0.982194483
413.912640800 -7.623062611 -2.348329544 25.562444687 0.051423118 -0.170074105 0.056918234 0.982441247
413.945084160 -7.679357529 -2.371872663 25.717521667 0.051930789 -0.170602858 0.055237152 0.982418835
413.976581504 -7.733097553 -2.396847486 25.865743637 0.053103466 -0.171446130 0.053727541 0.982293010
414.017434624 -7.802088261 -2.431940079 26.051561356 0.061205737 -0.173161954 0.053965911 0.981507242
414.048435072 -7.855561256 -2.459150076 26.196321487 0.066391006 -0.175944075 0.053944588 0.980676293
414.079785280 -7.912392616 -2.485405684 26.341976166 0.069269314 -0.177882150 0.049723264 0.980350614
414.111401664 -7.969789505 -2.515750885 26.488607407 0.072906539 -0.178906590 0.049053695 0.979934096
414.144482528 -8.029206276 -2.547094584 26.635961533 0.074004866 -0.180810094 0.045081057 0.979693174
414.184082144 -8.105842590 -2.584669590 26.821161270 0.074803375 -0.184440643 0.039095089 0.979212761
414.213305248 -8.157011986 -2.612605095 26.952281952 0.077239119 -0.187140390 0.043289807 0.978334606
414.246180864 -8.220193863 -2.644948244 27.103778839 0.073812015 -0.189559683 0.039413463 0.978297234
414.278348064 -8.284452438 -2.669428349 27.252632141 0.063190125 -0.192032024 0.033544365 0.978777528
414.309743904 -8.351480484 -2.684143305 27.406053543 0.044298679 -0.194177046 0.027285995 0.979585826
414.341632480 -8.420688629 -2.695229530 27.564924240 0.014990422 -0.196584687 0.020223539 0.980163634
414.373077632 -8.473526001 -2.724111795 27.698333740 0.027523540 -0.196545944 0.032573368 0.979566813
414.405192288 -8.520304680 -2.756825209 27.825361252 0.062392890 -0.196967378 0.055135973 0.976867914
414.436797664 -8.580828667 -2.784223080 27.954593658 0.102648646 -0.190861419 0.046944294 0.975105822
414.471045184 -8.647715569 -2.814720631 28.086425781 0.107048392 -0.186761141 0.025646852 0.976218820
414.502801088 -8.708003044 -2.850120306 28.270133972 0.083165489 -0.193424866 0.047759619 0.976416588
414.535461696 -8.750967026 -2.885230780 28.411649704 0.069872268 -0.196426511 0.077069156 0.974984586
414.566848000 -8.829359055 -2.916038513 28.559850693 0.063564867 -0.188847631 0.040640172 0.979103923
414.598613696 -8.896667480 -2.934302330 28.704702377 0.050442919 -0.184782267 0.023417415 0.981204689
414.629990688 -8.960961342 -2.946285248 28.847980499 0.032545280 -0.184092149 0.012716203 0.982287705
414.661277120 -9.006702423 -2.965521336 28.993835449 0.023381414 -0.181788027 0.039492648 0.982266128
414.693025824 -9.054072380 -2.991007805 29.120811462 0.043614358 -0.181684971 0.049118791 0.981160402
414.724775392 -9.110821724 -3.015905619 29.241830826 0.079061009 -0.179110169 0.045991696 0.979568124
414.756085120 -9.172127724 -3.039108753 29.372808456 0.095852345 -0.174686879 0.034173764 0.979351282
414.787447936 -9.214634895 -3.066713095 29.495876312 0.098579533 -0.172454536 0.041667402 0.979186058
414.819247648 -9.262892723 -3.099926949 29.631557465 0.093469664 -0.169856533 0.047501389 0.979875386
414.851861184 -9.314975739 -3.134092093 29.775749207 0.091593653 -0.165018216 0.048458904 0.980831921
414.883612032 -9.361253738 -3.162317991 29.916158676 0.076625332 -0.163078859 0.050637208 0.982328713
414.915185696 -9.405382156 -3.188281536 30.060453415 0.058702487 -0.160366267 0.056701712 0.983677566
414.948532960 -9.453692436 -3.219133139 30.202621460 0.062982351 -0.152584270 0.055534612 0.984716833
414.980794304 -9.499585152 -3.247161627 30.341112137 0.060705326 -0.151124999 0.056258731 0.985043705
415.013135840 -9.547554016 -3.267970085 30.479616165 0.066156581 -0.150183439 0.053649910 0.984982193
415.045192864 -9.598001480 -3.285021782 30.627519608 0.054931220 -0.150802642 0.051397987 0.985697389
415.083959040 -9.647124290 -3.305328369 30.762544632 0.049532123 -0.150414124 0.040300895 0.986558616
415.120893120 -9.707290649 -3.342907667 30.952878952 0.048225027 -0.150323004 0.044835277 0.986441672
415.154504992 -9.750749588 -3.367204666 31.090942383 0.050255079 -0.151088566 0.048038185 0.986072540
415.185890144 -9.796384811 -3.383542776 31.231735229 0.050533384 -0.151305199 0.050142992 0.985920310
415.217584864 -9.847895622 -3.397288561 31.373052597 0.038268313 -0.151699111 0.042174656 0.986784756
415.252724576 -9.893441200 -3.421829462 31.521072388 0.046360008 -0.150122285 0.048982438 0.986364424
415.284180928 -9.935684204 -3.446271658 31.653545380 0.050132584 -0.150026977 0.051544722 0.986063778
415.316088864 -9.974653244 -3.471952200 31.782457352 0.058775753 -0.148717120 0.062400240 0.985157251
415.347801504 -10.013020515 -3.493458748 31.915191650 0.062641129 -0.146316871 0.065396704 0.985084116
415.380459360 -10.053884506 -3.516389132 32.056621552 0.061048880 -0.144151047 0.068914264 0.985263586
415.415115584 -10.090582848 -3.541406155 32.191699982 0.062492102 -0.142528892 0.077265844 0.984789431
415.451095904 -10.138233185 -3.569443703 32.354576111 0.058457818 -0.143443525 0.079229884 0.984748363
415.483595232 -10.178898811 -3.594876289 32.489646912 0.054929510 -0.149182573 0.078652024 0.984144866
415.515552832 -10.215859413 -3.623695612 32.617176056 0.065110706 -0.154612675 0.083141916 0.982315063
415.546949344 -10.255231857 -3.647244692 32.754707336 0.049695797 -0.163378030 0.095019549 0.980718732
415.578193952 -10.302244186 -3.659315348 32.883018494 0.047544092 -0.166340515 0.081426449 0.981549859
415.609842496 -10.348077774 -3.683339357 32.998241425 0.061400793 -0.163148105 0.070099689 0.982190728
415.642940320 -10.385159492 -3.711536407 33.128871918 0.053689763 -0.163330182 0.085673608 0.981376946
415.675052576 -10.424403191 -3.741440535 33.259784698 0.069467209 -0.164561152 0.103707232 0.978436887
415.706513472 -10.472732544 -3.767120361 33.380378723 0.082408749 -0.163514733 0.095570400 0.978436530
415.737678688 -10.523915291 -3.791834593 33.515075684 0.063898347 -0.163525581 0.083647177 0.980907500
415.768967840 -10.567309380 -3.814334154 33.639877319 0.059391376 -0.166823223 0.085555598 0.980470777
415.800369472 -10.608670235 -3.838135481 33.765308380 0.060019240 -0.170747757 0.095567495 0.978830814
415.832057920 -10.654259682 -3.860950470 33.896480560 0.049792320 -0.175006345 0.098357618 0.978375852
415.863896576 -10.703339577 -3.880740166 34.018669128 0.042957231 -0.179939374 0.089435220 0.978661239
415.895295744 -10.756882668 -3.899728298 34.143974304 0.036611054 -0.187582463 0.079261608 0.978360891
415.926866400 -10.804643631 -3.919561148 34.260131836 0.050130703 -0.192963794 0.079556301 0.976689637
415.958219872 -10.851076126 -3.935618877 34.383132935 0.041398883 -0.199323624 0.083961695 0.975452065
415.990162080 -10.903995514 -3.952359915 34.502281189 0.036280688 -0.201159284 0.070550494 0.976340771
416.021866688 -10.954909325 -3.970040560 34.622226715 0.040756077 -0.203282431 0.067918934 0.975910962
416.054682880 -11.008553505 -3.989696503 34.746303558 0.043926217 -0.205135226 0.066563666 0.975479007
416.086006752 -11.062730789 -4.009085655 34.870117188 0.043308359 -0.206497043 0.062877722 0.975463867
416.117476288 -11.107048988 -4.031860352 34.986545563 0.049460564 -0.207239747 0.072789639 0.974323869
416.148874624 -11.156031609 -4.054979801 35.111080170 0.046800818 -0.206490353 0.081981644 0.973884225
416.180304416 -11.216180801 -4.067509651 35.232482910 0.046177410 -0.202598765 0.067051046 0.975871682
416.211866464 -11.279113770 -4.076632500 35.357082367 0.035413548 -0.199382633 0.048936069 0.978058100
416.256838112 -11.337442398 -4.101511002 35.504840851 0.038169917 -0.202910349 0.066417046 0.976196289
416.288157024 -11.391250610 -4.131443977 35.644134521 0.043453544 -0.209038720 0.079696313 0.973685324
416.319848000 -11.442385674 -4.153425694 35.759090424 0.052676506 -0.212850079 0.080658905 0.972324133
416.351846784 -11.505231857 -4.170726776 35.881248474 0.047377124 -0.215261057 0.067570820 0.973063350
416.385291008 -11.571215630 -4.182785988 35.998584747 0.047741216 -0.215204418 0.052480593 0.973988473
416.416835904 -11.626770020 -4.206115246 36.126323700 0.047194466 -0.217424676 0.066851228 0.972640753
416.449115264 -11.682861328 -4.231581688 36.244983673 0.047728613 -0.216904819 0.071136408 0.972426772
416.480555008 -11.736219406 -4.255536556 36.359905243 0.053823356 -0.217153341 0.075941615 0.971689403
416.512884704 -11.803016663 -4.276043892 36.470718384 0.065316468 -0.214924932 0.053890754 0.972952604
416.544798144 -11.849024773 -4.298141956 36.581882477 0.056040779 -0.216496378 0.067469716 0.972335637
416.576196608 -11.902643204 -4.316983700 36.699329376 0.057402760 -0.217740536 0.077469774 0.971232414
416.607571936 -11.963639259 -4.336499214 36.816806793 0.052690722 -0.220472023 0.070354365 0.971424758
416.639066624 -12.021499634 -4.362709522 36.926685333 0.062126521 -0.218242571 0.065594710 0.971703529
416.670635328 -12.076635361 -4.385795593 37.045402527 0.057296719 -0.219110012 0.070763387 0.971442461
416.701819328 -12.134802818 -4.405588627 37.165058136 0.045787450 -0.220844224 0.070879981 0.971651852
416.733203424 -12.189194679 -4.427318096 37.273296356 0.060424138 -0.218301103 0.069027737 0.971559942
416.765082720 -12.244305611 -4.448410034 37.388355255 0.057967272 -0.220125481 0.074059434 0.970927298
416.796488960 -12.296206474 -4.472020626 37.505931854 0.053414527 -0.221422613 0.078968920 0.970506489
416.833176704 -12.352339745 -4.495421410 37.614170074 0.063671134 -0.218745425 0.069602929 0.971211553
416.912411232 -12.503367424 -4.551018238 37.923316956 0.054506347 -0.221060917 0.063548401 0.971659780
416.945723456 -12.561115265 -4.574512005 38.044948578 0.060832296 -0.221171111 0.064839311 0.971173823
416.977207104 -12.614880562 -4.597963333 38.161323547 0.052653059 -0.221931145 0.063891061 0.971541166
417.010651808 -12.673892975 -4.622958183 38.283222198 0.054672204 -0.219230756 0.060390480 0.972266316
417.042489312 -12.730569839 -4.642595768 38.396537781 0.063052461 -0.215475112 0.053097229 0.973023951
417.073934560 -12.777725220 -4.660974503 38.510795593 0.052748911 -0.215263903 0.061645843 0.973179758
417.105351168 -12.829412460 -4.683691502 38.624225616 0.057228368 -0.213891357 0.063176885 0.973131061
417.136771136 -12.884197235 -4.707822323 38.738990784 0.059782464 -0.212700158 0.059691645 0.973458588
417.168432800 -12.942915916 -4.729445934 38.857257843 0.055295672 -0.213066399 0.054087304 0.973971069
417.202266656 -12.998378754 -4.750678062 38.986152649 0.054666262 -0.214352220 0.065243572 0.973040581
417.234154592 -13.052051544 -4.769846439 39.105300903 0.052361537 -0.216109723 0.068772927 0.972535372
417.275433376 -13.123677254 -4.800446510 39.254920959 0.053161658 -0.216459990 0.064444087 0.972710550
417.305566656 -13.173024178 -4.824066639 39.364757538 0.057600070 -0.215703264 0.068325989 0.972360969
417.336917472 -13.222764969 -4.845429897 39.481712341 0.057463072 -0.215245575 0.077430248 0.971787989
417.368418752 -13.280608177 -4.862076759 39.602775574 0.051785912 -0.213790327 0.074657887 0.972644925
417.399978176 -13.338027954 -4.880036354 39.718708038 0.053950679 -0.210035205 0.068236046 0.973816395
417.431443232 -13.391823769 -4.903864384 39.834465027 0.052597921 -0.209943146 0.069501542 0.973820746
417.464269056 -13.449633598 -4.925748825 39.953823090 0.047693238 -0.212762982 0.062686950 0.973923802
417.495779200 -13.504881859 -4.947861671 40.075210571 0.048724707 -0.216063604 0.065843202 0.972937346
417.527277216 -13.558986664 -4.967257977 40.190361023 0.053854153 -0.220334187 0.067279987 0.971610010
417.558693088 -13.621194839 -4.984029293 40.308605194 0.048544928 -0.223805964 0.058399715 0.971670568
417.590236640 -13.679787636 -5.003876686 40.424133301 0.050707262 -0.225924551 0.053790871 0.971335888
417.622327552 -13.737442017 -5.023423672 40.544399261 0.047202706 -0.227593571 0.055820238 0.971008360
417.654438368 -13.795460701 -5.043183327 40.663486481 0.041524258 -0.227829695 0.054188702 0.971304774
417.686375872 -13.854439735 -5.064002037 40.779296875 0.047068827 -0.226114646 0.053833779 0.971472383
417.718323648 -13.913080215 -5.080850601 40.903163910 0.037507270 -0.227291062 0.057690576 0.971392691
417.749750272 -13.972052574 -5.099040031 41.019104004 0.046223454 -0.226909369 0.058350231 0.971066833
417.781484160 -14.032608032 -5.116481304 41.134288788 0.048796762 -0.226671740 0.055974439 0.971136272
417.816287040 -14.090611458 -5.136195183 41.254459381 0.043881152 -0.228381723 0.059712116 0.970747471
417.848325888 -14.155526161 -5.160080910 41.380630493 0.049834128 -0.228658244 0.058295731 0.970481098
417.880570496 -14.221866608 -5.178945065 41.501251221 0.048743691 -0.230638742 0.050480478 0.970505834
417.914111712 -14.289624214 -5.193943977 41.625736237 0.041335568 -0.234864116 0.049935587 0.969864249
417.945607072 -14.350858688 -5.213543415 41.746315002 0.044644009 -0.238239437 0.054973241 0.968621075
417.976863904 -14.416430473 -5.232451439 41.866706848 0.038547918 -0.240140766 0.051502574 0.968604147
418.008433600 -14.484937668 -5.250637054 41.982181549 0.034960110 -0.240693718 0.042929195 0.969020844
418.040644384 -14.545546532 -5.275028706 42.091209412 0.058082256 -0.238146588 0.044406507 0.968473375
418.071871136 -14.605840683 -5.296238422 42.208061218 0.059413943 -0.237934232 0.050159566 0.968163848
418.103364544 -14.667820930 -5.313673019 42.326648712 0.053993344 -0.237636015 0.051839367 0.968466043
418.134697696 -14.729631424 -5.329247952 42.448104858 0.051769190 -0.236228511 0.057504557 0.968612075
418.166910880 -14.796453476 -5.350582600 42.562782288 0.055480741 -0.233515620 0.046636049 0.969648063
418.198402048 -14.857884407 -5.377903461 42.679462433 0.056634277 -0.233935758 0.048100967 0.969408572
418.230114752 -14.918965340 -5.397704124 42.801548004 0.044090543 -0.236725181 0.053288948 0.969111741
418.264140192 -14.985500336 -5.410333157 42.930721283 0.032925669 -0.239282176 0.058567721 0.968622625
418.296656448 -15.059976578 -5.419608116 43.051036835 0.032822344 -0.236341625 0.041120723 0.970244527
418.328294496 -15.127881050 -5.437907696 43.176895142 0.024907554 -0.235671252 0.042124491 0.970599890
418.359408448 -15.187454224 -5.457798004 43.294391632 0.028834715 -0.232548192 0.052558426 0.970735550
418.391670304 -15.256866455 -5.472579002 43.413925171 0.028926766 -0.229955509 0.043304961 0.971806765
418.423794624 -15.321382523 -5.485298157 43.536006927 0.020914132 -0.230192855 0.043278251 0.971957207
418.455389760 -15.383410454 -5.499195099 43.658508301 0.025314892 -0.230306178 0.053428337 0.971320570
418.486679392 -15.449667931 -5.515295506 43.776805878 0.031999350 -0.228647873 0.049684018 0.971713781
418.517950624 -15.516835213 -5.525496483 43.897914886 0.021555101 -0.230435222 0.041186363 0.971976697
418.549234016 -15.577055931 -5.538154125 44.017131805 0.013787355 -0.233656034 0.046334773 0.971116781
418.580848000 -15.637115479 -5.550553799 44.129184723 0.018099912 -0.233452111 0.046848416 0.971070409
418.612375328 -15.695435524 -5.559893131 44.240684509 0.009444311 -0.235445082 0.048220016 0.970644772
418.644104544 -15.752170563 -5.572934628 44.343048096 0.010464394 -0.237434864 0.047784913 0.970171034
418.675468224 -15.801675797 -5.583736897 44.438896179 0.016862167 -0.237128600 0.054425415 0.969805956
418.706838816 -15.857166290 -5.589629173 44.534763336 0.011122557 -0.236827582 0.045143258 0.970438600
418.738398752 -15.907744408 -5.599184036 44.622486115 0.011296245 -0.236464351 0.039236873 0.970781922
418.769806528 -15.949247360 -5.610293865 44.706932068 0.015162311 -0.237191498 0.050172854 0.970047951
418.801682048 -15.995059013 -5.618861198 44.789333344 0.018925635 -0.237691388 0.048564218 0.969941318
418.834325120 -16.038543701 -5.628026485 44.868434906 0.014315810 -0.240003482 0.046153460 0.969568610
418.876253632 -16.084861755 -5.640117645 44.961956024 0.012855873 -0.242570385 0.054534357 0.968514502
418.906699968 -16.119443893 -5.644894600 45.021408081 0.021195386 -0.241192967 0.050007220 0.968956113
418.938456544 -16.156986237 -5.649340153 45.085388184 0.015848016 -0.240999460 0.044255659 0.969386160
418.969924576 -16.184270859 -5.659203053 45.140880585 0.016029514 -0.240982309 0.051349048 0.969037592
419.002614112 -16.215339661 -5.666449070 45.196289062 0.018101564 -0.239554957 0.049803924 0.969435573
419.033974368 -16.243597031 -5.672850609 45.246726990 0.017290495 -0.237599626 0.047162700 0.970063448
419.065643136 -16.267686844 -5.678768635 45.291740417 0.023074122 -0.236176431 0.049837004 0.970156968
419.096967360 -16.292356491 -5.684847355 45.336917877 0.017779535 -0.237263024 0.050953660 0.969945312
419.128290144 -16.314086914 -5.689725399 45.379467010 0.015665874 -0.236464158 0.054300558 0.969995201
419.159631584 -16.336906433 -5.692527771 45.412052155 0.021775169 -0.234313339 0.047907036 0.970735788
419.191079616 -16.359302521 -5.695280075 45.448692322 0.020253696 -0.235445559 0.046137583 0.970580518
419.222607392 -16.375293732 -5.699948788 45.481605530 0.019555937 -0.234990299 0.051085718 0.970457315
419.254172672 -16.391794205 -5.703522205 45.511760712 0.022373147 -0.232728928 0.050307032 0.970981896
419.285515520 -16.408245087 -5.706337929 45.540065765 0.020596007 -0.233118400 0.048423994 0.971023560
419.317023584 -16.422492981 -5.711344242 45.566188812 0.019370679 -0.233726531 0.050707459 0.970785975
419.348510720 -16.435226440 -5.714029789 45.589771271 0.020706741 -0.233776316 0.050191402 0.970773220
419.381040672 -16.447431564 -5.716339111 45.612857819 0.020301731 -0.234096557 0.050234772 0.970702410
419.414381344 -16.458536148 -5.719402313 45.633563995 0.021380572 -0.234380186 0.050932214 0.970574439
419.446150528 -16.468397141 -5.722094059 45.652709961 0.021368828 -0.234635815 0.051794969 0.970467269
419.477345888 -16.477895737 -5.723284245 45.670330048 0.021568233 -0.234833807 0.051501494 0.970430553
419.508744192 -16.486619949 -5.724919796 45.685562134 0.021622008 -0.235298887 0.051083289 0.970338821
419.541034784 -16.494239807 -5.727736473 45.700031281 0.021911697 -0.235661551 0.051098417 0.970243514
419.572658688 -16.500988007 -5.729930401 45.712829590 0.021874636 -0.236075059 0.051096614 0.970143855
419.614455040 -16.508420944 -5.731767654 45.727661133 0.021845575 -0.236352295 0.051585950 0.970051169
419.643634048 -16.513235092 -5.733223915 45.737327576 0.021030314 -0.236114800 0.051761065 0.970117688
419.675027968 -16.517951965 -5.734809875 45.745716095 0.021738084 -0.235825002 0.051468391 0.970188141
419.703478976 -16.522153854 -5.735960960 45.752559662 0.022051839 -0.235901192 0.051207170 0.970176339
419.735370080 -16.526222229 -5.737130165 45.759292603 0.022186019 -0.236219898 0.051136389 0.970099509
419.766802368 -16.530221939 -5.737550259 45.765632629 0.022180427 -0.236324921 0.050679445 0.970098019
419.798349984 -16.533098221 -5.738550186 45.771263123 0.022298578 -0.236169174 0.050743267 0.970129848
419.830169984 -16.535659790 -5.739320755 45.776397705 0.022591203 -0.236157507 0.050798077 0.970123112
419.861771136 -16.537879944 -5.739768982 45.780982971 0.022769200 -0.236617312 0.051260818 0.969982564
419.894297120 -16.539949417 -5.740242958 45.784961700 0.023055671 -0.237287372 0.051617239 0.969793141
419.925645056 -16.541833878 -5.740670681 45.788585663 0.023282627 -0.237973586 0.051973626 0.969600558
419.957015840 -16.543378830 -5.741088390 45.791896820 0.023471761 -0.238427743 0.052409526 0.969460905
419.988887136 -16.544637680 -5.741376400 45.794780731 0.023559259 -0.238675356 0.052745048 0.969379723
420.020486048 -16.545734406 -5.741813660 45.797477722 0.023654146 -0.238797858 0.053117700 0.969326854
420.052247104 -16.547023773 -5.742209435 45.799671173 0.023651527 -0.238872051 0.053064037 0.969311595
420.084708064 -16.548181534 -5.742558479 45.801616669 0.023830075 -0.238931164 0.053105496 0.969290376
420.116354016 -16.549322128 -5.742720127 45.803432465 0.023732802 -0.239012659 0.053027231 0.969276965
420.148106560 -16.550100327 -5.742968082 45.804931641 0.023798034 -0.239115566 0.053128839 0.969244421
