3241.991487936 0.000000000 0.000000000 0.000000000 0.000000000 0.000000000 0.000000000 1.000000000
3242.056238592 0.000000000 0.000000000 0.000000000 0.000000000 0.000000000 0.000000000 1.000000000
3242.116011200 0.000765966 0.001373456 -0.002924465 -0.000578798 -0.000029059 -0.000280839 0.999999762
3242.180324544 0.001573804 -0.000073544 0.002171516 0.001857642 0.001666235 0.002804210 0.999992967
3242.241374368 0.001829930 -0.001617957 0.024066631 0.001803404 0.002965688 0.003367128 0.999988317
3242.302476992 0.003487643 -0.001988016 0.058044061 0.002045945 0.004545452 -0.002282270 0.999984980
3242.366171424 0.005191274 -0.004251807 0.113813266 0.000241422 0.004391894 0.000676868 0.999990046
3242.435466464 0.004301215 -0.014317617 0.205654502 0.007033288 0.000820617 0.004591295 0.999964416
3242.496171424 0.006894573 -0.022939797 0.296872467 0.010733319 -0.003361045 0.012048044 0.999864161
3242.558002208 0.007182114 -0.026744910 0.404515833 0.011004848 -0.008995649 0.014206464 0.999798059
3242.622639744 -0.000620572 -0.034634754 0.529318810 0.022929277 -0.010090305 0.008055295 0.999653697
3242.686862240 -0.002064064 -0.047171228 0.675077379 0.025413847 -0.004772998 0.004960450 0.999653280
3242.747711200 0.002857244 -0.058720656 0.824156165 0.016458074 -0.002682410 0.007256452 0.999834657
3242.809698624 0.005518473 -0.065690622 0.987816095 0.012586028 -0.004620838 0.004381122 0.999900520
3242.873372864 0.024389477 -0.080247179 1.124364734 0.011110416 -0.008689178 0.000916200 0.999900103
3242.937418016 0.024635740 -0.085784510 1.295738459 0.005854611 -0.009008368 -0.000480352 0.999942183
3242.997362368 0.028016660 -0.097634524 1.461351871 0.014521929 -0.004770104 0.001940450 0.999881268
3243.058740256 0.036405750 -0.103693686 1.636388302 0.005891919 -0.003887938 -0.000089744 0.999975085
3243.122734016 0.028117139 -0.116590396 1.824218988 0.011647776 -0.003021910 0.003921370 0.999919891
3243.187011584 0.021468643 -0.122048236 2.014777184 0.004848437 -0.001374631 0.006063780 0.999968886
3243.250498464 0.017726058 -0.122685410 2.215099335 -0.002848460 0.002786943 0.002128956 0.999989808
3243.308827904 0.019521274 -0.133666784 2.406644344 0.001273832 0.003129751 0.000249594 0.999994218
3243.372821504 0.005718719 -0.134432822 2.621922016 -0.002243244 -0.003242377 -0.006962642 0.999967992
3243.436552064 0.002882741 -0.135569319 2.833243132 0.001894250 -0.012144648 -0.000136533 0.999924421
3243.497563360 -0.017743077 -0.148728669 3.029355764 -0.006013546 -0.011596942 -0.009251852 0.999871850
3243.558595104 -0.025087487 -0.156806946 3.223693132 -0.005967262 -0.004454202 -0.012036003 0.999899805
3243.625267584 -0.019965144 -0.163746551 3.450018883 -0.002736285 0.003221309 -0.000368487 0.999991000
3243.687856256 -0.017338291 -0.171348602 3.667329073 -0.003171059 0.007186515 -0.004060468 0.999960899
3243.753593600 -0.007091760 -0.193198204 3.877595663 -0.011144651 0.006825430 -0.000112327 0.999914587
3243.815109056 -0.003907911 -0.200623900 4.104452610 -0.009581150 0.007428589 0.003515561 0.999920309
3243.880431520 0.006202240 -0.191324279 4.367197037 -0.008252499 0.006032680 0.003426669 0.999941885
3243.942393120 0.008638981 -0.194157556 4.595690250 -0.010827322 0.004877572 0.004516507 0.999919295
3244.003796928 0.008516017 -0.211929575 4.817765713 -0.006168606 0.003498130 -0.003195986 0.999969721
3244.065453376 0.002758658 -0.201082408 5.064728260 -0.014198997 -0.001776754 0.003643412 0.999890983
3244.129464384 0.002269343 -0.194185957 5.353158951 -0.012518695 -0.004285854 -0.000250480 0.999912381
3244.192301920 -0.009817502 -0.194336027 5.594617844 -0.002485691 -0.008804657 -0.010363087 0.999904454
3244.253655520 -0.038409814 -0.185337782 5.785873413 -0.010526502 -0.012930436 -0.002835454 0.999856949
3244.317935264 -0.036882333 -0.195957705 5.988031864 -0.000581420 -0.012297361 -0.019800561 0.999728084
3244.382258048 -0.023540344 -0.197303712 6.290266991 -0.005400283 -0.007937438 -0.003138999 0.999948978
3244.445091648 -0.037621073 -0.203591138 6.560823441 -0.010604609 0.001882606 -0.020456171 0.999732733
3244.506871328 -0.036599502 -0.218582660 6.802489758 0.001426377 0.003852483 -0.013391881 0.999901891
3244.567681536 -0.034077886 -0.226706728 7.061142445 0.004362411 0.006550491 -0.018642388 0.999795258
3244.632114624 -0.042296760 -0.240718126 7.318503380 -0.005703630 0.017182807 -0.014309985 0.999733686
3244.695229120 -0.034151588 -0.248868704 7.573272228 0.001052633 0.029633347 -0.020771304 0.999344409
3244.756752608 -0.021095255 -0.255497634 7.832305431 0.000315877 0.035277452 -0.010699161 0.999320209
3244.818100928 -0.008669709 -0.250509322 8.085898399 0.004261688 0.043304268 -0.017655339 0.998896837
3244.882418304 0.003098384 -0.261612117 8.344534874 0.005144824 0.054544281 -0.020166036 0.998294473
3244.945109472 0.020833600 -0.260982007 8.571123123 -0.002424558 0.062871791 -0.011184573 0.997955978
3245.007091328 0.046450257 -0.278136700 8.801674843 0.000997114 0.063864976 -0.028429992 0.997552991
3245.067137088 0.076408863 -0.291237563 9.043240547 0.002235077 0.062155172 -0.016311493 0.997930706
3245.135363168 0.086624831 -0.291866273 9.319349289 -0.007579072 0.060425345 -0.046569891 0.997056961
3245.194833856 0.104548991 -0.306948513 9.532994270 -0.013755210 0.055088386 -0.043424301 0.997441947
3245.262652800 0.131257802 -0.306118578 9.811051369 -0.038342819 0.055914760 -0.055735148 0.996141076
3245.316930080 0.153622150 -0.304136842 10.033775330 -0.028050648 0.061932147 -0.054701213 0.996185422
3245.382791328 0.195822179 -0.323202580 10.257177353 -0.021745877 0.068964198 -0.053232234 0.995960534
3245.448222368 0.216230989 -0.324484974 10.517731667 -0.008017588 0.063807510 -0.077249676 0.994935572
3245.507600864 0.242700934 -0.337590605 10.764838219 -0.011526102 0.057604104 -0.066878617 0.996030211
3245.567098592 0.265211225 -0.332359314 11.025314331 -0.016255476 0.059513319 -0.072039120 0.995491982
3245.632611072 0.295809597 -0.338323623 11.301230431 -0.015073302 0.068332285 -0.059150446 0.995793521
3245.696789408 0.330132693 -0.337066293 11.566411018 0.003281395 0.078279406 -0.046202250 0.995854855
3245.757986688 0.368027687 -0.354122609 11.820257187 0.001198068 0.077589191 -0.029538503 0.996547043
3245.817284608 0.403010488 -0.365790457 12.070520401 0.000521736 0.077346824 -0.025205379 0.996685445
3245.882619392 0.441486061 -0.376227081 12.347539902 -0.003967610 0.075265430 -0.025278904 0.996835172
3245.945460832 0.474267244 -0.378991187 12.619850159 -0.007418644 0.075456239 -0.027991131 0.996728539
3246.009337856 0.516545177 -0.373925358 12.897849083 -0.019990994 0.076687180 -0.025128026 0.996537983
3246.067376160 0.553537548 -0.375790119 13.152132988 -0.019750316 0.077348098 -0.031000702 0.996326327
3246.132319488 0.586948097 -0.375018299 13.436796188 -0.019265009 0.080930538 -0.035101179 0.995915174
3246.195179072 0.626351416 -0.373366952 13.709968567 -0.019361440 0.081496485 -0.031945564 0.995973349
3246.258421536 0.668657899 -0.376516849 13.973989487 -0.031043621 0.088227622 -0.014291976 0.995513916
3246.318346016 0.706762612 -0.372015357 14.231499672 -0.025736693 0.098323748 -0.012735594 0.994740069
3246.385597568 0.773278117 -0.373705983 14.486919403 0.016639994 0.093584605 0.008777201 0.995433569
3246.446118176 0.819313288 -0.444859207 14.705389977 0.038025010 0.090096198 0.021718621 0.994969904
3246.507443200 0.868962407 -0.769647837 14.957278252 -0.010911602 0.086261086 0.054809969 0.994703889
3246.569733824 0.979463637 -0.801759899 15.751928329 -0.066217393 0.080197647 -0.010654970 0.994520009
3246.632445696 1.051061869 -0.794977903 16.024349213 -0.044876162 0.078336805 0.019712998 0.995721281
3246.695202816 1.097869754 -0.728671134 16.307704926 -0.009735343 0.080177128 0.037525252 0.996026456
3246.757532864 1.137692571 -0.721267581 16.567464828 0.031142889 0.084651023 0.050532348 0.994641066
3246.820095392 1.103890419 -0.861133933 16.686195374 -0.010051858 0.082034647 0.031525794 0.996080041
3246.883160256 1.116254449 -0.886552691 16.923248291 -0.040549919 0.065679207 0.006887376 0.996992767
3246.946761408 1.130692363 -0.869313061 17.167503357 -0.025103498 0.057041794 0.008398272 0.998020768
3247.007459200 1.155802965 -0.856450737 17.443140030 -0.033050150 0.050612837 0.002993386 0.998166859
3247.070057152 1.174003243 -0.853399217 17.719009399 -0.027787441 0.046473861 -0.003853437 0.998525500
3247.132996096 1.186233759 -0.847996771 18.000162125 -0.015540108 0.037475318 -0.009561555 0.999130964
3247.195773920 1.196735382 -0.850818992 18.278783798 -0.016568424 0.026122225 -0.009456136 0.999476731
3247.257951488 1.203063607 -0.847325385 18.564458847 -0.012527165 0.022359513 -0.017750084 0.999513924
3247.319867840 1.212645888 -0.850354493 18.848304749 -0.013056579 0.020448351 -0.018540652 0.999533713
3247.383404448 1.220431209 -0.846846282 19.139245987 -0.013196822 0.017740682 -0.020713840 0.999540925
3247.446782464 1.225932002 -0.845001101 19.443847656 -0.023463903 0.018704932 -0.022536783 0.999295592
3247.513199520 1.233125806 -0.833379805 19.746910095 -0.023007860 0.024616087 -0.025599858 0.999104261
3247.573222912 1.248524427 -0.834057808 20.037700653 -0.026209861 0.038549699 -0.024421692 0.998614311
3247.634335136 1.277029991 -0.826811910 20.325651169 -0.024310885 0.056339905 -0.022242073 0.997867763
3247.697739008 1.313013077 -0.823288381 20.635690689 -0.023069812 0.065774731 -0.020113552 0.997364998
3247.760239200 1.348049402 -0.819074392 20.919157028 -0.014638397 0.065455660 -0.018063018 0.997584581
3247.822106144 1.348884106 -0.872404695 20.876792908 -0.016060933 0.064108185 -0.024460020 0.997513831
3247.883873920 1.441001058 -0.939442515 20.926929474 -0.015663054 0.059425265 -0.021324396 0.997882009
3247.948821888 1.481469631 -0.960554957 21.192457199 -0.020221813 0.055824637 -0.016442187 0.998100400
3248.010123072 1.469802737 -0.901197135 21.488489151 -0.010128190 0.058179025 -0.010267152 0.998201966
3248.071659136 1.341266990 -0.857722700 21.021512985 -0.019764977 0.061241396 -0.012329855 0.997851074
3248.136158368 1.359108686 -0.909068882 21.409845352 -0.013542230 0.060432162 -0.007079645 0.998055339
3248.198200032 1.497777104 -1.100789905 22.382028580 -0.036344621 0.050729565 -0.005594651 0.998035252
3248.260193600 0.715975523 -1.311022520 22.151290894 -0.034747891 0.102660708 0.014443884 0.994004369
3248.322366976 0.395582944 -1.164381504 21.573554993 -0.032263491 0.109833382 0.003568415 0.993419826
3248.384316544 0.451666117 -1.224974751 21.903474808 -0.034143224 0.109417334 0.009950403 0.993359506
3248.447426976 0.482482404 -1.302366257 22.259553909 -0.041071624 0.112159759 0.005883605 0.992823601
3248.509522944 0.541191757 -1.356044054 22.621101379 -0.041565523 0.112170689 0.009156029 0.992776990
3248.571815904 0.484156370 -1.380955219 22.403415680 -0.051238600 0.111082122 0.003465107 0.992483437
3248.636075520 0.545349061 -1.441848993 22.780391693 -0.054571930 0.111346789 0.003951921 0.992274225
3248.700228096 0.656430602 -1.500634789 23.181053162 -0.058748234 0.109888248 0.012866995 0.992122769
3248.762767776 0.706910133 -1.409335017 23.154460907 -0.059200656 0.110763259 0.008491401 0.992045701
3248.821688800 0.665609956 -1.453238606 23.199645996 -0.058668602 0.116092250 0.016893828 0.991360247
3248.884187296 0.764924228 -1.486642599 23.615043640 -0.057979207 0.118296526 0.022390183 0.991031289
3248.947447936 0.883865893 -1.540741324 24.043640137 -0.062041413 0.120289035 0.025776774 0.990463018
3249.009278720 0.906576753 -1.566296458 24.350107193 -0.066471785 0.124890149 0.029163554 0.989511728
3249.071580896 0.965217650 -1.505590081 24.594476700 -0.067003660 0.123252779 0.028399723 0.989703357
3249.134551552 1.146965146 -1.644090414 24.828462601 -0.072538346 0.116419323 0.036650702 0.989869416
3249.197334208 1.309844613 -1.824928045 25.021556854 -0.080382191 0.114370927 0.046046715 0.989109576
3249.260523360 1.888123274 -1.974009991 25.394939423 -0.081637472 0.055408999 0.043979339 0.994148374
3249.321981472 1.902650595 -2.004895449 25.636766434 -0.091494955 0.068986900 0.043548219 0.992458045
3249.387296192 1.895087004 -1.901028275 26.159845352 -0.090764880 0.080556035 0.031021507 0.992124081
3249.446981536 1.886775851 -1.809033751 26.634803772 -0.088970043 0.093901679 0.017644279 0.991441071
3249.509161792 1.904863238 -1.767950773 27.099863052 -0.094415031 0.104349211 0.002664168 0.990045428
3249.571662976 1.855787516 -1.769391656 27.251487732 -0.098480321 0.107414275 0.000756637 0.989324629
3249.634160960 2.017650604 -1.849063993 27.809921265 -0.098275699 0.100891858 0.026621616 0.989673734
3249.698292960 2.157760143 -1.971707344 28.339181900 -0.101809017 0.094234675 0.041782349 0.989448845
3249.759209760 2.337020874 -2.216583729 28.892269135 -0.117645107 0.086593531 0.041547056 0.988400221
3249.821671232 2.374469757 -2.194507360 29.130779266 -0.115613103 0.085572787 0.040017549 0.988791943
3249.883992160 2.421886206 -2.163912058 29.450304031 -0.115687728 0.085437231 0.043770473 0.988635898
3249.947940256 2.459915638 -2.111145258 29.783138275 -0.109839380 0.088354200 0.043145757 0.989073992
3250.010812192 2.417983055 -2.129522562 30.060478210 -0.116449051 0.100545973 0.024184231 0.987798154
3250.072809472 2.477271080 -2.172995567 30.281492233 -0.124697670 0.101964779 0.029447990 0.986502171
3250.134748544 2.446682930 -2.170924187 30.589004517 -0.126435623 0.109616645 0.035961635 0.985243618
3250.197927424 2.415383101 -2.173010826 30.899126053 -0.128578648 0.119237103 0.042070732 0.983605683
3250.260513280 2.444488287 -2.121511936 31.199964523 -0.136124149 0.123398058 0.039882887 0.982167244
3250.322122976 2.445492983 -2.167881966 31.392374039 -0.143995464 0.129433244 0.044225913 0.980079770
3250.384224576 2.519554377 -2.111554146 31.712692261 -0.144319192 0.128572181 0.043419085 0.980181575
3250.447773408 2.592018604 -2.034270287 32.003147125 -0.137425870 0.130170986 0.041123476 0.981059909
3250.511076960 2.666937351 -1.961532831 32.278129578 -0.137736320 0.129263192 0.043465786 0.981035411
3250.580286208 2.737623692 -1.891325474 32.565856934 -0.140495986 0.130047441 0.043646947 0.980532229
3250.644277312 2.810120106 -1.832282901 32.850734711 -0.127420783 0.129148841 0.041860629 0.982513189
3250.706685184 2.884856224 -1.784499049 33.124835968 -0.122681387 0.127077281 0.041597065 0.983397365
3250.768372224 2.944636822 -1.727667451 33.395439148 -0.114371344 0.128182486 0.035566162 0.984491467
3250.828783456 2.998458862 -1.676397443 33.567249298 -0.112724505 0.130424142 0.015302562 0.984910429
3250.893349088 3.073979616 -1.627063751 33.783878326 -0.107283957 0.124725781 0.017394498 0.986220598
3250.956177056 3.138672590 -1.573152065 34.072158813 -0.108056642 0.123046868 0.010822513 0.986441135
3251.019806240 3.212198973 -1.530477047 34.284538269 -0.111438960 0.119662911 0.007726146 0.986510217
3251.078060160 3.281896830 -1.487797737 34.498592377 -0.110360935 0.119487531 0.005165413 0.986669362
3251.143324352 3.354548216 -1.432859778 34.747554779 -0.109373853 0.119638443 0.006148328 0.986755371
3251.206387968 3.417429924 -1.398085594 35.015193939 -0.083733276 0.123891994 0.005568339 0.988740921
3251.270109248 3.409768105 -1.309517264 35.341026306 -0.074277833 0.129726529 -0.024570778 0.988458455
3251.330705792 3.481497049 -1.252225041 35.593055725 -0.111768693 0.123343997 -0.015072687 0.985934496
3251.391513408 3.570295334 -1.185752392 35.845008850 -0.150879845 0.114658073 -0.012417451 0.981801689
3251.456154400 3.614212513 -1.096113324 36.114135742 -0.165248975 0.127701059 -0.007273303 0.977922440
3251.517273888 3.700528383 -1.020679355 36.363487244 -0.150329083 0.161473066 -0.018314205 0.975188315
3251.582540224 3.832209587 -1.016919851 36.619476318 -0.145481944 0.194062650 -0.005664053 0.970125079
3251.643811840 3.917538404 -0.904526114 36.810298920 -0.157443583 0.217596620 -0.013109158 0.963167369
3251.706555648 4.032045841 -0.787227035 37.006782532 -0.171478003 0.241799369 -0.012743488 0.954969108
3251.766175520 4.247955322 -0.877888262 37.049571991 -0.180375054 0.257647127 -0.020847285 0.949024856
3251.828883232 4.480665684 -0.965575278 37.058029175 -0.170380801 0.273395985 -0.012412017 0.946610272
3251.891016896 4.504489899 -0.801066875 37.339565277 -0.114625826 0.299366564 -0.026127279 0.946867406
3251.956071296 4.639630795 -0.775571585 37.468158722 -0.065064207 0.309580803 -0.009052381 0.948601305
3252.016140352 4.809221268 -0.819240272 37.553665161 -0.093840837 0.306607515 0.011457410 0.947129548
3252.077193408 4.967813015 -0.819056332 37.659069061 -0.117995702 0.306598097 0.025360521 0.944156468
3252.140839776 5.051278591 -0.758130431 37.797916412 -0.133389816 0.304936528 -0.006419427 0.942963243
3252.203161248 5.173707008 -0.714543760 37.943187714 -0.108569264 0.303548098 0.001933883 0.946608424
3252.264850464 5.353875637 -0.649519622 38.199275970 -0.117034294 0.300230891 0.009900359 0.946607769
3252.330549216 5.501178741 -0.584616065 38.431289673 -0.136058450 0.295828193 -0.012422750 0.945420265
3252.390205760 5.647688389 -0.542994440 38.634109497 -0.115835778 0.294237971 -0.002414372 0.948683441
3252.452851456 5.789719105 -0.477485359 38.851516724 -0.117714658 0.295433372 -0.014282171 0.947975934
3252.516113408 5.941219330 -0.425893754 39.064212799 -0.112662517 0.301371872 -0.013185335 0.946735620
3252.576669088 6.079837322 -0.375692040 39.271919250 -0.116022386 0.300177366 -0.023179797 0.946517289
3252.639932928 6.241187572 -0.330952168 39.476245880 -0.113781214 0.300091803 0.008015318 0.947066247
3252.702748224 6.374146938 -0.269049764 39.691917419 -0.134659171 0.301739186 -0.026171198 0.943469882
3252.765663104 6.543684483 -0.211829618 39.884571075 -0.140425339 0.316593885 0.015294841 0.937984586
3252.826792992 6.680947781 -0.164326847 40.066719055 -0.135355994 0.327123910 -0.003756112 0.935229719
3252.890468672 6.845921040 -0.110155366 40.257690430 -0.123600058 0.339549571 0.001245825 0.932430983
3252.954691456 7.017373085 -0.058024146 40.445552826 -0.118065961 0.352209717 0.005466573 0.928428173
3253.015002240 7.186445713 0.000442028 40.629196167 -0.126590624 0.358941168 0.006558425 0.924712360
3253.076756544 7.346846104 0.036139041 40.799190521 -0.110747829 0.361707598 0.008595257 0.925650418
3253.140021184 7.512478352 0.089491941 40.974983215 -0.123660736 0.360401571 0.009102413 0.924519241
3253.203154816 7.680225372 0.145974487 41.157741547 -0.129090190 0.352987945 0.006614093 0.926656067
3253.265481920 7.832573414 0.181424439 41.325275421 -0.118267693 0.349925309 -0.008405304 0.929243982
3253.327864032 7.942324162 0.200681180 41.434661865 -0.115226820 0.347280324 -0.006342100 0.930633664
3253.390885312 8.088556290 0.242492586 41.601940155 -0.140148178 0.344953328 0.000630006 0.928097665
3253.454909792 8.252986908 0.305794120 41.796955109 -0.119358286 0.341874033 -0.010533991 0.932075560
3253.515829920 8.417875290 0.328962982 41.952857971 -0.077847935 0.352907956 0.014568477 0.932300091
3253.577130912 8.591094017 0.399773687 42.162151337 -0.109429553 0.366835862 -0.029263990 0.923363507
3253.641967488 8.734793663 0.414082795 42.237606049 -0.157402650 0.366359383 0.037462141 0.916297853
3253.706922720 8.800981522 0.633667767 42.261642456 -0.131561235 0.356967181 -0.013902203 0.924701452
3253.769115872 8.947491646 0.699596763 42.426654816 -0.133764952 0.356631041 -0.041756582 0.923676193
3253.832111616 9.113013268 0.749769092 42.589839935 -0.135837778 0.360049903 -0.026810195 0.922601402
3253.894728224 9.263533592 0.781250179 42.744804382 -0.132644922 0.362645149 -0.032557007 0.921864331
3253.957090112 9.415209770 0.826332629 42.915264130 -0.133989692 0.361388266 -0.044429030 0.921667695
3254.019509984 9.566868782 0.872843742 43.059574127 -0.140009731 0.359430194 -0.034973651 0.921945810
3254.082797184 9.701686859 0.909427047 43.181819916 -0.146220461 0.356580824 -0.043988634 0.921702027
3254.147173344 9.817810059 0.905116737 43.233665466 -0.145288244 0.358608425 -0.039572433 0.921262920
3254.207071968 9.961874008 0.956828177 43.381782532 -0.135462075 0.359951258 -0.048572756 0.921805739
3254.271607904 10.131833076 0.997909188 43.553451538 -0.132284969 0.367742568 -0.040060099 0.919598460
3254.336653728 10.297181129 1.031285167 43.708068848 -0.112829193 0.377036482 -0.036132794 0.918589950
3254.394573248 10.454882622 1.085740089 43.899105072 -0.134116024 0.383786291 -0.062341329 0.911501229
3254.459902976 10.650398254 1.135720372 44.058734894 -0.130943954 0.395032257 -0.020406602 0.909058154
3254.520360128 10.778775215 1.156266689 44.162117004 -0.142294511 0.398045778 -0.037402701 0.905490398
3254.582506496 10.961444855 1.196511626 44.315608978 -0.127136096 0.411992311 -0.037734628 0.901484847
3254.644298560 11.136627197 1.234138012 44.444904327 -0.115152687 0.427361071 -0.038422942 0.895893991
3254.707668256 11.332671165 1.280978322 44.596218109 -0.130090162 0.439346164 -0.039380144 0.887975633
3254.769620320 11.514864922 1.326670647 44.730365753 -0.135611355 0.444339693 -0.034039073 0.884880304
3254.831544832 11.682385445 1.358169794 44.862178802 -0.134183735 0.438187510 -0.022635559 0.888523579
3254.894074592 11.824549675 1.384799480 44.960971832 -0.112525508 0.432283163 -0.047503326 0.893427551
3254.957292800 11.983672142 1.431953669 45.097915649 -0.135863096 0.429616749 -0.043035433 0.891694188
3255.020253984 12.133163452 1.495217323 45.245395660 -0.158713952 0.432569593 -0.045001246 0.886379302
3255.081231072 12.250171661 1.511251926 45.335483551 -0.155591875 0.433018357 -0.052349951 0.886310220
3255.144559840 12.365794182 1.538895845 45.396236420 -0.126112863 0.436207712 -0.020587292 0.890726924
3255.208081792 12.454060555 1.557712197 45.470092773 -0.153725356 0.436905950 -0.033277817 0.885649085
3255.269564448 12.530975342 1.567581177 45.522144318 -0.145971730 0.437623888 -0.023319200 0.886923790
3255.332296224 12.591638565 1.593857527 45.564865112 -0.139028132 0.438981205 -0.029319903 0.887190521
3255.394554240 12.641644478 1.601359844 45.606670380 -0.142406151 0.440220833 -0.029054441 0.886048496
3255.457663264 12.681836128 1.612199664 45.642173767 -0.143844143 0.440677315 -0.035033748 0.885372818
3255.519710208 12.708672523 1.622473955 45.666168213 -0.143408790 0.441271633 -0.035851069 0.885114670
3255.581211328 12.734068871 1.628461361 45.685382843 -0.140766546 0.441002071 -0.038869157 0.885545671
3255.645116704 12.758893967 1.631682158 45.699966431 -0.141536102 0.440218270 -0.034245856 0.886003733
3255.707619712 12.776918411 1.635857224 45.713985443 -0.143876106 0.441554636 -0.035241511 0.884922147
3255.770685952 12.788572311 1.638342500 45.726055145 -0.144709423 0.440431267 -0.037154995 0.885267735
3255.831618208 12.795619965 1.639761567 45.731281281 -0.144363329 0.439945996 -0.036391616 0.885597229
3255.894690624 12.800107002 1.639478445 45.733345032 -0.144568428 0.440174162 -0.035798814 0.885474503
3255.957525440 12.799035072 1.634932041 45.728172302 -0.145102844 0.440134197 -0.036103621 0.885394573
3256.019250144 12.795321465 1.628903031 45.716876984 -0.144978568 0.440058142 -0.036439836 0.885438979
