3892.538847136 0.000000000 0.000000000 0.000000000 0.000000000 0.000000000 0.000000000 1.000000000
3892.582660224 0.000000000 0.000000000 0.000000000 0.000000000 0.000000000 0.000000000 1.000000000
3892.629282016 0.000438362 -0.000271996 -0.000366268 0.002868393 -0.000080533 0.000004431 0.999995828
3892.671789632 0.000743301 -0.001806082 0.008039178 0.004656562 0.000492686 -0.000977324 0.999988556
3892.715877856 0.003532737 -0.003358183 0.027956473 0.002723655 0.003047026 0.001168329 0.999991000
3892.762654400 0.006574666 -0.009657732 0.051497802 0.001427395 0.001842652 0.002465052 0.999994218
3892.815472032 0.011917338 -0.018860649 0.096708030 -0.003777707 -0.004049743 0.015759850 0.999860466
3892.854004000 0.008476947 -0.019993193 0.135582745 -0.007341836 -0.008873844 0.007450792 0.999905884
3892.903764512 0.001314707 -0.009283573 0.197263062 -0.010088563 -0.005749009 -0.008230870 0.999898672
3892.947211168 -0.009494271 -0.002108062 0.275090188 -0.002536535 0.011020269 0.001207394 0.999935329
3892.991595520 -0.004534196 -0.003729556 0.348734617 -0.003240676 0.032011449 -0.010143210 0.999430776
3893.045757472 0.004661867 -0.001783128 0.428634405 -0.004467746 0.055111364 -0.009630479 0.998423755
3893.094683392 0.018397985 0.009014050 0.539728642 -0.012378094 0.077480145 -0.007248060 0.996890724
3893.138434880 0.032465018 0.013020116 0.630061984 -0.020963678 0.087322667 -0.005021124 0.995946825
3893.203202304 0.063374713 0.007931650 0.768047452 -0.018090766 0.101213664 -0.011609848 0.994632423
3893.275772160 0.111932985 -0.010745128 0.920486450 -0.005415426 0.121563613 -0.002958777 0.992564440
3893.310310048 0.140769064 -0.011965339 0.999361396 -0.010486460 0.128228843 0.009172726 0.991646767
3893.358276640 0.165332288 0.000716673 1.113744736 -0.014206749 0.135226175 -0.008533873 0.990676165
3893.400990688 0.195857644 0.007994015 1.215410352 0.007325171 0.135364339 -0.000410572 0.990768731
3893.440205888 0.220508873 0.008117525 1.314064026 0.003366365 0.133724019 -0.002960650 0.991008461
3893.489940992 0.238112018 0.007522370 1.431219459 -0.002177285 0.131824940 -0.005980852 0.991252601
3893.540096352 0.259037375 0.006303296 1.555488825 -0.017635930 0.127444103 -0.028322553 0.991284430
3893.583975904 0.281079799 0.013763267 1.673362136 -0.014736267 0.126860887 -0.042751066 0.990889251
3893.619431072 0.307531208 0.007995127 1.763875127 0.012293734 0.123171426 -0.028165994 0.991909444
3893.665038720 0.285706758 0.093076363 1.880299449 0.042601194 0.117071718 -0.013523020 0.992117167
3893.715143904 0.319906235 0.038788438 2.014083147 0.028778413 0.093262970 -0.008645114 0.995187938
3893.756485696 0.330109477 0.039792191 2.130162001 0.028658612 0.072052553 -0.037164696 0.996296048
3893.793408192 0.349420458 0.037176687 2.234275103 0.029599141 0.063708454 -0.029344169 0.997097790
3893.836841216 0.373091370 0.032978382 2.364077330 0.020788409 0.059534434 -0.017973905 0.997847915
3893.889584000 0.384954125 0.014726482 2.494498253 0.020349490 0.061654598 -0.033684917 0.997321367
3893.927222464 0.405399680 0.007980986 2.625401020 0.016323686 0.064235054 -0.015822254 0.997675836
3893.997115968 0.425599843 -0.000519615 2.838165760 0.023273163 0.067206122 -0.025206903 0.997149110
3894.031917216 0.437069148 -0.011662242 2.940938234 0.027942803 0.065664589 -0.019339837 0.997262895
3894.084813504 0.457641006 -0.022456709 3.101540565 0.023315324 0.062491294 -0.016011538 0.997644603
3894.132261312 0.475669444 -0.032804132 3.259003401 0.020084776 0.057843614 -0.013382456 0.998033881
3894.174526656 0.493955553 -0.040059537 3.392949820 0.014027702 0.059078258 -0.010916758 0.998095095
3894.213510112 0.516463041 -0.055795290 3.521601200 0.020816596 0.060351055 0.004485147 0.997950077
3894.286480288 0.541832745 -0.083117902 3.749527216 0.020023732 0.069034606 0.005669300 0.997397184
3894.327178144 0.559716344 -0.089448184 3.878909826 0.029779846 0.075532705 0.004259797 0.996689439
3894.364044160 0.583701789 -0.104020149 3.998375893 0.031643443 0.078606904 0.024000376 0.996114254
3894.406147328 0.606001318 -0.108565934 4.154395103 0.013703866 0.077060342 0.019076746 0.996749699
3894.462391616 0.634880364 -0.107476309 4.331019878 0.001613681 0.069905169 0.024902191 0.997241437
3894.503126272 0.655786276 -0.106321186 4.492770195 -0.016717633 0.067313842 0.020899625 0.997372866
3894.538383360 0.676983714 -0.120994478 4.605511189 -0.011343443 0.064673573 0.021293929 0.997614801
3894.581240384 0.696427464 -0.137091488 4.754730225 0.007790824 0.064672492 0.016949264 0.997732162
3894.627940672 0.721924782 -0.149385214 4.896627903 0.038487341 0.066106066 0.026208842 0.996725559
3894.667973280 0.731420934 -0.165781006 5.029565334 0.082928814 0.072050028 0.009946604 0.993897736
3894.702486976 0.742656469 -0.188015237 5.158527374 0.098490283 0.077259600 0.007975482 0.992102325
3894.744868480 0.759267509 -0.213333681 5.306815624 0.099600628 0.078190044 0.005453861 0.991935611
3894.786550432 0.784006059 -0.239830285 5.449858665 0.102083273 0.074492641 0.013763192 0.991887271
3894.828842304 0.803702116 -0.271341324 5.605885506 0.088733517 0.071811132 0.007522235 0.993434906
3894.869418688 0.827558756 -0.298618674 5.758120537 0.075239636 0.071157873 0.013417463 0.994532824
3894.937863296 0.831854880 -0.315921366 6.028189182 0.059628602 0.070826642 0.018915199 0.995525122
3894.977367968 0.841433406 -0.333441675 6.156401157 0.057469491 0.071446046 0.018171765 0.995621681
3895.013300160 0.872046828 -0.354927152 6.294620991 0.056273501 0.070581704 0.030584389 0.995447695
3895.052720640 0.893788457 -0.377355933 6.428481579 0.065197542 0.071287408 0.035862993 0.994676471
3895.086312064 0.911468625 -0.400204331 6.550307751 0.076112129 0.075000055 0.033937074 0.993695259
3895.125297856 0.926639378 -0.437216341 6.700509548 0.070766523 0.080770038 0.026256077 0.993870676
3895.159852672 0.949849606 -0.452724487 6.838254452 0.067308806 0.084672786 0.031205079 0.993642926
3895.198015456 0.974101126 -0.469668388 6.977727890 0.062078048 0.081179447 0.039414413 0.993983269
3895.232078464 0.994966209 -0.484854132 7.102003574 0.046830460 0.075326093 0.040047199 0.995253265
3895.268374528 1.010729194 -0.498845756 7.237919807 0.031069119 0.070180342 0.032184437 0.996530771
3895.303242400 1.027096748 -0.501730442 7.387230396 0.013077825 0.064403750 0.023726471 0.997556090
3895.338773440 1.049060225 -0.498232186 7.530040741 -0.002364252 0.057970777 0.036400743 0.997651637
3895.376897888 1.067649484 -0.504959226 7.660611629 -0.003820369 0.056388225 0.037932489 0.997680783
3895.409408256 1.083835602 -0.516457260 7.800621986 -0.003773712 0.058314130 0.034215800 0.997704625
3895.446099232 1.097793460 -0.525171936 7.933161259 0.005826372 0.062482286 0.027004175 0.997663677
3895.480170912 1.108588457 -0.529003143 8.073509216 0.021680642 0.068584569 0.027841182 0.997021079
3895.518788096 1.128205419 -0.532021940 8.225019455 0.026429735 0.070625551 0.030592684 0.996683300
3895.555865056 1.145597816 -0.543603778 8.370233536 0.030097522 0.070435412 0.029110298 0.996637166
3895.594676576 1.164029717 -0.556275666 8.514705658 0.028874302 0.069105431 0.028102621 0.996795356
3895.630958976 1.179600000 -0.567829967 8.653448105 0.025740666 0.067202613 0.026300021 0.997060478
3895.669244224 1.198297381 -0.577373862 8.830926895 0.019105336 0.064518280 0.021725124 0.997497082
3895.739183840 1.231388330 -0.598463058 9.119922638 0.025249287 0.063842557 0.023968590 0.997352540
3895.771221120 1.245225072 -0.610168815 9.251666069 0.023672000 0.064011954 0.019424520 0.997479200
3895.805919840 1.257987857 -0.617607474 9.394366264 0.021623826 0.063122697 0.015233294 0.997655153
3895.847270112 1.280034900 -0.625822365 9.558228493 0.031802729 0.060514249 0.022382436 0.997409463
3895.879870976 1.295923591 -0.633326232 9.708273888 0.018399535 0.059801176 0.024185928 0.997747600
3895.916977152 1.311949611 -0.643907487 9.873933792 0.009925965 0.059618298 0.021086441 0.997949123
3895.956867520 1.324453831 -0.651923358 10.030604362 0.005022801 0.060074661 0.014164914 0.998080730
3895.992685152 1.340509772 -0.657942295 10.202828407 -0.002053088 0.058250010 0.014141892 0.998199761
3896.051664032 1.370198488 -0.674618244 10.460156441 0.017806470 0.056358520 0.016862057 0.998109400
3896.084220064 1.380091548 -0.679303527 10.600891113 0.014514373 0.054708924 0.011171904 0.998334348
3896.145927392 1.403912663 -0.697474122 10.876836777 0.017181793 0.057387553 0.011866154 0.998133600
3896.178056064 1.417681217 -0.705377221 11.026144981 0.010836966 0.056841820 0.011585015 0.998257160
3896.219370016 1.434281230 -0.718763709 11.205820084 0.020514863 0.055899177 0.010816114 0.998167038
3896.254822816 1.453686595 -0.729843736 11.368412018 0.019518148 0.054562744 0.015660655 0.998196721
3896.294013888 1.468606353 -0.740569174 11.537030220 0.024405910 0.055174578 0.009798311 0.998130322
3896.331560160 1.488340378 -0.755202234 11.705755234 0.024805095 0.055140335 0.011448212 0.998104811
3896.372937696 1.505260348 -0.768717647 11.892484665 0.025088491 0.054527029 0.012661380 0.998116732
3896.409399200 1.520274043 -0.781999111 12.058063507 0.025557024 0.054779284 0.011263224 0.998107791
3896.446036448 1.536087155 -0.792438805 12.220551491 0.024745377 0.055297837 0.013425121 0.998072922
3896.485676256 1.551771045 -0.806636035 12.406931877 0.026639363 0.055209626 0.013700278 0.998025298
3896.522239264 1.566466570 -0.821200907 12.575953484 0.025421277 0.055537943 0.013708844 0.998038769
3896.554628224 1.583224654 -0.835481644 12.747426987 0.030729264 0.057532214 0.014282039 0.997768402
3896.593747680 1.602442980 -0.850143015 12.926898956 0.027342195 0.057301708 0.016601870 0.997844338
3896.633188032 1.619585872 -0.863474667 13.116044998 0.031963438 0.057382129 0.018573102 0.997667611
3896.699094656 1.657001138 -0.889185309 13.436590195 0.027639473 0.059411354 0.023406813 0.997576296
3896.744450080 1.676488996 -0.905144989 13.601812363 0.033257209 0.060070466 0.020509120 0.997429132
3896.776268064 1.668519616 -0.931047261 13.741541862 0.026302913 0.062448960 0.024338329 0.997404575
3896.818879424 1.684298873 -0.970686793 13.920994759 0.033098824 0.063771650 0.031999636 0.996902049
3896.858757152 1.704959750 -0.980143905 14.120055199 0.032279443 0.063507698 0.030551717 0.996991158
3896.896646976 1.721809030 -0.999277890 14.302458763 0.035536755 0.065620802 0.030023042 0.996759593
3896.948706048 1.736643195 -1.031504154 14.505010605 0.036945973 0.066020519 0.030209163 0.996676326
3896.986666240 1.764030218 -1.060018182 14.715248108 0.037174758 0.066064723 0.029020170 0.996700227
3897.019205056 1.794334412 -1.086755276 14.887358665 0.034600727 0.065819435 0.029952407 0.996781528
3897.058482112 1.818011642 -1.095383406 15.085877419 0.033288196 0.067160293 0.029925216 0.996737599
3897.098323776 1.838747621 -1.119110346 15.274419785 0.032638017 0.066804647 0.031856701 0.996723115
3897.137590464 1.889785051 -1.129088640 15.495916367 0.032620028 0.062546834 0.033198986 0.996956170
3897.173532704 1.926864743 -1.148028970 15.705701828 0.033754334 0.061353169 0.027778948 0.997158349
3897.212217792 1.924846172 -1.169534326 15.880939484 0.027265275 0.060363803 0.024870981 0.997493982
3897.249705344 1.909350872 -1.165537238 15.958559036 0.030538717 0.060556393 0.023562415 0.997419238
3897.287599296 1.941258669 -1.173747182 16.152605057 0.026637532 0.060177855 0.023456408 0.997556448
3897.318895936 1.990472078 -1.229407787 16.335393906 0.022649957 0.054575287 0.027870897 0.997863591
3897.367253792 2.057132959 -1.217490077 16.468753815 0.020530270 0.052151572 0.019125480 0.998244941
3897.408581184 2.145927668 -1.183916807 16.455114365 0.023530001 0.049650807 0.018807670 0.998312294
3897.445678400 2.144298792 -1.214620829 16.740013123 0.018586038 0.051469583 0.017707014 0.998344600
3897.487735360 2.157867908 -1.221370459 17.094341278 0.020251477 0.052973069 0.015306138 0.998273194
3897.524721952 2.196264505 -1.284856081 17.418212891 0.017269654 0.051037665 0.019628713 0.998354435
3897.566206304 2.226805449 -1.374874353 17.479684830 0.009827410 0.049078722 0.009592591 0.998700500
3897.607287136 2.259984493 -1.436177969 17.823930740 0.006928256 0.046067119 0.028701928 0.998501897
3897.639080544 2.265223980 -1.434201837 18.097784042 0.004327344 0.046520524 0.017900234 0.998747587
3897.680881600 2.209167004 -1.437391877 18.420095444 -0.000065672 0.051748764 0.006879274 0.998636425
3897.715832448 2.238679647 -1.458487153 18.527679443 -0.004650182 0.046007540 0.006307450 0.998910367
3897.753993920 2.206601143 -1.547976851 18.868339539 -0.008247069 0.047034208 0.000272975 0.998859227
3897.790531840 2.198664665 -1.569878578 19.183452606 -0.005278918 0.045994144 -0.010048979 0.998877168
3897.830094528 2.319556236 -1.527729630 19.408355713 0.003775256 0.031451344 -0.014257135 0.999396443
3897.865334752 2.282399178 -1.417077184 19.275897980 0.009578500 0.034185842 -0.032454275 0.998842478
3897.901425056 2.195952654 -1.549254537 19.632472992 0.002677686 0.041068342 -0.028751003 0.998739004
3897.933548576 2.122791767 -1.658909559 19.940298080 -0.003478179 0.046383575 -0.024250465 0.998623252
3897.971955200 2.138475418 -1.633870959 20.066644669 -0.003772424 0.046487436 -0.022868371 0.998649955
3898.035758336 2.722490788 -1.019348741 20.213081360 0.034671277 0.010301152 -0.047423132 0.998219788
3898.068624736 2.782797575 -1.114018559 20.408727646 0.030447938 0.006123580 -0.044958692 0.998505950
3898.102032672 2.806455851 -1.228196144 20.616756439 0.019850902 0.007236493 -0.065556318 0.997625172
3898.137615776 2.821928740 -1.312414050 20.870786667 0.011885568 0.011540436 -0.087799855 0.996000350
3898.184592896 2.739050388 -1.317244530 20.547071457 0.000292020 0.015094046 -0.109697402 0.993850350
3898.217673536 2.633672953 -1.485115528 21.072875977 0.006194116 0.020343287 -0.063171357 0.997776151
3898.250525920 2.564353228 -1.673378468 21.607383728 0.011719962 0.023214916 -0.015851786 0.999536097
3898.284787328 2.564353228 -1.673378468 21.607383728 0.011719962 0.023214916 -0.015851786 0.999536097
3898.322259040 2.624487162 -1.564729810 21.117837906 0.005894587 0.019277165 -0.057746641 0.998127759
3898.359222080 2.423910618 -1.732703567 21.741420746 0.004034590 0.032741502 -0.024515484 0.999154985
3898.392196096 2.254898787 -1.887229800 22.300731659 0.003052841 0.046681680 0.001745375 0.998903573
3898.425766560 2.501127005 -3.303916693 21.685386658 -0.156255901 0.016163813 -0.119737811 0.980298758
3898.462109824 0.774065495 -3.622295380 21.617610931 -0.250751853 0.111668862 -0.290048838 0.916801631
3898.497576480 -1.111765504 -3.628305435 21.709341049 -0.331671208 0.194563046 -0.396576345 0.833586574
3898.529537888 -2.735707760 -3.170254707 22.020158768 -0.395282328 0.265349478 -0.483894080 0.734294295
3898.567075872 -3.724670410 -2.270273685 22.654829025 -0.436972439 0.350356311 -0.557285428 0.612975121
3898.599681440 -4.605253220 -1.243303776 23.128837585 -0.455925733 0.426312804 -0.587228656 0.515317023
3898.638650208 -5.279778004 0.192311883 23.746089935 0.467652172 -0.511220515 0.604916155 -0.392468512
3898.673439872 -5.203195095 1.489612579 24.279289246 0.478843242 -0.573228836 0.609360397 -0.266078442
3898.726675296 -5.625124454 3.404800892 24.344434738 0.474650443 -0.600176334 0.629421949 -0.135363996
3898.760668608 -5.720210552 4.652607918 24.276885986 0.467378199 -0.610456228 0.637036681 -0.055543464
3898.812617472 -5.125251770 5.972770691 23.967102051 0.448381096 -0.619017780 0.641896427 0.061158095
3898.846222080 -4.634561062 6.786965847 23.629016876 0.437732100 -0.607560396 0.645249903 0.151372448
3898.879586688 -4.086547852 7.543281078 23.131910324 0.418183953 -0.592235208 0.644675612 0.242431343
3898.912176288 -3.618601799 8.296876907 22.520057678 0.396403253 -0.572335601 0.638789773 0.327481270
3898.946858688 -3.360471725 8.125954628 22.413406372 0.367236316 -0.580686450 0.642749906 0.338841110
3898.978508672 -3.182614803 7.931143284 22.357446671 0.352180213 -0.586935103 0.646995485 0.335965931
3899.010786336 -4.004337788 7.258631706 22.031438828 0.420725971 -0.469329506 0.716481090 0.298955411
3899.053718176 -4.647433281 6.366195202 21.627313614 0.491932839 -0.293863863 0.779697120 0.252425283
3899.094996320 -5.003400803 5.283710480 21.545312881 0.542134643 -0.110525481 0.808557093 0.200273633
3899.126800736 -3.938995361 4.171121597 21.455795288 0.471601367 0.012918083 0.874194562 0.114930809
3899.163328928 -7.305271149 0.131215572 18.244550705 0.206836969 0.420556635 0.843539596 0.262281388
3899.204443168 -9.669964790 -6.213508606 19.553964615 -0.167457119 0.747114122 0.540950596 0.348067611
3899.246688928 -13.734708786 -8.986653328 27.091875076 -0.493681937 0.820470095 0.027064292 0.287009567
3899.283790208 -20.088058472 -5.741129875 31.431447983 0.632901311 -0.618595541 0.444338590 -0.139063716
3899.315848064 -26.473705292 -2.795375347 29.817464828 0.597512305 -0.283105165 0.749699712 0.027943952
3899.356702080 -33.807064056 -5.501358032 23.531614304 0.344613433 0.236633226 0.879904091 0.225865155
3899.398772992 -38.040000916 -15.028024673 22.634422302 -0.057761215 0.674317539 0.655882001 0.334332734
3899.433847616 -38.373451233 -16.101919174 23.547080994 -0.202411667 0.776941478 0.479655206 0.354008943
3899.465707680 -38.805686951 -16.711343765 24.662618637 -0.330637544 0.822820127 0.290674269 0.359380573
3899.516695776 -39.960861206 -16.795711517 26.555084229 -0.498622656 0.801268578 -0.041712411 0.328030825
3899.558832032 -41.284240723 -16.114841461 27.619474411 -0.587555945 0.696468472 -0.313733041 0.266985476
3899.605743680 -43.043651581 -15.177196503 27.885627747 0.622763753 -0.496875644 0.580182076 -0.169318020
3899.648862656 -44.650020599 -14.576084137 27.231971741 0.587988675 -0.259319335 0.763769746 -0.060651477
3899.686004608 -45.913642883 -14.577223778 26.200546265 0.509149492 -0.031079970 0.859129310 0.041203175
3899.727363296 -47.171356201 -15.371001244 24.806144714 0.373192996 0.225124985 0.886366844 0.156203598
3899.774912256 -48.332138062 -17.362337112 23.531930923 0.165530831 0.493547529 0.807433665 0.277599245
3899.814659712 -49.232452393 -19.640928268 23.501665115 -0.031708851 0.670861363 0.651159942 0.353455037
3899.857415520 -50.562667847 -22.205791473 24.240631104 -0.199659809 0.771034181 0.447218835 0.406985879
3899.900144992 -52.146072388 -24.539886475 25.464788437 -0.312328517 0.800563335 0.268494785 0.435269684
3899.948476864 -53.274520874 -26.904777527 25.726957321 -0.341258198 0.784171224 0.275732994 0.438850343
3899.991793280 -54.094371796 -28.915359497 25.785060883 -0.348554969 0.773362815 0.309238732 0.429873019
3900.032702368 -54.693641663 -30.560472488 25.699523926 -0.364803612 0.760327935 0.333601117 0.421343088
3900.079155072 -54.967727661 -31.243183136 25.500928879 -0.387721777 0.748476863 0.326743096 0.427426189
3900.124897184 -55.242488861 -31.851722717 25.273593903 -0.370319009 0.753475904 0.329104483 0.432236284
3900.166453248 -55.416492462 -32.160278320 25.026121140 -0.354064554 0.756927133 0.321757972 0.445164353
3900.206122240 -55.474697113 -32.406410217 24.843107224 -0.370158255 0.746648431 0.310889274 0.456997663
3900.250099488 -55.463191986 -31.974424362 24.380823135 -0.369995147 0.747574806 0.300718248 0.462389439
3900.300174944 -55.403163910 -31.537155151 23.889879227 -0.374217063 0.743752778 0.305770725 0.461841434
3900.352777280 -55.392967224 -31.406019211 23.577493668 -0.367696583 0.746931851 0.314014971 0.456384331
3900.388918592 -55.323043823 -31.277025223 23.478384018 -0.365098447 0.747562766 0.315256923 0.456580848
3900.430861024 -55.182941437 -31.091388702 23.433820724 -0.375838786 0.739659727 0.314949870 0.460928798
3900.483547136 -55.073284149 -30.914348602 23.350730896 -0.368122697 0.740875423 0.315216243 0.465003252
3900.527665440 -54.983119965 -30.758068085 23.282199860 -0.372942537 0.736658573 0.320588440 0.464188606
3900.568652096 -54.901336670 -30.606544495 23.216567993 -0.371694028 0.735233665 0.331309527 0.459901124
3900.609875136 -54.817539215 -30.466730118 23.157911301 -0.378510445 0.733065724 0.323726505 0.463190734
3900.653547776 -54.728618622 -30.310913086 23.089887619 -0.379162580 0.732720137 0.329722911 0.458955109
3900.693546848 -54.654762268 -30.164186478 23.026981354 -0.375106364 0.734449565 0.338266611 0.453271180
3900.769071232 -54.502918243 -29.893003464 22.912479401 -0.375562578 0.733327508 0.337097138 0.455575526
3900.805774080 -54.433849335 -29.778232574 22.856309891 -0.358566254 0.742373705 0.333504230 0.457259804
3900.854202784 -54.336238861 -29.612503052 22.785436630 -0.356983602 0.746145189 0.329312980 0.455393285
3900.897728576 -54.244850159 -29.451087952 22.723648071 -0.347259134 0.757103562 0.320092142 0.451382637
3900.936237984 -54.168331146 -29.320903778 22.647985458 -0.330530167 0.765963614 0.335459918 0.437625647
3900.981338080 -54.085632324 -29.164419174 22.578979492 -0.342705399 0.760557115 0.340480924 0.433795661
3901.026653856 -53.987319946 -28.996906281 22.503341675 -0.343739241 0.759675145 0.343494177 0.432144433
3901.071312864 -53.901081085 -28.862903595 22.426218033 -0.330562353 0.762989581 0.344681412 0.435626149
3901.107861856 -53.830577850 -28.737476349 22.369602203 -0.335366040 0.758976877 0.336891264 0.444958419
3901.155004640 -53.745140076 -28.582954407 22.301275253 -0.339300007 0.756782293 0.324046195 0.455137461
3901.198271744 -53.645088196 -28.421035767 22.210441589 -0.330588579 0.760456920 0.328872234 0.451950759
3901.240583040 -53.546138763 -28.284749985 22.131002426 -0.327994555 0.763646662 0.320164084 0.454706848
3901.279295968 -53.461109161 -28.148145676 22.065649033 -0.341592669 0.757003784 0.328189403 0.450057179
3901.321020672 -53.383003235 -28.005662918 21.998489380 -0.340867341 0.754033089 0.337781429 0.448494494
3901.370533728 -53.283252716 -27.823661804 21.925437927 -0.349368274 0.741780639 0.344696760 0.457042009
3901.410639840 -53.198589325 -27.672586441 21.855537415 -0.345852375 0.737388670 0.350320160 0.462514728
3901.449293728 -53.088375092 -27.537721634 21.830812454 -0.337946057 0.737615645 0.349900395 0.468279123
3901.493392864 -53.005233765 -27.379066467 21.770572662 -0.352957487 0.729482293 0.341907531 0.475789696
3901.545284224 -52.908176422 -27.192998886 21.709072113 -0.354876131 0.723909020 0.356732279 0.471975356
3901.589390624 -52.808620453 -27.016864777 21.649000168 -0.355727494 0.718692183 0.359592646 0.477108657
3901.634538400 -52.724082947 -26.870605469 21.612524033 -0.355293006 0.713750064 0.355529845 0.487776816
3901.684758016 -52.639480591 -26.710905075 21.549009323 -0.343814164 0.715783358 0.361240238 0.488826632
3901.740681952 -52.531009674 -26.520496368 21.494560242 -0.346855372 0.714414954 0.351290077 0.495880991
3901.784395616 -52.446201324 -26.369346619 21.451162338 -0.348879308 0.712263465 0.354668289 0.495150834
3901.827196704 -52.332504272 -26.183849335 21.403564453 -0.335126817 0.716482043 0.360584617 0.494289637
3901.877470336 -52.230888367 -25.991188049 21.349225998 -0.348579794 0.708227396 0.360488027 0.496945113
3901.924254816 -52.134674072 -25.798879623 21.291009903 -0.350417167 0.705455899 0.356821239 0.502213299
3901.969162880 -52.040088654 -25.631370544 21.235288620 -0.345152348 0.705623388 0.367776722 0.497700453
3902.010118144 -51.923130035 -25.460386276 21.185869217 -0.350381970 0.706028879 0.351188183 0.505393445
3902.055643808 -51.840065002 -25.331062317 21.148086548 -0.339125961 0.712315679 0.348040521 0.506426334
3902.097942368 -51.752731323 -25.175575256 21.103960037 -0.336055160 0.712730527 0.358855039 0.500304997
3902.140023296 -51.663829803 -25.012538910 21.063152313 -0.348676980 0.709188819 0.349402398 0.503382087
3902.203992480 -51.529205322 -24.787677765 20.995880127 -0.346785098 0.711526632 0.352810889 0.498993367
3902.246181248 -51.433105469 -24.619369507 20.941335678 -0.340657383 0.712474525 0.360755742 0.496173322
3902.289716640 -51.355659485 -24.475240707 20.914588928 -0.356056690 0.703105628 0.346300274 0.508863330
3902.358875232 -51.225852966 -24.258230209 20.840066910 -0.335820645 0.708548784 0.355377972 0.508811891
3902.398430464 -51.124004364 -24.094779968 20.793340683 -0.341483951 0.705433905 0.344822824 0.516574144
3902.453475136 -51.010787964 -23.900466919 20.746915817 -0.353830904 0.699973583 0.348440081 0.513254464
3902.501632320 -50.911228180 -23.727386475 20.707572937 -0.345500320 0.703172326 0.350124985 0.513410807
3902.544700064 -50.825393677 -23.589883804 20.671094894 -0.347599477 0.700212061 0.352996439 0.514073133
3902.582284800 -50.745586395 -23.462039948 20.640333176 -0.348589689 0.700324893 0.343024611 0.519965827
3902.624412992 -50.663673401 -23.319801331 20.606843948 -0.353458047 0.697541595 0.346615285 0.518035591
3902.669608032 -50.573230743 -23.167982101 20.563251495 -0.346000463 0.701581776 0.350826919 0.514768958
3902.717212064 -50.469364166 -23.001798630 20.520915985 -0.351715088 0.700004935 0.347546220 0.515267909
3902.754564832 -50.395805359 -22.874444962 20.488075256 -0.351867884 0.699462175 0.351692021 0.513083160
3902.796732128 -50.312374115 -22.722761154 20.439830780 -0.347465634 0.701497018 0.351597875 0.513369620
3902.845010592 -50.212375641 -22.554304123 20.406122208 -0.350557059 0.699544191 0.351684690 0.513872981
3902.888405248 -50.121109009 -22.407619476 20.363317490 -0.342681706 0.705112219 0.351835132 0.511466682
