1859.688767264 0.000000000 0.000000000 0.000000000 0.000000000 0.000000000 0.000000000 1.000000000
1859.813836160 0.000411672 -0.000310949 0.000273702 0.001582836 0.000073264 0.001036991 0.999998212
1859.938683520 0.001143798 -0.000710038 0.050919283 0.008434846 0.004077228 0.000392707 0.999956012
1860.063726272 0.005885743 -0.006745464 0.182738528 0.005315939 0.002207333 0.009655385 0.999936819
1860.189360160 0.002760275 -0.015100384 0.372209907 0.010977029 -0.005421817 0.010170132 0.999873340
1860.313881248 -0.000783043 -0.027410101 0.617774069 0.024200136 -0.007124988 0.009818438 0.999633491
1860.438937248 -0.010678092 -0.041582212 0.922645330 0.014798269 -0.004823428 0.002193313 0.999876440
1860.563795488 -0.017025592 -0.056741912 1.255860686 0.010224815 -0.009764984 0.002054320 0.999897957
1860.688776640 -0.025126437 -0.073092982 1.605475664 0.008583548 -0.010564631 0.001076895 0.999906778
1860.813659936 -0.030831952 -0.086666211 1.970237255 0.007851681 -0.004681342 0.005327136 0.999944031
1860.938654912 -0.033954047 -0.100486174 2.328467846 -0.005055238 0.002498930 0.003446364 0.999978125
1861.063707936 -0.044722363 -0.112060912 2.710870266 -0.001881103 -0.009008219 -0.006123723 0.999938905
1861.188866560 -0.058154959 -0.116787381 3.117287397 -0.006586027 -0.015776932 -0.012612096 0.999774337
1861.313546848 -0.064382888 -0.126966506 3.516396284 -0.003811432 0.001162028 -0.006726076 0.999969423
1861.438695872 -0.054536916 -0.130065456 3.956500530 -0.008368094 0.015939686 -0.005604563 0.999822259
1861.564272320 -0.034038316 -0.136256948 4.379021645 -0.012323731 0.024041781 -0.000539738 0.999634862
1861.688760608 -0.004557237 -0.138963759 4.812519550 -0.007195821 0.024287300 0.002458273 0.999676108
1861.813414208 0.007533645 -0.139653578 5.243626595 -0.013064483 0.014513260 -0.005187586 0.999795914
1861.938976064 0.017735571 -0.148682281 5.683904648 0.002636285 0.018476864 -0.011232829 0.999762714
1862.063745856 0.038056511 -0.153054953 6.135997772 -0.003638225 0.024854977 -0.006515678 0.999663234
1862.189414528 0.059713267 -0.152174190 6.596250534 -0.012839643 0.035898715 0.004310071 0.999263644
1862.314702144 0.090219319 -0.159822196 7.050991058 -0.006021565 0.040712927 0.001589630 0.999151468
1862.438856896 0.129237875 -0.174217224 7.498862743 -0.005086632 0.036839139 0.003303145 0.999302804
1862.564255232 0.158347696 -0.194347635 7.914682388 0.001970546 0.029957756 0.003672368 0.999542475
1862.689170880 0.200584158 -0.212363929 8.378978729 0.009660551 0.035227552 0.024616359 0.999029398
1862.813976832 0.230296239 -0.223048121 8.835115433 0.006456547 0.032294344 0.014318015 0.999355018
1862.938698880 0.256561309 -0.237779364 9.328729630 -0.007497441 0.021023581 0.011220440 0.999687910
1863.063600896 0.282492548 -0.226489156 9.806901932 -0.030280268 0.018698215 0.010568319 0.999310672
1863.188759168 0.300390840 -0.206376642 10.266217232 -0.021582458 0.010653105 0.002275156 0.999707699
1863.314008096 0.298106045 -0.207550213 10.745575905 -0.010656831 0.015522159 -0.017634001 0.999667227
1863.438983200 0.339869142 -0.223652005 11.227944374 -0.022523485 -0.000904899 -0.014305730 0.999643564
1863.563791296 0.327548802 -0.209040850 11.715784073 -0.006017880 0.022803614 -0.000020357 0.999721885
1863.689349216 0.360738546 -0.223587990 12.220404625 0.003562866 0.030374784 0.011614002 0.999464810
1863.814268064 0.391209275 -0.235528305 12.725052834 -0.006805545 0.036664434 0.010077727 0.999253631
1863.939156352 0.425516933 -0.230073065 13.230934143 -0.017657083 0.041010976 -0.000154068 0.999002635
1864.064011648 0.465297997 -0.221413717 13.730974197 -0.016669786 0.037127789 0.004453071 0.999161541
1864.188826016 0.499894112 -0.218856454 14.244574547 -0.028908031 0.049721602 0.012900586 0.998261333
1864.313590016 0.517338693 -0.209387079 14.716357231 0.009596873 0.059551947 0.013438106 0.998088598
1864.439369888 0.581714034 -0.292452812 15.156286240 0.001263970 0.053362112 -0.002134355 0.998572111
1864.563557248 0.553088009 -0.449216068 15.573198318 -0.047095731 0.057440277 -0.040208008 0.996426582
1864.688837408 0.581798553 -0.452514857 15.995218277 0.007431434 0.049673006 -0.013489552 0.998646796
1864.813442944 0.593079448 -0.590455890 16.529069901 -0.057350386 0.067809045 -0.098047324 0.991211176
1864.938871040 0.653324366 -0.566122651 17.028833389 -0.049128376 0.064164609 -0.107111894 0.990957320
1865.063600704 0.702813804 -0.541518807 17.541124344 -0.037892353 0.061985426 -0.120092504 0.990100861
1865.188800448 0.757586777 -0.525470197 18.052921295 -0.028239885 0.057983682 -0.125671238 0.989973307
1865.313813824 0.811700940 -0.516366184 18.578191757 -0.028493809 0.059593268 -0.130624801 0.989228964
1865.438806688 0.867245793 -0.504543662 19.117378235 -0.031738281 0.058773674 -0.132644877 0.988910317
1865.563569888 0.929888904 -0.482494980 19.669454575 -0.041613042 0.060210858 -0.133910567 0.988286853
1865.688767264 0.995349944 -0.463285416 20.218454361 -0.034565747 0.063642025 -0.134419888 0.988274336
1865.813539296 1.052746296 -0.457398802 20.764411926 -0.026874317 0.075928427 -0.130695134 0.988145471
1865.938563296 1.147459865 -0.457265705 21.321071625 -0.022606015 0.085269883 -0.130514011 0.987514079
1866.063619904 1.226813316 -0.458692938 21.872627258 -0.020937297 0.082318097 -0.135085687 0.987186551
1866.189051520 1.316419840 -0.460733682 22.448896408 -0.020100996 0.078817479 -0.136867553 0.987244189
1866.314173888 1.391086936 -0.461221606 23.018951416 -0.017206034 0.075353302 -0.138552204 0.987334311
1866.438711264 1.456388950 -0.462404400 23.586868286 -0.012834151 0.073390134 -0.142774656 0.986947119
1866.566422272 1.529073715 -0.469682127 24.146892548 -0.013908847 0.071581952 -0.143967420 0.986892045
1866.688730080 1.597266436 -0.476594985 24.718563080 -0.011575036 0.070604771 -0.145961538 0.986699641
1866.813620128 1.660548449 -0.483677834 25.292125702 -0.014676311 0.069863521 -0.146155924 0.986682415
1866.938604736 1.720344067 -0.491370350 25.862707138 -0.009259747 0.068810962 -0.145436808 0.986928284
1867.064287968 1.784920931 -0.505284846 26.431158066 -0.006458591 0.069448620 -0.144073248 0.987105906
1867.188783264 1.857933402 -0.525073409 26.982698441 -0.006319835 0.069340356 -0.142528385 0.987338662
1867.315225312 1.918866873 -0.527323961 27.539567947 -0.006504709 0.070371136 -0.142743021 0.987233520
1867.438960224 2.031212091 -0.541101635 28.116876602 -0.006951600 0.071048051 -0.143958062 0.987005532
1867.563751456 2.143868446 -0.574108720 28.673906326 -0.003993386 0.073843583 -0.142986894 0.986957908
1867.688574208 2.195933104 -0.603699148 29.159259796 -0.006056779 0.077053666 -0.142735735 0.986738384
1867.814332512 2.268979788 -0.629064739 29.653642654 -0.010908036 0.079538710 -0.140742168 0.986785829
1867.938794368 2.330412626 -0.662127376 30.171977997 -0.011802778 0.083503641 -0.143611699 0.986034214
1868.063679456 2.421403646 -0.716508090 30.679161072 -0.013045681 0.084242068 -0.147233278 0.985421479
1868.188688032 2.526936293 -0.765151560 31.187932968 -0.015124067 0.084241822 -0.150666669 0.984872639
1868.313996704 2.525832891 -0.734300375 31.556539536 -0.010302722 0.086304247 -0.156272337 0.983882308
1868.440157152 2.571453094 -0.715450764 31.913085938 -0.005075339 0.080996968 -0.156892642 0.984275579
1868.564043072 2.606645584 -0.694994450 32.275386810 0.002262861 0.076256268 -0.156154394 0.984782040
1868.689006112 2.633966446 -0.722547650 32.690261841 0.003947132 0.072835684 -0.147592485 0.986354828
1868.813905216 2.679966211 -0.742828131 33.195690155 0.000607338 0.079934157 -0.148502827 0.985675931
1868.938588736 2.761182547 -0.793100119 33.677639008 0.005501883 0.077250794 -0.124394827 0.989205718
1869.063505440 2.802356243 -0.824929535 34.168361664 0.018639650 0.082844950 -0.104300238 0.990914106
1869.188822080 2.915578842 -1.013070583 34.507377625 0.012382795 0.088452891 -0.111432940 0.989750206
1869.314724736 3.026097298 -1.202606201 34.849525452 0.003446287 0.094363116 -0.116902396 0.988644302
1869.438617888 3.141905308 -1.401397705 35.161067963 -0.003778359 0.100660227 -0.122996889 0.987281621
1869.564302432 3.354122639 -1.861735225 34.659973145 -0.019842569 0.103127792 -0.129947603 0.985943496
1869.688777344 2.964837790 -1.976369143 35.038055420 -0.028537793 0.129706949 -0.249744177 0.959160864
1869.813956800 2.540694714 -1.985973954 35.312709808 -0.011335028 0.160987109 -0.430906683 0.887848020
1869.938706496 2.129744291 -1.832884789 35.580455780 0.008464743 0.189232707 -0.601865232 0.775807679
1870.063462336 1.054759383 -1.878817201 35.149669647 0.021389898 0.215750590 -0.766350269 0.604732633
1870.188776736 -5.161336422 2.591910839 23.189674377 -0.014658397 -0.220195040 0.867060602 -0.446660042
1870.313637984 -23.708921432 6.320829868 14.233821869 0.109856829 -0.264212161 0.921744168 -0.261746258
1870.438765376 -43.583045959 15.844409943 10.725704193 0.230830163 -0.303188324 0.921674490 -0.072872512
1870.564311232 -56.661254883 30.723056793 11.232198715 0.300869435 -0.328769147 0.885937691 0.128463417
1870.688554848 -66.149429321 40.438873291 10.008535385 0.332770526 -0.322501093 0.864069223 0.196573779
1870.813559296 -74.447219849 49.959106445 9.713151932 0.362533092 -0.307651460 0.842520416 0.253139585
1870.939173760 -81.905006409 59.773090363 10.193743706 0.393046230 -0.294591635 0.815902174 0.305014819
1871.063769408 -82.615005493 58.363063812 10.785803795 0.385668814 -0.316326648 0.821357727 0.276710063
1871.188832992 -82.453086853 57.411949158 10.550151825 0.366963387 -0.325930059 0.830469549 0.263491422
1871.313585472 -81.866180420 57.243568420 10.979890823 0.368334442 -0.318178058 0.833608270 0.261131763
1871.438496544 -81.399719238 56.814659119 11.122123718 0.361606210 -0.315130472 0.837467313 0.261882007
1871.563532416 -81.075737000 56.387710571 11.205675125 0.354379892 -0.296948761 0.845942855 0.265738517
1871.688595200 -80.893211365 56.088314056 11.449078560 0.354479283 -0.308545381 0.837331951 0.279319584
1871.814532960 -80.679595947 55.754943848 11.720305443 0.358606637 -0.304313153 0.840330780 0.269516259
1871.938800032 -80.474052429 55.471019745 11.979392052 0.359562129 -0.286495596 0.851648092 0.251656175
1872.063341824 -80.897644043 56.050971985 11.985876083 0.334785879 -0.347674787 0.840266109 0.246968746
1872.188706304 -81.407218933 56.616100311 12.008228302 0.319383740 -0.392711669 0.838315725 0.202480465
1872.313517824 -81.776817322 56.916851044 12.048852921 0.322960049 -0.390333802 0.835316956 0.213499248
1872.438493792 -81.344627380 56.295349121 12.321533203 0.346224040 -0.356258601 0.832040846 0.246813193
1872.563702208 -81.245262146 56.065662384 12.509515762 0.343548477 -0.385398954 0.820170701 0.246499851
1872.688803872 -81.108543396 55.769393921 12.703332901 0.327609956 -0.396365553 0.823689818 0.238958552
1872.813811104 -80.919639587 55.408157349 12.920941353 0.337134808 -0.382674932 0.821932495 0.253627628
1872.938772736 -80.769905090 55.098968506 13.143049240 0.303523511 -0.391474456 0.838526905 0.226922855
1873.063399904 -80.610961914 54.843223572 13.298171997 0.299502075 -0.395818025 0.833613098 0.242313385
1873.188718816 -80.486518860 54.541687012 13.456969261 0.290604979 -0.380920291 0.844105065 0.240697220
1873.313687008 -80.286117554 54.170780182 13.705762863 0.281349689 -0.369380206 0.851920426 0.242140830
1873.438837312 -80.163215637 53.893169403 13.919863701 0.285872221 -0.377377093 0.844458878 0.250505209
1873.564597696 -80.082313538 53.721256256 14.048402786 0.304445386 -0.364154100 0.844440341 0.248244494
1873.688645280 -80.006034851 53.531211853 14.195265770 0.288138181 -0.412715912 0.832945943 0.229876027
1873.814008384 -79.941032410 53.409816742 14.275635719 0.272053421 -0.393281072 0.843821228 0.243480504
1873.938938944 -79.906677246 53.304340363 14.328082085 0.263872176 -0.384108216 0.848841667 0.249600038
1874.064794944 -79.881546021 53.261238098 14.366557121 0.260512680 -0.382104337 0.850368619 0.251003236
1874.188482912 -79.868530273 53.246303558 14.373865128 0.264015257 -0.385738134 0.845062733 0.259559155
1874.314833280 -79.877334595 53.258804321 14.368509293 0.261255264 -0.384022743 0.848513305 0.253569275
1874.438841088 -79.892807007 53.284442902 14.354496956 0.257671505 -0.380811185 0.854634404 0.241222367
1874.563374816 -79.895477295 53.298797607 14.340322495 0.257999420 -0.381273866 0.853914797 0.242685169
1874.688624032 -79.899932861 53.308052063 14.333866119 0.255890906 -0.381405413 0.854133308 0.243938580
1874.813418304 -79.903030396 53.313869476 14.329787254 0.254034817 -0.380906731 0.854758441 0.244467482
1874.938914272 -79.905410767 53.318210602 14.323875427 0.252646118 -0.380775750 0.854817092 0.245901555
