783.406527200 0.000000000 0.000000000 0.000000000 0.000000000 0.000000000 0.000000000 1.000000000
783.655285312 -0.000307380 -0.001432267 0.035641469 0.007281995 -0.007983560 0.001288326 0.999940813
783.906522272 0.002824000 -0.052979749 0.204272896 -0.005360804 -0.023780894 -0.011124766 0.999640882
784.157993376 -0.126874462 -0.047585588 0.578038037 -0.016226631 0.009183506 -0.012181843 0.999751925
784.406318656 -0.216078505 -0.017207425 0.957361341 -0.016115814 0.038061660 0.000234506 0.999145389
784.656423392 -0.297948301 0.040769752 1.356439352 -0.001299089 0.073817678 0.019080093 0.997088373
784.906682944 -0.349150181 0.083606355 1.769577384 0.012885222 0.108200319 0.037126694 0.993351996
785.158957888 -0.389495432 0.109661072 2.183033943 0.030891007 0.150606766 0.048359025 0.986926913
785.406711040 -0.391690850 0.116853356 2.589343548 0.044008594 0.190982610 0.065274335 0.978431463
785.655664640 -0.260497510 -2.870841503 -0.759876251 0.084151320 0.190647796 0.018059775 0.977878213
785.906365600 -0.260497510 -2.870841503 -0.759876251 0.084151320 0.190647796 0.018059775 0.977878213
786.159930208 -0.364238143 -2.881782770 -0.639898717 0.088093854 0.208385140 0.024264446 0.973769128
786.409676576 -0.343681455 -2.992089272 -0.241132915 0.116662331 0.215586066 0.010598294 0.969432950
786.659633472 0.197466910 -3.298297405 0.867258132 0.114896424 0.210789382 0.009510680 0.970709085
786.909739904 0.679536223 -3.565011024 1.936944246 0.111018106 0.202043340 -0.003117546 0.973058939
787.159579328 1.043754339 -3.818620682 2.758948565 0.116369568 0.198245272 0.006801683 0.973196089
787.409695776 1.473995924 -4.101039886 3.761329651 0.124322824 0.197015911 0.010497852 0.972429097
787.660511744 1.951063395 -4.415492535 4.852798462 0.130382597 0.200576067 0.018774174 0.970781744
787.909487488 2.467646122 -4.781122208 5.991380692 0.132569775 0.202948615 0.017155917 0.970022023
788.159698624 2.961074352 -5.175449848 7.105497360 0.126340836 0.202912912 0.017229659 0.970859110
788.409672800 3.128556967 -5.616879940 7.180438995 0.092423916 0.183610260 0.042701956 0.977712452
788.660518496 3.343068123 -5.877345085 7.583094597 0.084878981 0.171010032 0.039962437 0.980792582
788.909723648 3.554635763 -6.644137383 8.821087837 0.047673151 0.173141912 0.065397516 0.981566250
789.159655808 3.758476734 -6.495901108 9.003606796 0.089426644 0.101657197 0.047052525 0.989674091
789.410172128 3.943932056 -6.382313728 9.189935684 0.125681385 0.031538446 0.030132936 0.991111279
789.659759104 3.995323181 -6.459795475 9.566967010 0.160376355 -0.034418050 0.010504758 0.986399770
789.909545824 3.995835304 -6.561610222 9.943090439 0.194351718 -0.101916455 -0.006496085 0.975601494
790.159677152 3.137931108 -7.079571724 10.669857025 0.203249022 -0.131504923 -0.004572419 0.970245004
790.409916736 3.137931108 -7.079571724 10.669857025 0.203249022 -0.131504923 -0.004572419 0.970245004
790.660289696 3.138637781 -7.079235077 10.669162750 0.202730015 -0.132262856 -0.001999756 0.970259249
790.909637952 2.987308741 -7.100652695 10.840991974 0.214011371 -0.110378489 -0.011982931 0.970500946
791.159881408 2.872912884 -7.237029076 11.028744698 0.187781483 -0.100705974 0.004584138 0.977023780
791.409982368 2.891161203 -7.346738815 11.473628044 0.169827804 -0.112804569 0.004325764 0.978986681
791.659321280 2.748275995 -7.495062351 12.114297867 0.164636061 -0.123804495 0.022874380 0.978286326
791.909692000 2.519531488 -7.685284138 12.856566429 0.189880729 -0.120387353 0.003537885 0.974391937
792.159674816 2.322619200 -8.048151970 13.589257240 0.164160252 -0.113356687 -0.005520709 0.979883254
792.409827968 2.020355463 -8.608798981 14.898656845 0.165626839 -0.114494234 -0.010942252 0.979458570
792.658138656 1.688086033 -8.966986656 15.954484940 0.181518778 -0.107724123 0.009688698 0.977421403
792.909998816 1.487368703 -9.355451584 16.868913651 0.173354238 -0.117569439 0.038788777 0.977047205
793.159701600 1.158756614 -9.822309494 17.871608734 0.169585854 -0.131220073 0.023853702 0.976449132
793.409809888 1.041172028 -9.918742180 18.476482391 0.175418049 -0.141647130 0.025817234 0.973908663
793.656715616 0.814271450 -10.117561340 19.189085007 0.167615101 -0.148264587 0.020084735 0.974432886
793.909736320 0.404552370 -10.573095322 20.204984665 0.160694897 -0.183433279 0.017512035 0.969650805
794.159686656 -0.115461797 -10.975670815 21.206460953 0.177601442 -0.181578472 0.010726674 0.967146277
794.410162112 -0.331916869 -11.123102188 21.519672394 0.153980866 -0.179809555 0.001203934 0.971574485
794.657242432 -0.749177158 -11.473713875 22.456066132 0.135500237 -0.172274753 0.003500553 0.975678623
794.909999136 -1.023270488 -11.751530647 23.273324966 0.129850224 -0.181238130 0.001505757 0.974827886
795.159380992 -1.201843500 -11.935526848 23.775447845 0.135676116 -0.192941308 0.002546393 0.971781433
795.409398048 -1.301898599 -12.012505531 24.004039764 0.136672556 -0.191787735 0.002140909 0.971871138
795.656505504 -1.396113992 -12.070372581 24.166229248 0.139853925 -0.190741509 0.004721137 0.971615255
795.909684832 -1.426417947 -12.113707542 24.240549088 0.141348168 -0.190287039 0.006964217 0.971474648
796.159623008 -1.448103070 -12.136207581 24.318738937 0.141173795 -0.190659508 0.005718189 0.971435130
796.409887392 -1.469236016 -12.151984215 24.365554810 0.143976822 -0.189780354 0.004422255 0.971202612
796.656044576 -1.485540986 -12.164653778 24.404560089 0.143013626 -0.189761713 0.005513316 0.971342981
