632.921998752 0.000000000 0.000000000 0.000000000 0.000000000 0.000000000 0.000000000 1.000000000
632.954475264 0.000000000 0.000000000 0.000000000 0.000000000 0.000000000 0.000000000 1.000000000
632.993547360 0.000000000 0.000000000 0.000000000 0.000000000 0.000000000 0.000000000 1.000000000
633.023771712 0.000596377 -0.000306407 0.002189898 0.003578455 0.000279700 0.000738257 0.999993265
633.055635136 0.000916135 0.000447030 0.009196982 0.003671615 0.000347818 0.000964139 0.999992728
633.086995680 0.001324611 0.000496399 0.020999920 0.005416820 0.000107333 0.001973892 0.999983370
633.118421248 0.001690163 0.000210846 0.037848838 0.006924226 0.000356145 0.003408416 0.999970138
633.149944256 0.001839796 -0.000496957 0.062138461 0.005582726 -0.000630293 0.004295578 0.999974966
633.181775616 0.002015251 -0.001940009 0.093349010 0.001454466 -0.001747354 0.005367508 0.999983013
633.214714240 0.000776678 -0.006501940 0.126672432 0.004200653 -0.002949644 0.004526729 0.999976575
633.245474112 0.002274180 -0.013074113 0.161124408 0.010676463 -0.003574515 0.009096577 0.999895215
633.286455456 0.003319377 -0.018133091 0.219864309 0.008878548 -0.005957277 0.014097189 0.999843478
633.315462688 0.002862942 -0.020589273 0.260212839 0.013613188 -0.007518417 0.015110722 0.999764919
633.347907136 0.001871412 -0.024016535 0.308833897 0.021327477 -0.009489967 0.015667377 0.999604702
633.380009632 0.004481422 -0.026255572 0.367382348 0.013090369 -0.012565506 0.024507556 0.999534965
633.413821472 0.001467970 -0.027533280 0.425246626 0.015235672 -0.014856888 0.021579631 0.999540627
633.445274784 -0.003993643 -0.030386928 0.487211198 0.026234480 -0.015570092 0.014423300 0.999430478
633.476570944 -0.008265171 -0.031307194 0.552182913 0.026879491 -0.014880196 0.011239749 0.999464750
633.508182720 -0.010781914 -0.033173196 0.620494545 0.032721475 -0.012978255 0.010542604 0.999324620
633.544878080 -0.016535617 -0.035527624 0.708699167 0.028964460 -0.009195724 0.003064216 0.999533415
633.576271232 -0.014595675 -0.043024912 0.786943555 0.022496166 -0.008461182 0.009538646 0.999665618
633.609338656 -0.013984135 -0.051054351 0.865746737 0.021366648 -0.008080652 0.011646074 0.999671221
633.641364832 -0.015989808 -0.054498047 0.951806128 0.016234851 -0.009853080 0.008828840 0.999780715
633.672993120 -0.017424095 -0.057555370 1.032959461 0.016552670 -0.010690109 0.009430561 0.999761403
633.704335072 -0.020489577 -0.061737068 1.118099570 0.014586154 -0.011567923 0.007623279 0.999797642
633.735657120 -0.022539448 -0.068047784 1.203354120 0.013508648 -0.012446478 0.007419067 0.999803782
633.766955840 -0.027081452 -0.071651295 1.290450931 0.012324647 -0.012220688 0.001558459 0.999848127
633.798713376 -0.027100226 -0.074402682 1.379297733 0.010046414 -0.012356604 0.004517577 0.999862969
633.833713344 -0.027963497 -0.082466722 1.468616843 0.016701438 -0.011091926 0.007439622 0.999771357
633.865524384 -0.027829314 -0.089170441 1.562330484 0.015140305 -0.008076665 0.009972318 0.999803007
633.905647072 -0.033255644 -0.089460127 1.660332680 0.008603854 -0.006379825 0.004045174 0.999934435
633.942819520 -0.033879444 -0.098704480 1.785277009 0.015009941 -0.005019228 0.005959950 0.999857008
633.974400704 -0.034516785 -0.105432317 1.880394340 0.016776411 -0.003819639 0.006387337 0.999831617
634.006220064 -0.032388635 -0.106796741 1.981889248 0.008511401 -0.002642840 0.012867403 0.999877512
634.037912256 -0.030243561 -0.112827539 2.076333284 0.007777785 -0.002036221 0.014935074 0.999856174
634.069351360 -0.032898962 -0.117862359 2.169435263 0.015676761 0.000985987 0.007593793 0.999847829
634.101701888 -0.035796713 -0.117781311 2.271671772 0.004404366 0.005340492 0.005329537 0.999961853
634.133671456 -0.033797596 -0.123275608 2.368155956 0.002463072 0.005874773 0.011560641 0.999912858
634.165083328 -0.036385696 -0.130563468 2.464276314 0.005564567 0.005397264 0.005482539 0.999954939
634.196735488 -0.038423870 -0.133431360 2.563870668 0.003661453 0.001926573 0.003317369 0.999985933
634.228186944 -0.040724412 -0.134223416 2.668414116 0.001767503 -0.002464159 0.000841329 0.999995053
634.260690464 -0.041003764 -0.136622488 2.765280485 0.006744404 -0.007799506 -0.001702849 0.999945402
634.296598688 -0.042537622 -0.140093446 2.864610910 0.006971098 -0.012226752 0.001060924 0.999900341
634.328455520 -0.048030283 -0.142467663 2.985791683 -0.003033170 -0.014229515 -0.003393645 0.999888420
634.359845568 -0.052456699 -0.145791367 3.090135574 -0.003075984 -0.013493204 -0.006083785 0.999885738
634.392608384 -0.054958072 -0.148258477 3.195316076 -0.002781187 -0.011320046 -0.004945418 0.999919832
634.424532160 -0.058688909 -0.150056958 3.302748919 -0.001943978 -0.007113480 -0.007213857 0.999946773
634.456591104 -0.059253924 -0.153210506 3.414281368 -0.002208246 -0.001768971 -0.006692957 0.999973595
634.490170720 -0.058256339 -0.159549117 3.521422625 -0.000401204 0.001874437 0.001899972 0.999996364
634.524334848 -0.058293518 -0.161548361 3.632143736 0.003195072 0.005734844 0.003106186 0.999973655
634.555807456 -0.059194077 -0.161103114 3.747504711 0.002030728 0.008144655 0.001423928 0.999963760
634.587267968 -0.058242105 -0.163211927 3.857636213 -0.000239056 0.009132912 0.002439993 0.999955297
634.628053888 -0.056027353 -0.166916102 3.996319532 -0.004656300 0.009808856 0.004057161 0.999932826
634.658404768 -0.052067056 -0.172427490 4.104322433 -0.003138253 0.009007433 0.008719683 0.999916494
634.690240000 -0.048837371 -0.176321313 4.215326786 -0.004060440 0.009226394 0.008455167 0.999913454
634.721968128 -0.047683176 -0.175685242 4.328434467 -0.008398292 0.012129121 0.004199347 0.999882340
634.753526336 -0.042041395 -0.175471514 4.441401482 -0.003596581 0.016051782 0.007035142 0.999839962
634.784909856 -0.037505273 -0.179063335 4.549604893 0.002912736 0.020727208 0.008510754 0.999744713
634.816416832 -0.030999802 -0.180767536 4.665105343 -0.005094903 0.023966732 0.008872570 0.999660373
634.847646272 -0.027436335 -0.184639558 4.777045250 -0.004442172 0.025460485 0.005400700 0.999651372
634.879034368 -0.024714015 -0.187942654 4.887935162 0.000083653 0.025427235 0.000110275 0.999676645
634.910492064 -0.022663696 -0.190604314 4.999863148 0.003921201 0.024656218 -0.003891429 0.999680758
634.943347680 -0.013124925 -0.186736286 5.118905544 -0.009150531 0.021544959 0.005554642 0.999710560
634.974751392 -0.010650599 -0.184290931 5.238430023 -0.010618075 0.018240495 0.003505616 0.999771118
635.010721536 -0.007286840 -0.188887104 5.350425720 -0.004929709 0.017067105 0.000809501 0.999841869
635.044156704 -0.008098596 -0.193247169 5.490058899 -0.013924239 0.020420719 -0.008431194 0.999658942
635.076167264 -0.006081315 -0.198047996 5.603325844 -0.010215454 0.021526501 -0.012025214 0.999643743
635.108104352 0.000054326 -0.202421799 5.716538906 0.009759372 0.023251841 -0.005862331 0.999664843
635.140017120 0.004798490 -0.200154543 5.838767052 0.004205442 0.022821866 -0.003108011 0.999725819
635.171367936 0.010425926 -0.195393592 5.961223602 -0.012649794 0.023190444 -0.000160655 0.999651015
635.202908640 0.015731204 -0.201099262 6.073194027 -0.000740061 0.023587167 0.001214211 0.999720752
635.234484416 0.020818280 -0.209188417 6.190752506 0.000421398 0.024768991 0.002841562 0.999689102
635.265721824 0.027725708 -0.213002875 6.311173439 -0.003680590 0.025926232 0.005893210 0.999639690
635.297107776 0.033015169 -0.209394082 6.434538841 -0.011812599 0.026610261 0.004758329 0.999564767
635.328549152 0.038557738 -0.208880723 6.549844742 -0.004839988 0.028565396 0.004063712 0.999571919
635.359967360 0.049117554 -0.210034326 6.670692444 -0.009712853 0.030787097 0.013509639 0.999387443
635.391588448 0.055362634 -0.219444916 6.787147522 -0.002026352 0.032666832 0.013891526 0.999367714
635.423329472 0.064441785 -0.224425480 6.903881550 -0.002395304 0.034935884 0.016620485 0.999248505
635.454596032 0.067287140 -0.222973138 7.023559093 0.003026451 0.037993770 0.004879216 0.999261439
635.485731744 0.081130080 -0.226343960 7.141349792 0.002285767 0.038804423 0.018788848 0.999067545
635.518059040 0.095407717 -0.234124243 7.252005577 0.010076065 0.039383691 0.032603409 0.998641312
635.550107840 0.101692401 -0.242762864 7.373373508 0.014860143 0.039770413 0.019494485 0.998908103
635.589320768 0.111395001 -0.240927160 7.531825542 -0.001449261 0.039239243 0.012178842 0.999154568
635.618492480 0.122891925 -0.242656633 7.640729427 -0.000308954 0.036366798 0.023389708 0.999064684
635.658279264 0.137122557 -0.253043264 7.789993286 0.006219321 0.030946394 0.029570419 0.999064207
635.692304288 0.144339204 -0.264505476 7.921715736 0.001391301 0.028936747 0.024662511 0.999275982
635.724377664 0.142119810 -0.265528589 8.041576385 0.011215638 0.028389029 0.004013189 0.999525964
635.766375744 0.162473634 -0.269124925 8.191811562 0.014114314 0.026210651 0.021706140 0.999321103
635.794953664 0.175969779 -0.270980150 8.299638748 0.005472645 0.028450049 0.030176997 0.999124646
635.826188096 0.188239768 -0.282955348 8.415287018 0.012110692 0.032073654 0.033044897 0.998865664
635.857776896 0.192797333 -0.289562792 8.536746025 0.017297983 0.036630087 0.020016408 0.998978674
635.889597472 0.201175869 -0.294010699 8.659851074 0.009329092 0.039658532 0.020017959 0.998969197
635.922962880 0.213741869 -0.297706991 8.778613091 0.015130341 0.037717681 0.027876373 0.998784959
635.954377696 0.222017050 -0.304909825 8.902739525 0.010743656 0.032703772 0.023885395 0.999121904
635.985691968 0.231070474 -0.309604138 9.025234222 -0.001907159 0.027570063 0.027625466 0.999236286
636.017071584 0.235259190 -0.310191005 9.140728951 0.003063675 0.023168191 0.019436318 0.999537945
636.048821920 0.244959027 -0.317428589 9.260141373 0.006951725 0.019394206 0.024737028 0.999481678
636.080866976 0.252989948 -0.321173757 9.388325691 -0.002207396 0.018283563 0.025967631 0.999493122
636.112258432 0.254086912 -0.322586089 9.511363983 -0.004972399 0.018453423 0.014931024 0.999705851
636.143690144 0.263074487 -0.318594366 9.635474205 -0.011887375 0.018328410 0.023041315 0.999495804
636.175388640 0.267364442 -0.310541570 9.762756348 -0.023592683 0.020210542 0.020662693 0.999303758
636.215587808 0.272570044 -0.308523238 9.891122818 -0.030520206 0.015701393 0.021070134 0.999188662
636.257709184 0.280853063 -0.312299341 10.081284523 -0.029877512 0.009494676 0.018734209 0.999332905
636.296142016 0.285282850 -0.310650975 10.201908112 -0.025137577 0.005505472 0.020602440 0.999456525
636.332356384 0.285929531 -0.302777112 10.371212006 -0.017326055 0.001812436 0.013621255 0.999755442
636.363868736 0.291984737 -0.307719737 10.491431236 -0.001740979 0.000793406 0.021688022 0.999762952
636.396156192 0.291490585 -0.312252015 10.622698784 -0.002550159 0.003076218 0.016793502 0.999850988
636.427717568 0.286251724 -0.310168594 10.754197121 -0.004658323 0.004839578 0.000724035 0.999977171
636.459448192 0.283346832 -0.310165077 10.879795074 -0.000072712 0.004458476 -0.006011256 0.999971986
636.490777600 0.289372206 -0.312103868 11.011575699 -0.011970093 0.001514728 0.007903644 0.999895930
636.522648896 0.288136214 -0.312490016 11.139574051 -0.019474292 -0.003271484 0.006284930 0.999785244
636.553878560 0.286521763 -0.312724441 11.267097473 -0.018249039 -0.007033196 0.003821589 0.999801457
636.585131712 0.282159656 -0.311649084 11.394339561 -0.015043905 -0.008292779 -0.003515915 0.999846280
636.616387936 0.285513192 -0.312692434 11.522427559 -0.016062237 -0.006444559 0.003856100 0.999842823
636.647786016 0.286488622 -0.317966402 11.646769524 -0.006108457 -0.001802464 0.004862908 0.999967873
636.679188480 0.289325833 -0.320849895 11.775142670 -0.000594449 0.003925736 0.010227916 0.999939799
636.710745088 0.289214671 -0.318621993 11.907875061 -0.000579783 0.009570915 0.004718733 0.999942899
636.742424576 0.294203401 -0.322735190 12.040372849 0.007496462 0.013052819 0.008701788 0.999848843
636.774043168 0.298246324 -0.332095534 12.169795036 0.014363226 0.014583769 0.012095135 0.999717295
636.808576736 0.304935217 -0.340076059 12.301454544 0.011381011 0.013065536 0.016938342 0.999706388
636.841566784 0.305996180 -0.339434355 12.451215744 0.001063100 0.012045843 0.013815544 0.999831438
636.873353536 0.302295953 -0.337020397 12.586925507 -0.001577054 0.014958459 -0.007061910 0.999861956
636.905132224 0.315895081 -0.344911009 12.717150688 0.002314419 0.020065516 0.008358058 0.999761045
636.939714752 0.329436034 -0.354378074 12.861619949 0.001176299 0.025665579 0.017532280 0.999516129
636.971208192 0.329456717 -0.350812078 12.997624397 -0.005709968 0.032333922 0.000819667 0.999460518
637.002673024 0.339042991 -0.342469394 13.131463051 -0.015402750 0.034655023 0.004186695 0.999271870
637.034340992 0.349128544 -0.343413472 13.263848305 -0.018023249 0.035688452 0.010630722 0.999143898
637.065695072 0.355320662 -0.347709656 13.392271996 -0.015710361 0.036529560 0.006707354 0.999186516
637.097219200 0.359043360 -0.349555731 13.521764755 -0.012369250 0.036314469 -0.003442585 0.999257922
637.128733408 0.368790150 -0.346967578 13.654625893 -0.016237823 0.033380259 0.002790431 0.999306917
637.160170432 0.380952150 -0.345442086 13.785596848 -0.016480504 0.032373924 0.009720638 0.999292672
637.194943968 0.393360734 -0.344964653 13.931655884 -0.013939590 0.031968094 0.015535646 0.999270916
637.228555008 0.404995084 -0.342525780 14.068437576 -0.023344276 0.032213449 0.019985342 0.999008477
637.261311040 0.417896122 -0.337949365 14.218609810 -0.026118072 0.037332818 0.022538187 0.998707235
637.297442880 0.429295659 -0.334416062 14.356550217 -0.020842211 0.046515118 0.021867761 0.998460710
637.328931104 0.443723917 -0.335546762 14.507218361 -0.015351600 0.052465696 0.022868050 0.998242855
637.360576032 0.458560467 -0.336906075 14.645297050 -0.011195576 0.054037355 0.024305977 0.998180270
637.392759904 0.475556314 -0.340329975 14.777853012 -0.002794929 0.053150404 0.032998264 0.998037279
637.424137152 0.480512977 -0.351129353 14.896852493 0.029655911 0.049845502 0.022629611 0.998059988
637.457261760 0.488776386 -0.365751773 15.028558731 0.027375558 0.047404360 0.019212564 0.998315692
637.490007584 0.501717567 -0.364122391 15.179903984 0.015209330 0.045134161 0.021231793 0.998639464
637.521916096 0.517324388 -0.357004553 15.322875977 -0.004594575 0.045747515 0.028861808 0.998525441
637.555536064 0.523178697 -0.353161901 15.474247932 -0.039001428 0.047385242 0.009562681 0.998069167
637.585163072 0.529031694 -0.357163429 15.602702141 -0.034597341 0.049168460 -0.000856889 0.998190761
637.620758560 0.544025838 -0.367511630 15.735004425 -0.018043716 0.049377508 0.007739692 0.998587191
637.652144576 0.575421512 -0.364963353 15.884315491 -0.028632615 0.045873191 0.050522894 0.997257888
637.683534624 0.586683989 -0.354671150 16.017313004 -0.028980795 0.043986417 0.042505950 0.997706652
637.714819392 0.592574835 -0.356107265 16.139915466 -0.010413732 0.047837850 0.019377341 0.998612821
637.746258816 0.611399472 -0.369522154 16.253517151 0.029950522 0.051958792 0.026772950 0.997840881
637.777548672 0.630340278 -0.385362923 16.374277115 0.041391104 0.051423382 0.044184938 0.996840060
637.809633120 0.648564219 -0.384746403 16.511415482 0.027899632 0.051434625 0.050226033 0.997022271
637.841350688 0.665362954 -0.376926869 16.655616760 0.004629803 0.051254474 0.058124475 0.996981978
637.880974496 0.672488570 -0.373086154 16.837114334 -0.032035526 0.049801186 0.041112777 0.997398257
637.911507232 0.680446088 -0.378210962 16.965690613 -0.033381205 0.049281895 0.028333945 0.997824728
637.943398848 0.694658577 -0.380997390 17.097896576 -0.025028991 0.050755799 0.031702213 0.997893929
637.974809312 0.709021688 -0.375339597 17.229047775 -0.017411811 0.049762502 0.034182832 0.998024046
638.006236288 0.720790625 -0.365389049 17.362771988 -0.019561853 0.046003949 0.032704309 0.998214126
638.038566752 0.729674637 -0.362605661 17.499372482 -0.020610847 0.044106685 0.029414751 0.998380959
638.070082880 0.739993691 -0.364277154 17.636217117 -0.017009150 0.044594981 0.027267976 0.998488069
638.103796064 0.747147322 -0.367444366 17.772624969 -0.015618859 0.045848832 0.025121992 0.998510301
638.137280864 0.756254971 -0.367894292 17.918186188 -0.012097980 0.045720749 0.019502787 0.998690605
638.174657728 0.768077374 -0.370483071 18.086715698 -0.007583509 0.043877255 0.017774902 0.998849988
638.206217600 0.776244104 -0.374107718 18.224441528 -0.003448339 0.042455353 0.017774465 0.998934269
638.237936704 0.785995007 -0.376027673 18.364980698 -0.003725491 0.041869488 0.015786607 0.998991430
638.269418272 0.795129836 -0.378385663 18.504377365 -0.003026944 0.041565903 0.012876659 0.999048173
638.305677120 0.804629564 -0.383022159 18.660602570 -0.003072544 0.041606281 0.010735650 0.999071658
638.337446048 0.815606594 -0.387062937 18.804550171 -0.003579238 0.040820520 0.011329252 0.999095857
638.369018048 0.825639486 -0.390988290 18.941993713 -0.000966174 0.040170666 0.009776509 0.999144554
638.401600160 0.834274292 -0.394338191 19.086603165 0.000008569 0.039234992 0.008532481 0.999193609
638.436359008 0.845423758 -0.395470887 19.242757797 -0.002777378 0.037187241 0.008690529 0.999266624
638.470193792 0.853818238 -0.399052948 19.395267487 -0.003061835 0.035950448 0.006996579 0.999324381
638.502014880 0.861203730 -0.402165771 19.538257599 -0.009304372 0.035851050 0.005833445 0.999296784
638.535152864 0.876535594 -0.397169381 19.696073532 -0.014906697 0.035668969 0.007377502 0.999225259
638.566380736 0.884986341 -0.396075457 19.834579468 -0.011526969 0.036163408 0.005898552 0.999261975
638.597859392 0.893255532 -0.398986876 19.978221893 -0.014220298 0.036802705 0.005094927 0.999208391
638.633176672 0.902838469 -0.402835160 20.123569489 -0.013433678 0.037102442 0.006001586 0.999203146
638.669212768 0.918531239 -0.400965720 20.281942368 -0.010124689 0.037174568 0.009588896 0.999211490
638.700878272 0.928368032 -0.397471279 20.446800232 -0.010875974 0.038063768 0.008080020 0.999183416
638.735552896 0.938734949 -0.402094334 20.603424072 -0.009335701 0.038802758 0.008351165 0.999168396
638.766910112 0.949546039 -0.406320155 20.751369476 -0.008975850 0.039471716 0.008590599 0.999143422
638.798313248 0.959719479 -0.407525837 20.899545670 -0.008093832 0.039146017 0.007123494 0.999175310
638.829703424 0.970492482 -0.408358246 21.042171478 -0.003484976 0.038193915 0.009024188 0.999223530
638.861682176 0.979390740 -0.412674725 21.186471939 -0.000901944 0.037718810 0.009529022 0.999242544
638.893131008 0.987595916 -0.417523295 21.333534241 -0.000933323 0.037541080 0.006064166 0.999276280
638.924570016 0.994646072 -0.420567513 21.477981567 0.004539282 0.037032716 0.004749773 0.999292433
638.957096608 1.004720211 -0.423781723 21.630596161 0.003168265 0.035770644 0.008100914 0.999322176
638.988519776 1.011471033 -0.429132164 21.776353836 0.004850854 0.035477959 0.008107972 0.999325812
639.021018016 1.020431519 -0.433976322 21.928054810 0.003533611 0.035501081 0.005646690 0.999347448
639.052653184 1.026551366 -0.439806074 22.075912476 0.004816467 0.035862047 0.005553942 0.999329686
639.084132960 1.033082247 -0.444987863 22.223476410 0.006047663 0.035640173 0.006703918 0.999323905
639.115570432 1.040690064 -0.447315753 22.372909546 -0.001095014 0.034740642 0.005412190 0.999381125
639.148814720 1.046855927 -0.453303188 22.521707535 0.000619028 0.034848101 0.004336975 0.999383032
639.180223168 1.056079149 -0.458389133 22.676700592 0.005707932 0.034098268 0.005317903 0.999388039
639.213666656 1.061028719 -0.466778278 22.828935623 0.006237491 0.033376887 0.003384446 0.999417663
639.245198912 1.069482565 -0.472147435 22.980562210 0.007721417 0.033095021 0.002363105 0.999419570
639.280065248 1.073997140 -0.476429522 23.131052017 0.009167810 0.033586707 0.001587503 0.999392509
639.315793952 1.082655430 -0.482285202 23.300798416 0.007883879 0.032888502 0.001839075 0.999426246
639.347888256 1.089457393 -0.496041298 23.465803146 0.009863589 0.032384314 0.001040986 0.999426246
639.376362080 1.096434951 -0.504304886 23.600959778 0.010873387 0.032131951 -0.000093608 0.999424458
639.408220864 1.100443363 -0.509743392 23.750373840 0.010910316 0.032691658 -0.002643561 0.999402463
639.438089536 1.105929494 -0.514882386 23.890933990 0.014839192 0.032001045 -0.002078799 0.999375522
639.474844576 1.112999320 -0.523421228 24.066444397 0.011344007 0.031185944 -0.001340872 0.999448299
639.513291360 1.119947553 -0.534489512 24.241176605 0.011189869 0.031008886 -0.003834770 0.999449074
639.542200800 1.123642206 -0.542612791 24.383283615 0.011846625 0.031391751 -0.003963660 0.999429107
639.570816064 1.134717584 -0.546713531 24.520750046 0.012602242 0.032108486 -0.003373973 0.999399245
639.599570624 1.141957521 -0.552116275 24.657188416 0.013932863 0.034850016 -0.005328909 0.999281228
639.632978816 1.156088471 -0.557328641 24.794664383 0.012420978 0.038318541 -0.005411546 0.999173701
639.662183456 1.166111231 -0.567198038 24.953308105 0.008971683 0.043189060 -0.004936295 0.999014437
639.692112608 1.180169582 -0.573018372 25.088582993 0.014019427 0.045915253 -0.004215914 0.998838067
639.721076736 1.189240336 -0.579227328 25.231803894 0.010154302 0.047405940 -0.004053902 0.998815835
639.749945504 1.200757384 -0.586887360 25.367439270 0.011419787 0.047866058 -0.004102686 0.998780072
639.778898560 1.211848021 -0.594793022 25.501720428 0.013119001 0.047902383 -0.003925436 0.998758137
639.808069920 1.224431038 -0.599367797 25.638353348 0.010285580 0.047171246 -0.005268776 0.998819947
639.837263008 1.233732104 -0.607048810 25.776859283 0.011437747 0.046639793 -0.004080112 0.998837948
639.866100608 1.247636557 -0.614531457 25.913177490 0.010759160 0.045637224 -0.002204261 0.998897672
639.894830848 1.257075906 -0.621603489 26.049921036 0.008895212 0.045919627 -0.001914872 0.998903692
639.930316320 1.268708467 -0.629629970 26.213310242 0.015945811 0.045689669 -0.004039293 0.998820245
639.958906432 1.276457667 -0.635315597 26.348789215 0.014685526 0.045223121 -0.002292110 0.998866320
639.989383296 1.291563869 -0.646333218 26.480913162 0.016301250 0.044715744 -0.000789020 0.998866439
640.018081088 1.300801992 -0.657226920 26.622753143 0.018779565 0.045379840 -0.001111766 0.998792648
640.047135840 1.312714577 -0.664284885 26.758445740 0.018327054 0.045546845 -0.002558395 0.998790801
640.077379040 1.324238539 -0.672255874 26.900083542 0.019651413 0.045135982 0.001283889 0.998786747
640.105903936 1.333712339 -0.680541992 27.035190582 0.017896047 0.045048021 0.001443576 0.998823464
640.134452832 1.344154119 -0.689112782 27.168806076 0.016488589 0.044988245 0.000541044 0.998851299
640.165290720 1.351948023 -0.697154939 27.303794861 0.016446767 0.045561310 -0.000373597 0.998826087
640.196266176 1.364712715 -0.703889549 27.445201874 0.016665502 0.044854496 0.002580664 0.998851180
640.225786496 1.374903798 -0.710960686 27.589797974 0.015307912 0.044034243 0.002622386 0.998909295
640.254764992 1.386095285 -0.719875395 27.728563309 0.014405572 0.043914817 0.001136842 0.998930752
640.283685888 1.396358490 -0.727893472 27.863023758 0.015168007 0.044633422 0.000404265 0.998888195
640.313850208 1.408629894 -0.736660480 27.998603821 0.017766319 0.044741355 0.001164465 0.998839974
640.343160640 1.423503280 -0.744386435 28.141401291 0.016529769 0.043526761 0.002457777 0.998912513
640.371908896 1.435704231 -0.757782459 28.275840759 0.017115653 0.043044370 0.002446664 0.998923540
640.402242016 1.450414538 -0.763989031 28.410894394 0.014699278 0.042871762 0.002350869 0.998969674
640.432093344 1.455302358 -0.771700382 28.548410416 0.012673122 0.043924160 0.002090269 0.998952329
640.462619584 1.465030313 -0.777771890 28.686563492 0.012969220 0.044380911 0.003645343 0.998923838
640.492565728 1.476836562 -0.786354780 28.827638626 0.013602056 0.044213921 0.003797251 0.998922288
640.532199680 1.491307497 -0.795298040 29.017471313 0.011590865 0.044601321 0.001964686 0.998935640
640.560862464 1.500174284 -0.805239201 29.148220062 0.019307794 0.043983039 0.001361833 0.998844743
640.593228608 1.515278578 -0.809658468 29.295263290 0.016815238 0.041863807 0.002955640 0.998977423
640.625096032 1.526897907 -0.819138348 29.448291779 0.013153766 0.042454168 0.001439409 0.999010801
640.656482880 1.539253592 -0.831944108 29.593975067 0.016832536 0.044110466 0.000580615 0.998884678
640.688208768 1.558544993 -0.838455021 29.739702225 0.014609954 0.044285294 0.002000574 0.998910069
640.728406976 1.572005033 -0.844377875 29.890008926 0.013005495 0.044880677 0.002318564 0.998905003
640.761413376 1.579273701 -0.857247710 30.074350357 0.017594546 0.047365025 0.003628471 0.998716116
640.793364096 1.593037963 -0.862886429 30.226552963 0.012397517 0.047094949 0.004972296 0.998801112
640.824933792 1.599915862 -0.874476850 30.374473572 0.014703197 0.048060704 0.004464905 0.998726189
640.856380704 1.613765240 -0.878626525 30.521135330 0.010587165 0.048666619 0.003689530 0.998752117
640.887554688 1.627264023 -0.891680062 30.660333633 0.012563995 0.047982261 0.004016735 0.998761117
640.920709312 1.640429616 -0.899443150 30.813228607 0.014810554 0.049412236 0.003622167 0.998662055
640.953263328 1.659414411 -0.903404057 30.961238861 0.015942223 0.052520063 0.003175671 0.998487592
640.984649600 1.676752806 -0.915345311 31.110322952 0.018825406 0.056263998 0.003691438 0.998231590
641.015966656 1.696338296 -0.925007939 31.254863739 0.019564502 0.060239945 0.005245066 0.997978389
641.061093792 1.713860631 -0.937215984 31.451683044 0.022170808 0.065651692 0.005217769 0.997582614
641.091755072 1.733329535 -0.948209584 31.599338531 0.024739780 0.066061817 0.008618834 0.997471571
641.123250336 1.749027014 -0.957408488 31.748411179 0.022779603 0.066404238 0.010160337 0.997480989
641.154575200 1.764636636 -0.966598034 31.892393112 0.020992247 0.067859732 0.009775599 0.997426093
641.185910368 1.780843735 -0.977993071 32.032817841 0.026671773 0.068901338 0.010629926 0.997210205
641.218036512 1.801520109 -0.987851083 32.177516937 0.022158246 0.068551444 0.013025887 0.997316420
641.249461792 1.818909407 -0.999084055 32.320659637 0.020634007 0.069276787 0.014513211 0.997278452
641.280953216 1.838311791 -1.011181474 32.459121704 0.026993621 0.069814011 0.014913232 0.997083187
641.312647232 1.857649684 -1.019544601 32.604133606 0.023132507 0.070590332 0.015463911 0.997117221
641.344132448 1.878672957 -1.030941129 32.745697021 0.027042350 0.070604496 0.018154230 0.996972501
641.381636032 1.895323753 -1.044370890 32.885929108 0.029618919 0.071515009 0.016973315 0.996855199
641.421107712 1.921505690 -1.056408405 33.057933807 0.023756018 0.072135888 0.018953584 0.996931732
641.454950656 1.947608948 -1.071513772 33.235515594 0.031139148 0.071604796 0.019570492 0.996754825
641.488776736 1.967739582 -1.082259178 33.397396088 0.027382823 0.071824968 0.018705642 0.996865809
641.520402368 1.989546776 -1.096901774 33.540386200 0.028323654 0.071600340 0.017979611 0.996869028
641.552176736 2.009814024 -1.108010054 33.681365967 0.029735604 0.071759768 0.019102717 0.996795595
641.583467776 2.030843258 -1.121878862 33.821422577 0.032503754 0.071588933 0.020230956 0.996699154
641.614718656 2.051347733 -1.137307763 33.960487366 0.035075292 0.070994437 0.019316757 0.996672630
641.646322720 2.069076777 -1.150357962 34.100116730 0.036882196 0.071229689 0.015739530 0.996653557
641.686010592 2.093450546 -1.165921450 34.274551392 0.038507346 0.071365431 0.020699127 0.996491671
641.733215808 2.124430895 -1.184546471 34.478324890 0.039442848 0.070775852 0.021312797 0.996484220
641.761883296 2.142787695 -1.196045995 34.614540100 0.033439178 0.070266604 0.017306237 0.996817410
641.793209568 2.162549734 -1.213199139 34.749813080 0.042959098 0.070681341 0.015495540 0.996452987
641.824586080 2.183315277 -1.231139660 34.882930756 0.050253902 0.069273166 0.016788384 0.996189713
641.857198976 2.199840546 -1.245463610 35.019069672 0.047563609 0.066007674 0.016572345 0.996547043
641.888646240 2.217365265 -1.261437178 35.157302856 0.056209587 0.060587253 0.016411070 0.996443868
641.921057984 2.230613947 -1.273811102 35.295475006 0.048649970 0.058207568 0.015425757 0.996999025
641.952730688 2.244157553 -1.288755774 35.439247131 0.037672456 0.057107326 0.011913684 0.997585893
641.984122496 2.256566525 -1.305363417 35.575237274 0.040733241 0.056650858 0.006792075 0.997539639
642.015766272 2.271649599 -1.319438577 35.716102600 0.026532499 0.055258509 0.010091070 0.998068452
642.047130784 2.284992218 -1.328611851 35.853878021 0.023058999 0.053121448 0.008519704 0.998285413
642.078568576 2.299444675 -1.341557384 35.980136871 0.039532334 0.052193012 0.008495055 0.997818112
642.110225056 2.314027786 -1.357225657 36.114818573 0.041098904 0.052064925 0.010495239 0.997742414
642.141829888 2.324564934 -1.368486643 36.253078461 0.036311910 0.051219247 0.003820361 0.998019755
642.174229760 2.333437443 -1.378990769 36.390964508 0.038660474 0.050801225 -0.003601676 0.997953713
642.216506240 2.351914883 -1.396889567 36.563735962 0.033762641 0.049488924 0.001561759 0.998202622
642.245677312 2.362794638 -1.412086368 36.696769714 0.033086598 0.048033431 -0.001231514 0.998296857
642.281390720 2.374939919 -1.425088644 36.833869934 0.033408783 0.046341751 -0.001599121 0.998365581
642.313750816 2.391479731 -1.436567307 36.972248077 0.035559930 0.045000799 -0.001496775 0.998352706
642.345632256 2.407225609 -1.452529073 37.098896027 0.039537314 0.044587109 0.000532473 0.998222709
642.377391712 2.419219494 -1.471514344 37.228328705 0.049182549 0.044787418 0.002501905 0.997781992
642.408838912 2.429466963 -1.494733214 37.354358673 0.062010035 0.045695405 0.000950194 0.997028470
642.440768064 2.441023588 -1.510924578 37.474060059 0.064226232 0.046084698 -0.004518277 0.996860445
642.472592672 2.451309443 -1.522346854 37.608016968 0.055838190 0.045877595 -0.009296792 0.997341931
642.503972544 2.467075586 -1.527530789 37.747589111 0.039927553 0.045160465 -0.003387691 0.998175800
642.535622208 2.483503819 -1.538875937 37.886817932 0.021985246 0.047860801 -0.000313163 0.998611987
642.567422016 2.494220018 -1.551418185 38.028594971 0.004853074 0.051101513 -0.007721999 0.998651803
642.598912832 2.501952887 -1.556760192 38.167419434 -0.008721574 0.054618906 -0.021641478 0.998234630
642.630742752 2.516987562 -1.553287625 38.306621552 -0.024826039 0.057291932 -0.020272169 0.997842848
642.663148416 2.540642023 -1.554980397 38.445617676 -0.022474015 0.065005630 -0.005384146 0.997617245
642.702891872 2.570301533 -1.559100032 38.609828949 -0.006133084 0.075918883 0.002435982 0.997092187
642.733164000 2.584824562 -1.559809208 38.741722107 -0.005213987 0.083239175 -0.013915603 0.996418774
642.764305088 2.611586571 -1.563589215 38.874206543 -0.001410230 0.088428847 -0.005291282 0.996067464
642.795681344 2.644016266 -1.567711711 39.008029938 -0.000554589 0.091642991 0.008483640 0.995755613
642.830389024 2.676450729 -1.567930937 39.159114838 -0.008833762 0.097482041 0.004786009 0.995186567
642.862910816 2.707180977 -1.565072298 39.299915314 -0.017576680 0.109467015 -0.003704662 0.993828118
642.894287872 2.745673656 -1.562350631 39.438339233 -0.024985878 0.123989344 -0.003224380 0.991963685
642.929097568 2.788887739 -1.559170008 39.575962067 -0.030932860 0.140509382 -0.003176119 0.989590943
642.961218368 2.840569019 -1.551854610 39.729381561 -0.040803969 0.159349561 -0.006379910 0.986357987
642.992649024 2.889686823 -1.548128605 39.859058380 -0.040497672 0.176220939 -0.007056764 0.983491898
643.029588544 2.946778297 -1.546286464 39.982875824 -0.031314079 0.187764421 0.003708837 0.981707811
643.066502176 3.012622833 -1.541930914 40.104000092 -0.017407360 0.201438010 0.007949842 0.979314327
643.098322848 3.073153019 -1.556935191 40.196136475 0.021827903 0.219287366 -0.000891060 0.975415707
643.130113632 3.138316154 -1.590061784 40.285541534 0.043628681 0.232475489 -0.004144134 0.971614361
643.171210944 3.196468353 -1.605023384 40.340610504 0.070511289 0.246822536 0.007080127 0.966466069
643.207614176 3.296699286 -1.641265988 40.432777405 0.065805338 0.249344289 0.024167819 0.965874195
643.243578496 3.381707191 -1.647259474 40.546951294 0.051800590 0.250811368 0.037526861 0.965920329
643.279161024 3.443717480 -1.645163774 40.735603333 0.032538000 0.253069669 0.036013793 0.966229796
643.315048064 3.526514769 -1.658731699 40.867774963 0.018987508 0.254840046 0.043103386 0.965835452
643.351919616 3.580975533 -1.665279627 40.972656250 0.011228358 0.257571101 0.035900880 0.965526879
643.387493536 3.654406786 -1.669682741 41.095355988 0.019746281 0.259164780 0.041485894 0.964739680
643.422266400 3.716862679 -1.675560832 41.211574554 0.028227618 0.259987324 0.030611534 0.964713812
643.457006912 3.786667824 -1.681908369 41.335906982 0.027894454 0.258798480 0.023060724 0.965253055
643.492412224 3.861187220 -1.692760706 41.456024170 0.025840797 0.254411966 0.036739722 0.966052294
643.527201728 3.929634809 -1.698865175 41.584735870 0.022011114 0.252563864 0.027428659 0.966940880
643.562484000 3.999684334 -1.702160716 41.712142944 0.006540272 0.249490172 0.028225323 0.967943788
643.597104064 4.058021545 -1.712473392 41.834903717 0.016183440 0.249227807 0.005568868 0.968293667
643.632057600 4.124705315 -1.725136161 41.945392609 0.022133738 0.247358754 0.013653357 0.968574882
643.666612864 4.199019432 -1.731742024 42.067684174 0.018903866 0.247811258 0.023676736 0.968334496
643.701502240 4.264132023 -1.732227445 42.189968109 0.019391665 0.251669407 0.014492439 0.967510462
643.736355136 4.335575581 -1.735903859 42.312149048 0.019031309 0.259452790 0.013620690 0.965472162
643.772554784 4.407262802 -1.751198649 42.426517487 0.028596602 0.266917229 0.020175736 0.963083744
643.815595296 4.492470264 -1.763806581 42.571117401 0.030818764 0.271274269 0.015993888 0.961875558
643.852529216 4.566100597 -1.770599246 42.691390991 0.024719086 0.270736754 0.019769255 0.962132931
643.887493536 4.641598701 -1.780582070 42.802429199 0.025609542 0.267541111 0.027892679 0.962802112
643.922284704 4.711357594 -1.787095428 42.924804688 0.017794954 0.266627520 0.020555807 0.963416100
643.957061440 4.787986279 -1.787208676 43.047550201 0.001771621 0.265501022 0.031428482 0.963596523
643.992041280 4.860810757 -1.790013790 43.166351318 0.001673696 0.270561278 0.032224551 0.962161839
644.027286176 4.929490566 -1.793140292 43.285217285 0.000846467 0.276308119 0.022943765 0.960794806
644.063601792 5.005300522 -1.802669764 43.402580261 0.000553390 0.280561537 0.034452040 0.959217370
644.101762560 5.089621544 -1.805489779 43.532199860 0.012670423 0.283491313 0.035235502 0.958243489
644.137047328 5.163730145 -1.806482792 43.653553009 0.013001412 0.282764643 0.029230321 0.958655655
644.172029824 5.239541531 -1.803246379 43.776065826 0.001571267 0.281182855 0.029773591 0.959190965
644.208879392 5.321842194 -1.815436959 43.884761810 0.016023366 0.277715623 0.048654344 0.959296644
644.243799872 5.394305229 -1.822831273 44.007987976 0.021725969 0.279394627 0.029826723 0.959467053
644.278937984 5.470991135 -1.828951478 44.131145477 0.010985917 0.282231033 0.026626335 0.958913922
644.316553600 5.554979324 -1.829294682 44.242752075 0.021358741 0.284347892 0.041599739 0.957580030
644.352480224 5.643253326 -1.841222763 44.358612061 0.027432935 0.285309434 0.056895923 0.956351817
644.392229056 5.712672710 -1.848048925 44.482105255 0.024875376 0.289561391 0.030179368 0.956360102
644.428418528 5.795136452 -1.850943804 44.611267090 0.017901951 0.292016625 0.023934131 0.955946088
644.472766272 5.896807671 -1.851464629 44.748466492 0.011987045 0.288469553 0.049022056 0.956158161
644.509853024 5.969711304 -1.862779737 44.834671021 0.016297003 0.291330278 0.045014367 0.955423892
644.548262368 6.020099640 -1.873124599 44.911350250 0.016561005 0.295275062 0.017259710 0.955112815
644.584314976 6.094161987 -1.872782111 45.005859375 0.022279672 0.297775269 0.028774373 0.953942120
644.623331936 6.170976162 -1.879038572 45.105022430 0.026636906 0.304079086 0.028263349 0.951854825
644.660771264 6.258410454 -1.885454535 45.228332520 0.024426814 0.307763219 0.024279149 0.950839460
644.697779040 6.343967915 -1.891226411 45.349090576 0.014013694 0.308423191 0.025104569 0.950814664
644.734052096 6.426619053 -1.900219202 45.456111908 0.021900902 0.306385010 0.034002993 0.951048017
644.771623456 6.504037380 -1.921725392 45.556915283 0.040268686 0.310130358 0.031103797 0.949331403
644.807672320 6.569820404 -1.939545989 45.669986725 0.029597007 0.315023154 0.001576131 0.948621094
644.846247808 6.661523342 -1.933828831 45.789184570 0.035494283 0.317179829 0.007010804 0.947674990
644.882436320 6.756070614 -1.927776933 45.900550842 0.018222803 0.308657438 0.034916040 0.950357497
644.919030688 6.849981308 -1.920536876 46.016468048 -0.023820017 0.300200462 0.060163960 0.951678813
644.956344512 6.918664455 -1.924497962 46.123767853 -0.019748619 0.295430928 0.032506078 0.954606712
644.993202752 6.998251438 -1.931308866 46.218502045 0.006409893 0.287836820 0.039993789 0.956822515
645.031345504 7.080665112 -1.935249686 46.318439484 0.031287108 0.283644825 0.049865250 0.957120776
645.068781824 7.158172131 -1.943904519 46.440162659 0.030371044 0.285163373 0.035936590 0.957323313
645.108544608 7.235083103 -1.940359592 46.569049835 0.005503260 0.285431117 0.022398688 0.958121657
645.146068512 7.316473961 -1.951561332 46.681320190 0.022096857 0.283899128 0.028327115 0.958180904
645.183364800 7.397442818 -1.956313372 46.805736542 0.011840711 0.282037407 0.030974267 0.958830178
645.222421216 7.457417965 -1.963884354 46.927536011 0.003698161 0.282400370 -0.006035419 0.959270537
645.262970976 7.531897068 -1.970518470 47.036952972 0.024215858 0.282772183 -0.008072062 0.958847404
645.303636992 7.621510983 -1.974516153 47.148517609 0.023498179 0.272782862 0.028177824 0.961375773
645.344173024 7.693329811 -1.971277833 47.276435852 0.010340589 0.267313033 0.010727948 0.963494539
645.384681344 7.768309593 -1.978977084 47.401134491 0.003260598 0.266586512 0.007648463 0.963775158
645.425159456 7.847064495 -1.988850236 47.520187378 0.006530457 0.267466426 0.013146037 0.963455379
645.465892384 7.915919304 -1.990206957 47.649620056 0.002340004 0.271870464 -0.009931750 0.962279797
645.506695424 7.997800827 -1.995039105 47.770217896 0.001010953 0.276574105 0.002656147 0.960988402
645.555660512 8.098814964 -1.996603608 47.911148071 0.000162606 0.291741699 0.017064705 0.956344903
645.584476480 8.160079956 -1.999284744 47.991653442 0.008920582 0.305224568 0.016011503 0.952103972
645.625187904 8.251616478 -2.001291752 48.117053986 -0.003461791 0.322860450 0.008371924 0.946403205
645.658496896 8.328334808 -2.010056257 48.206172943 0.005317518 0.334321320 0.014843285 0.942327261
645.690052640 8.399716377 -2.016982555 48.292583466 0.012071550 0.341172755 0.017153159 0.939766586
645.721412672 8.465005875 -2.021154165 48.381011963 0.013383153 0.343994558 0.006580707 0.938853204
645.754084160 8.537970543 -2.020915508 48.460197449 0.010729405 0.343213707 0.027561581 0.938791573
645.796681824 8.635472298 -2.019811153 48.573688507 0.012301701 0.342395484 0.035081662 0.938820183
645.839651840 8.730573654 -2.024412870 48.691200256 0.010123814 0.343335748 0.031731870 0.938621938
645.886413408 8.829639435 -2.039234400 48.819015503 0.011700219 0.355109960 0.015063023 0.934629917
645.924752320 8.898093224 -2.056110382 48.899459839 0.029817905 0.362835765 -0.010720472 0.931314230
645.956375008 8.971825600 -2.063514709 48.973041534 0.032938171 0.363538712 0.008340965 0.930959284
645.987911456 9.044883728 -2.060638428 49.047256470 0.030575294 0.361501545 0.026908005 0.931481481
646.020169888 9.119935036 -2.051909447 49.131835938 0.015970021 0.358894616 0.034738559 0.932594717
646.051735456 9.192005157 -2.043678761 49.207332611 0.008040315 0.369184583 0.042135891 0.928365588
646.084245408 9.256299019 -2.047849178 49.303714752 -0.024786562 0.382288933 0.004123789 0.923701167
646.117900992 9.333757401 -2.057684422 49.378665924 -0.012584657 0.397720277 0.005897798 0.917401433
646.149294400 9.404557228 -2.071078539 49.436794281 0.014148837 0.410897553 0.016399140 0.911424220
646.180857664 9.487966537 -2.074496984 49.496261597 0.030912772 0.414081424 0.046999067 0.908499897
646.212615200 9.563772202 -2.067556620 49.567920685 0.010885369 0.413215101 0.061004177 0.908522546
646.244012256 9.620825768 -2.064115763 49.641162872 -0.007793738 0.415882349 0.040520437 0.908481836
646.275112064 9.671397209 -2.063065052 49.705532074 -0.014783613 0.420294732 0.019002801 0.907068193
646.313890592 9.722111702 -2.073837757 49.763916016 0.008163468 0.417972267 0.005470915 0.908406615
646.344156224 9.772436142 -2.079375029 49.804134369 0.010254707 0.413926780 0.028077766 0.909819305
646.376019808 9.824858665 -2.072067261 49.852867126 -0.000531175 0.405011863 0.044696279 0.913218141
646.417437152 9.869814873 -2.063829422 49.894042969 -0.004283370 0.401271522 0.049480494 0.914611638
646.452705024 9.905684471 -2.067358255 49.939693451 0.009841170 0.406889111 0.021867575 0.913162708
646.491968032 9.951645851 -2.072914839 49.982307434 -0.001710813 0.405771315 0.027233051 0.913567185
646.521914368 9.984627724 -2.074233055 50.005851746 -0.001628635 0.404218525 0.040316120 0.913772047
646.553536032 10.018285751 -2.072549582 50.027004242 0.001987587 0.403247446 0.051868308 0.913617671
646.593656608 10.047276497 -2.070122957 50.055912018 0.003865470 0.406665504 0.040173788 0.912685215
646.622281792 10.067675591 -2.070410013 50.077922821 -0.004536181 0.413000643 0.039093420 0.909879982
646.656566784 10.085664749 -2.073825121 50.097618103 -0.008206853 0.418309093 0.038564164 0.907448590
646.688827712 10.102670670 -2.076331854 50.118339539 -0.010527280 0.424788654 0.033005074 0.904629469
646.720348768 10.113687515 -2.076015949 50.134273529 -0.007791747 0.430380225 0.025123700 0.902264357
646.752273984 10.128550529 -2.074070454 50.146450043 -0.007497642 0.432700872 0.031017838 0.900972605
646.783627584 10.144386292 -2.072948694 50.155223846 -0.005651649 0.435189694 0.039509937 0.899453700
646.815016416 10.153786659 -2.072772026 50.161701202 0.003385419 0.437005907 0.036000334 0.898731470
646.846788512 10.165688515 -2.072251081 50.169448853 0.002418313 0.435666621 0.038599666 0.899276793
646.877887552 10.179187775 -2.072427988 50.175823212 0.004325590 0.433436990 0.045202319 0.900039136
646.909865824 10.188385010 -2.072396278 50.181106567 0.007452719 0.432138681 0.045255683 0.900640070
646.941890112 10.197424889 -2.070996046 50.186824799 0.009729214 0.431977332 0.046984367 0.900607288
646.973635456 10.204875946 -2.070169687 50.192966461 0.009029333 0.431947380 0.047686629 0.900591969
647.006281344 10.210833549 -2.070558548 50.199008942 0.006467043 0.431228638 0.046861704 0.901001692
647.039576736 10.215041161 -2.071888208 50.202354431 0.006816948 0.430645466 0.047473967 0.901245952
647.071189408 10.218123436 -2.071861744 50.205455780 0.006741500 0.430103898 0.046987616 0.901530564
647.103250560 10.219777107 -2.071327448 50.207336426 0.006486109 0.429764718 0.046929203 0.901697218
