1784.438667168 0.000000000 0.000000000 0.000000000 0.000000000 0.000000000 0.000000000 1.000000000
1784.564001728 0.000247478 -0.000153429 0.000426433 0.000806454 0.000075189 0.000614805 0.999999464
1784.688584096 0.003030200 -0.005417132 0.043065488 0.006605454 0.002096019 0.003450237 0.999970019
1784.813440512 0.010371366 -0.009151050 0.161884516 0.007248487 0.006837520 0.004998771 0.999937832
1784.939083232 0.023084588 -0.019416336 0.330991328 0.010502607 0.013935160 0.005538393 0.999832392
1785.063750848 0.030438181 -0.027352331 0.575012565 0.023748709 0.009395776 0.003917102 0.999666154
1785.188959136 0.034961626 -0.043080889 0.877091110 0.017519325 0.006734075 0.004226588 0.999814928
1785.313864512 0.035145737 -0.059183028 1.203665614 0.012150411 -0.001366452 -0.000923226 0.999924839
1785.439184320 0.031124987 -0.078882977 1.550598979 0.014133607 -0.001055329 0.000593752 0.999899387
1785.563822784 0.036875650 -0.093037948 1.917989492 0.011368409 0.002458079 0.003724894 0.999925435
1785.688492576 0.043828230 -0.104071185 2.309785843 0.000519650 0.013391584 0.000762403 0.999909878
1785.813482624 0.047983889 -0.119854137 2.693796635 -0.001352742 0.004557538 -0.003363106 0.999983013
1785.938982752 0.044726685 -0.127392873 3.099260807 -0.006209696 -0.009394725 -0.009900684 0.999887586
1786.064035104 0.046748590 -0.139449269 3.508552313 -0.004463824 0.001323796 -0.004146527 0.999980569
1786.188719840 0.053134352 -0.146773621 3.932663918 -0.002767184 0.010732421 0.000172740 0.999938548
1786.314488448 0.053837031 -0.158965111 4.355551720 -0.005754651 0.009336941 -0.005104972 0.999926805
1786.438906624 0.062822744 -0.167817950 4.762265682 -0.005087334 -0.001579476 -0.004020179 0.999977708
1786.563723392 0.051841386 -0.167643845 5.213714600 -0.011689613 -0.011834905 -0.007808809 0.999831140
1786.688963360 0.039184920 -0.179627910 5.661137104 0.004631456 -0.002367531 -0.015389360 0.999868035
1786.813671168 0.037802663 -0.188620269 6.124732494 0.001957575 0.003114029 -0.016289206 0.999860525
1786.938757984 0.039744005 -0.190860212 6.592195988 -0.005045767 0.013324348 -0.017867740 0.999738812
1787.063571456 0.051255029 -0.203609839 7.053406715 0.005599422 0.027420199 -0.021395206 0.999379337
1787.188711392 0.078789182 -0.215892270 7.544013023 -0.008127528 0.043588392 -0.012166246 0.998942435
1787.314208448 0.122583315 -0.220082194 7.994395256 0.006444946 0.042279284 -0.000392839 0.999084949
1787.439322368 0.160115600 -0.241150662 8.463077545 0.009346860 0.049623124 -0.003640455 0.998717666
1787.564026048 0.209482014 -0.260015994 8.906629562 0.003322422 0.040652946 -0.007691834 0.999138176
1787.688842336 0.219459012 -0.277182341 9.366713524 -0.006402299 0.043471903 -0.024365900 0.998736978
1787.813734912 0.262928635 -0.271636695 9.844314575 -0.025342215 0.046369851 -0.013861450 0.998506606
1787.938874944 0.303874135 -0.259319395 10.323738098 -0.019695777 0.052196760 -0.014723400 0.998333991
1788.063767392 0.345261127 -0.252857774 10.794188499 -0.012157929 0.048410371 -0.024841681 0.998444557
1788.188693216 0.382861912 -0.264849871 11.259905815 -0.012985141 0.035224639 -0.018561920 0.999122679
1788.313712896 0.429715753 -0.271225899 11.761211395 -0.002826305 0.048752017 -0.002408181 0.998804033
1788.439018464 0.505130947 -0.290690213 12.231660843 0.006123354 0.045895800 0.008917795 0.998887658
1788.563754624 0.553386509 -0.309597075 12.733405113 -0.010936358 0.036773670 0.007890990 0.999232650
1788.688765824 0.590622306 -0.301510602 13.235250473 -0.015354125 0.033974689 0.003439309 0.999298811
1788.813865856 0.626822054 -0.294765741 13.741154671 -0.026333712 0.030338462 0.008757985 0.999154329
1788.939319744 0.670376360 -0.288907439 14.259415627 -0.027542409 0.057856236 0.027139876 0.997575819
1789.064376640 0.855256081 -0.176714212 14.470411301 0.044753239 0.047275942 0.064026006 0.995822728
1789.190763136 0.971787453 -0.169792205 14.644044876 0.088776872 0.046623942 0.094837517 0.990429580
1789.314191744 1.095278382 -0.248752087 14.800624847 0.093105540 0.045228627 0.107097432 0.988845706
1789.439148512 1.227038145 -0.192806870 15.090926170 0.155432701 0.054133043 0.114365630 0.979709506
1789.563963040 1.363105774 -0.164326310 15.392459869 0.219943821 0.065334938 0.118222833 0.966115654
1789.688481600 1.456832886 -0.385471165 15.830581665 0.229872078 0.046172030 0.115298949 0.965263247
1789.813831104 1.511644363 -0.637277186 16.281034470 0.243346289 0.037849709 0.097144932 0.964319885
1789.939497472 1.560375929 -0.906556606 16.740709305 0.248127833 0.037390526 0.089599118 0.963849843
1790.063592192 1.616718292 -1.181796074 17.206472397 0.249345735 0.035166770 0.086858340 0.963870108
1790.189313664 1.667904615 -1.458113790 17.682035446 0.235925823 0.033550233 0.085732900 0.967400253
1790.313658176 1.618676066 -1.662340045 17.961587906 0.236240357 0.038665656 0.092367075 0.966521442
1790.438922080 1.147379994 -1.849105239 17.715221405 0.217849120 0.057542223 0.118301123 0.967075765
1790.564173568 1.252059221 -2.092661381 18.223428726 0.226470798 0.060475949 0.117754839 0.964980543
1790.688464608 1.338646412 -2.353784323 18.740514755 0.233256668 0.066547282 0.116108254 0.963162303
1790.813590176 1.443615794 -2.614314079 19.255929947 0.225184068 0.080905549 0.119025365 0.963628232
1790.939272992 1.566597939 -2.879927158 19.745904922 0.231568113 0.092714302 0.117877319 0.961189508
1791.063759520 1.699345589 -3.138231754 20.242111206 0.233999833 0.098286927 0.116802908 0.960177541
1791.188933888 1.834100008 -3.393969297 20.732965469 0.232269257 0.097935028 0.114024736 0.960967302
1791.313466912 1.965398550 -3.659982204 21.239902496 0.238420814 0.097271569 0.112143800 0.959748685
1791.439282624 2.110081196 -3.899497509 21.706285477 0.236851275 0.092886791 0.112358645 0.960546255
1791.563853216 2.244430304 -4.161274910 22.199054718 0.237951726 0.090963200 0.115099683 0.960133731
1791.688923168 2.369168520 -4.431588173 22.693231583 0.244231388 0.089958221 0.116633989 0.958464921
1791.813949632 2.438457727 -4.562381268 22.942180634 0.244790450 0.086702339 0.121214792 0.958053887
1791.938851488 2.506282568 -4.743223190 23.205688477 0.237544417 0.081321470 0.126080602 0.959720373
1792.063683328 2.526562452 -4.928824425 23.514360428 0.234540418 0.077852547 0.132682428 0.959856808
1792.188357760 2.525470972 -5.115650177 23.803953171 0.228468969 0.077847175 0.137222707 0.960682929
1792.313996000 2.508195639 -5.286790848 24.097780228 0.222906336 0.077872470 0.144926801 0.960856318
1792.439565056 2.479109049 -5.508650303 24.441551208 0.223601654 0.087085210 0.143203646 0.960162044
1792.563675040 2.430655956 -5.696583748 24.777526855 0.220271647 0.102877207 0.140950397 0.959702909
1792.688851744 2.417263746 -5.914259911 25.112730026 0.216125652 0.117035151 0.136954427 0.959601998
1792.813453088 2.397180319 -6.122393608 25.448858261 0.212681949 0.134205237 0.136085659 0.958246350
1792.939043904 2.364587069 -6.364463329 25.751144409 0.195938617 0.152614355 0.133088917 0.959481239
1793.064101760 2.326108217 -6.586549759 26.037675858 0.181475446 0.173256874 0.128269508 0.959476769
1793.188800896 2.296818733 -6.820818424 26.350616455 0.161187753 0.195655793 0.121211983 0.959710896
1793.313895776 2.281041384 -7.034752846 26.712944031 0.151577264 0.226185426 0.115311116 0.955284178
1793.439858240 2.243920803 -7.222382545 27.165979385 0.153306827 0.265473157 0.117907383 0.944520473
1793.563570080 2.199444771 -7.416707516 27.653961182 0.153373435 0.318287998 0.114304833 0.928495407
1793.688600672 2.305716276 -7.543944359 28.059173584 0.147965372 0.354002059 0.108973369 0.917013407
1793.813892160 2.412332773 -7.686034203 28.563331604 0.149834886 0.400183469 0.094737537 0.899125934
1793.938799840 2.575691223 -7.825995445 28.836015701 0.133540362 0.428038746 0.106550545 0.887466490
1794.063827616 2.741340160 -7.954798698 28.947599411 0.109909199 0.447877139 0.115586899 0.879753232
1794.188800064 2.962439299 -8.018491745 29.238523483 0.112128958 0.461956650 0.099857882 0.874100447
1794.313837888 3.200395346 -8.052973747 29.458869934 0.122944660 0.464407772 0.100611277 0.871256232
1794.439363488 3.220207214 -8.032976151 28.764245987 0.121369094 0.449999988 0.128967464 0.875292480
1794.563729760 3.258733273 -7.992711067 28.061269760 0.119989775 0.434617460 0.156270638 0.878800094
1794.689434208 1.658027172 -8.142525673 27.940204620 0.119855799 0.448001355 0.183397770 0.866772532
1794.813411840 1.840650678 -7.815677643 27.853231430 0.158505410 0.464929551 0.184722915 0.851230860
1794.938967424 1.681438446 -7.317234516 28.312841415 0.211230978 0.498546630 0.175810054 0.822145700
1795.063804480 1.619212627 -7.701009750 27.879320145 0.155349612 0.506005466 0.198304802 0.824924350
1795.189023232 1.872772098 -7.587990761 27.936710358 0.159082636 0.521794081 0.185560405 0.817307174
1795.314060832 2.214692593 -7.558305740 27.942161560 0.145540342 0.531719863 0.182229444 0.814177155
1795.438969728 2.738008499 -7.674590588 28.281860352 0.153019294 0.535620451 0.194432780 0.807398081
1795.564162912 3.185265303 -7.774655819 28.581905365 0.157158747 0.539036870 0.189145595 0.805583239
1795.689044128 3.531762838 -7.826735973 28.719202042 0.140236586 0.544785798 0.223369122 0.796020329
1795.813907552 4.036926746 -7.818466663 28.908161163 0.141023681 0.549814701 0.226134256 0.791630864
1795.939075584 4.503540039 -7.817199230 29.087091446 0.140748322 0.548935056 0.217706263 0.794647217
1796.063920096 4.946446896 -7.830732346 29.241619110 0.156668663 0.556831062 0.210536882 0.788078904
1796.189026656 5.381033897 -7.835160732 29.387180328 0.154742122 0.552133739 0.212891027 0.791126132
1796.315285888 5.814687252 -7.841719151 29.554925919 0.149434581 0.546722353 0.205782101 0.797757924
1796.438774240 6.264454365 -7.857506752 29.714035034 0.156152427 0.550971687 0.217945650 0.790282428
1796.563694080 6.588701248 -7.866591454 29.838808060 0.145681843 0.550703228 0.210151553 0.794568479
1796.688837440 6.866683483 -7.869439125 29.951503754 0.144137233 0.551068187 0.201648429 0.796797454
1796.813702496 7.311825752 -7.872442722 30.126609802 0.130122632 0.552363336 0.198757619 0.799035847
1796.939149856 7.761353970 -7.887992382 30.309589386 0.150641024 0.553682625 0.197550789 0.794805944
1797.063777216 8.169305801 -7.908616066 30.461872101 0.147066861 0.552915335 0.193519205 0.796998322
1797.189077408 8.511757851 -7.944544315 30.595787048 0.124005608 0.555240571 0.180659965 0.802304506
1797.313977216 8.935660362 -7.936641693 30.741455078 0.121043265 0.553424835 0.197086245 0.800141573
1797.439589216 9.376830101 -7.942537308 30.894342422 0.135055497 0.549001098 0.211943492 0.797143459
1797.564014528 9.810029030 -7.941768646 31.046308517 0.143748477 0.565492630 0.219733045 0.781838775
1797.689263968 10.209996223 -7.946990013 31.155931473 0.146795392 0.567723036 0.218594283 0.779973209
1797.813515264 10.575366974 -7.979077816 31.290895462 0.143011034 0.593939841 0.193360195 0.767720759
1797.939332352 10.697231293 -8.200000763 31.068407059 0.112440571 0.601285636 0.233862117 0.755725622
1798.063775936 10.908052444 -8.219519615 31.113599777 0.135818288 0.619326830 0.235921785 0.736429632
1798.189838592 11.065896988 -8.201895714 31.205224991 0.072712608 0.612771451 0.190107182 0.763598919
1798.313983680 11.171882629 -8.192837715 31.205816269 0.127763689 0.565124691 0.229012802 0.782217145
1798.438848768 11.232719421 -8.194712639 31.231307983 0.125757232 0.570667267 0.222662121 0.780349612
1798.563686656 11.256470680 -8.198488235 31.250492096 0.120405361 0.573122501 0.212450117 0.782239139
1798.689157792 11.251052856 -8.196741104 31.245147705 0.122915313 0.575606585 0.211255834 0.780345976
1798.814133280 11.228745461 -8.195182800 31.238676071 0.125571102 0.577117860 0.211289510 0.778796256
1798.938667872 11.215563774 -8.192879677 31.229557037 0.128317177 0.575683355 0.217751443 0.777629554
1799.063825760 11.209589958 -8.191812515 31.226024628 0.128064737 0.576948762 0.220481277 0.775962353
1799.189019776 11.208774567 -8.191842079 31.225694656 0.127652571 0.576934338 0.220887214 0.775925517
1799.313951872 11.210547447 -8.192147255 31.226879120 0.127635702 0.577135801 0.219778210 0.776093364
1799.439116000 11.212802887 -8.192156792 31.228391647 0.127722159 0.577262282 0.218851790 0.776246846
1799.563303008 11.214569092 -8.192247391 31.229297638 0.127726987 0.577283084 0.218242109 0.776402295
