3646.998285344 0.000000000 0.000000000 0.000000000 0.000000000 0.000000000 0.000000000 1.000000000
3647.030234240 -0.081725381 0.068933301 0.015360687 0.002937246 0.003271796 0.005021952 0.999977708
3647.062916928 -0.081725381 0.068933301 0.015360687 0.002937246 0.003271796 0.005021952 0.999977708
3647.094455872 -0.081725381 0.068933301 0.015360687 0.002937246 0.003271796 0.005021952 0.999977708
3647.126112352 -0.083532162 0.070081204 0.017716382 0.003012167 0.003251428 0.005171620 0.999976814
3647.157720960 -0.083532162 0.070081204 0.017716382 0.003012167 0.003251428 0.005171620 0.999976814
3647.189089504 -0.083532162 0.070081204 0.017716382 0.003012167 0.003251428 0.005171620 0.999976814
3647.221512640 -0.083532162 0.070081204 0.017716382 0.003012167 0.003251428 0.005171620 0.999976814
3647.253393920 -0.086093336 0.072118133 0.021307215 0.003488874 0.003182136 0.005662789 0.999972820
3647.285429632 -0.062314238 0.107140779 0.000783537 0.010257140 0.002964643 0.001960945 0.999941051
3647.317062336 -0.062314238 0.107140779 0.000783537 0.010257140 0.002964643 0.001960945 0.999941051
3647.348613408 -0.062314238 0.107140779 0.000783537 0.010257140 0.002964643 0.001960945 0.999941051
3647.379913760 -0.030615974 0.039696217 0.187354758 0.004456480 -0.008629019 0.004375043 0.999943256
3647.411600256 0.027246002 -0.037227549 0.330065310 -0.001414400 -0.021032372 0.010932950 0.999718010
3647.443532704 0.027246002 -0.037227549 0.330065310 -0.001414400 -0.021032372 0.010932950 0.999718010
3647.475127264 0.027246002 -0.037227549 0.330065310 -0.001414400 -0.021032372 0.010932950 0.999718010
3647.507435392 0.015066071 -0.056578089 0.384583682 -0.003845800 -0.025146591 0.007952840 0.999644756
3647.539555520 0.004899810 -0.053290285 0.431972504 0.000589022 -0.029193981 0.001556151 0.999572396
3647.605513440 0.004899810 -0.053290285 0.431972504 0.000589022 -0.029193981 0.001556151 0.999572396
3647.637921760 -0.011169172 -0.049747773 0.485743672 0.004120012 -0.031752128 -0.005676218 0.999471188
3647.670384608 -0.062680371 0.019193672 0.368733227 -0.003114580 -0.033533365 0.000212747 0.999432743
3647.734388864 -0.062680371 0.019193672 0.368733227 -0.003114580 -0.033533365 0.000212747 0.999432743
3647.766695168 0.005801417 -0.110697456 0.408638686 -0.018127125 -0.037692808 0.000810498 0.999124587
3647.798036896 0.052191220 0.040125109 0.590701699 -0.012287319 -0.042199247 0.000602254 0.999033451
3647.864512288 0.052191220 0.040125109 0.590701699 -0.012287319 -0.042199247 0.000602254 0.999033451
3647.897504736 0.113097295 -0.154918492 0.628099799 -0.031347144 -0.044255059 -0.003500012 0.998522222
3647.940900064 0.114083074 0.076273248 0.508904874 -0.008082345 -0.052762605 0.008500623 0.998538196
3647.973096224 0.114083074 0.076273248 0.508904874 -0.008082345 -0.052762605 0.008500623 0.998538196
3648.004619040 0.114083074 0.076273248 0.508904874 -0.008082345 -0.052762605 0.008500623 0.998538196
3648.036211456 0.137653112 -0.104991361 0.624656677 -0.031937115 -0.051482059 0.005455158 0.998148203
3648.067694400 0.006511226 -0.148195609 0.877413034 -0.050480340 -0.047030505 0.017692044 0.997460186
3648.130332224 0.006511226 -0.148195609 0.877413034 -0.050480340 -0.047030505 0.017692044 0.997460186
3648.161626464 -0.008603035 -0.151603803 0.955733180 -0.055110350 -0.048661355 0.032513615 0.996763647
3648.193314624 0.193365902 -1.545306325 -0.791565418 -0.166396618 -0.102808706 0.064437322 0.978565454
3648.225545536 0.193365902 -1.545306325 -0.791565418 -0.166396618 -0.102808706 0.064437322 0.978565454
3648.261393408 0.193365902 -1.545306325 -0.791565418 -0.166396618 -0.102808706 0.064437322 0.978565454
3648.293146144 0.430907130 -1.283172607 -0.315795273 -0.139996231 -0.109844171 0.003178112 0.984035134
3648.324659872 1.761152387 -1.013514996 3.029543400 -0.166223779 -0.154252529 -0.167518184 0.959433913
3648.368180736 1.761152387 -1.013514996 3.029543400 -0.166223779 -0.154252529 -0.167518184 0.959433913
3648.399808640 2.151377439 -0.391204119 0.983382940 -0.199112371 -0.135395288 -0.216554701 0.946111202
3648.431328928 1.018725038 2.076064825 1.181538820 -0.163241535 -0.086098105 -0.061160535 0.980917275
3648.463157568 -0.489375710 3.042641163 7.512236595 -0.166076392 -0.126943618 0.009683351 0.977860034
3648.504418976 -0.489375710 3.042641163 7.512236595 -0.166076392 -0.126943618 0.009683351 0.977860034
3648.536889824 -0.489375710 3.042641163 7.512236595 -0.166076392 -0.126943618 0.009683351 0.977860034
3648.578835936 -0.584601045 3.083236933 7.467793465 -0.163310945 -0.119353428 -0.004189150 0.979319513
3648.610348864 -0.539392054 3.019065380 7.088495255 -0.168405354 -0.141312689 -0.022755837 0.975270510
3648.642202112 -0.539392054 3.019065380 7.088495255 -0.168405354 -0.141312689 -0.022755837 0.975270510
3648.673776768 -0.539392054 3.019065380 7.088495255 -0.168405354 -0.141312689 -0.022755837 0.975270510
3648.705351584 -0.593234181 3.040272951 7.149795055 -0.164263085 -0.130229816 -0.023364007 0.977502882
3648.745102496 -0.626214743 3.054336309 7.248862743 -0.156376392 -0.118718483 -0.014515547 0.980429292
3648.776649536 -0.626214743 3.054336309 7.248862743 -0.156376392 -0.118718483 -0.014515547 0.980429292
3648.809878400 -0.626214743 3.054336309 7.248862743 -0.156376392 -0.118718483 -0.014515547 0.980429292
3648.845044000 -0.679592907 3.030390024 7.193839550 -0.145964101 -0.103363268 -0.006503237 0.983853757
3648.878163072 -0.659228325 2.976067305 7.415735722 -0.141630337 -0.093374990 0.009353917 0.985461533
3648.909874432 -0.659228325 2.976067305 7.415735722 -0.141630337 -0.093374990 0.009353917 0.985461533
3648.941206272 -0.659228325 2.976067305 7.415735722 -0.141630337 -0.093374990 0.009353917 0.985461533
3648.972683456 -0.694989681 3.061222553 7.446574688 -0.128604695 -0.083584927 0.012050116 0.988093734
3649.008531744 -0.208452135 3.704415798 7.657221794 -0.080796070 -0.109141022 0.024120048 0.990443528
3649.072218720 -0.208452135 3.704415798 7.657221794 -0.080796115 -0.109141089 0.024119992 0.990443528
3649.104467616 -0.259919941 3.771398306 7.476346493 -0.068541475 -0.096018836 0.018831190 0.992838264
3649.135893760 -0.382520676 3.651418447 7.495213509 -0.075111322 -0.085247509 0.000190833 0.993524611
3649.198888800 -0.382520676 3.651418447 7.495213509 -0.075111322 -0.085247509 0.000190833 0.993524611
3649.230219072 -0.405060947 3.670331478 7.603579521 -0.087034889 -0.087302230 -0.012092051 0.992298841
3649.261596160 -0.424994737 3.622744799 7.698579311 -0.105140395 -0.089888208 0.011997592 0.990313888
3649.326436352 -0.424994737 3.622744799 7.698579311 -0.105140395 -0.089888208 0.011997592 0.990313888
3649.358402400 -0.436710656 3.625697136 7.814622879 -0.111482278 -0.095077075 0.011445831 0.989141583
3649.389630432 -0.460844874 3.655539989 7.905193329 -0.110458709 -0.094223075 0.007001727 0.989379525
3649.422048320 -0.460844874 3.655539989 7.905193329 -0.110458650 -0.094223194 0.007001665 0.989379525
3649.453712000 -0.460844874 3.655539989 7.905193329 -0.110458679 -0.094223104 0.007001715 0.989379525
3649.485276160 -0.481904417 3.746655703 7.987224102 -0.077773526 -0.087325469 0.009022556 0.993098199
3649.517261984 -0.504470527 3.759356499 8.075551033 -0.066191293 -0.080577567 0.015538756 0.994426727
3649.548893984 -0.504470527 3.759356499 8.075551033 -0.066191293 -0.080577567 0.015538756 0.994426727
3649.580511616 -0.504470527 3.759356499 8.075551033 -0.066191293 -0.080577567 0.015538756 0.994426727
3649.620039968 -0.574899077 3.566024542 8.183482170 -0.079302184 -0.082011275 0.038021777 0.992743492
3649.651695104 -0.589249909 3.417783976 8.292495728 -0.094645932 -0.091954865 0.057615418 0.989579201
3649.684222912 -0.589249909 3.417783976 8.292495728 -0.094645932 -0.091954865 0.057615418 0.989579201
3649.716016480 -0.589249909 3.417783976 8.292495728 -0.094645932 -0.091954865 0.057615418 0.989579201
3649.747551008 -0.620312631 3.443961382 8.400982857 -0.100892618 -0.096102953 0.049470689 0.989008367
3649.779000736 -0.646804810 3.471881628 8.499081612 -0.104544714 -0.099759713 0.041855048 0.988618493
3649.812555936 -0.995536566 3.365537167 8.372303009 -0.112722732 -0.056667741 0.013680825 0.991914928
3649.845501984 -1.383386612 3.267199278 8.264116287 -0.119681887 -0.009879192 -0.017471515 0.992609382
3649.877253984 -1.484789848 3.195719957 8.128446579 -0.131081954 -0.013462642 -0.007114633 0.991254568
3649.908894816 -1.599251628 3.141192436 7.991198540 -0.136778429 -0.014485144 0.002401097 0.990492821
3649.940634112 -1.340570688 3.079187632 8.281897545 -0.144045234 -0.036128856 -0.007865764 0.988880098
3649.972286720 -1.105842710 3.058697462 8.613945961 -0.148200944 -0.059337702 -0.011839628 0.987104535
3650.004049344 -1.103524804 3.098957539 8.734479904 -0.143311515 -0.059626728 -0.002333815 0.987877011
3650.038241408 -1.115947008 3.137975216 8.856517792 -0.136001229 -0.057351358 0.005150905 0.989033878
3650.073230752 -1.151906729 3.150121450 8.875453949 -0.132139772 -0.050415251 -0.002194257 0.989945769
3650.106445728 -1.125143290 3.133623362 8.922871590 -0.135838479 -0.052564770 -0.008064552 0.989302695
3650.142813120 -1.264570832 3.129168510 9.043027878 -0.137616873 -0.038876191 -0.016056566 0.989592075
3650.174379072 -1.381584644 3.132713795 9.151691437 -0.138669252 -0.028326297 -0.022873338 0.989669263
3650.206566688 -1.480336905 3.160540819 9.281238556 -0.138017669 -0.018393055 -0.028427999 0.989850819
3650.238397152 -1.443596125 3.163290501 9.336369514 -0.147449642 -0.025786567 -0.026006248 0.988391280
3650.269644224 -1.510984063 3.112784863 9.385717392 -0.162294507 -0.025284702 -0.019035082 0.986234665
3650.301004320 -1.547915816 3.073789835 9.456712723 -0.177088574 -0.027999111 -0.011497340 0.983729362
3650.332899776 -1.559889197 3.110899210 9.551538467 -0.189449936 -0.033477079 -0.010308277 0.981265366
3650.364722976 -1.576999068 3.151556492 9.655653954 -0.200154856 -0.036315750 -0.006162215 0.979071617
3650.396649248 -2.575156927 3.426759243 8.512516975 -0.167118996 0.010928618 -0.111900233 0.979505062
3650.428349664 -3.528477192 4.002272606 7.415912151 -0.131454691 0.057136972 -0.214409009 0.966169655
3650.469802656 -4.927415371 6.105524063 5.172189713 -0.030270053 0.175415516 -0.352062494 0.918893397
3650.502123744 -4.725017548 8.100681305 5.745598793 0.130455598 0.224721149 -0.388039351 0.884255171
3650.534537536 -4.717126369 8.092714310 5.826181889 0.131882206 0.225820050 -0.387889057 0.883829415
3650.569638752 -4.705843925 8.092784882 5.907113552 0.134238407 0.226698279 -0.389400482 0.882584393
3650.601479008 -4.683331490 8.074378967 5.984831333 0.136459917 0.222836927 -0.390800208 0.882608414
3650.634735680 -4.654642105 8.027997017 6.089027882 0.131798118 0.222276151 -0.393516749 0.882251143
3650.666453152 -4.612722874 8.043900490 6.145452976 0.133811623 0.219069630 -0.395196110 0.881999433
3650.709899424 -4.574073315 8.075971603 6.231846809 0.133891135 0.219969094 -0.399430066 0.879853606
3650.743075744 -4.534183502 8.031050682 6.341373444 0.129426822 0.221809074 -0.401761651 0.878997743
3650.776855968 -4.477615833 8.015094757 6.470348358 0.133616969 0.221902281 -0.399106085 0.879556835
3650.810733504 -10.925031662 20.179302216 -12.853679657 0.136404634 0.228132993 -0.343097955 0.900906742
3650.842595808 -17.224655151 32.499328613 -30.181880951 0.153511584 0.229544550 -0.291108251 0.915969193
3650.874609984 -24.203128815 45.266510010 -47.108547211 0.174119517 0.231445119 -0.238661915 0.926906705
3650.906789280 -29.739355087 58.505802155 -62.785518646 0.207177594 0.222856700 -0.268502861 0.913957655
3650.939622432 -36.666648865 73.763237000 -80.790496826 0.213353142 0.232573524 -0.258911073 0.912882805
3650.971257280 -44.154575348 89.158859253 -98.225692749 0.215670913 0.245257735 -0.256163955 0.909788311
3651.003233888 -52.117881775 104.587577820 -114.239944458 0.223307922 0.268002808 -0.250585079 0.903058827
3651.035013824 -60.570491791 119.924415588 -128.651687622 0.235356942 0.289391458 -0.237552419 0.896899402
3651.066953376 -70.296867371 139.451492310 -145.057876587 0.214593038 0.347093612 -0.341255635 0.846770585
3651.098227264 -73.257026672 143.485641479 -149.747009277 0.242862612 0.307048023 -0.229909375 0.890999973
3651.129562272 -76.241294861 147.327224731 -154.873443604 0.258324087 0.259319037 -0.109813832 0.924101293
3651.160998592 -78.841430664 150.721206665 -159.465911865 0.273520947 0.223153502 0.002762256 0.935618103
3651.193244448 -80.212425232 153.032089233 -162.595489502 0.245372117 0.234988362 -0.052374542 0.939057946
3651.224916128 -81.960906982 155.638839722 -166.202651978 0.226653352 0.253657669 -0.100366227 0.934993386
3651.256819200 -83.706192017 158.115509033 -169.877273560 0.204112962 0.267295361 -0.146269694 0.930320501
3651.288288672 -85.385299683 160.198776245 -173.435180664 0.171610206 0.277443200 -0.186494932 0.926711798
3651.319898048 -86.534194946 161.686614990 -175.536270142 0.165992275 0.281242251 -0.195527077 0.924726188
3651.352123392 -87.736236572 163.295928955 -177.672821045 0.165671676 0.282818317 -0.195292383 0.924352527
3651.383725600 -88.964149475 164.803009033 -179.807418823 0.156545758 0.287128806 -0.199224070 0.923775017
3651.415754272 -90.221534729 166.357055664 -181.898132324 0.158173814 0.294568032 -0.199687257 0.921051383
3651.447424576 -90.381851196 166.586380005 -182.311416626 0.160334826 0.290502697 -0.194263920 0.923126459
3651.479415520 -90.002609253 166.060729980 -181.347152710 0.152107418 0.303252846 -0.233203083 0.911327243
3651.511966464 -89.619125366 165.532379150 -180.362319946 0.143369228 0.317555934 -0.273851901 0.896442175
3651.544156864 -89.854187012 165.451629639 -180.452697754 0.124712206 0.325652510 -0.278646976 0.894848108
3651.575578208 -90.185150146 165.833755493 -180.754119873 0.117608026 0.331402868 -0.292977929 0.889103174
3651.607124704 -90.831970215 166.154953003 -181.350006104 0.116565689 0.332933605 -0.298571646 0.886804700
3651.638807712 -91.617210388 166.592987061 -182.137817383 0.116414033 0.329112440 -0.263767451 0.899199367
3651.670100352 -92.338882446 166.882919312 -182.746276855 0.110196568 0.327223182 -0.223804384 0.911423743
3651.701431392 -92.562515259 167.060073853 -183.110931396 0.105054706 0.330835074 -0.234053761 0.908146739
3651.733014624 -92.264251709 166.758148193 -182.478134155 0.107466668 0.333044410 -0.233308136 0.907248378
3651.764424576 -91.971443176 166.469696045 -182.003997803 0.109299086 0.341055959 -0.239335626 0.902470529
3651.798006432 -91.602859497 166.633758545 -182.030975342 0.111587852 0.325361043 -0.269371927 0.899514914
3651.843239328 -92.491348267 167.690872192 -183.298110962 0.113365196 0.330940127 -0.288677305 0.891230822
3651.874988448 -92.783401489 167.840850830 -183.635391235 0.114831060 0.330796570 -0.269473612 0.897090554
3651.906903296 -93.020370483 167.940292358 -183.716903687 0.109228216 0.340136468 -0.259027660 0.897374511
3651.938514976 -93.109092712 167.760757446 -183.879440308 0.093018211 0.329498559 -0.244671285 0.907146215
3651.973891936 -93.403724670 168.074996948 -184.431457520 0.090151310 0.331012577 -0.244579509 0.906909227
3652.009575680 -93.123908997 167.764648438 -183.814910889 0.088891320 0.333757699 -0.245757610 0.905708194
3652.041452032 -93.265914917 167.720321655 -183.444091797 0.092276722 0.352147847 -0.245831653 0.898356080
3652.072994240 -93.013084412 167.560409546 -182.371826172 0.083522104 0.362963110 -0.241800517 0.895999074
3652.104926976 -93.254959106 167.796524048 -182.650421143 0.084050357 0.365213960 -0.249283195 0.892979383
3652.137266368 -92.950019836 167.508560181 -182.246215820 0.085716575 0.365607351 -0.248200700 0.892961562
3652.168767296 -92.619598389 167.163009644 -181.884216309 0.092580326 0.357512951 -0.228622258 0.900747061
3652.201221024 -92.634971619 167.160873413 -181.875106812 0.092575587 0.357527435 -0.228611439 0.900744557
3652.232519840 -92.647445679 167.204788208 -181.876602173 0.092004195 0.358447075 -0.228900030 0.900364220
3652.263969344 -92.611076355 166.945709229 -181.724884033 0.088058941 0.362740219 -0.249732167 0.893475771
3652.295266688 -92.587066650 166.706909180 -181.468750000 0.082182884 0.380545139 -0.275489867 0.878940642
3652.326741312 -91.495262146 167.645919800 -181.194030762 0.108312868 0.377401203 -0.346574903 0.851893425
3652.358050912 -91.669425964 167.868209839 -181.399368286 0.109748349 0.378216833 -0.337320685 0.855056763
3652.389561056 -91.575180054 167.700805664 -181.130676270 0.104115248 0.383641422 -0.340269655 0.852171242
3652.421721152 -91.665267944 167.466491699 -180.969268799 0.116383314 0.376064122 -0.264799833 0.880290687
3652.453322496 -91.665267944 167.466491699 -180.969268799 0.116383314 0.376064122 -0.264799833 0.880290687
3652.485308544 -91.717849731 167.572647095 -181.072280884 0.113177136 0.375573367 -0.255958855 0.883527398
3652.517824896 -91.622138977 167.408966064 -180.881530762 0.116253458 0.377839893 -0.264882565 0.879522264
3652.553767136 -91.572517395 167.159820557 -180.683578491 0.106463417 0.381863952 -0.257330984 0.881263971
3652.586285728 -91.917465210 167.481231689 -181.278610229 0.106443480 0.382025003 -0.257223934 0.881227851
3652.625212256 -91.956977844 167.560333252 -181.334457397 0.108512327 0.382238239 -0.258474886 0.880516768
3652.657102368 -91.764663696 167.366912842 -181.083297729 0.108068965 0.384669691 -0.253155261 0.881057739
3652.688955328 -91.616233826 167.231094360 -180.838165283 0.099007785 0.393143862 -0.266853422 0.874313831
3652.720276960 -91.406524658 167.463775635 -180.403274536 0.152580827 0.386919498 -0.208004579 0.885294557
3652.751882400 -91.505073547 167.544555664 -180.471099854 0.149243996 0.387423217 -0.201718763 0.887095869
3652.784682080 -91.532638550 167.355072021 -180.231063843 0.133252844 0.404348522 -0.220712945 0.877514541
3652.817106976 -91.724700928 167.527160645 -180.714981079 0.129029006 0.396226764 -0.210492030 0.884335339
3652.848710848 -92.739128113 168.969970703 -183.362609863 0.129752576 0.348953366 -0.174811780 0.911502421
3652.880077056 -92.957130432 169.182586670 -183.630050659 0.126823232 0.347810984 -0.175002858 0.912314296
3652.911664000 -92.635589600 168.976776123 -183.207275391 0.127974957 0.349896669 -0.183582395 0.909666002
3652.945251744 -92.758110046 168.840408325 -183.783203125 0.110779420 0.334987402 -0.155294567 0.922710657
3652.976736224 -93.183998108 169.001922607 -184.160125732 0.104675323 0.343305230 -0.155538172 0.920321941
3653.008122240 -93.264900208 169.123168945 -184.254364014 0.103624590 0.344433188 -0.158362061 0.919537485
3653.039499104 -93.485961914 169.208770752 -184.343765259 0.101127215 0.345514029 -0.153675810 0.920204937
3653.070732000 -93.649101257 169.271301270 -184.265182495 0.098752096 0.357018620 -0.154597268 0.915906906
3653.102039392 -93.726600647 169.306915283 -184.158843994 0.098779671 0.357109070 -0.154545128 0.915877461
3653.133388992 -93.745780945 169.357650757 -184.177001953 0.101874791 0.355226934 -0.150417969 0.916956842
3653.166362240 -93.600364685 169.235092163 -183.995056152 0.098784424 0.356102079 -0.154575795 0.916263759
3653.201315808 -93.488258362 169.137023926 -183.814666748 0.096251056 0.359603554 -0.168722495 0.912662983
3653.232701664 -93.373779297 168.919662476 -183.472946167 0.093655050 0.365765989 -0.181418911 0.908037007
3653.264202784 -93.428031921 169.004287720 -183.539123535 0.092046008 0.365955830 -0.186468542 0.907101631
3653.297661376 -93.227554321 168.864227295 -183.424240112 0.091740862 0.361085922 -0.188284114 0.908707678
3653.329098016 -93.103309631 168.627502441 -183.332015991 0.074494720 0.359339535 -0.188373938 0.910956025
3653.360529184 -93.190956116 168.721893311 -183.311996460 0.069386892 0.368327916 -0.194405168 0.906491399
3653.392152832 -93.397644043 168.916152954 -183.452178955 0.069229305 0.373198658 -0.197914794 0.903747618
3653.424056512 -93.176818848 168.742416382 -183.122497559 0.065592796 0.372341633 -0.193327427 0.905363917
3653.465668512 -93.196838379 168.564102173 -183.009170532 0.062312368 0.368180782 -0.179782465 0.910076022
3653.506725792 -92.972000122 168.496414185 -182.768173218 0.057245269 0.370774388 -0.192245618 0.906802595
3653.538517216 -93.281837463 168.835021973 -183.204528809 0.054307260 0.371031880 -0.212796420 0.902276993
3653.570140416 -92.824668884 168.474349976 -182.529373169 0.060593389 0.372301817 -0.190486357 0.906330347
3653.601563360 -92.371337891 168.123550415 -181.890609741 0.074353948 0.375959098 -0.167529657 0.908328176
3653.633051936 -92.700241089 167.804336548 -181.945281982 0.066605963 0.367076010 -0.132939056 0.918229818
3653.665164192 -93.072708130 167.991729736 -182.387100220 0.054518364 0.368810445 -0.149508134 0.915780485
3653.696686528 -92.762367249 167.651809692 -181.919357300 0.061556038 0.368517101 -0.107574783 0.921321690
3653.730149824 -92.361534119 167.359191895 -181.427169800 0.089516565 0.360808790 -0.065244727 0.926038325
3653.761530912 -92.527732849 167.620361328 -181.282257080 0.113258936 0.353857219 -0.033098012 0.927826524
3653.793645440 -93.141685486 168.199203491 -182.045745850 0.108260222 0.352709234 -0.056848761 0.927709043
3653.825541344 -93.049583435 167.963073730 -181.374359131 0.113430694 0.373359174 -0.054177474 0.919130683
3653.857612960 -92.735435486 167.709915161 -180.476959229 0.113922164 0.414034098 -0.060920101 0.901047289
3653.889345312 -93.269775391 167.956375122 -182.078323364 0.074653260 0.350363404 -0.082738698 0.929960608
3653.920786784 -93.470481873 167.973678589 -183.429412842 0.040335394 0.299328029 -0.101084240 0.947922885
3653.952132576 -92.906204224 167.555679321 -184.021789551 0.033492837 0.222845122 -0.058529556 0.972518682
3653.983575328 -92.259422302 167.234359741 -184.533843994 0.033057358 0.149355397 -0.028462360 0.987820864
3654.015181216 -91.941429138 167.088668823 -185.224914551 0.035823118 0.109997258 -0.007484741 0.993257940
3654.047195232 -91.769653320 167.148956299 -186.007431030 0.035462365 0.083499178 -0.016481604 0.995740235
3654.078570496 -91.260421753 167.164474487 -185.381988525 0.041646086 0.054895531 -0.010671197 0.997566164
3654.113114688 -90.752304077 167.167770386 -184.701782227 0.048086297 0.029604448 -0.011510703 0.998338044
3654.144710880 -90.759773254 167.168731689 -184.528839111 0.048129566 0.029639719 -0.011507017 0.998334944
3654.176222656 -90.799774170 167.181091309 -184.451156616 0.050845366 0.029801689 -0.010809617 0.998203278
3654.208593824 -90.730918884 167.192749023 -184.214279175 0.059532702 0.023515224 -0.000932490 0.997948885
3654.242916384 -90.705833435 167.172836304 -184.042602539 0.061414488 0.020782812 0.003346947 0.997890353
3654.274786880 -90.677963257 167.156127930 -183.745407104 0.064442098 0.022715149 0.000405455 0.997662783
3654.308055840 -90.681701660 167.149993896 -183.617370605 0.064908609 0.023165522 -0.000481797 0.997622192
3654.340823360 -90.647583008 167.102294922 -183.448211670 0.068122886 0.023526134 0.001383543 0.997398555
3654.372566176 -90.618164062 167.053680420 -183.277969360 0.070905037 0.024868261 0.002348269 0.997170269
3654.403934272 -91.438880920 166.295349121 -181.008056641 0.068107940 0.028238382 0.000828174 0.997277856
3654.437334976 -89.885231018 164.583496094 -181.325363159 0.040743474 0.008873656 -0.037008271 0.998444617
3654.468626688 -88.569938660 163.001327515 -181.199157715 0.020995157 -0.000653494 -0.084879629 0.996169746
3654.500234944 -87.593063354 160.329071045 -185.573257446 -0.073484622 0.158010647 -0.146160915 0.973791361
3654.531819616 -88.294319153 156.527359009 -190.351196289 -0.165201500 0.274118096 -0.235035092 0.917783320
3654.563605312 -96.962974548 151.421020508 -197.872238159 -0.255344629 0.389758497 -0.282929778 0.838354468
3654.596606464 -108.521934509 146.225891113 -201.883346558 -0.341519862 0.497563452 -0.327092677 0.727189898
3654.628026976 -108.521934509 146.225891113 -201.883346558 -0.341519862 0.497563452 -0.327092677 0.727189898
3654.659283296 -108.510917664 146.227081299 -201.885818481 -0.341985196 0.496259600 -0.326777935 0.728003204
3654.692180832 -108.483154297 146.219863892 -201.861404419 -0.348784328 0.496006101 -0.326968998 0.724857688
3654.723776864 -108.466033936 146.271179199 -201.907562256 -0.348994404 0.497156709 -0.325955987 0.724424541
3654.755185856 -108.435432434 146.325119019 -201.951492310 -0.350506872 0.498019695 -0.322032601 0.724856079
3654.786732480 -108.464393616 146.352462769 -202.034286499 -0.350778908 0.499732703 -0.322901845 0.723156810
3654.818785024 -108.505569458 146.372985840 -202.142974854 -0.349613011 0.497902960 -0.322523832 0.725149512
3654.850243776 -108.404571533 146.459259033 -202.156982422 -0.350146264 0.498050213 -0.323398679 0.724400997
3654.881761376 -108.319297791 146.530548096 -202.160781860 -0.352937996 0.496188670 -0.336872131 0.718156457
3654.917253248 -108.233085632 146.591445923 -202.176727295 -0.358132362 0.495333135 -0.346441239 0.711593091
3654.951741536 -108.131881714 146.642028809 -202.205001831 -0.357912749 0.493553460 -0.348112553 0.712124407
3654.983500320 -107.942710876 146.600692749 -202.101470947 -0.359235853 0.492341101 -0.348465860 0.712124646
3655.030849920 -107.942710876 146.600692749 -202.101470947 -0.359235853 0.492341101 -0.348465860 0.712124646
3655.063269888 -107.875259399 146.677352905 -202.067535400 -0.358965129 0.487055838 -0.355454624 0.712441385
3655.103148384 -107.789062500 146.752822876 -201.997985840 -0.359696001 0.486366481 -0.355626732 0.712457776
3655.134995936 -107.683471680 146.844284058 -201.901687622 -0.358026028 0.484722078 -0.360569954 0.711934805
3655.166662528 -107.683471680 146.844284058 -201.901687622 -0.358026028 0.484722078 -0.360569954 0.711934805
3655.198171968 -107.312187195 147.448669434 -201.792251587 -0.350506246 0.486862868 -0.359269232 0.714867532
3655.229546336 -107.008880615 148.086029053 -201.665115356 -0.341964692 0.488942504 -0.362615794 0.715894639
3655.260926432 -106.707656860 148.720199585 -201.531784058 -0.333083063 0.492804527 -0.363772929 0.716846347
3655.292664768 -106.707656860 148.720199585 -201.531784058 -0.333083063 0.492804527 -0.363772929 0.716846347
3655.324228096 -106.612297058 149.105575562 -201.260498047 -0.325809687 0.498133451 -0.365064234 0.715848565
3655.355640480 -106.533058167 149.466537476 -200.957839966 -0.328574806 0.506422698 -0.362441093 0.710078239
3655.387141248 -106.598709106 149.782073975 -200.657836914 -0.335717946 0.519313037 -0.353056759 0.702109933
3655.427264128 -106.598709106 149.782073975 -200.657836914 -0.335717946 0.519313037 -0.353056759 0.702109933
3655.458819488 -106.340347290 150.313751221 -200.207168579 -0.319146454 0.505697131 -0.410725772 0.688273370
3655.492973408 -106.159553528 150.831115723 -199.401290894 -0.306270063 0.491190106 -0.477106869 0.661286592
3655.524529344 -105.923171997 151.040435791 -201.353576660 -0.261369973 0.462701559 -0.504045963 0.680830896
3655.556302496 -105.923171997 151.040435791 -201.353576660 -0.261369973 0.462701559 -0.504045963 0.680830896
3655.587940928 -105.923171997 151.040435791 -201.353576660 -0.261369973 0.462701559 -0.504045963 0.680830896
3655.619659776 -105.877937317 150.983581543 -201.354690552 -0.261421144 0.462807447 -0.507088900 0.678475618
3655.651198176 -106.214302063 150.531845093 -201.924484253 -0.265162051 0.463664412 -0.495371550 0.685063064
3655.682769344 -106.214302063 150.531845093 -201.924484253 -0.265162051 0.463664412 -0.495371550 0.685063064
3655.724164992 -106.214302063 150.531845093 -201.924484253 -0.265162051 0.463664412 -0.495371550 0.685063064
3655.755631136 -106.281532288 150.468841553 -201.968276978 -0.269225299 0.462569386 -0.494241863 0.685034513
3655.787095136 -106.370338440 150.432876587 -202.091781616 -0.257715672 0.437585950 -0.568928242 0.646855354
3655.818551360 -106.370338440 150.432876587 -202.091781616 -0.257715672 0.437585950 -0.568928242 0.646855354
3655.850295808 -106.370338440 150.432876587 -202.091781616 -0.257715672 0.437585950 -0.568928242 0.646855354
3655.881515680 -106.396743774 150.428817749 -202.061325073 -0.259712726 0.439363062 -0.569078267 0.644716501
3655.913364736 -105.128768921 150.819702148 -201.026962280 -0.250924915 0.426783383 -0.568672299 0.656889915
3655.954056672 -105.128768921 150.819702148 -201.026962280 -0.250924915 0.426783383 -0.568672299 0.656889915
3655.986161664 -105.128768921 150.819702148 -201.026962280 -0.250924915 0.426783383 -0.568672299 0.656889915
3656.019172992 -105.091590881 150.801925659 -200.998138428 -0.249669924 0.426955134 -0.568241239 0.657629132
3656.050443552 -104.864318848 150.782714844 -201.047439575 -0.241083845 0.424724996 -0.571633160 0.659335077
3656.114351424 -104.864318848 150.782714844 -201.047439575 -0.241083845 0.424724996 -0.571633160 0.659335077
3656.146532192 -104.804496765 150.770233154 -201.018478394 -0.242346391 0.423920721 -0.571951032 0.659114182
3656.187923744 -104.666648865 150.731506348 -200.960830688 -0.241293475 0.422719777 -0.572490275 0.659803092
3656.254829568 -104.666648865 150.731506348 -200.960830688 -0.241293475 0.422719777 -0.572490275 0.659803092
3656.290806688 -104.561714172 150.702865601 -200.887344360 -0.236111000 0.423661113 -0.567736447 0.665160239
3656.325076416 -104.436218262 150.654998779 -200.808502197 -0.230209321 0.425001353 -0.557665527 0.674823284
3656.357130464 -104.436218262 150.654998779 -200.808502197 -0.230209321 0.425001353 -0.557665527 0.674823284
3656.388534112 -104.436218262 150.654998779 -200.808502197 -0.230209321 0.425001353 -0.557665527 0.674823284
3656.419839456 -104.358833313 150.653411865 -200.754211426 -0.231679514 0.426039219 -0.558251143 0.673179626
3656.451171840 -104.304832458 150.644958496 -200.654052734 -0.234883666 0.428322673 -0.560808897 0.668477952
3656.483202240 -104.304832458 150.644958496 -200.654052734 -0.234883666 0.428322673 -0.560808897 0.668477952
3656.514853056 -104.304832458 150.644958496 -200.654052734 -0.234883666 0.428322673 -0.560808897 0.668477952
3656.546457184 -104.293121338 150.614212036 -200.628662109 -0.232847407 0.425574124 -0.563025415 0.669082224
3656.580132832 -104.264823914 150.571884155 -200.595062256 -0.228946537 0.423430175 -0.566131651 0.669167578
3656.612018656 -104.264823914 150.571884155 -200.595062256 -0.228946537 0.423430175 -0.566131651 0.669167578
3656.645198560 -104.621749878 150.825988770 -201.360412598 -0.218103707 0.431599498 -0.562592983 0.670553386
3656.676613856 -104.934692383 151.086334229 -202.073974609 -0.205794677 0.438110441 -0.559599817 0.672722638
3656.708068832 -105.262611389 151.414398193 -202.776840210 -0.192171946 0.446163028 -0.555752933 0.674645960
3656.748635328 -105.262611389 151.414398193 -202.776840210 -0.192171946 0.446163028 -0.555752933 0.674645960
3656.780161920 -105.199485779 151.271423340 -202.890945435 -0.192853302 0.443693638 -0.552686572 0.678587556
3656.813056320 -105.188133240 151.171722412 -202.939880371 -0.192259774 0.443644226 -0.549320877 0.681514919
3656.845916352 -104.712097168 151.117080688 -203.043899536 -0.186488196 0.440104723 -0.546516776 0.687640488
3656.877806432 -104.712097168 151.117080688 -203.043899536 -0.186488196 0.440104723 -0.546516776 0.687640488
3656.909426592 -104.737258911 151.045959473 -203.119506836 -0.189859554 0.440553993 -0.540639400 0.691067696
3656.944990208 -104.668830872 151.059417725 -203.126785278 -0.191401601 0.441880167 -0.532010913 0.696470916
3656.976470272 -104.665847778 151.106384277 -203.141113281 -0.192623511 0.443579763 -0.524653435 0.700622559
3657.007786880 -104.665847778 151.106384277 -203.141113281 -0.192623511 0.443579763 -0.524653435 0.700622559
3657.039282784 -104.781929016 150.808578491 -203.377258301 -0.201431453 0.449148357 -0.503258288 0.710226834
3657.070514944 -104.873077393 150.526535034 -203.620925903 -0.209386826 0.452438176 -0.483766884 0.719323575
3657.101744352 -104.954940796 150.245803833 -203.865921021 -0.216562018 0.454836786 -0.465234727 0.727860630
3657.133189696 -104.954940796 150.245803833 -203.865921021 -0.216562018 0.454836786 -0.465234727 0.727860630
3657.164727936 -104.972724915 150.496032715 -203.847915649 -0.212537795 0.463037193 -0.457418978 0.728829265
3657.196187872 -104.912803650 150.490859985 -203.799987793 -0.217224151 0.464992285 -0.455820292 0.727202654
3657.228045568 -104.788421631 150.484802246 -203.735916138 -0.221847475 0.466807306 -0.453050345 0.726374626
3657.261185152 -104.788421631 150.484802246 -203.735916138 -0.221847475 0.466807306 -0.453050345 0.726374626
3657.292588192 -104.722557068 150.550872803 -203.647369385 -0.221816882 0.464835376 -0.457042009 0.725146830
3657.324038976 -104.656562805 150.565261841 -203.546524048 -0.229103774 0.462155223 -0.455323130 0.725675464
3657.355540960 -104.615211487 150.606887817 -203.436614990 -0.234311759 0.462438852 -0.450618714 0.726767540
3657.387122368 -104.615211487 150.606887817 -203.436614990 -0.234311759 0.462438852 -0.450618714 0.726767540
3657.418967680 -104.210548401 150.786239624 -203.221923828 -0.230943561 0.457216769 -0.443181127 0.735668719
3657.450353440 -103.906799316 150.990768433 -203.013061523 -0.228360757 0.453406602 -0.436143368 0.743002594
3657.481691680 -103.636062622 151.203735352 -202.797256470 -0.226157919 0.451330811 -0.428498089 0.749361336
3657.513326976 -103.636062622 151.203735352 -202.797256470 -0.226157919 0.451330811 -0.428498089 0.749361336
3657.544799136 -103.589088440 151.206512451 -202.770690918 -0.228626207 0.451528758 -0.424951226 0.750511944
3657.576287072 -103.481727600 151.198837280 -202.713226318 -0.237448588 0.448114723 -0.422981679 0.750931263
3657.607808096 -103.386436462 151.204559326 -202.660156250 -0.243924484 0.446090907 -0.418617070 0.752504826
3657.639961792 -103.386436462 151.204559326 -202.660156250 -0.243924484 0.446090907 -0.418617070 0.752504826
3657.671268832 -103.438461304 151.097305298 -202.737197876 -0.246256784 0.445170581 -0.418708086 0.752239525
3657.702664608 -103.472389221 150.944198608 -202.811386108 -0.248761848 0.444994539 -0.415860057 0.753098786
3657.734433920 -103.876594543 150.783020020 -202.922500610 -0.253747731 0.448459744 -0.410902530 0.752100468
3657.767013440 -103.876594543 150.783020020 -202.922500610 -0.253747731 0.448459744 -0.410902530 0.752100468
3657.799164800 -103.863998413 150.771148682 -202.902908325 -0.254020780 0.447482258 -0.413165808 0.751350164
3657.839302560 -103.804855347 150.779296875 -202.831329346 -0.252919286 0.447539896 -0.416377366 0.749913156
3657.870731456 -103.729393005 150.791976929 -202.770538330 -0.252083331 0.447702080 -0.420526654 0.747779489
3657.902180800 -103.729393005 150.791976929 -202.770538330 -0.252083331 0.447702080 -0.420526654 0.747779489
3657.933675904 -103.637069702 150.916610718 -202.647216797 -0.253226131 0.449796319 -0.415995598 0.748670459
3657.965267296 -103.575416565 151.026596069 -202.474258423 -0.256461143 0.453122348 -0.413241714 0.747087061
3657.996924896 -103.509368896 151.145782471 -202.309341431 -0.257586330 0.456715524 -0.413126767 0.744571328
3658.028610624 -103.509368896 151.145782471 -202.309341431 -0.257586330 0.456715524 -0.413126767 0.744571328
3658.060841248 -103.570442200 151.084320068 -202.307067871 -0.259438425 0.457787186 -0.412590355 0.743566930
3658.092301376 -103.502655029 151.076736450 -202.250183105 -0.257074267 0.456892878 -0.410612047 0.746029198
3658.123826272 -103.417755127 151.068237305 -202.197570801 -0.257967234 0.451150656 -0.415703773 0.746395588
3658.155426336 -103.518638611 151.238327026 -202.054077148 -0.257835329 0.451329052 -0.415560037 0.746413291
3658.186911296 -103.442413330 151.583755493 -201.769180298 -0.254757643 0.448369980 -0.420641840 0.746406972
3658.218322784 -103.334075928 151.932479858 -201.473297119 -0.251741499 0.444864154 -0.426392406 0.746265113
3658.250036256 -103.532630920 152.357223511 -201.207595825 -0.247690886 0.450580955 -0.431349635 0.741325498
3658.282294048 -103.532630920 152.357223511 -201.207595825 -0.247690886 0.450580955 -0.431349635 0.741325498
3658.313825824 -103.896591187 152.143829346 -201.635833740 -0.248160511 0.454934984 -0.427689731 0.740629435
3658.354102912 -104.430191040 151.883834839 -202.121810913 -0.248874813 0.461697519 -0.422050446 0.739439070
3658.385649248 -104.839813232 151.677780151 -202.488586426 -0.249497727 0.466293663 -0.419512898 0.737787247
3658.417823072 -104.839813232 151.677780151 -202.488586426 -0.249497727 0.466293663 -0.419512898 0.737787247
3658.449241920 -104.823547363 151.693161011 -202.486907959 -0.249562368 0.466559947 -0.418838471 0.737980187
3658.480569600 -104.678909302 151.667694092 -202.427673340 -0.245612070 0.460682094 -0.424886882 0.739538968
3658.512882176 -104.504089355 151.650344849 -202.356246948 -0.241753802 0.454259068 -0.431991667 0.740666568
3658.544301504 -104.504089355 151.650344849 -202.356246948 -0.241753802 0.454259068 -0.431991667 0.740666568
3658.577097344 -104.456985474 151.651962280 -202.317794800 -0.241698131 0.450169981 -0.440767199 0.738006234
3658.608273216 -104.379043579 151.642456055 -202.266738892 -0.234822556 0.446743965 -0.444474965 0.740081191
3658.639719808 -104.247062683 151.566925049 -202.193771362 -0.233923584 0.446142375 -0.434059650 0.746879458
3658.672138048 -104.247062683 151.566925049 -202.193771362 -0.233923584 0.446142375 -0.434059650 0.746879458
3658.705998592 -104.269699097 151.577346802 -202.144699097 -0.234706178 0.448102981 -0.432847828 0.746163189
3658.737880640 -104.212669373 151.571731567 -202.097747803 -0.237339169 0.446033329 -0.435117006 0.745249987
3658.770709632 -104.124267578 151.547531128 -202.020950317 -0.247292995 0.446690202 -0.433104038 0.742788613
3658.802749216 -104.124267578 151.547531128 -202.020950317 -0.247292995 0.446690202 -0.433104038 0.742788613
3658.834935360 -104.094841003 151.549743652 -201.957946777 -0.247054249 0.446025521 -0.434979856 0.742171109
3658.866887616 -103.964279175 151.554138184 -201.911148071 -0.247220010 0.447452098 -0.432913125 0.742465556
3658.898547840 -103.856521606 151.551712036 -201.864257812 -0.246090367 0.450748831 -0.427757323 0.743833780
3658.930139456 -103.856521606 151.551712036 -201.864257812 -0.246090367 0.450748831 -0.427757323 0.743833780
3658.962023712 -103.862808228 151.508514404 -201.917800903 -0.246901631 0.450536370 -0.425249577 0.745130420
3658.994027776 -103.765747070 151.492507935 -201.969268799 -0.246781722 0.450313687 -0.423238933 0.746448398
3659.026158464 -103.549957275 151.501571655 -201.981597900 -0.244280890 0.447351664 -0.425853640 0.747564077
3659.057767424 -103.549957275 151.501571655 -201.981597900 -0.244280890 0.447351664 -0.425853640 0.747564077
3659.089206848 -103.546035767 151.493301392 -201.967620850 -0.244698480 0.447055131 -0.426831007 0.747047246
3659.120588992 -103.457923889 151.491394043 -201.917846680 -0.246698961 0.448240638 -0.427676797 0.745192945
3659.152400896 -103.378631592 151.487579346 -201.861755371 -0.244888544 0.449233651 -0.430996954 0.743276715
3659.183823424 -103.378631592 151.487579346 -201.861755371 -0.244888544 0.449233651 -0.430996954 0.743276715
3659.215695456 -103.379493713 151.486602783 -201.940856934 -0.242939338 0.447554559 -0.433856696 0.743265629
3659.247433696 -103.347930908 151.520980835 -201.936004639 -0.239725128 0.450630188 -0.430542946 0.744376957
3659.278907232 -103.239013672 151.576477051 -201.912841797 -0.233586803 0.452126175 -0.429705620 0.745903611
3659.310837376 -103.239013672 151.576477051 -201.912841797 -0.233586803 0.452126175 -0.429705620 0.745903611
3659.342395328 -103.186714172 151.603530884 -201.922058105 -0.232512876 0.452811331 -0.425813109 0.748052716
3659.373801216 -103.096633911 151.590560913 -201.875823975 -0.232329234 0.454620034 -0.419783115 0.750417173
3659.405519680 -103.009132385 151.585525513 -201.826873779 -0.231798515 0.455028981 -0.418170691 0.751233220
3659.437043488 -103.009132385 151.585525513 -201.826873779 -0.231798515 0.455028981 -0.418170691 0.751233220
3659.468315936 -103.017532349 151.580917358 -201.825897217 -0.231397986 0.456129521 -0.420752704 0.749244928
3659.499675424 -102.976333618 151.584655762 -201.753601074 -0.236587241 0.457657754 -0.426177561 0.743605137
3659.533474656 -103.077346802 151.625579834 -201.671936035 -0.244059205 0.462691993 -0.427394807 0.737349927
3659.565156064 -103.077346802 151.625579834 -201.671936035 -0.244059205 0.462691993 -0.427394807 0.737349927
3659.596591328 -103.108871460 151.630126953 -201.660461426 -0.244632125 0.464807123 -0.427484185 0.735776246
3659.627875168 -103.072586060 151.620742798 -201.638702393 -0.245646432 0.466415673 -0.427949548 0.734148085
3659.659145856 -102.984062195 151.620483398 -201.587677002 -0.248569593 0.466933191 -0.433229476 0.729725122
3659.690403648 -102.984062195 151.620483398 -201.587677002 -0.248569593 0.466933191 -0.433229476 0.729725122
3659.721755616 -103.006744385 151.611450195 -201.633041382 -0.248264149 0.467579871 -0.431879431 0.730215132
3659.753593888 -102.952423096 151.646636963 -201.631759644 -0.248237684 0.465730250 -0.436010540 0.728950083
3659.786088896 -102.912826538 151.674880981 -201.620193481 -0.251518607 0.464831829 -0.439267904 0.726438880
3659.818098016 -102.912826538 151.674880981 -201.620193481 -0.251518607 0.464831829 -0.439267904 0.726438880
3659.849554624 -102.864204407 151.668121338 -201.579910278 -0.250383288 0.462512255 -0.445645213 0.724424541
3659.881169184 -102.788505554 151.660537720 -201.536056519 -0.249554157 0.463090211 -0.444533110 0.725024462
3659.912806432 -102.689414978 151.654663086 -201.483459473 -0.249398947 0.462185353 -0.442611933 0.726828396
3659.953954144 -102.689414978 151.654663086 -201.483459473 -0.249398947 0.462185353 -0.442611933 0.726828396
3659.985770336 -102.539108276 151.826980591 -201.448348999 -0.239113227 0.460059553 -0.446588188 0.729197562
3660.017227616 -102.445831299 151.980072021 -201.421295166 -0.234637797 0.461352378 -0.447125614 0.729505181
3660.048599712 -102.374855042 152.132904053 -201.389663696 -0.233042493 0.463142931 -0.447810113 0.728461325
3660.079627552 -102.374855042 152.132904053 -201.389663696 -0.233042493 0.463142931 -0.447810113 0.728461325
3660.111306592 -102.300933838 152.084014893 -201.366821289 -0.231458947 0.461415052 -0.448284805 0.729769588
3660.143248672 -102.221649170 152.090805054 -201.301574707 -0.231321260 0.463571131 -0.450804710 0.726888835
3660.175169088 -102.177833557 152.100997925 -201.258926392 -0.229069069 0.465970248 -0.452190340 0.725205481
3660.206568256 -102.177833557 152.100997925 -201.258926392 -0.229069069 0.465970248 -0.452190340 0.725205481
3660.238401632 -102.104347229 152.102371216 -201.180419922 -0.227785140 0.467259377 -0.451401293 0.725272059
3660.269806720 -102.019065857 152.096893311 -201.133575439 -0.227962807 0.469052464 -0.450688362 0.724501729
3660.301294944 -101.967514038 152.072998047 -201.097213745 -0.233552098 0.471493453 -0.446983606 0.723431468
3660.333070624 -101.967514038 152.072998047 -201.097213745 -0.233552098 0.471493453 -0.446983606 0.723431468
3660.373967264 -101.877166748 152.072799683 -201.039291382 -0.234476551 0.472493172 -0.446032107 0.723067284
3660.406524352 -101.799438477 152.067626953 -200.998123169 -0.237574652 0.473504752 -0.445654690 0.721625566
3660.439104640 -101.720191956 152.062240601 -200.958984375 -0.241697058 0.475376129 -0.442214668 0.721142292
3660.471187872 -101.720191956 152.062240601 -200.958984375 -0.241697058 0.475376129 -0.442214668 0.721142292
3660.502913696 -101.675552368 152.044647217 -200.930252075 -0.241466612 0.476655513 -0.437391371 0.723313391
3660.544588768 -101.599266052 152.032546997 -200.895965576 -0.242542505 0.478259206 -0.432947338 0.724567413
3660.575988256 -101.536453247 152.028091431 -200.867111206 -0.242595598 0.477115691 -0.434351712 0.724462926
3660.607647936 -101.536453247 152.028091431 -200.867111206 -0.242595598 0.477115691 -0.434351712 0.724462926
3660.639074944 -101.492546082 152.026016235 -200.840759277 -0.242128804 0.479433775 -0.429248333 0.726128578
3660.670899136 -101.446670532 152.022247314 -200.817352295 -0.240633026 0.478706002 -0.430080086 0.726613700
3660.702176320 -101.406906128 152.010955811 -200.792999268 -0.242735565 0.480054885 -0.424652398 0.728215039
3660.733848096 -101.406906128 152.010955811 -200.792999268 -0.242735565 0.480054885 -0.424652398 0.728215039
3660.766195488 -101.379135132 152.021072388 -200.769927979 -0.241387039 0.477953821 -0.431754172 0.725865543
3660.797689664 -101.346191406 152.069274902 -200.758926392 -0.238870889 0.477094531 -0.437149853 0.724031448
3660.829116480 -101.323692322 152.070907593 -200.741714478 -0.236884370 0.478313953 -0.436247975 0.724423409
3660.860465760 -101.323692322 152.070907593 -200.741714478 -0.236884370 0.478313953 -0.436247975 0.724423409
3660.892052160 -101.266784668 152.106781006 -200.714630127 -0.239048943 0.481706619 -0.430705190 0.724780917
3660.923393472 -101.252433777 152.141143799 -200.688369751 -0.240124628 0.482419759 -0.432259738 0.723023415
3660.954910176 -101.299552917 152.164718628 -200.675338745 -0.241097361 0.483191937 -0.433161199 0.721643269
3660.986541248 -101.299552917 152.164718628 -200.675338745 -0.241097361 0.483191937 -0.433161199 0.721643269
3661.017874496 -101.295005798 152.149215698 -200.648101807 -0.243816778 0.483108193 -0.433438778 0.720618248
3661.049501920 -101.280296326 152.143875122 -200.637588501 -0.242772132 0.482698590 -0.433045626 0.721481264
3661.081037856 -101.258804321 152.139816284 -200.626083374 -0.244015709 0.483204901 -0.433739245 0.720305264
3661.112703296 -101.258804321 152.139816284 -200.626083374 -0.244015709 0.483204901 -0.433739245 0.720305264
3661.144231168 -101.244293213 152.140609741 -200.622192383 -0.242907852 0.482903957 -0.432341486 0.721720457
3661.175778880 -101.245613098 152.147689819 -200.612228394 -0.243509337 0.483650535 -0.429490715 0.722719252
3661.207097376 -101.254180908 152.160842896 -200.605194092 -0.242761418 0.483510494 -0.429721773 0.722927153
3661.239737760 -101.254180908 152.160842896 -200.605194092 -0.242761418 0.483510494 -0.429721773 0.722927153
3661.271556128 -101.231346130 152.169189453 -200.587860107 -0.243895218 0.484003097 -0.430102289 0.721989036
3661.302891072 -101.205215454 152.174270630 -200.575759888 -0.243941829 0.483973831 -0.430056870 0.722019911
3661.334558720 -101.190689087 152.172836304 -200.567733765 -0.242793277 0.484544367 -0.427878290 0.723317623
3661.365974080 -101.190689087 152.172836304 -200.567733765 -0.242793277 0.484544367 -0.427878290 0.723317623
3661.397189152 -101.175682068 152.172103882 -200.555999756 -0.242674679 0.484569669 -0.427930146 0.723309755
3661.428673568 -101.164527893 152.168624878 -200.550964355 -0.242010996 0.484678686 -0.427705765 0.723591745
3661.460089184 -101.145889282 152.167999268 -200.543731689 -0.243159577 0.484539717 -0.428295076 0.722950876
3661.491442240 -101.145889282 152.167999268 -200.543731689 -0.243159577 0.484539717 -0.428295076 0.722950876
3661.523172640 -101.132095337 152.169357300 -200.534835815 -0.243848711 0.485095203 -0.427761614 0.722662091
3661.562860736 -101.112373352 152.169082642 -200.525512695 -0.244592071 0.484649450 -0.428233594 0.722430408
3661.594619936 -101.095886230 152.168228149 -200.518615723 -0.244466484 0.484840035 -0.427451938 0.722807765
3661.626471648 -101.095886230 152.168228149 -200.518615723 -0.244466484 0.484840035 -0.427451938 0.722807765
3661.657910720 -101.091903687 152.175186157 -200.506851196 -0.244929105 0.485247940 -0.428024530 0.722038209
3661.689320960 -101.083602905 152.176223755 -200.501754761 -0.244750753 0.485458165 -0.427517623 0.722257733
3661.720704448 -101.066368103 152.175888062 -200.495315552 -0.243042275 0.485343903 -0.426405251 0.723567724
3661.752101664 -101.066368103 152.175888062 -200.495315552 -0.243042275 0.485343903 -0.426405251 0.723567724
3661.783971680 -101.065887451 152.183715820 -200.492553711 -0.242434278 0.485900581 -0.425030380 0.724206746
3661.826413408 -101.069068909 152.199859619 -200.488571167 -0.242148280 0.486201882 -0.424719810 0.724282384
3661.857572160 -101.052536011 152.199722290 -200.481216431 -0.243359551 0.486268550 -0.425317734 0.723480344
3661.889007264 -101.052536011 152.199722290 -200.481216431 -0.243359551 0.486268550 -0.425317734 0.723480344
3661.920478528 -101.047218323 152.192260742 -200.480911255 -0.242612004 0.485876828 -0.424689740 0.724362969
3661.951795008 -101.039337158 152.190902710 -200.474639893 -0.243019193 0.486088842 -0.424151838 0.724399447
3661.983421984 -101.027534485 152.190444946 -200.469573975 -0.243210137 0.486527115 -0.424248099 0.723984659
3662.017097152 -101.008995056 152.184844971 -200.486312866 -0.243207172 0.486513346 -0.424269587 0.723982275
3662.048775456 -101.002761841 152.180709839 -200.498367310 -0.244023398 0.486440778 -0.424521774 0.723608494
3662.081731584 -101.031730652 152.166046143 -200.503906250 -0.244745851 0.486150563 -0.424343318 0.723664165
3662.113574688 -101.039680481 152.153427124 -200.500778198 -0.246121466 0.486325800 -0.423471957 0.723590314
3662.145109344 -101.039680481 152.153427124 -200.500778198 -0.246121466 0.486325800 -0.423471957 0.723590314
3662.177996896 -101.034255981 152.144378662 -200.493576050 -0.246494114 0.486503154 -0.423920274 0.723081589
3662.209903232 -101.024322510 152.143203735 -200.489334106 -0.246457309 0.486590713 -0.423589498 0.723228991
3662.241597152 -101.014144897 152.142959595 -200.483963013 -0.246033981 0.486608952 -0.423435509 0.723451018
3662.273079840 -101.014144897 152.142959595 -200.483963013 -0.246033981 0.486608952 -0.423435509 0.723451018
3662.304743360 -101.007331848 152.143478394 -200.481414795 -0.246074170 0.486525476 -0.423351109 0.723542869
3662.336174528 -101.004997253 152.144897461 -200.476531982 -0.245736137 0.486171722 -0.423402369 0.723865509
3662.367581248 -100.994705200 152.144195557 -200.472229004 -0.245328888 0.486312896 -0.423447818 0.723882198
3662.398895904 -100.994705200 152.144195557 -200.472229004 -0.245328888 0.486312896 -0.423447818 0.723882198
3662.430246144 -100.992126465 152.140762329 -200.475311279 -0.245290682 0.486141831 -0.423405439 0.724034846
3662.461509792 -100.988563538 152.133682251 -200.474670410 -0.245092884 0.485866040 -0.422651082 0.724727392
3662.493007552 -100.982040405 152.131469727 -200.470840454 -0.244651988 0.485553324 -0.422585517 0.725124002
3662.524817088 -100.982040405 152.131469727 -200.470840454 -0.244651988 0.485553324 -0.422585517 0.725124002
3662.556063072 -100.986503601 152.119461060 -200.493881226 -0.244084045 0.485893816 -0.421253324 0.725862145
