1967.061096608 0.000000000 0.000000000 0.000000000 0.000000000 0.000000000 0.000000000 1.000000000
1967.185571232 0.000000000 0.000000000 0.000000000 0.000000000 0.000000000 0.000000000 1.000000000
1967.310574080 -0.001764969 -0.008155650 0.025472023 0.019705996 -0.007352222 0.003635554 0.999772191
1967.435862816 -0.014819290 -0.012314402 0.143497109 0.007332347 -0.014916267 -0.001019842 0.999861360
1967.561072800 -0.033496004 -0.026061386 0.304654181 0.014420309 -0.062648855 -0.001210389 0.997930706
1967.686033120 -0.267563730 -0.035052344 0.534920335 0.006672549 -0.030826421 -0.024872642 0.999192953
1967.810938656 -0.119490698 -0.031204507 0.726643682 0.006481910 -0.018155981 -0.013954047 0.999716759
1967.936021344 -0.009424865 -0.047521353 0.946009278 0.001446255 -0.019176139 0.009867051 0.999766409
1968.061038944 -0.006948635 -0.048344724 1.237931252 0.004617893 -0.002102423 0.016055813 0.999858201
1968.185972256 0.005716287 -0.061682440 1.535382986 0.009426737 -0.008640677 0.041065652 0.999074638
1968.310937600 0.007013169 -0.083086058 1.759741068 0.029434856 -0.009766168 0.023369251 0.999245763
1968.436093120 -0.011910831 -0.095699385 2.085352421 0.023362381 0.004208636 0.011597380 0.999650896
1968.560951456 -0.019962661 -0.108742334 2.449940443 -0.000807860 0.000187246 0.012907491 0.999916315
1968.686297408 -0.029246826 -0.114650868 2.807441473 -0.006050069 0.000168607 0.020847350 0.999764383
1968.811451584 -0.030447129 -0.124409020 3.184973240 -0.006310939 -0.002315317 0.031335581 0.999486327
1968.936849856 -0.029346477 -0.126849577 3.572890997 -0.001140738 0.007023756 0.035371419 0.999348879
1969.062212960 -0.023289561 -0.143388569 3.965796947 -0.006152630 0.013619575 0.052284047 0.998520434
1969.189613344 -0.021979250 -0.123404995 4.355245590 -0.043930966 -0.005079036 0.041509800 0.998158932
1969.313210848 -0.031671494 -0.046798892 4.705238819 -0.061925650 -0.025530484 0.043222081 0.996817589
1969.438478976 -0.078979477 -0.025026470 5.083096504 0.007565998 -0.027070990 0.027124923 0.999236822
1969.563862624 -0.090451069 -0.184815362 5.479654312 -0.026174914 -0.052342575 0.030735947 0.997812808
1969.688420672 -0.178771585 -0.232379898 5.911368370 -0.050534375 -0.073977448 0.034134872 0.995393634
1969.813415200 -0.248845518 -0.207885772 6.319551468 -0.041433964 -0.079126664 0.048736800 0.994809985
1969.938841056 -0.312094778 -0.178290039 6.744301796 -0.050347619 -0.067897409 0.060961977 0.994554520
1970.063540000 -0.395067692 -0.116176985 7.187562466 -0.098776162 -0.084039927 0.042407155 0.990647376
1970.188606976 -0.476536304 -0.043129817 7.621321678 -0.109888494 -0.085167810 0.038381781 0.989544213
1970.313426528 -0.551552832 0.034612603 8.056076050 -0.079322241 -0.079815902 0.048334703 0.992472231
1970.438905696 -0.633399725 0.090328254 8.531438828 -0.086723812 -0.084582098 0.037090227 0.991942108
1970.564155296 -0.726806402 0.151140034 9.002825737 -0.086806193 -0.084782310 0.033919495 0.992031276
1970.688743904 -0.820513368 0.228773117 9.483967781 -0.093971498 -0.089061335 0.037205730 0.990885019
1970.813474816 -0.920270324 0.304161221 9.969477654 -0.092917591 -0.092066757 0.034403268 0.990810990
1970.938445728 -0.970997214 0.343872368 10.281209946 -0.093651958 -0.094001852 0.027982706 0.990762293
1971.063358304 -1.038513303 0.419022799 10.700421333 -0.091706388 -0.097699724 0.030727256 0.990505219
1971.188297248 -1.072259784 0.482168794 11.105111122 -0.087035507 -0.104348898 0.028416237 0.990317464
1971.313086432 -1.164970756 0.544905365 11.563134193 -0.086092092 -0.104055680 0.023338463 0.990563452
1971.438513664 -1.287903070 0.620881975 12.102138519 -0.085956283 -0.100539811 0.027195517 0.990839899
1971.563396640 -1.411755323 0.693912506 12.644804955 -0.083003514 -0.098260611 0.032093674 0.991173625
1971.688513632 -1.529457569 0.766354084 13.200633049 -0.082432821 -0.096581250 0.036075097 0.991249442
1971.813349312 -1.650546312 0.833279252 13.751309395 -0.075670734 -0.096760094 0.036950320 0.991738975
1971.938426208 -1.768223047 0.894788027 14.305500984 -0.076126948 -0.095753528 0.038979348 0.991724014
1972.063517536 -1.885723472 0.960142851 14.864645958 -0.080692604 -0.092417277 0.040167086 0.991632164
1972.188406176 -1.998796701 1.030668855 15.438760757 -0.073472597 -0.093111821 0.039272901 0.992164075
1972.313335200 -2.123615265 1.095450878 15.997256279 -0.080157183 -0.089784130 0.039841991 0.991930544
1972.438981024 -2.235572577 1.171371818 16.570987701 -0.078726165 -0.090983398 0.039965976 0.991930902
1972.563349216 -2.351030827 1.239082694 17.145069122 -0.079898417 -0.090414889 0.040098421 0.991883814
1972.688814848 -2.461055040 1.317794204 17.712923050 -0.080541685 -0.090580009 0.042253833 0.991727233
1972.813349344 -2.600971460 1.407785416 18.273368835 -0.070640847 -0.087141074 0.045707691 0.992636442
1972.938344320 -2.732556581 1.472097635 18.834932327 -0.068980843 -0.085278995 0.045259062 0.992935419
1973.063317312 -2.852898598 1.527363777 19.413682938 -0.069414571 -0.087949529 0.043036152 0.992771089
1973.188152096 -2.943592787 1.522107720 19.800020218 -0.077030182 -0.090769485 0.038950015 0.992124081
1973.313141536 -3.080908775 1.511478543 20.236093521 -0.082263038 -0.088913478 0.029779896 0.992189646
1973.438822496 -3.215585947 1.527552247 20.692325592 -0.083739214 -0.081566744 0.016605416 0.993004978
1973.563915232 -3.326890945 1.552495837 21.188468933 -0.083144099 -0.075109318 0.007459826 0.993674994
1973.688975776 -3.436664581 1.593433857 21.713996887 -0.086217679 -0.068039745 -0.002916828 0.993945956
1973.813656416 -3.550769567 1.633968115 22.254776001 -0.085991226 -0.059568048 -0.008327710 0.994478643
1973.939445376 -3.626368999 1.706001997 22.821601868 -0.080689400 -0.057926413 -0.009396822 0.995010257
1974.063943648 -3.694364071 1.766535282 23.380519867 -0.075649746 -0.054625429 -0.012454701 0.995559156
1974.188768832 -3.480079651 1.751999140 23.290288925 0.009878295 -0.015112963 -0.109189108 0.993857026
1974.313515680 -3.249443054 1.714327097 23.090299606 0.098827228 0.030547261 -0.210190400 0.972172856
1974.438470240 -3.049107075 1.661499381 22.864019394 0.179183111 0.075723343 -0.303192347 0.932863235
1974.564228096 -3.049107075 1.661499381 22.864019394 0.179183111 0.075723343 -0.303192347 0.932863235
1974.689219104 -3.036736965 1.643704414 22.870605469 0.176829726 0.073526330 -0.303812981 0.933286011
1974.814063936 -3.030073643 1.629596114 22.888418198 0.176073968 0.072162680 -0.305453598 0.932999790
1974.939191456 -3.090656519 1.625179648 22.899320602 0.175753936 0.073326781 -0.307147503 0.932413101
1975.063476512 -3.184227467 1.692822576 22.733856201 0.159062132 0.094594590 -0.284199715 0.940734625
1975.188796896 -3.280357122 1.709983826 22.646074295 0.135740116 0.120869949 -0.266738504 0.946475387
1975.313572544 -3.296604395 1.695620656 22.830961227 0.183840901 0.099757999 -0.276767820 0.937896788
1975.438819776 -3.366265297 1.615011573 22.983530045 0.193198174 0.097955272 -0.267529368 0.938886166
1975.563715744 -3.468834162 1.499368668 23.172836304 0.190594733 0.095843010 -0.265147686 0.940310836
1975.688616320 -3.464326382 1.327075601 23.543920517 0.170984834 0.086738840 -0.257695168 0.947013080
1975.813583776 -3.424893618 1.120152235 24.074352264 0.162318483 0.086562611 -0.262252539 0.947303116
1975.939160544 -3.404484987 0.926172614 24.537359238 0.174108818 0.072102085 -0.254247069 0.948602021
1976.064038688 -3.387276173 0.730929852 24.972921371 0.180337101 0.051297225 -0.213715270 0.958735049
1976.188600800 -3.402523279 0.550033271 25.410680771 0.179073393 0.049021855 -0.227451876 0.955926359
1976.313746336 -3.401425838 0.377442002 25.846311569 0.180063143 0.040279120 -0.237148002 0.953790128
1976.438877120 -3.415230751 0.204997897 26.260196686 0.184583962 0.039875001 -0.244800359 0.951005578
1976.563545952 -3.390467644 0.017146528 26.644857407 0.160052493 0.034846053 -0.243563503 0.955952823
1976.688563904 -3.392546654 -0.120761901 27.050020218 0.141795591 0.010708869 -0.260481536 0.954949558
1976.814013152 -3.435657263 -0.229980707 27.414340973 0.141094834 0.007709401 -0.278112680 0.950097978
1976.938487520 -3.477901697 -0.358096421 27.843872070 0.130887613 0.016239194 -0.287309617 0.948713839
1977.063420832 -3.503175974 -0.457555175 28.240396500 0.135949656 0.002067508 -0.282613546 0.949548841
1977.188805024 -3.554251194 -0.569053948 28.657131195 0.142763123 0.002289544 -0.290359288 0.946205556
1977.313591616 -3.624196529 -0.718539774 29.123182297 0.162717506 0.013658408 -0.289679229 0.943091929
1977.438730240 -3.657618523 -0.861738324 29.564384460 0.160054341 0.021280197 -0.284741074 0.944908619
1977.563597600 -3.693352222 -1.006220102 29.984870911 0.163667783 0.013279865 -0.275184363 0.947264552
1977.688672160 -3.736601353 -1.151683092 30.429058075 0.159001201 0.015954668 -0.269677579 0.949598908
1977.813676000 -3.773489952 -1.297903776 30.854333878 0.155781657 0.017764876 -0.272165388 0.949390590
1977.938608480 -3.813778877 -1.437606812 31.284837723 0.154269010 0.017701179 -0.276169002 0.948482156
1978.063933312 -3.840069294 -1.583698034 31.717985153 0.153616026 0.023250518 -0.266693652 0.951176107
1978.189121952 -3.868764639 -1.732057691 32.160568237 0.158279911 0.027203038 -0.266780972 0.950281739
1978.313576064 -3.892650127 -1.886533618 32.587703705 0.161822900 0.025909398 -0.260054111 0.951584935
1978.438925152 -3.920692444 -2.026419163 33.034267426 0.146865070 0.023857731 -0.271933854 0.950743616
1978.564099968 -3.941638708 -2.165616512 33.480163574 0.138536051 0.027473820 -0.272437155 0.951751530
1978.688725984 -3.968292952 -2.310289860 33.935520172 0.142069638 0.027124098 -0.269085288 0.952194095
1978.813577600 -3.999111176 -2.448347807 34.389579773 0.141857177 0.030228259 -0.280741096 0.948760867
1978.938970208 -4.024138451 -2.588740110 34.841491699 0.137966052 0.025835270 -0.278665245 0.950075567
1979.063932096 -4.059041977 -2.729033232 35.315143585 0.147590250 0.033731833 -0.277727902 0.948655069
1979.188968416 -4.082678318 -2.874305487 35.773475647 0.145677507 0.032849096 -0.276512891 0.949336410
1979.313705696 -4.112732887 -3.009640694 36.247409821 0.134788707 0.027474154 -0.286577076 0.948130131
1979.438770240 -4.131074905 -3.146465540 36.728931427 0.119405292 0.034560468 -0.279826373 0.951969087
1979.563781600 -4.143461227 -3.279931307 37.216140747 0.121775895 0.046238553 -0.275868237 0.952328384
1979.688352992 -4.156002522 -3.411246538 37.698642731 0.114285268 0.047004499 -0.278463304 0.952463984
1979.813597216 -4.164536953 -3.525182486 38.134773254 0.111602023 0.035265625 -0.272924036 0.954889417
1979.938936064 -4.173448563 -3.618654490 38.490619659 0.112149663 0.033620380 -0.276155949 0.953954935
1980.063828864 -4.182593346 -3.696049213 38.781394958 0.111685380 0.035414755 -0.274848968 0.954321861
1980.189222368 -4.191211700 -3.754168510 38.998268127 0.114855625 0.038304839 -0.278128624 0.952882648
1980.313562368 -4.195985317 -3.802414894 39.160995483 0.115728430 0.038878076 -0.273357451 0.954133689
1980.439472352 -4.199209213 -3.836503506 39.278999329 0.122446656 0.039035343 -0.272142112 0.953636050
1980.563757088 -4.203036785 -3.861427784 39.365795135 0.123297743 0.038625296 -0.272797734 0.953355730
1980.688438656 -4.205717564 -3.878449440 39.426799774 0.126600146 0.037346687 -0.274018288 0.952623546
1980.814503360 -4.209705353 -3.892520905 39.476085663 0.127923697 0.036838725 -0.276715368 0.951686382
1980.938678752 -4.211467743 -3.904740810 39.519161224 0.129457772 0.035469532 -0.277028829 0.951439738
1981.063968960 -4.213497639 -3.916379213 39.556819916 0.131770670 0.034751177 -0.277075469 0.951135159
1981.188767712 -4.214448929 -3.925597906 39.589298248 0.133363888 0.034085538 -0.277018994 0.950953603
1981.313707904 -4.214867592 -3.934983969 39.621372223 0.131792575 0.033145443 -0.275999427 0.951502204
1981.438543456 -4.217209816 -3.942152500 39.650203705 0.129670337 0.032401022 -0.277179301 0.951476455
1981.563716064 -4.218310356 -3.948500633 39.673583984 0.128856838 0.032268204 -0.277689487 0.951442719
1981.688676128 -4.220680714 -3.953240633 39.692504883 0.128554508 0.032164522 -0.278405517 0.951277852
1981.813869920 -4.220974445 -3.957440138 39.708129883 0.128295973 0.031626094 -0.278119266 0.951414526
1981.939512256 -4.221119404 -3.960966110 39.719341278 0.128215507 0.031325743 -0.277685165 0.951562107
1982.063393408 -4.221269131 -3.962780714 39.725032806 0.128519624 0.030871253 -0.277501464 0.951589525
