3080.148544576 0.000000000 0.000000000 0.000000000 0.000000000 0.000000000 0.000000000 1.000000000
3080.214164416 0.000795758 -0.000214392 -0.000678571 -0.000272379 -0.000010914 -0.000182773 0.999999940
3080.276426144 -0.009814111 0.002018640 0.010756948 0.001682580 0.000356468 0.001985586 0.999996543
3080.339538528 -0.008751240 0.003792034 0.027592864 0.000655216 0.000618110 0.004439467 0.999989748
3080.398067360 -0.010863523 0.005140712 0.058873851 0.004806901 -0.001257168 0.001788369 0.999986053
3080.463949088 -0.009696419 0.002462525 0.113578223 0.005942303 -0.007713936 -0.002198791 0.999950171
3080.526213248 -0.005568260 -0.005006794 0.187554345 -0.001832478 -0.013502352 -0.004937154 0.999894977
3080.589271200 -0.005963132 -0.013976095 0.277953923 0.009034331 -0.017203502 0.003565001 0.999804854
3080.648324928 -0.007257392 -0.018749095 0.377037942 0.013553733 -0.019276733 0.002543307 0.999719083
3080.713482944 -0.008336259 -0.048695128 0.496635407 0.004435743 -0.019426296 0.010896544 0.999742031
3080.776287008 -0.012214791 -0.047714137 0.636078715 0.024481000 -0.016851328 -0.000140242 0.999558270
3080.839044384 -0.016526898 -0.047693800 0.786932230 0.017276919 -0.011807200 -0.002559619 0.999777794
3080.898252608 -0.028135400 -0.063744329 0.916060627 0.011261690 -0.008206357 -0.001939474 0.999900997
3080.963459488 -0.018855413 -0.069392614 1.062267780 0.008159528 -0.010844722 0.001137049 0.999907255
3081.026704192 -0.061096519 -0.070055485 1.257926226 0.006323566 -0.014547166 -0.005056601 0.999861419
3081.089598304 -0.065309837 -0.073990226 1.429748774 0.003493936 -0.014867435 -0.005875540 0.999866128
3081.148561664 -0.054551791 -0.085487805 1.573344707 0.008837141 -0.010836561 -0.005662866 0.999886215
3081.213744000 -0.054589935 -0.092944488 1.754014492 0.006964136 -0.007684057 -0.006802712 0.999923050
3081.283101632 -0.052420758 -0.100316152 1.946866274 0.004554360 -0.004050164 0.005111722 0.999968350
3081.345379648 -0.054524362 -0.108239442 2.138812065 0.002187145 0.000316417 -0.002231536 0.999995053
3081.411229248 -0.050492510 -0.112965658 2.337808609 0.001184582 0.002950647 0.001424805 0.999993920
3081.476927360 -0.013026204 -0.129181355 2.500161171 -0.000543362 -0.000749072 -0.002875086 0.999995410
3081.540054272 0.023318585 -0.141617507 2.664922237 -0.003377960 -0.008311893 -0.004785740 0.999948263
3081.602005856 0.006002132 -0.133951381 2.873943329 -0.007106570 -0.015150321 -0.007117152 0.999834657
3081.661352224 -0.002843189 -0.135841861 3.072959661 -0.009165104 -0.018209774 -0.014941139 0.999680519
3081.726132160 -0.030907154 -0.137954593 3.280722618 -0.010557824 -0.015310996 -0.008970587 0.999786794
3081.789691744 -0.061946318 -0.130835831 3.497608662 -0.006980202 -0.011089390 -0.008968200 0.999873936
3081.851090784 -0.081130527 -0.142010614 3.698616266 -0.002231176 -0.007145245 -0.007512672 0.999943733
3081.911018688 -0.086366616 -0.145576462 3.913584709 -0.009289374 -0.006152193 -0.004615609 0.999927282
3081.976237056 -0.085519686 -0.134225547 4.139941216 -0.010509660 -0.008689338 -0.001597147 0.999905765
3082.039731712 -0.093600757 -0.136331245 4.357247353 -0.008458430 -0.013375366 -0.006638488 0.999852717
3082.101660128 -0.096649386 -0.137392029 4.580161572 -0.011626413 -0.017756946 -0.001424881 0.999773741
3082.161252768 -0.107092910 -0.138709605 4.790718079 -0.006183954 -0.025429949 -0.009305148 0.999614179
3082.226514400 -0.123473972 -0.137162387 5.025728703 -0.018797364 -0.028157789 -0.013718952 0.999332547
3082.289485504 -0.132780075 -0.109913968 5.239262104 -0.012849723 -0.030937923 -0.014335572 0.999335885
3082.351674560 -0.145911217 -0.112973340 5.466242313 -0.009379988 -0.034205783 -0.010620385 0.999314368
3082.410719328 -0.167832717 -0.115860403 5.696764946 -0.010006178 -0.032054164 -0.018825404 0.999258697
3082.477013632 -0.181224883 -0.106215164 5.946007729 -0.003047110 -0.029616324 -0.010038297 0.999506295
3082.540658304 -0.200637251 -0.122837707 6.193686962 -0.008246917 -0.021514107 -0.001215108 0.999733806
3082.604189856 -0.221443892 -0.117975689 6.433885098 -0.005106735 -0.016089000 -0.016730396 0.999717534
3082.662119200 -0.225001410 -0.125524700 6.648653030 -0.005929706 -0.015181581 -0.000566938 0.999867022
3082.726765632 -0.214651212 -0.025503494 6.853622437 0.000879510 -0.012705864 -0.002484875 0.999915779
3082.789962912 -0.224691659 0.071722344 7.040920734 0.010168146 -0.003901016 0.013780860 0.999845743
3082.852037472 -0.242309481 0.092726991 7.273375034 0.006493045 0.006767993 0.006241178 0.999936521
3082.911081472 -0.248431385 0.075489670 7.503467083 0.013732496 0.010147146 0.008087876 0.999821484
3082.976519840 -0.234207153 0.054028340 7.743424416 0.019885944 0.008679659 0.007132027 0.999739110
3083.039514976 -0.227816954 0.002395164 7.973633289 0.007413386 0.010324531 0.011739681 0.999850273
3083.101694560 -0.221014485 -0.017672537 8.203118324 0.003385587 0.011860003 0.004190704 0.999915123
3083.161044736 -0.210075513 -0.032898769 8.435461998 0.012677969 0.010207626 0.019868484 0.999670088
3083.227054336 -0.207442313 -0.066042639 8.676124573 0.010996847 0.006082644 0.012067743 0.999848187
3083.289419648 -0.214433178 -0.090022236 8.913594246 0.004381339 0.002288725 0.000833735 0.999987423
3083.352579296 -0.220228299 -0.096196055 9.160334587 -0.001801071 0.001543629 -0.007269029 0.999970734
3083.411461888 -0.216300264 -0.097426906 9.383217812 -0.007251272 -0.003424278 -0.007763722 0.999937713
3083.477001152 -0.230477899 -0.115190282 9.634826660 -0.021685129 -0.003638842 -0.004903420 0.999746203
3083.539307008 -0.236876518 -0.105906062 9.885421753 -0.032001745 -0.002326863 -0.012269337 0.999409795
3083.601885088 -0.253050715 -0.105620608 10.123803139 -0.014075809 0.000228427 -0.026608055 0.999546826
3083.661166560 -0.247559845 -0.105988257 10.355649948 -0.005818893 -0.005666998 -0.009231899 0.999924362
3083.729442912 -0.252742112 -0.152044803 10.613714218 -0.008436942 -0.015388018 -0.021489868 0.999615073
3083.789711520 -0.260562152 -0.165060386 10.858683586 -0.010733024 -0.016617248 -0.004767937 0.999792933
3083.860439136 -0.274934858 -0.161156476 11.145569801 -0.016635489 -0.010125517 -0.017830320 0.999651313
3083.912135104 -0.273638397 -0.166263387 11.358778000 -0.009703735 0.000949881 -0.004023245 0.999944389
3083.978619360 -0.268135548 -0.176178813 11.618309021 0.008016882 0.012009141 0.007146120 0.999870241
3084.040270912 -0.275613338 -0.216672152 11.888706207 0.002951460 0.024063507 0.004981829 0.999693692
3084.101796544 -0.261433631 -0.228211924 12.143506050 0.003925155 0.034930825 0.007660510 0.999352634
3084.161654528 -0.246980146 -0.239769638 12.386959076 -0.006183125 0.038742494 0.014831117 0.999120057
3084.226640064 -0.236149222 -0.233294353 12.644231796 -0.002488299 0.041957710 0.010128677 0.999064922
3084.290088256 -0.222803518 -0.224399149 12.908832550 -0.016975319 0.044649381 0.007074999 0.998833418
3084.351716544 -0.204795659 -0.231566906 13.165156364 -0.016417718 0.043167919 0.012292653 0.998857319
3084.411757920 -0.195577160 -0.222771779 13.424365044 -0.019466227 0.042237055 0.003180790 0.998912930
3084.476545632 -0.182996601 -0.186116248 13.702547073 -0.013826572 0.043284528 0.000369942 0.998967052
3084.539666560 -0.173900470 -0.177330792 13.960680008 -0.015566771 0.047169343 0.005427536 0.998750865
3084.601543168 -0.157063589 -0.177855209 14.226685524 -0.030092029 0.061219193 0.013942962 0.997573197
3084.662693728 -0.112743750 -0.096773520 14.492679596 -0.015473668 0.068773642 0.019966986 0.997312427
3084.726598848 -0.040362924 0.031316817 14.747120857 0.029928349 0.064989850 0.039881174 0.996639371
3084.789646496 0.029371023 0.134873047 15.012130737 0.073976301 0.060514163 0.059192445 0.993660808
3084.851387008 0.112934515 0.197143540 15.277204514 0.114844382 0.053368226 0.081083134 0.988629401
3084.913639072 0.192538589 0.149640873 15.430802345 0.118172020 0.049593739 0.066520244 0.989520550
3084.976654016 0.258340061 0.085190095 15.580383301 0.116371773 0.049096934 0.047091708 0.990873098
3085.041106528 0.366078019 0.088366777 15.766745567 0.158023492 0.036569372 0.045792807 0.985694826
3085.101608800 0.406887859 -0.001278073 15.981996536 0.182501823 0.025223631 0.072455533 0.980207682
3085.164043136 0.429937273 -0.067004465 16.208129883 0.147429854 0.019924039 0.076330811 0.985921443
3085.227885696 0.444814622 -0.139521211 16.463123322 0.115661189 0.007889741 0.057185214 0.991609812
3085.289541248 0.469737440 -0.112782046 16.669214249 0.135533273 -0.000644556 0.064821981 0.988649786
3085.352123200 0.473920882 -0.182755560 16.922445297 0.129484892 -0.004013938 0.061932061 0.989637315
3085.414198560 0.470572352 -0.263997823 17.173116684 0.133665591 0.002337610 0.053476773 0.989579856
3085.476886976 0.470104426 -0.344873250 17.424987793 0.140791908 0.004295175 0.048973255 0.988817871
3085.539536960 0.470054895 -0.427547336 17.675014496 0.148325250 0.003093260 0.046734497 0.987828910
3085.601977216 0.469027162 -0.515907168 17.932804108 0.146302089 0.003645621 0.042675763 0.988312304
3085.664492576 0.469541848 -0.603225768 18.192859650 0.148561582 0.002857003 0.040527698 0.988068223
3085.726864960 0.469100028 -0.690990746 18.450897217 0.148890719 0.001933532 0.037594706 0.988136828
3085.789450592 0.469484001 -0.777507067 18.714294434 0.149817809 -0.000589082 0.034621973 0.988107085
3085.851803680 0.467170089 -0.863797069 18.980607986 0.134980738 -0.001062615 0.035430554 0.990213990
3085.914059872 0.461574882 -0.947789192 19.247804642 0.136451080 0.002346289 0.028978579 0.990220129
3085.976893568 0.468672305 -1.036659718 19.514860153 0.139745653 0.009312968 0.038256135 0.989404321
3086.039199744 0.476712406 -1.121050835 19.790554047 0.138156950 0.018569998 0.033661440 0.989663959
3086.102092672 0.496032596 -1.213231087 20.067148209 0.138249397 0.022485793 0.040319655 0.989320874
3086.164223712 0.508275568 -1.295584798 20.326517105 0.147350386 0.022675674 0.040113088 0.988010466
3086.229051456 0.525679052 -1.395416021 20.610176086 0.148019433 0.026867105 0.036303405 0.987952650
3086.289736160 0.539276063 -1.487852812 20.872081757 0.151162818 0.029692519 0.038308028 0.987319946
3086.351658016 1.091665506 -2.598243713 19.042802811 0.036723472 0.041244674 -0.130496085 0.989909589
3086.414516064 0.802580178 -2.498148203 18.374134064 0.034739438 0.050184999 -0.117790602 0.991160929
3086.476368864 0.548841596 -2.630556345 17.914054871 0.017656574 0.054696538 -0.105300143 0.992778122
3086.540470048 0.433305472 -2.905183554 17.329971313 -0.007411723 0.049896285 -0.092224427 0.994459689
3086.601888256 0.351600111 -3.312419415 16.765958786 -0.037719261 0.048256505 -0.092983969 0.993781924
3086.664949792 0.104772359 -3.336923361 16.202043533 -0.042453267 0.053543966 -0.078350671 0.994581282
3086.727941792 0.147029579 -3.356261730 16.574857712 -0.042275399 0.050281182 -0.080436863 0.994592667
3086.789251040 0.161357805 -3.397072077 16.921085358 -0.044155784 0.048992626 -0.080708452 0.994553268
3086.851565824 0.183128968 -3.461173296 17.229507446 -0.050305706 0.045217942 -0.075789429 0.994826972
3086.914842752 0.089209981 -3.440293312 17.061771393 -0.051129013 0.047265083 -0.065792151 0.995401025
3086.976729216 0.080502570 -3.455291033 17.389387131 -0.054015838 0.047695119 -0.061740823 0.995487630
3087.039629920 0.072353631 -3.460202217 17.726547241 -0.055277262 0.048028607 -0.058577046 0.995593488
3087.101822432 0.000217207 -3.495921850 18.061946869 -0.060700078 0.051648166 -0.043625869 0.995863795
3087.164414816 0.049296796 -3.438427925 18.210582733 -0.061495159 0.046885800 -0.033816900 0.996431887
3087.226720672 0.071266331 -3.469947815 18.542253494 -0.066233926 0.046568207 -0.024425855 0.996417522
3087.290032416 0.093029007 -3.498958826 18.875253677 -0.070381545 0.046385385 -0.016572826 0.996303260
3087.354213248 0.081537440 -3.470500946 19.223701477 -0.068316042 0.050573736 -0.009670422 0.996334136
3087.414956640 0.076151721 -3.511029720 19.262348175 -0.073160760 0.052004788 -0.018434020 0.995792747
3087.476549024 0.104093850 -3.539915800 19.648519516 -0.080024295 0.061082698 -0.016542483 0.994782090
3087.539405216 0.060619209 -3.531949759 20.115079880 -0.085848510 0.082872428 -0.016766151 0.992713988
3087.602882528 0.132571489 -3.646248102 20.419792175 -0.105797634 0.092106625 -0.015143812 0.989996910
3087.664502656 0.209512830 -3.626264811 20.645980835 -0.105200656 0.091038816 -0.018550754 0.990101337
3087.726857184 0.216288283 -3.671392441 20.981349945 -0.108634032 0.090378933 -0.015523224 0.989843071
3087.789859200 0.245246470 -3.446646214 21.677703857 -0.094247438 0.093951121 -0.022893609 0.990841269
3087.851960256 0.305366814 -3.272348642 22.355001450 -0.082866900 0.093495145 -0.024362339 0.991866052
3087.914313952 0.387269586 -3.389364004 22.599412918 -0.084943950 0.086426236 -0.014642064 0.992522359
3087.977367328 0.416518062 -3.371428490 22.883949280 -0.094521448 0.090283625 -0.020183852 0.991215050
3088.039919808 0.461309075 -3.344352484 23.163911819 -0.102610588 0.090610072 -0.019695988 0.990390301
3088.101962464 0.541326165 -3.216272593 23.420515060 -0.102306463 0.086060993 -0.010761210 0.990964711
3088.167527264 0.608896077 -3.030978203 23.685726166 -0.096678719 0.084165208 -0.011033582 0.991689324
3088.227096480 0.627639711 -3.085219145 23.966844559 -0.103465125 0.084544301 -0.008497857 0.990997016
3088.289668128 0.643617034 -3.106778860 24.281583786 -0.106497578 0.086397283 -0.012730056 0.990470469
3088.352513056 0.697949231 -3.087037086 24.558685303 -0.104992434 0.085300691 -0.008503349 0.990771472
3088.414206848 0.747765720 -3.037818909 24.818435669 -0.102142118 0.085635245 -0.008810445 0.991037786
3088.477070560 0.744701445 -2.978900433 25.159749985 -0.103452384 0.091880001 -0.003351323 0.990375936
3088.539406528 0.749182105 -2.900271177 25.497676849 -0.098647252 0.097424947 0.001258308 0.990341067
3088.602021568 0.803489566 -2.839716434 25.779584885 -0.094653502 0.099310696 0.004839823 0.990532517
3088.664231488 0.852315366 -2.720408678 26.040950775 -0.091133617 0.100565977 0.007968069 0.990715742
3088.727037984 0.896023095 -2.653691053 26.354526520 -0.088370547 0.102158576 0.009783662 0.990786850
3088.789290240 0.948711812 -2.613801241 26.629737854 -0.085505523 0.102791741 0.009500488 0.990975499
3088.852029056 1.004365683 -2.575091600 26.905212402 -0.084259562 0.101778217 0.008331496 0.991197348
3088.913927584 1.050677896 -2.539219379 27.152919769 -0.081996582 0.102802061 0.012235217 0.991240919
3088.977193696 1.095158100 -2.500932693 27.397830963 -0.076356940 0.103136562 0.010058097 0.991681039
3089.039577056 1.150225282 -2.459568977 27.669738770 -0.072538339 0.103318751 0.012455085 0.991921544
3089.101896128 1.212137938 -2.414299488 27.954326630 -0.075611413 0.101921096 0.003855315 0.991907299
3089.162902944 1.239330888 -2.436067581 28.189260483 -0.077442341 0.100078247 0.003978043 0.991953254
3089.227271200 1.300530910 -2.407309055 28.455642700 -0.070034079 0.097084977 0.007154750 0.992783248
3089.289551584 1.358521104 -2.392936230 28.733163834 -0.068497382 0.095764458 0.013524316 0.992952347
3089.351946080 1.383691788 -2.338641167 29.104417801 -0.067087620 0.095732898 0.022924174 0.992879152
3089.413164768 1.429330826 -2.312587738 29.347970963 -0.051355924 0.094377361 0.022684153 0.993952155
3089.476678976 1.480833173 -2.299457788 29.593797684 -0.056380711 0.092558078 0.015405319 0.993990421
3089.539871648 1.551667571 -2.273797750 29.772243500 -0.059107084 0.090195484 0.013471761 0.994077325
3089.601655232 1.633170605 -2.247033834 29.922855377 -0.058900721 0.085460216 0.010648194 0.994542062
3089.661152704 1.691195965 -2.224670649 30.097694397 -0.054324813 0.085451096 0.012466180 0.994782150
3089.724828768 1.723116875 -2.216766357 30.387264252 -0.031917840 0.091989174 0.011095751 0.995186508
3089.789795040 1.756359696 -2.218967915 30.669349670 -0.039739661 0.097544305 0.007850541 0.994406521
3089.850233312 1.820800662 -2.202130556 30.883512497 -0.077455036 0.096512258 0.012953818 0.992228925
3089.911599008 1.852603316 -2.142689705 31.256595612 -0.102901079 0.105322048 -0.004317318 0.989090502
3089.975357984 1.921787024 -2.083773375 31.525457382 -0.121292666 0.121487290 0.007889167 0.985122681
3090.039113440 1.995766282 -2.033747911 31.780767441 -0.104801305 0.145433709 -0.003350988 0.983795941
3090.099214112 2.081963778 -2.020260096 31.978658676 -0.100418210 0.168747261 0.010504073 0.980474472
3090.161491680 2.186595678 -1.995312929 32.176254272 -0.110482007 0.188200742 0.007032932 0.975871265
3090.224567744 2.298361540 -1.934181690 32.427089691 -0.128535315 0.208671957 0.003560440 0.969495773
3090.289316704 2.422300339 -1.870945096 32.682174683 -0.136192456 0.224644586 -0.001058860 0.964875817
3090.349541536 2.544279337 -1.816907525 32.903087616 -0.126939133 0.241870254 0.009585860 0.961921692
3090.410842432 2.623580694 -1.709683299 33.104030609 -0.077628121 0.267503768 -0.000709234 0.960424483
3090.473022336 2.731244802 -1.623886347 33.298957825 -0.025405368 0.289540142 0.000283607 0.956828654
3090.536151040 2.917288065 -1.701109052 33.521709442 -0.043046106 0.290474176 0.024289124 0.955605447
3090.598780768 3.091883659 -1.779781461 33.762130737 -0.072793096 0.294537663 0.039023504 0.952064037
3090.660067968 3.204400539 -1.672356606 33.886325836 -0.077111706 0.298357576 0.039433837 0.950516403
3090.722903584 3.323073387 -1.597861171 33.993434906 -0.069044895 0.300903589 0.031793538 0.950620353
3090.788673216 3.474749088 -1.601594925 34.195247650 -0.065708451 0.299789310 0.025946975 0.951386094
3090.851366432 3.625018120 -1.570154905 34.411495209 -0.080323271 0.303609639 0.035147905 0.948753893
3090.912458720 3.771904945 -1.534046054 34.631000519 -0.080512531 0.301028281 0.034445193 0.949585795
3090.978982144 3.918018579 -1.487508774 34.851493835 -0.083777092 0.297915608 0.024174301 0.950601578
3091.038640672 4.064640999 -1.461599588 35.056777954 -0.057897203 0.295166701 0.033437122 0.953103602
3091.101146432 4.202677250 -1.435370803 35.267036438 -0.058164082 0.294359058 0.019026905 0.953733504
3091.162855104 4.347243309 -1.400856137 35.478145599 -0.067059830 0.292860538 0.026735937 0.953425884
3091.225704992 4.489355087 -1.365564704 35.683116913 -0.084469020 0.290516824 0.034767695 0.952499986
3091.288895584 4.626810551 -1.319656372 35.900577545 -0.093649477 0.288838416 0.027407009 0.952392280
3091.351689408 4.771950245 -1.286083102 36.110569000 -0.081760779 0.291929960 0.033847552 0.952337325
3091.412671744 4.913119316 -1.244413495 36.320934296 -0.081908472 0.294084340 0.026594371 0.951891840
3091.475439744 5.064890862 -1.203425527 36.516082764 -0.080193132 0.301314622 0.048055395 0.948930562
3091.539162272 5.196915627 -1.176068664 36.706302643 -0.079385206 0.308285952 0.023496900 0.947684407
3091.603600832 5.358028889 -1.137569904 36.915580750 -0.071861610 0.318803430 0.043926165 0.944071352
3091.666187200 5.483027458 -1.120722651 37.098007202 -0.067603879 0.327124685 0.013902218 0.942457378
3091.729026816 5.644475937 -1.074990153 37.290786743 -0.082122631 0.328210026 0.035916187 0.940342546
3091.792011584 5.792654037 -1.041354895 37.488685608 -0.090976685 0.328948230 0.021982156 0.939698398
3091.853949440 5.952182293 -1.014948845 37.673191071 -0.066402659 0.334094316 0.030584328 0.939700127
3091.916485824 6.098122120 -0.978843570 37.862243652 -0.080510646 0.340646178 0.012791424 0.936650693
3091.979081184 6.265819073 -0.945809722 38.053417206 -0.075997427 0.351209432 0.016489660 0.933061838
3092.043482496 6.432909966 -0.915954173 38.243869781 -0.076095022 0.358864397 0.008862429 0.930240452
3092.104291456 6.589406013 -0.888741016 38.407978058 -0.069046482 0.370089173 0.026053883 0.926060379
3092.166410816 6.770357609 -0.844241619 38.607318878 -0.094317831 0.374342173 0.016021930 0.922342360
3092.229889632 6.951750278 -0.805586755 38.774394989 -0.091927595 0.375661612 0.055458024 0.920517266
3092.292355104 7.083966732 -0.777636647 38.913105011 -0.080495246 0.379203677 0.011471195 0.921733975
3092.354199872 7.242589474 -0.743835926 39.067111969 -0.079847299 0.379733890 0.013328426 0.921547055
3092.416836352 7.413950443 -0.703206897 39.245006561 -0.092014186 0.378616363 0.012380491 0.920885324
3092.479661536 7.554784775 -0.689134657 39.364055634 -0.072406299 0.378953487 0.001729735 0.922577143
3092.543031808 7.722526550 -0.651060224 39.532421112 -0.088873275 0.376488984 0.005641736 0.922131062
3092.603987424 7.886362553 -0.617395401 39.698234558 -0.094547994 0.385987818 -0.002124890 0.917643487
3092.666465088 8.050504684 -0.580004930 39.856494904 -0.105477780 0.392975241 -0.000388605 0.913479447
3092.729505280 8.225188255 -0.557945192 40.020877838 -0.088911191 0.393818170 0.005827855 0.914859593
3092.793209920 8.388425827 -0.526488602 40.188350677 -0.083847821 0.393237770 -0.013470555 0.915506482
3092.856965664 8.565821648 -0.482886493 40.329185486 -0.092339069 0.395967960 0.016511872 0.913460553
3092.916572992 8.674685478 -0.476811320 40.410823822 -0.095135376 0.408354878 0.023526588 0.907547235
3092.979969888 8.840219498 -0.453630090 40.554756165 -0.079987936 0.418965608 0.014467136 0.904356360
3093.044511040 9.025060654 -0.414531529 40.708843231 -0.090905175 0.426768035 0.032073181 0.899208903
3093.104555168 9.175941467 -0.376819402 40.827266693 -0.082785062 0.422717839 0.026606273 0.902079999
3093.166266400 9.331192970 -0.348168224 40.956275940 -0.080042526 0.422582150 0.028190829 0.902342975
3093.229424544 9.445721626 -0.348488897 41.032085419 -0.069839910 0.430809230 0.028738821 0.899277389
3093.293267968 9.577866554 -0.320668787 41.166748047 -0.099370524 0.434727311 -0.001617664 0.895061493
3093.354126880 9.681767464 -0.313020378 41.266551971 -0.080198854 0.433558524 -0.004781564 0.897536755
3093.416876000 9.827545166 -0.254004568 41.437133789 -0.079793982 0.416448087 0.040721737 0.904735148
3093.480089792 9.923994064 -0.213508189 41.536338806 -0.106229506 0.406344384 0.026495783 0.907136977
3093.543227104 9.994148254 -0.212889716 41.586688995 -0.071855552 0.400946766 0.036928151 0.912532091
3093.604321056 10.047807693 -0.196279556 41.654483795 -0.095390379 0.405941218 0.005284241 0.908891916
3093.666298752 10.095532417 -0.181103274 41.710239410 -0.110716306 0.413056433 -0.012086797 0.903869569
3093.729534048 10.163754463 -0.173262715 41.758415222 -0.119092062 0.415906787 0.015216564 0.901447177
3093.792667520 10.194694519 -0.169416636 41.771442413 -0.101696178 0.420572728 0.009066298 0.901495576
3093.855259584 10.226387978 -0.153051406 41.784088135 -0.098271072 0.424434036 0.021230973 0.899859905
3093.922962240 10.242659569 -0.158212692 41.800895691 -0.097412251 0.421458840 0.016108334 0.901456475
3093.985112064 10.247156143 -0.160314500 41.810894012 -0.093132421 0.419193357 0.011000621 0.903040588
3094.049393408 10.251561165 -0.157818601 41.815872192 -0.091396123 0.419323564 0.010303365 0.903165758
