2461.634472288 0.000000000 0.000000000 0.000000000 0.000000000 0.000000000 0.000000000 1.000000000
2461.758265120 -0.000380286 0.000764909 0.000047917 -0.000145920 0.000050396 -0.000204206 0.999999940
2461.882983904 -0.001168286 -0.002562826 0.005723626 0.008042954 -0.000596819 -0.000189180 0.999967456
2462.008030496 0.007944282 -0.016564954 0.071563929 0.014240580 0.003835622 0.011090718 0.999829710
2462.134521984 0.002242784 -0.011632327 0.214107648 0.011036312 0.010046416 -0.009998244 0.999838650
2462.258763072 -0.013240106 -0.014284056 0.428536922 0.004574563 0.005507387 -0.033844464 0.999401450
2462.383595680 0.002951298 -0.024948088 0.695388854 -0.007121099 0.004450855 0.014180350 0.999864221
2462.508047520 -0.024737144 -0.023487449 0.992053628 -0.009462553 0.000967114 -0.016333679 0.999821365
2462.634842080 -0.044374444 -0.009945776 1.286902666 -0.004404466 0.012932859 0.012825256 0.999824405
2462.759451520 -0.038477551 0.013056193 1.584686756 0.027990462 0.003893799 0.019286182 0.999414563
2462.882696096 -0.041958340 -0.001748000 1.926360607 0.041332584 -0.006489131 0.017979724 0.998962581
2463.008647552 -0.118477218 -0.024476618 2.367690563 0.030437058 0.031913560 0.008565506 0.998990357
2463.138809088 -0.116950788 -0.055239599 2.720560551 0.008079200 0.023142913 0.003927244 0.999691784
2463.258680512 -0.111384206 -0.059098013 3.067340851 0.009354237 0.010100942 0.004418269 0.999895453
2463.383117760 -0.106009737 -0.080082208 3.449683905 0.010008357 -0.002891273 0.021638818 0.999711573
2463.508616064 -0.121364102 -0.100155190 3.847727776 0.010662108 0.003168727 0.022853881 0.999676943
2463.634966720 -0.134516865 -0.126082569 4.249794006 0.004690372 0.011482329 0.022662194 0.999666214
2463.758767552 -0.109663509 -0.163167745 4.643590927 -0.019270459 -0.003832959 0.005488368 0.999791920
2463.882946048 -0.160964340 -1.093416929 4.882255077 0.008724851 -0.004677246 -0.009902450 0.999901950
2464.009103232 0.696272254 -2.332934618 3.919168949 0.031884894 -0.014392455 -0.011848958 0.999317646
2464.136837024 1.648438931 -3.561658859 2.903558731 0.053977191 -0.029880369 -0.012974040 0.998010695
2464.261739008 1.621306300 -3.599127531 3.186207056 0.044954561 -0.048127256 -0.005984569 0.997811139
2464.386550624 1.570401073 -3.660721302 3.626293421 0.059892774 -0.033420939 -0.014494031 0.997539878
2464.512046592 1.553537726 -3.740900517 4.073493958 0.019264443 -0.046843309 -0.023577366 0.998438179
2464.636693056 1.501347423 -3.753181219 4.546666622 -0.016517458 -0.049963623 -0.022856444 0.998352826
2464.762191168 1.434878469 -3.730512142 4.946698666 0.014224635 -0.037280567 -0.029219555 0.998776257
2464.886481984 1.390311241 -3.765044451 5.427426338 0.013072315 -0.043598160 -0.030715412 0.998491287
2465.011296960 1.333393335 -3.790757895 5.925880432 0.015181245 -0.044776980 -0.034657601 0.998280227
2465.136701760 1.274206042 -3.811388493 6.444602966 0.009863607 -0.045299746 -0.037442379 0.998222828
2465.262486432 1.232667685 -3.830102921 6.995178699 -0.003851439 -0.028746098 -0.043536618 0.998630762
2465.388093280 1.191685438 -3.845695734 7.527399063 0.013296738 -0.029073408 -0.042620290 0.998579741
2465.512749152 1.151907921 -3.874000311 8.063295364 0.011070183 -0.031667892 -0.041202556 0.998587489
2465.637148704 1.103185296 -3.901800394 8.614424706 0.016260540 -0.033537675 -0.042419430 0.998404443
2465.761652768 1.053279161 -3.934589148 9.173313141 0.018008703 -0.036824051 -0.042224918 0.998266876
2465.887051936 0.994571924 -3.968259096 9.747426033 0.019623647 -0.046264943 -0.038204562 0.998005450
2466.011390912 0.928913355 -4.005649090 10.311968803 0.022915665 -0.047850285 -0.032784291 0.998053312
2466.136815968 0.743050814 -4.069645882 10.494183540 0.017170303 -0.049591195 -0.027658276 0.998238862
2466.263349344 0.585878432 -4.125194073 10.824664116 0.021295855 -0.044938929 -0.023470599 0.998486936
2466.386547808 0.517472088 -4.173907280 11.430146217 0.017084138 -0.041106973 -0.025911499 0.998672605
2466.511616352 0.474295080 -4.239885330 12.041674614 0.014451709 -0.041320592 -0.018435678 0.998871326
2466.637379136 0.440728366 -4.310019970 12.659455299 0.013192748 -0.041998174 -0.008368724 0.998995543
2466.761991168 0.325164258 -4.453950882 13.239360809 -0.006260495 -0.030733276 -0.004785694 0.999496520
2466.886780160 0.376882762 -4.381949902 13.445438385 -0.003899607 -0.035145730 -0.013592514 0.999282181
2467.011348096 0.291722447 -4.506030560 14.191302299 -0.012529247 -0.032814302 -0.016715743 0.999243140
2467.136374208 0.211976826 -4.623731613 14.940142632 -0.022609804 -0.030600999 -0.015167149 0.999160826
2467.261666976 0.094426379 -4.780025005 15.511872292 -0.041215908 -0.020097824 -0.036533751 0.998279810
2467.386540000 0.145017803 -4.619376183 15.463339806 -0.041210517 -0.021253917 -0.050077781 0.997668326
2467.512020832 -0.075881064 -4.683208466 16.065008163 -0.049850062 -0.008891148 -0.054370619 0.997236073
2467.636288704 -0.292504251 -4.738119125 16.662145615 -0.058672257 0.005656529 -0.059127197 0.996508658
2467.762588928 0.688859165 -4.644423008 19.361078262 -0.063132539 0.027249014 -0.061071225 0.995762050
2467.886337696 0.752059937 -4.601466179 19.574924469 -0.086795203 0.042223405 -0.067186050 0.993060827
2468.011540960 0.542834878 -4.630805492 20.098859787 -0.109752670 0.061626300 -0.076282494 0.989109457
2468.136152608 0.341302514 -4.611120224 20.650133133 -0.130077198 0.084152855 -0.093976498 0.983446300
2468.261644672 0.143953100 -4.566795826 21.219226837 -0.150497735 0.108859874 -0.112032421 0.976190925
2468.386604320 -0.378678143 -3.963181973 20.849365234 -0.164797649 0.132263333 -0.166315362 0.963165283
2468.511622912 -0.915995657 -3.316390038 20.258825302 -0.177647561 0.155896589 -0.222588837 0.945828676
2468.636654688 -0.915995657 -3.316390038 20.258825302 -0.177647561 0.155896589 -0.222588837 0.945828676
2468.762016096 -0.911338687 -3.323371887 20.242256165 -0.175368458 0.155139029 -0.227001503 0.945329607
2468.886596384 -0.900759876 -3.312185287 20.227439880 -0.167022333 0.152437970 -0.229490116 0.946678638
2469.011550592 -0.848908603 -3.298180342 20.296909332 -0.167982697 0.142312467 -0.233406097 0.947127521
2469.136685536 -0.912092566 -3.273108482 20.266166687 -0.169524431 0.136110649 -0.236578479 0.946977317
2469.263117184 -0.980135322 -3.243529320 20.235828400 -0.170730412 0.129860640 -0.239504963 0.946902692
2469.386426048 -1.107115865 -3.297750473 20.333978653 -0.210763305 0.147710040 -0.232762277 0.937860489
2469.511333056 -0.909306586 -3.114156485 20.639659882 -0.220553473 0.153241694 -0.208922580 0.940332115
2469.637426016 -0.689752042 -2.778037786 20.914686203 -0.171504200 0.141635269 -0.225408733 0.948533952
2469.762206368 -0.553196430 -2.726217508 21.249492645 -0.201681197 0.147347733 -0.210517615 0.945143223
2469.885866816 -0.394485921 -2.576756477 21.684743881 -0.209827676 0.139360979 -0.208539531 0.945019662
2470.011431520 -0.237661079 -2.408732176 22.152158737 -0.213474795 0.150818273 -0.215633854 0.940842390
2470.137834944 -0.016193479 -2.223467588 22.667509079 -0.208633810 0.166937768 -0.215752557 0.939177573
2470.262621536 0.184991404 -2.074114561 23.147727966 -0.182139069 0.162230015 -0.223035157 0.943801939
2470.386728928 0.373385429 -1.920000672 23.662361145 -0.209594458 0.162938327 -0.212294683 0.940453172
2470.512133088 0.553826928 -1.763166547 24.130361557 -0.192031115 0.162978977 -0.216374516 0.943262398
2470.636886848 0.745343328 -1.663449168 24.631210327 -0.185864791 0.166637957 -0.221014500 0.942782402
2470.761754688 0.931041837 -1.530636311 25.047689438 -0.205754116 0.174118817 -0.209469870 0.939930975
2470.883662432 1.134543896 -1.354123831 25.504552841 -0.215165749 0.163282141 -0.203260273 0.941131175
2471.011384576 1.274383545 -1.193734169 25.946834564 -0.220527068 0.142817304 -0.206748962 0.942457378
2471.136793344 1.439352751 -1.009690642 26.407085419 -0.212892920 0.149238423 -0.196300566 0.945447326
2471.262300736 1.610096574 -0.847649813 26.828189850 -0.216236547 0.141230732 -0.192449823 0.946709394
2471.383975040 1.782026291 -0.707810998 27.254022598 -0.210280746 0.140357047 -0.183400095 0.949971735
2471.511636064 1.950683475 -0.555433631 27.749164581 -0.212336704 0.145267174 -0.185593113 0.948348999
2471.640518752 2.118027687 -0.389968872 28.195245743 -0.206567019 0.153710514 -0.185802117 0.948251367
2471.761881312 2.296403646 -0.234567538 28.621467590 -0.195215940 0.150193334 -0.191478357 0.950088799
2471.884055456 2.491318226 -0.089100525 29.087490082 -0.201626584 0.142855108 -0.184845060 0.951194763
2472.011523200 2.648205519 0.092442900 29.550678253 -0.207874641 0.138585836 -0.188490018 0.949765027
2472.136757632 2.818636894 0.266621828 30.036581039 -0.207082719 0.138390616 -0.185297966 0.950594246
2472.262703392 2.983441830 0.437091976 30.492475510 -0.215256006 0.132029399 -0.176644176 0.951330602
2472.384326240 3.130786419 0.602012515 30.914325714 -0.216402009 0.125307500 -0.180263251 0.951300859
2472.511534816 3.280456066 0.776294589 31.343029022 -0.215735018 0.118703954 -0.174900278 0.953298271
2472.636979008 3.419358730 0.961117148 31.789722443 -0.225253090 0.115639679 -0.182280689 0.950085402
2472.762508224 3.568833590 1.155794144 32.264911652 -0.222007364 0.110505037 -0.191822097 0.949581861
2472.884070336 3.687814474 1.332792044 32.704696655 -0.226410046 0.109188519 -0.196527898 0.947730482
2473.011504352 3.824326277 1.545578957 33.179965973 -0.229896396 0.107617602 -0.197417244 0.946885705
2473.136895616 3.958091974 1.748280048 33.647026062 -0.221404061 0.101320647 -0.199321583 0.949202418
2473.261814496 4.045268059 1.935969353 34.100700378 -0.246207133 0.105578735 -0.193916216 0.943732858
2473.383252064 4.118534088 2.181918144 34.501052856 -0.240464419 0.107761078 -0.191660926 0.945426106
2473.511334624 4.239920139 2.383654833 34.963977814 -0.251520216 0.107156314 -0.181842536 0.944557250
2473.636255744 4.343844891 2.612277269 35.398250580 -0.252803475 0.108056121 -0.179213449 0.944614649
2473.761595712 4.443414688 2.859277964 35.849758148 -0.253053576 0.111639686 -0.181162477 0.943758786
2473.883292672 4.528648376 3.084746599 36.261013031 -0.256434470 0.112345241 -0.184281513 0.942157269
2474.011223328 4.634846210 3.279901028 36.648937225 -0.256553233 0.113676362 -0.180757895 0.942647696
2474.137334080 4.800798893 3.410044193 37.012420654 -0.251683384 0.108291067 -0.188450009 0.943088114
2474.382749632 4.767462254 3.469729662 37.779468536 -0.251650721 0.108932331 -0.188427493 0.943027437
2474.512087552 4.720271587 3.468503714 38.111503601 -0.251737624 0.108113237 -0.186493576 0.943482816
2474.636795936 4.677956104 3.449831724 38.383808136 -0.249973759 0.109414145 -0.183073461 0.944471180
2474.761992736 4.685852051 3.482226372 38.433456421 -0.252689064 0.107650675 -0.180630058 0.944421709
2474.883662560 4.690709591 3.503455162 38.470928192 -0.250761330 0.107777633 -0.184329763 0.944206178
2475.011634112 4.701672554 3.514136076 38.513332367 -0.251300663 0.107174285 -0.186333090 0.943738103
2475.136486272 4.712464333 3.516446352 38.544872284 -0.251978904 0.106235467 -0.187475875 0.943437040
2475.260826208 4.715249062 3.522957563 38.555255890 -0.251972586 0.104585476 -0.187969819 0.943524778
2475.383571040 4.717282295 3.526453257 38.561653137 -0.252306670 0.104584366 -0.188014224 0.943426788
2475.512528480 4.716886520 3.526237726 38.556934357 -0.251078397 0.104426518 -0.187664822 0.943841457
2475.636934560 4.715065479 3.526108027 38.553733826 -0.251819938 0.104346067 -0.188085973 0.943568885
2475.761476032 4.716623783 3.526392460 38.553653717 -0.251655281 0.104326598 -0.188002497 0.943631649
