2058.310966688 0.000000000 0.000000000 0.000000000 0.000000000 0.000000000 0.000000000 1.000000000
2058.435653536 0.000000000 0.000000000 0.000000000 0.000000000 0.000000000 0.000000000 1.000000000
2058.560766656 0.003600652 -0.009995120 0.026433140 0.011577820 0.003725444 0.006532508 0.999904692
2058.685559648 0.015299497 -0.011464270 0.151697382 -0.002376674 0.023855232 0.005405005 0.999697983
2058.810998656 0.075474150 0.004805431 0.219749540 0.011620006 -0.004616147 -0.015229112 0.999805868
2058.936085440 0.080766723 0.003645556 0.454893231 -0.002001605 0.004522843 0.005827373 0.999970794
2059.060470336 0.075411446 -0.014123848 0.720342040 -0.005361952 -0.006509336 -0.001284974 0.999963582
2059.185627552 0.078958809 -0.024133604 1.005977869 0.003945489 -0.006641640 0.018313017 0.999802470
2059.310916448 0.056067675 -0.037510157 1.352620602 -0.007543503 0.000667965 0.010934399 0.999911547
2059.435830336 0.059336238 -0.055332258 1.661048532 0.015563268 -0.002631339 0.029911114 0.999427915
2059.560794688 0.076954976 -0.101113737 1.945414066 0.033412252 -0.005867377 0.049174082 0.998213947
2059.686080512 0.077869892 -0.132489532 2.269536018 0.031981960 0.000437275 0.075369515 0.996642530
2059.811388544 0.042367455 -0.175940588 2.591875792 0.023921175 -0.010095634 0.066785254 0.997429490
2059.936837376 0.027527845 -0.188638553 2.942451477 0.021397892 -0.016400486 0.069495112 0.997217953
2060.061788832 0.023022469 -0.217303514 3.309593201 0.014765633 -0.013404708 0.076686434 0.996855795
2060.187272608 0.026969559 -0.237891540 3.682983398 0.026375087 -0.006834698 0.099305823 0.994683862
2060.312160672 0.021930482 -0.261851668 4.074803352 0.008620861 -0.006564639 0.109204188 0.993960261
2060.437527904 0.008901466 -0.259704590 4.467091084 -0.023547962 -0.018097354 0.094746798 0.995058298
2060.563935008 0.011681975 -0.295903265 4.872264385 0.047170702 -0.009313812 0.096823633 0.994139493
2060.688406144 0.011940950 -0.360509783 5.263907909 0.095654868 -0.009422867 0.104030795 0.989918649
2060.813449088 0.107783936 -0.642069817 5.651882172 0.048988294 -0.038250200 0.118013650 0.991065025
2060.939157536 0.057859153 -0.706313014 6.069117069 0.036360539 -0.055354450 0.112456553 0.991447091
2061.063542720 0.017745752 -0.763670146 6.474157810 0.051112883 -0.050468385 0.121564001 0.989981115
2061.188639584 -0.027265292 -0.811778486 6.904626369 0.030171132 -0.052098561 0.125700593 0.990239799
2061.313635168 -0.093339309 -0.824606836 7.359661102 -0.023568073 -0.072728522 0.111986086 0.990764439
2061.438680352 -0.144768491 -0.838143408 7.793066025 -0.011371523 -0.054297891 0.104825184 0.992942154
2061.564625120 -0.192601547 -0.847386241 8.236155510 0.007382511 -0.048814576 0.112278149 0.992449641
2061.689163904 -0.252961010 -0.868854165 8.703582764 -0.001243395 -0.056257598 0.105071880 0.992871344
2061.813315904 -0.317718744 -0.892323256 9.180452347 0.000375833 -0.055796284 0.097688645 0.993651628
2061.938563776 -0.378100753 -0.905572891 9.666396141 -0.011492416 -0.060548317 0.098999582 0.993177176
2062.064153248 -0.456193089 -0.925717413 10.172156334 -0.002084178 -0.061528757 0.099530242 0.993128181
2062.189400512 -0.530430138 -0.946334600 10.673241615 -0.002098793 -0.065970615 0.096012823 0.993189275
2062.313683488 -0.609216809 -0.969297886 11.190761566 0.000910054 -0.064763717 0.097776338 0.993098497
2062.438839904 -0.683871686 -0.996770382 11.715117455 0.006849512 -0.066042356 0.096514717 0.993114471
2062.563447744 -0.765066087 -1.028246999 12.250381470 0.007639003 -0.065299220 0.097526796 0.993058980
2062.688660384 -0.845742583 -1.058334351 12.794281006 0.009181572 -0.061723877 0.100884885 0.992939115
2062.813740672 -0.921024859 -1.091746926 13.341432571 0.014370707 -0.059373178 0.106228560 0.992463529
2062.938792288 -0.977316380 -1.132062674 13.896017075 0.012312724 -0.058330961 0.108329125 0.992325902
2063.063925152 -1.043074965 -1.176326394 14.455657959 0.017632822 -0.058421303 0.110125229 0.992042601
2063.188660032 -1.109684110 -1.219887853 15.024493217 0.016716061 -0.058089294 0.111986741 0.991869509
2063.314365760 -1.183993816 -1.263971925 15.585915565 0.013715322 -0.066934824 0.115369901 0.990969896
2063.438997664 -1.276860476 -1.318965793 16.130615234 0.020652784 -0.073126569 0.113021702 0.990682602
2063.563402560 -1.369982004 -1.377078533 16.694915771 0.013337958 -0.070329301 0.113769129 0.990925074
2063.688576224 -1.430671096 -1.409901500 17.271623611 0.015676076 -0.073197156 0.112386115 0.990840971
2063.814290592 -1.523875356 -1.458768845 17.846942902 0.014716395 -0.074359842 0.112003893 0.990812361
2063.938246240 -1.613979936 -1.500340939 18.432458878 0.014987490 -0.075603046 0.111660689 0.990752995
2064.064034400 -1.705096483 -1.544362068 19.017681122 0.020292934 -0.073641837 0.113053270 0.990648270
2064.188761632 -1.786685824 -1.583887815 19.607515335 0.024494581 -0.072802372 0.113526449 0.990561247
2064.313404928 -1.875903726 -1.637066722 20.190565109 0.025985818 -0.074558690 0.111625418 0.990608633
2064.438665248 -1.970215201 -1.691121697 20.781087875 0.026367912 -0.076982118 0.109949276 0.990600646
2064.563762496 -2.057599068 -1.750043750 21.369007111 0.031644259 -0.080180481 0.106392495 0.990580857
2064.688446624 -2.184294462 -1.816263080 21.923515320 0.033446565 -0.078059077 0.102563418 0.991094768
2064.813669952 -2.319298029 -1.913657427 22.486255646 0.034999464 -0.073180556 0.096591644 0.992012918
2064.938451680 -2.448145151 -1.983142853 23.058509827 0.037616335 -0.069313399 0.091896005 0.992640793
2065.063663520 -2.552234411 -2.044428110 23.636896133 0.045713324 -0.069410063 0.089777455 0.992488086
2065.188601824 -2.687387943 -2.104838610 24.186107635 0.058602959 -0.057978306 0.089720935 0.992549419
2065.313746080 -2.765793800 -2.195377111 24.683853149 0.065217316 -0.044225637 0.084950425 0.993264437
2065.438195904 -2.747132301 -2.277946711 25.018650055 0.068637058 -0.026970517 0.058142077 0.995580733
2065.563575712 -2.753175974 -2.382427692 25.382577896 0.066328213 -0.011925400 0.035724390 0.997086823
2065.688602528 -2.791230679 -2.481858492 25.768337250 0.073272824 0.007015948 0.005230102 0.997273564
2065.813798144 -2.940205812 -2.753590822 26.258129120 0.041211799 0.027764311 -0.099263601 0.993819654
2065.939355072 -3.086305141 -2.847710371 26.770820618 0.057791814 0.044230465 -0.213810906 0.974160492
2066.063471520 -3.227005482 -2.906000137 27.297769547 0.075506881 0.060452700 -0.316245228 0.943733573
2066.189625664 -0.846168518 -3.328612089 25.281047821 0.050893836 0.025965642 -0.356029093 0.932726622
2066.313611424 1.501359463 -3.705562592 23.286064148 0.057514463 0.014472640 -0.364426970 0.929341495
2066.438394432 3.844957113 -4.100514889 21.340641022 0.067891471 0.005859866 -0.377728701 0.923405349
2066.563554752 6.173332214 -4.513762474 19.498517990 0.085945174 -0.002915586 -0.396267503 0.914099038
2066.688460128 8.333306313 -4.950690269 17.926530838 0.086808436 -0.012752482 -0.401213646 0.911772609
2066.813545504 10.352537155 -5.418108940 16.541452408 0.074748620 -0.021735348 -0.399403572 0.913464248
2066.938577600 12.264892578 -5.868097305 15.405190468 0.065643504 -0.036349036 -0.396280557 0.915058136
2067.064105120 14.009293556 -6.308843136 14.346319199 0.047771558 -0.038680676 -0.393787622 0.917143941
2067.188883584 15.630814552 -6.578972340 13.572627068 0.059081931 -0.051852711 -0.388205498 0.918214083
2067.313935872 17.086786270 -6.737596512 13.143596649 0.081661522 -0.068204485 -0.383705765 0.917305529
2067.438817952 18.376203537 -6.903711796 12.915345192 0.088639222 -0.086569153 -0.379498690 0.916858554
2067.563430304 19.234432220 -7.122295380 13.152399063 0.083023265 -0.101543754 -0.386172384 0.913053632
2067.688687648 19.895647049 -7.193522453 13.602574348 0.097385138 -0.121737376 -0.390978575 0.907100797
2067.813748576 20.235219955 -7.260732174 14.194015503 0.083682425 -0.144219160 -0.383283615 0.908455670
2067.938348640 20.489427567 -7.277811050 14.788960457 0.068962730 -0.165292531 -0.400692374 0.898536682
2068.063564800 20.651409149 -7.171727180 15.433386803 0.069781899 -0.192560881 -0.413717598 0.887067378
2068.188579776 20.777307510 -7.035180569 15.993430138 0.070819385 -0.210576907 -0.408381641 0.885362327
2068.314164352 20.842782974 -6.887689590 16.540960312 0.070342235 -0.219796523 -0.409047753 0.882848442
2068.438421792 20.869419098 -6.710444450 17.048574448 0.073981918 -0.229711205 -0.419876099 0.874907732
2068.563324000 20.840478897 -6.497474194 17.463903427 0.086897798 -0.236503556 -0.416631520 0.873460352
2068.688287936 20.578115463 -6.501769543 17.832553864 0.090141647 -0.232880443 -0.422090799 0.871481836
2068.813368224 20.349830627 -6.504699230 18.201526642 0.085655473 -0.221929744 -0.406249970 0.882253528
2068.938648512 20.134820938 -6.504744530 18.576255798 0.098188683 -0.219004646 -0.400878727 0.884133577
2069.064144704 19.914020538 -6.511212349 18.953594208 0.101777516 -0.206644624 -0.403857321 0.885346591
2069.188394304 19.699632645 -6.503332615 19.365041733 0.098960966 -0.200003192 -0.404406071 0.886939228
2069.313307968 19.494251251 -6.509742260 19.753162384 0.103216134 -0.202517599 -0.407633096 0.884402812
2069.438553728 19.285980225 -6.521989822 20.160202026 0.094260179 -0.194267109 -0.402870327 0.889421642
2069.563305312 19.090202332 -6.530165195 20.550579071 0.101554021 -0.193458855 -0.402683198 0.888879478
2069.688322784 18.872005463 -6.545930386 20.956729889 0.092404999 -0.196833670 -0.410983354 0.885330737
2069.813306112 18.663476944 -6.539920807 21.354906082 0.083888419 -0.206881016 -0.421143651 0.879091024
2069.938680416 18.449493408 -6.533411026 21.748903275 0.086182952 -0.205459133 -0.421372175 0.879092991
2070.063623456 18.237567902 -6.529582977 22.153396606 0.090124793 -0.201786220 -0.410547823 0.884652674
2070.188490208 18.018236160 -6.523150921 22.555906296 0.088639118 -0.195471063 -0.409096569 0.886890113
2070.313741536 17.810487747 -6.515580177 22.975336075 0.081034333 -0.193312570 -0.416663140 0.884565175
2070.438591872 17.601125717 -6.517678738 23.380840302 0.096384957 -0.187876061 -0.407811671 0.888314188
2070.563262336 17.398246765 -6.525638103 23.789070129 0.090305187 -0.193546742 -0.411500126 0.886031747
2070.688346464 17.201017380 -6.521991730 24.201749802 0.070814222 -0.189639270 -0.419934988 0.884690285
2070.814749312 16.999965668 -6.508350372 24.633771896 0.065044075 -0.189468250 -0.417941630 0.886112750
2070.938346432 16.799808502 -6.491963387 25.054077148 0.060017526 -0.182658881 -0.416207582 0.888709664
2071.063445728 16.639667511 -6.473175049 25.399993896 0.061957099 -0.177174404 -0.420087814 0.887860835
2071.188271360 16.497486115 -6.459664345 25.728931427 0.063482426 -0.173811615 -0.425408721 0.885881960
2071.313290176 16.400777817 -6.457101822 25.940973282 0.069042027 -0.174525648 -0.414751828 0.890367866
2071.439349696 16.325059891 -6.452828407 26.100732803 0.067682773 -0.176485136 -0.414497524 0.890204370
2071.563298880 16.268239975 -6.446560383 26.216732025 0.071343355 -0.176956207 -0.416839361 0.888730347
2071.688255392 16.226121902 -6.443287849 26.306650162 0.072253354 -0.179805607 -0.417723089 0.887669325
2071.813427328 16.193632126 -6.440604210 26.377880096 0.071734503 -0.181804940 -0.417238265 0.887532175
2071.938352960 16.168901443 -6.439669609 26.428813934 0.071105190 -0.184112549 -0.417391390 0.887034953
2072.063377120 16.148042679 -6.436750889 26.475666046 0.072383218 -0.184552580 -0.418740422 0.886203945
2072.188354080 16.126750946 -6.434539795 26.520725250 0.071865216 -0.184938073 -0.420405567 0.885376990
2072.314478720 16.108024597 -6.432449818 26.559997559 0.071661264 -0.187971100 -0.420297265 0.884806037
2072.438742784 16.090446472 -6.432790279 26.597547531 0.071208976 -0.188059703 -0.419038951 0.885420322
2072.563343552 16.074314117 -6.430006981 26.629106522 0.070832305 -0.188493788 -0.420907438 0.884471476
2072.688589824 16.060066223 -6.428485394 26.658819199 0.071277797 -0.188589871 -0.421917498 0.883933783
2072.813658336 16.048360825 -6.428206444 26.683897018 0.068833701 -0.190105334 -0.420848072 0.884312570
2072.938578624 16.038829803 -6.428892612 26.706541061 0.067510299 -0.189843625 -0.419350624 0.885181785
2073.063309216 16.028749466 -6.426412106 26.725028992 0.069409385 -0.189335242 -0.420899630 0.884408295
2073.188777248 16.018211365 -6.424799442 26.746601105 0.070053890 -0.189622506 -0.421805918 0.883863926
2073.313726016 16.009120941 -6.423568249 26.765174866 0.070458531 -0.188797116 -0.422158718 0.883840084
2073.438895040 16.001121521 -6.423052311 26.780672073 0.070599928 -0.188763544 -0.422036856 0.883894145
2073.563408960 15.995278358 -6.422723293 26.792335510 0.070745952 -0.188903466 -0.421948224 0.883894861
2073.689586464 15.991315842 -6.422338963 26.800481796 0.070808589 -0.188930035 -0.422141343 0.883791983
2073.814525056 15.988426208 -6.422128677 26.806758881 0.070894368 -0.189135328 -0.421968609 0.883823633
2073.938545024 15.985503197 -6.421819210 26.813529968 0.070581250 -0.189144790 -0.421920210 0.883869827
2074.063437280 15.982126236 -6.421569347 26.820737839 0.071144216 -0.189562872 -0.421702772 0.883838892
