2988.765466784 0.000000000 0.000000000 0.000000000 0.000000000 0.000000000 0.000000000 1.000000000
2988.827223200 0.000000000 0.000000000 0.000000000 0.000000000 0.000000000 0.000000000 1.000000000
2988.887536960 -0.000014781 -0.000313757 0.005575751 0.001830764 0.000860006 -0.000213109 0.999997914
2988.951886272 -0.006384137 -0.003821372 0.021497600 0.003041132 0.006082430 0.001303512 0.999976039
2989.015620736 -0.003016380 -0.001970734 0.061693639 0.001331528 0.012387400 0.000453639 0.999922276
2989.076956480 0.003703627 -0.005103822 0.109571420 0.002831773 0.008626447 0.002127420 0.999956489
2989.137083072 0.018905547 -0.013417779 0.168622822 0.005932372 -0.000861730 0.007048848 0.999957204
2989.201884096 0.022495173 -0.011320232 0.260124683 0.013827284 -0.006184765 0.011571043 0.999818325
2989.266520768 0.026490370 -0.010526340 0.361939579 0.011871330 -0.009269274 0.014245867 0.999785125
2989.327176320 0.028165806 -0.021684078 0.464945436 0.017385557 -0.009282863 0.010172828 0.999754012
2989.387843136 0.027761456 -0.022947367 0.591169715 0.021087267 -0.006184444 0.007705349 0.999728799
2989.451491872 0.021435253 -0.034211293 0.737025559 0.014753079 -0.002879254 0.003491896 0.999880910
2989.515441504 0.033609379 -0.037899822 0.877137423 0.012400080 -0.003757786 0.004677643 0.999905109
2989.576296352 0.037162013 -0.041107371 1.028874993 0.007956214 -0.005883362 0.003633716 0.999944448
2989.637106976 0.036162365 -0.050030701 1.178020954 0.005440569 -0.007897876 0.000243779 0.999953985
2989.702130336 0.040324658 -0.059701756 1.332412481 0.007696385 -0.007296623 0.001044169 0.999943197
2989.765566240 0.046206720 -0.067681186 1.496681452 0.001754102 -0.003932942 0.004069243 0.999982476
2989.826632032 0.056610689 -0.075480066 1.648674726 0.010169722 -0.003885019 0.000814393 0.999940395
2989.887363648 0.073384404 -0.092742257 1.800489187 0.005454969 -0.003671992 0.008243916 0.999944389
2989.951963648 0.073819138 -0.102825426 1.975822210 0.006517999 -0.002640886 0.005642010 0.999959350
2990.015355296 0.086400121 -0.105159298 2.120752335 -0.006050166 -0.000768806 0.004189273 0.999972641
2990.077735936 0.087046273 -0.114859179 2.294610739 -0.000829351 -0.002812340 -0.001577960 0.999994457
2990.137538720 0.088463351 -0.122145958 2.461035967 -0.004189214 -0.011517439 -0.006626437 0.999902964
2990.201710208 0.083699606 -0.120496526 2.657316923 -0.002607103 -0.017594092 -0.004175423 0.999833107
2990.265364448 0.075072728 -0.126856402 2.857439041 -0.008269118 -0.016675841 -0.009698329 0.999779701
2990.327017696 0.069377400 -0.129335448 3.052602291 -0.010594487 -0.012140743 -0.012755697 0.999788821
2990.387273408 0.069089688 -0.138427809 3.242247581 -0.005412244 -0.006184943 -0.006537353 0.999944866
2990.451713536 0.065799221 -0.142026410 3.437105656 -0.002414419 -0.000301884 -0.001305546 0.999996185
2990.522946624 0.057339258 -0.146711603 3.678569794 -0.013091692 0.003115868 0.000457608 0.999909341
2990.583074912 0.062504336 -0.153381035 3.870826483 -0.006760008 0.004463686 0.004568842 0.999956787
2990.645507392 0.071048081 -0.163354278 4.051778316 -0.013982278 0.006603391 -0.000608070 0.999880254
2990.709131456 0.078178108 -0.162846982 4.271638393 -0.009937298 0.007765022 0.006669552 0.999898255
2990.772708096 0.099650122 -0.168140903 4.476557255 -0.010792729 0.004239717 0.003066967 0.999928057
2990.834238976 0.100619204 -0.170499533 4.684937477 -0.007337320 0.000191731 -0.005372187 0.999958634
2990.894148064 0.106509492 -0.168833405 4.883625507 -0.015051006 -0.005670522 -0.001719797 0.999869168
2990.960410080 0.082849428 -0.151230514 5.105992317 -0.017439639 -0.001414343 -0.007602036 0.999818027
2991.022434080 0.066556469 -0.160373390 5.328814507 -0.002325213 0.003639536 -0.009265714 0.999947727
2991.084069856 0.056199521 -0.151869446 5.544737339 -0.018047780 0.005604166 -0.003781551 0.999814272
2991.144597728 0.079296350 -0.170751393 5.789343834 -0.001456396 0.008768911 -0.006250703 0.999940932
2991.208930048 0.107935898 -0.162972063 5.896767139 -0.019972369 0.014565544 0.004320689 0.999685109
2991.272819232 0.108283959 -0.144814178 6.111709595 -0.008142277 0.023730977 -0.008152037 0.999651968
2991.334568928 0.127961457 -0.154364169 6.335989475 -0.006369180 0.033308104 0.003097665 0.999420047
2991.394181280 0.144735038 -0.151664406 6.564417362 -0.009629326 0.041564200 0.001057023 0.999088883
2991.459661952 0.170558184 -0.159698576 6.819690704 -0.000511526 0.052126646 0.020376738 0.998432457
2991.522532864 0.188861609 -0.160423428 7.050694942 -0.006585802 0.055561360 0.006588655 0.998411834
2991.584218336 0.216259912 -0.165477291 7.280505180 -0.003363741 0.052831028 0.016176969 0.998466790
2991.644928320 0.240384847 -0.177883402 7.499651432 -0.001325133 0.045590818 0.014876458 0.998848557
2991.709970816 0.261653006 -0.177544564 7.736920834 0.001775580 0.042796068 0.015158870 0.998967230
2991.774173088 0.298520833 -0.186080530 7.965071678 0.005117657 0.047811005 0.029899713 0.998395622
2991.840903968 0.323816150 -0.195984662 8.220851898 0.000679321 0.054128926 0.024037307 0.998244345
2991.894257824 0.335932583 -0.201114118 8.417251587 0.007438268 0.047265451 0.019682545 0.998660743
2991.960131040 0.383759886 -0.226346478 8.584445000 -0.007174842 0.031410500 0.024949307 0.999169350
2992.025651456 0.401326388 -0.227816686 8.824832916 -0.009790136 0.026992338 0.028687222 0.999175966
2992.085492000 0.411969334 -0.227151483 9.042562485 -0.015898509 0.033851426 0.013435519 0.999210119
2992.144942080 0.440819472 -0.222831458 9.247972488 -0.028842362 0.039703228 0.027546557 0.998415232
2992.210361088 0.455413312 -0.206886202 9.525635719 -0.033802964 0.036978707 0.030724309 0.998271465
2992.272646880 0.453537613 -0.179785386 9.782363892 -0.031174673 0.034759421 0.025730520 0.998577952
2992.335518752 0.476184249 -0.175098702 10.008561134 -0.018516514 0.029370937 0.035664875 0.998760462
2992.394711808 0.496205449 -0.183236852 10.228446960 -0.010113223 0.033672277 0.032936182 0.998838902
2992.460475584 0.517372787 -0.180775717 10.473468781 -0.010661815 0.034420002 0.030456578 0.998886406
2992.524310208 0.540672719 -0.210225463 10.655608177 -0.030899016 0.021475935 0.010954053 0.999231696
2992.585346880 0.560621917 -0.209708318 10.887694359 -0.038517509 0.007698067 0.035083272 0.998612165
2992.645208928 0.552744508 -0.181545794 11.139003754 -0.026665922 0.001782138 0.013534651 0.999551177
2992.709646656 0.520356059 -0.175649703 11.381786346 -0.012068355 0.007763456 -0.005150484 0.999883771
2992.773140992 0.515371740 -0.186009273 11.607670784 0.005660910 0.013404028 -0.001064585 0.999893606
2992.836080864 0.513728380 -0.209333032 11.851926804 0.001417173 0.019069692 -0.012767956 0.999735594
2992.895602464 0.518682539 -0.202078402 12.088925362 -0.017174479 0.018804800 -0.016835185 0.999533892
2992.959873696 0.530088663 -0.194436431 12.325821877 -0.007117186 0.017888945 -0.009158651 0.999772727
2993.023311296 0.503672302 -0.219202846 12.601462364 -0.027066287 0.027140811 -0.029272519 0.998836279
2993.085206944 0.515108585 -0.218237683 12.841895103 -0.021417258 0.025637684 -0.026990993 0.999077320
2993.145528480 0.513911426 -0.207329512 13.109899521 -0.033809006 0.021788632 -0.032261256 0.998669803
2993.210888608 0.513220370 -0.175935239 13.361523628 -0.035739526 0.020913256 -0.031665083 0.998640358
2993.273006912 0.494177759 -0.154755712 13.652683258 -0.044900142 0.032255448 -0.033181369 0.997919142
2993.334927680 0.515481114 -0.148532853 13.901139259 -0.033850890 0.044291154 -0.030811736 0.997969449
2993.397007552 0.536559880 -0.149597496 14.138766289 -0.010474885 0.044484951 -0.023697503 0.998674035
2993.459911264 0.567265749 -0.129316002 14.377832413 0.027935686 0.039931957 -0.017609900 0.998656571
2993.523125568 0.581422210 -0.295211077 14.601008415 0.009195868 0.040785324 -0.012940592 0.999041796
2993.585207520 0.557672501 -0.324269056 14.910525322 -0.040988412 0.052754905 -0.025695011 0.997435033
2993.656593152 0.576085031 -0.317027450 15.201296806 -0.040406290 0.059019152 -0.050505485 0.996159256
2993.718893120 0.583123863 -0.322609395 15.442060471 -0.039122235 0.065501377 -0.039228756 0.996313274
2993.782311072 0.631664634 -0.233099163 15.698972702 0.001130485 0.059577905 -0.026436502 0.997872889
2993.844626976 0.671067715 -0.235564530 15.928374290 0.029787643 0.054401189 -0.008520852 0.998038411
2993.906229344 0.630551755 -0.226710454 16.051651001 -0.007671188 0.051009022 0.008912482 0.998628974
2993.968756960 0.611509025 -0.164380670 16.210683823 -0.035746589 0.045997437 0.023639850 0.998021841
2994.031852384 0.577929914 -0.019183338 16.343389511 -0.018102175 0.045889352 0.061606977 0.996880651
2994.094431072 0.597810626 -0.005323842 16.598154068 -0.023764741 0.041020237 0.063597128 0.996849060
2994.156193120 0.611398876 -0.006410954 16.852794647 -0.019134788 0.040116459 0.054967482 0.997498453
2994.219121536 0.625508666 -0.007497306 17.109449387 -0.012314782 0.038162675 0.050408930 0.997923315
2994.282784672 0.637266695 -0.009934486 17.372657776 -0.003365782 0.037112337 0.046438087 0.998225868
2994.344921344 0.654435754 -0.016619958 17.629405975 -0.005754675 0.036740538 0.043367796 0.998366833
2994.406475424 0.670410275 -0.020462412 17.892032623 -0.003698708 0.036127407 0.040187787 0.998531938
2994.469289952 0.682730556 -0.027221784 18.155586243 -0.001222440 0.031968877 0.037706643 0.998776555
2994.531393312 0.694248319 -0.029543087 18.421989441 -0.002748311 0.029745670 0.034737177 0.998949945
2994.594216576 0.707781315 -0.032875113 18.692655563 -0.010165591 0.030549411 0.033780288 0.998910546
2994.656370464 0.721384823 -0.030454407 18.968275070 -0.014006941 0.032788128 0.034803711 0.998757958
2994.723948352 0.736956477 -0.036222052 19.259523392 -0.016462786 0.033934928 0.034392655 0.998696446
2994.781528224 0.754360259 -0.031048760 19.517116547 -0.014623064 0.033002842 0.040240537 0.998537779
2994.844011168 0.775532246 -0.033907998 19.794776917 -0.010964401 0.035652600 0.038355451 0.998567760
2994.906482336 0.788610041 -0.034200791 20.063217163 -0.012076997 0.034791205 0.036070459 0.998670459
2994.970574784 0.806632400 0.002029065 20.346426010 -0.000156178 0.038612995 0.029501021 0.998818636
2995.030970048 0.838518083 -0.006188175 20.620389938 -0.000850659 0.044343635 0.028194258 0.998618007
2995.103849632 0.865535378 -0.017463965 20.938531876 0.004675403 0.051461585 0.031524975 0.998166323
2995.166165376 0.889880180 -0.091281176 20.308244705 -0.012061295 0.044318628 0.004394708 0.998934984
2995.229180544 1.005223274 -0.286836684 21.297304153 -0.014772044 0.041824955 0.011294856 0.998951912
2995.291255520 1.027117372 -0.407237470 22.265502930 -0.015207129 0.045856062 0.007828841 0.998801589
2995.354199264 1.100440025 -0.407669246 22.999259949 -0.012166295 0.047468722 -0.000343758 0.998798549
2995.416580256 0.563460946 -0.434197545 21.936719894 -0.020044366 0.060659226 0.028908677 0.997538447
2995.479258048 0.522236645 -0.509569705 22.142393112 -0.020208433 0.061941054 0.031826489 0.997367561
2995.541272448 0.490250021 -0.603909194 22.320098877 -0.023494037 0.060107838 0.037303600 0.997217894
2995.605476352 0.468634009 -0.408410639 22.175861359 -0.010757462 0.051383931 0.058939531 0.996880174
2995.665667232 0.349178404 -0.330951124 21.948804855 -0.005405601 0.054270227 0.060534131 0.996675014
2995.729944736 0.347017318 -0.434820682 22.389728546 -0.009529812 0.056743633 0.057087656 0.996709764
2995.791276800 0.366160393 -0.557554901 22.741437912 -0.020460840 0.055829953 0.059227973 0.996472001
2995.853657376 0.376683503 -0.590940714 23.004169464 -0.021095011 0.055467766 0.063388251 0.996222973
2995.916642560 0.333864421 -0.686520338 22.680551529 -0.032264695 0.067286797 0.047562413 0.996076941
2995.978820800 0.345869809 -0.709318280 22.954010010 -0.040424131 0.078674443 0.052746408 0.994682848
2996.041581728 0.375316948 -0.724544287 23.238836288 -0.048485689 0.088812515 0.060226403 0.993042946
2996.104103904 2.069575071 -1.832879424 21.971500397 -0.136184216 -0.050915103 0.029360902 0.988938570
2996.166447584 0.943556309 -0.557089806 21.872251511 -0.061062478 0.007333041 0.030028557 0.997655213
2996.228508608 0.925586939 -0.581497788 22.280122757 -0.066865049 0.007024177 0.026907191 0.997374415
2996.293548768 0.908140361 -0.585111797 22.722124100 -0.070513941 0.005543939 0.027345732 0.997120440
2996.362451744 0.911287725 -0.545263231 23.129867554 -0.069259129 -0.000279471 0.034085747 0.997016132
2996.425435872 0.878095806 -0.564200580 23.405759811 -0.070029274 -0.000332891 0.030924980 0.997065425
2996.487161312 0.812618673 -0.578832746 23.679082870 -0.073284902 0.001270301 0.023502458 0.997033298
2996.554909408 0.736045361 -0.556534529 24.022697449 -0.072481103 0.006868350 0.012255382 0.997270823
2996.612700128 0.693788528 -0.539521039 24.279178619 -0.072880365 0.010853129 -0.002157848 0.997279286
2996.674956736 0.567858934 -0.185505331 24.411296844 -0.053802665 0.018059362 0.004094775 0.998379886
2996.738643552 0.483539701 -0.031950146 24.692552567 -0.047762156 0.021687850 0.000431082 0.998623192
2996.801750688 0.402193725 0.123753786 25.003372192 -0.039993152 0.025967153 -0.004825039 0.998850822
2996.866374368 0.344518781 0.241008371 25.296407700 -0.037723877 0.028480098 -0.012859981 0.998799503
2996.927410176 0.247216955 0.338585347 25.233869553 -0.040061597 0.031293716 -0.011790281 0.998637438
2996.990422656 0.295467913 0.358218431 25.668348312 -0.040228616 0.030442538 -0.008675392 0.998688996
2997.053855840 0.350685298 0.360797435 26.087856293 -0.043458749 0.027227793 -0.000891980 0.998683691
2997.114696576 0.396088064 0.384369016 26.488109589 -0.043661881 0.024841087 0.005150083 0.998724222
2997.179975648 0.414066732 0.560614944 26.773895264 -0.032733653 0.022494229 0.004581150 0.999200463
2997.240290016 0.357846767 0.545447230 27.167081833 -0.029561644 0.031969123 -0.001225224 0.999050796
2997.302775968 0.302485794 0.511233389 27.547407150 -0.027874995 0.040571425 -0.001727657 0.998786271
2997.366678944 0.250162601 0.484121948 27.935626984 -0.027264116 0.049844366 -0.005051738 0.998372018
2997.427166816 0.223816618 0.502682030 28.190818787 -0.025241435 0.054776415 -0.001112463 0.998178899
2997.489312704 0.232212678 0.488556504 28.458738327 -0.026295083 0.058123048 0.003077487 0.997958362
2997.552326976 0.260087401 0.481094748 28.722772598 -0.031541739 0.058941703 0.005641385 0.997747064
2997.614594464 0.286734670 0.490196168 28.982465744 -0.020559134 0.062376067 0.002409437 0.997838020
2997.677309280 0.315350473 0.573185682 29.212800980 -0.018954102 0.065835238 0.004066429 0.997642219
2997.740104416 0.339509934 0.567714036 29.495374680 -0.019200590 0.067349538 0.003672933 0.997537911
2997.803048032 0.374468267 0.568546832 29.766723633 -0.017714491 0.066625200 0.005381392 0.997606277
2997.866834912 0.410563946 0.588705897 30.041547775 -0.006721339 0.065675139 0.004678107 0.997807443
2997.929955392 0.443412066 0.620985687 30.265710831 -0.004513891 0.066405326 0.005391851 0.997767925
2997.989794112 0.476749957 0.594155908 30.550786972 -0.003490476 0.066705003 0.010321476 0.997713268
2998.052112608 0.506647825 0.580713391 30.825210571 -0.002396904 0.067584746 0.007286617 0.997684062
2998.117321312 0.536917448 0.579357266 31.092422485 0.003275397 0.066339113 0.001304587 0.997790933
2998.175880384 0.576186955 0.554749131 31.254556656 0.009140244 0.061168928 0.013980292 0.997987688
2998.245549760 0.609561324 0.553623796 31.501272202 -0.012973087 0.059238944 0.003717354 0.998152614
2998.307540576 0.416251987 0.190418333 31.842895508 -0.076427788 0.108089738 0.101326905 0.986006200
2998.370637056 0.405208886 -0.150393426 32.228576660 -0.141322687 0.152808949 0.211602271 0.954935491
2998.430467104 0.419556916 -0.587074697 32.406528473 -0.200042233 0.189262599 0.314882696 0.908301532
2998.495122112 0.463742971 -0.453641206 32.449054718 -0.197065145 0.187912107 0.315885454 0.908884346
2998.557414688 0.535914600 -0.347301930 32.530662537 -0.199620992 0.181740940 0.314570725 0.910036802
2998.620026848 0.601779699 -0.248534977 32.669055939 -0.194013610 0.179870248 0.317862689 0.910477221
2998.679593216 0.659909427 -0.153328836 32.833370209 -0.185367569 0.183739364 0.319614500 0.910892546
2998.743583776 0.728779018 -0.064293846 33.000564575 -0.172579437 0.192312270 0.309320092 0.915179431
2998.807281088 0.782565415 0.057245605 33.217945099 -0.189039871 0.184556991 0.316852212 0.910937607
2998.867924704 0.833701909 0.174230039 33.438278198 -0.219203204 0.173882991 0.315820605 0.906626701
2998.929240448 0.873655498 0.295623899 33.645683289 -0.248506591 0.165048331 0.302604914 0.905225813
2998.993386880 0.936146021 0.446580976 33.850002289 -0.246960044 0.188203111 0.323611170 0.893793106
2999.057787840 0.995071054 0.581766903 34.050300598 -0.249551982 0.207162842 0.306910366 0.894770026
2999.118437792 1.061505795 0.712675512 34.214473724 -0.249717698 0.220718876 0.318301529 0.887472987
2999.179024000 1.133436203 0.822309792 34.374576569 -0.256134272 0.223266155 0.320618033 0.884167135
2999.243166272 1.194227576 0.983293295 34.578308105 -0.273259312 0.223832250 0.312078416 0.881949842
2999.307412064 1.263600469 1.149069548 34.776115417 -0.287913918 0.227829158 0.314267278 0.875463068
2999.367677664 1.282308936 1.306834459 34.937969208 -0.285141021 0.237733424 0.307601988 0.876104116
2999.431879680 1.271178246 1.508493066 35.093994141 -0.255111516 0.266222447 0.304082036 0.878395021
2999.494854624 1.462448239 1.544069767 35.248596191 -0.213991404 0.309272319 0.266349792 0.887477338
2999.557579072 1.876368880 1.444835186 35.333755493 -0.219022274 0.329721034 0.279840857 0.874644160
2999.620027296 1.762391448 1.794142008 35.500885010 -0.244455591 0.337793887 0.277136505 0.865639687
2999.681160544 1.677050948 2.143250227 35.605587006 -0.263348877 0.343481988 0.281946719 0.856255531
2999.744396352 1.968876123 2.130619049 35.824684143 -0.271194845 0.361548215 0.295835763 0.841556549
2999.807337472 2.138719320 2.202548981 36.034549713 -0.275348127 0.383815676 0.274553925 0.837549448
2999.868840800 2.359242201 2.253121138 36.189971924 -0.288582385 0.396511137 0.281047881 0.824931026
2999.931479840 2.362135887 2.486700535 36.250789642 -0.288333893 0.402523845 0.274796456 0.824211717
2999.995432224 2.376036406 2.725215435 36.287597656 -0.285121500 0.404415607 0.272788912 0.825069666
3000.059038176 2.547123194 2.762704134 36.444801331 -0.293418884 0.404924035 0.273056805 0.821816206
3000.120722656 2.667970657 2.911981583 36.553844452 -0.280586958 0.416394025 0.271204770 0.821179032
3000.181849408 2.797717094 3.073079109 36.671627045 -0.288080335 0.418278784 0.265589684 0.819460034
3000.244697952 2.926396608 3.229483843 36.788726807 -0.289283246 0.421376288 0.259832203 0.819295108
3000.307628544 3.050288677 3.387178421 36.899669647 -0.288555264 0.423145950 0.264252514 0.817223370
3000.369533600 3.175821304 3.549062252 37.018409729 -0.305383116 0.420312971 0.267075658 0.811633408
3000.431769504 3.295972586 3.714384079 37.122608185 -0.302321523 0.429695785 0.272002429 0.806212127
3000.494394720 3.418360233 3.881727219 37.231517792 -0.312449336 0.427554041 0.277178645 0.801713705
3000.557992224 3.528918505 4.044012547 37.333408356 -0.298743516 0.437733352 0.276938111 0.801527977
3000.620493216 3.661797523 4.203822136 37.444774628 -0.308959633 0.431173861 0.271486342 0.803074241
3000.681988192 3.789208412 4.357316971 37.537452698 -0.287818670 0.435799420 0.287029028 0.803027809
3000.744714752 3.911118746 4.513440132 37.649795532 -0.299489349 0.430428743 0.271642953 0.806998968
3000.807827392 4.041022301 4.674001217 37.745605469 -0.288200438 0.436744452 0.287218243 0.802309453
3000.869492128 4.168478489 4.817502499 37.843086243 -0.279739141 0.441468060 0.284477890 0.803694129
3000.932236352 4.282763958 4.990423679 37.953594208 -0.303634048 0.433250666 0.270465672 0.804331124
3000.995024352 4.414214134 5.144478798 38.050220490 -0.289920509 0.430780321 0.287600756 0.804773390
3001.058134208 4.539945602 5.291263580 38.153903961 -0.279552758 0.426891148 0.282227784 0.812380254
3001.119848512 4.652167320 5.450646400 38.257198334 -0.293111116 0.424060941 0.278559893 0.810347199
3001.181782656 4.776030064 5.583100319 38.359111786 -0.284147263 0.432226032 0.273825407 0.810839474
3001.244910816 4.889830589 5.740371704 38.466693878 -0.293837935 0.426941365 0.271579772 0.810940683
3001.307967744 4.982090950 5.867990017 38.547904968 -0.313901782 0.420171559 0.266611099 0.808603764
3001.369943264 5.094328880 5.991237640 38.643505096 -0.285256922 0.435798973 0.260122180 0.813046217
3001.431938336 5.219437122 6.162334919 38.750114441 -0.305124253 0.432961315 0.267068505 0.805057824
3001.494970752 5.331375122 6.317983627 38.841773987 -0.301244318 0.434584796 0.270562798 0.804477274
3001.558131136 5.439025879 6.431400299 38.920368195 -0.299188763 0.434667677 0.272654504 0.804493427
3001.625479264 5.541397572 6.564128399 39.008510590 -0.298608691 0.428103358 0.260944515 0.812076509
3001.681913632 5.635722160 6.667847157 39.084167480 -0.299904585 0.426992744 0.265099138 0.810837150
3001.746519136 5.756331444 6.813081741 39.179317474 -0.298779696 0.427799046 0.273864657 0.807908893
3001.808121888 5.844799042 6.904853821 39.239574432 -0.298527449 0.430382043 0.250971943 0.814042866
3001.870321472 5.912678719 6.914390564 39.207149506 -0.297926873 0.433311969 0.247128665 0.813884377
3001.931888928 6.008058071 7.041033268 39.254211426 -0.300670534 0.427470207 0.257569700 0.812726438
3001.995017280 6.123647690 7.174154758 39.338447571 -0.311515808 0.422707200 0.272337079 0.806293368
3002.059167136 6.229537487 7.273274899 39.378036499 -0.309930235 0.422182828 0.253312230 0.813349783
3002.120394848 6.337477684 7.396704674 39.431438446 -0.312415987 0.424629062 0.257474899 0.809810579
3002.181639648 6.382755280 7.494940758 39.482738495 -0.301410079 0.431596547 0.268192768 0.806814134
3002.244973120 6.498317719 7.643864155 39.582206726 -0.307540745 0.430521905 0.258452594 0.808252335
3002.308025024 6.620026588 7.793450356 39.668346405 -0.306463987 0.437557191 0.274891526 0.799411178
3002.371950816 6.725828648 7.918256760 39.753471375 -0.292278469 0.449845016 0.262875915 0.801940799
3002.432585024 6.835242271 8.074086189 39.835643768 -0.308353245 0.448153079 0.276489854 0.792231321
3002.494744800 6.951581955 8.219137192 39.917816162 -0.292478323 0.453020960 0.280853480 0.793945670
3002.560558752 7.068026543 8.361431122 40.020107269 -0.310714483 0.439618289 0.271271318 0.797874808
3002.621039776 7.179763794 8.489809036 40.100471497 -0.278191775 0.449125320 0.274735689 0.803377926
3002.687324192 7.288424969 8.640130043 40.198322296 -0.294856131 0.444352418 0.266439378 0.802882850
3002.746209632 7.398718834 8.764573097 40.287204742 -0.287518561 0.445538014 0.263674736 0.805794358
3002.808117280 7.517236710 8.898898125 40.380210876 -0.291237682 0.438809574 0.260541677 0.809163034
3002.870927712 7.530289173 8.875334740 40.352500916 -0.287041783 0.438307583 0.308258861 0.794021368
3002.934842496 7.596301556 8.991313934 40.448238373 -0.335251451 0.425038069 0.251736581 0.802233040
3002.995133760 7.667567253 9.092668533 40.521282196 -0.326523483 0.420220166 0.239608333 0.812025428
3003.058479008 7.748925686 9.167121887 40.543155670 -0.310015321 0.410780996 0.309209168 0.799711943
3003.120568512 7.803105354 9.240250587 40.588771820 -0.303198814 0.389099240 0.306881309 0.813938677
3003.182651136 7.834334850 9.298684120 40.617717743 -0.293034494 0.369830608 0.281750262 0.835447729
3003.245791968 7.881763458 9.341165543 40.635120392 -0.282586962 0.374446303 0.296206564 0.831983328
3003.308333792 7.917849064 9.377175331 40.658580780 -0.290434062 0.379354715 0.296620190 0.826894522
3003.370259072 7.928451061 9.404068947 40.684440613 -0.298637331 0.381471515 0.271585494 0.831586778
3003.432058048 7.944384098 9.433085442 40.702716827 -0.297928423 0.388260424 0.271760404 0.828636706
3003.495463712 7.965166569 9.447492599 40.706424713 -0.296997309 0.390950441 0.279754758 0.825037956
3003.558652896 7.979148865 9.463803291 40.712051392 -0.294677109 0.394654691 0.282614589 0.823129416
3003.621745760 7.980909824 9.471478462 40.721820831 -0.295508295 0.399000853 0.271727294 0.824401259
3003.682105568 7.982557774 9.477817535 40.729549408 -0.295478672 0.400508344 0.265367866 0.825751364
3003.746941024 7.987849236 9.481882095 40.730457306 -0.292584479 0.399958372 0.265510857 0.827001572
3003.810202432 7.991289616 9.485811234 40.732898712 -0.291572660 0.400525540 0.265851974 0.826974869
3003.870240224 7.990871429 9.485826492 40.734718323 -0.292340845 0.400023341 0.264785677 0.827288747
3003.932125536 7.989222527 9.484129906 40.733127594 -0.292090058 0.400167704 0.265327901 0.827133834
3003.995192864 7.987224579 9.481451988 40.731178284 -0.292574555 0.400152266 0.265675694 0.826858342
3004.058884512 7.985042095 9.479504585 40.729999542 -0.293885499 0.400900543 0.266163528 0.825873554
3004.120893120 7.984295368 9.477724075 40.728008270 -0.293911308 0.400896341 0.267369092 0.825476885
3004.184384128 7.983239651 9.476275444 40.727058411 -0.294183940 0.401340395 0.267406642 0.825151742
