3617.910087776 0.000000000 0.000000000 0.000000000 0.000000000 0.000000000 0.000000000 1.000000000
3617.945423424 0.000000000 0.000000000 0.000000000 0.000000000 0.000000000 0.000000000 1.000000000
3617.979726976 0.032319006 -0.211412549 -0.010684923 -0.007588752 -0.001086901 -0.000163709 0.999970615
3618.011522048 0.061864965 -0.412707001 -0.039403547 -0.013997819 -0.001776885 -0.002053422 0.999898314
3618.045269984 0.088497251 -0.625832558 -0.062027141 -0.020689974 -0.001861298 -0.004809510 0.999772668
3618.076764448 0.088497251 -0.625832558 -0.062027141 -0.020689974 -0.001861298 -0.004809510 0.999772668
3618.108589216 0.035591740 -0.555354357 -0.085586071 -0.018628471 -0.000577066 -0.005008558 0.999813795
3618.142167968 -0.012207355 -0.457986414 -0.065451376 -0.015611318 0.000294913 -0.003783810 0.999870956
3618.173922848 -0.061898559 -0.370646745 -0.055029586 -0.013751276 0.001136926 -0.003793759 0.999897599
3618.215169088 -0.061898559 -0.370646745 -0.055029586 -0.013751276 0.001136926 -0.003793759 0.999897599
3618.246751392 -1.799527407 -0.618903697 -0.953471422 -0.021181330 0.051428512 -0.002696697 0.998448372
3618.278407136 -3.570404053 -0.856293082 -1.625529528 -0.027679566 0.100224540 -0.002304917 0.994577050
3618.310005440 -5.363750935 -1.095534682 -2.104714394 -0.033503499 0.148275033 -0.001639332 0.988377094
3618.341993376 -5.363750935 -1.095534682 -2.104714394 -0.033503499 0.148275033 -0.001639332 0.988377094
3618.376686880 -4.758547783 -1.006864786 -3.757229805 0.021400616 0.158640012 -0.082206219 0.983675539
3618.408459808 -4.104712486 -0.923056841 -5.304686069 0.070168868 0.165034339 -0.158112615 0.970999718
3618.441645024 -3.424767971 -0.834740758 -6.934000015 0.119311675 0.170404643 -0.237185270 0.948931038
3618.473005952 -3.424767971 -0.834740758 -6.934000015 0.119311675 0.170404643 -0.237185270 0.948931038
3618.514192224 -3.853110552 0.974069118 -13.503485680 0.106010646 0.129211769 -0.260392845 0.950926721
3618.546096928 -3.869135380 2.226392746 -18.707616806 0.097799197 0.097975694 -0.279945493 0.949982405
3618.577757376 -3.510684729 3.146302223 -23.627861023 0.087835565 0.062227402 -0.289937526 0.950972557
3618.609821664 -3.510684729 3.146302223 -23.627861023 0.087835565 0.062227402 -0.289937526 0.950972557
3618.641969344 -2.949384451 2.875464201 -24.428287506 0.087513939 0.061358206 -0.294062555 0.949791372
3618.673369952 -2.398676872 2.605711222 -25.213779449 0.087475039 0.059475038 -0.297497153 0.948844731
3618.706644384 -1.720092773 2.230499268 -26.298503876 0.078719012 0.043781217 -0.288218468 0.953318775
3618.740079136 -1.720092773 2.230499268 -26.298503876 0.078719012 0.043781217 -0.288218468 0.953318775
3618.771600960 1.242318630 4.909663200 -33.460384369 0.114396758 0.018016882 -0.576745987 0.808673561
3618.802830208 5.543390751 5.617409706 -40.592464447 0.140325218 -0.011598085 -0.801534355 0.581134260
3618.834170208 8.421362877 4.871335030 -47.832199097 -0.139844090 0.020222783 0.942746043 -0.302100360
3618.865673024 8.421362877 4.871335030 -47.832199097 -0.139844090 0.020222783 0.942746043 -0.302100360
3618.897250048 11.279644966 2.415938139 -55.801555634 -0.128279909 0.041733894 0.966631651 -0.217774779
3618.932041056 13.844990730 -0.994829416 -64.581466675 -0.118235357 0.064020857 0.983524024 -0.120839797
3618.963462496 16.481252670 -1.603859186 -67.577941895 -0.170478627 0.057120185 0.980945349 -0.073624209
3618.997643776 16.481252670 -1.603859186 -67.577941895 -0.170478627 0.057120185 0.980945349 -0.073624209
3619.029245408 17.000896454 -1.132145166 -69.644104004 -0.151625350 0.051824238 0.980773687 -0.111386754
3619.064453696 17.393589020 -0.602232277 -71.957427979 -0.130673513 0.046260852 0.978490233 -0.152778521
3619.098742112 17.452966690 -0.244740605 -74.035476685 -0.109562837 0.046992447 0.972871244 -0.198265418
3619.130446208 17.452966690 -0.244740605 -74.035476685 -0.109562837 0.046992447 0.972871244 -0.198265418
3619.161871296 17.529621124 -0.243706018 -74.143539429 -0.110675663 0.047026087 0.973447084 -0.194782481
3619.201369152 17.612461090 -0.240536496 -74.292709351 -0.109436646 0.048294418 0.974368930 -0.190516204
3619.233192096 17.670143127 -0.244690537 -74.411376953 -0.106132485 0.049386714 0.974711478 -0.190353319
3619.264625024 17.670143127 -0.244690537 -74.411376953 -0.106132485 0.049386714 0.974711478 -0.190353319
3619.296476544 18.619703293 -0.651373267 -77.333503723 -0.111812510 0.035100654 0.988145232 -0.099171072
3619.328778720 19.560483932 -1.091657639 -80.287467957 -0.116544530 0.020923950 0.992943048 -0.006608482
3619.360176064 20.341438293 -1.656797409 -83.115081787 -0.113717943 0.025832070 0.991404712 0.059309535
3619.391852160 20.341438293 -1.656797409 -83.115081787 -0.113717943 0.025832070 0.991404712 0.059309535
3619.423502656 20.341438293 -1.656797409 -83.115081787 -0.113717943 0.025832070 0.991404712 0.059309535
3619.455049152 20.302299500 -1.645753980 -83.042625427 -0.112415195 0.029275725 0.991615236 0.056612656
3619.489493824 20.264350891 -1.634273171 -82.937194824 -0.111667365 0.023213807 0.991358101 0.064812779
3619.521219936 20.264350891 -1.634273171 -82.937194824 -0.111667365 0.023213807 0.991358101 0.064812779
3619.562639712 20.323165894 -1.509023070 -82.671104431 -0.114411682 0.021382200 0.991363585 0.060422927
3619.594861408 20.357109070 -1.413965225 -82.511352539 -0.116927862 0.021152662 0.991228580 0.057847619
3619.629595808 20.392915726 -1.316383004 -82.323051453 -0.120382279 0.019500842 0.990861237 0.057634916
3619.661370464 20.392915726 -1.316383004 -82.323051453 -0.120382279 0.019500842 0.990861237 0.057634916
3619.698670144 24.903163910 -0.307311416 -84.034599304 -0.160018206 0.018499339 0.986753702 -0.019210134
3619.731320192 28.799430847 1.105128407 -85.170341492 -0.195638865 0.019620018 0.976603210 -0.087101296
3619.764393184 32.310195923 2.936015606 -86.261596680 -0.222245276 0.023844339 0.961911559 -0.157367781
3619.795970912 32.310195923 2.936015606 -86.261596680 -0.222245276 0.023844339 0.961911559 -0.157367781
3619.827863520 28.406280518 2.549355268 -82.158912659 -0.225912794 0.025080295 0.960664809 -0.159554303
3619.859322432 28.434467316 2.556244373 -82.231842041 -0.227677822 0.020582337 0.959695101 -0.163476288
3619.890433248 28.457305908 2.533653021 -82.304588318 -0.228322238 0.028657261 0.958036959 -0.170917958
3619.922736512 28.457305908 2.533653021 -82.304588318 -0.228322238 0.028657261 0.958036959 -0.170917958
3619.954119424 28.095741272 2.491975307 -81.689331055 -0.228933901 0.030580565 0.957244217 -0.174176872
3619.985551840 27.757993698 2.411416769 -81.232589722 -0.224792808 0.036014106 0.957335591 -0.177988157
3620.018018656 27.488061905 2.351736069 -80.886512756 -0.223653659 0.039510556 0.957008123 -0.180425555
3620.050690464 27.488061905 2.351736069 -80.886512756 -0.223653659 0.039510556 0.957008123 -0.180425555
3620.082979040 27.488061905 2.351736069 -80.886512756 -0.223653659 0.039510556 0.957008123 -0.180425555
3620.115589376 27.524553299 2.339522839 -80.842910767 -0.227359459 0.044318594 0.956599653 -0.176806718
3620.147789696 27.568214417 2.358202457 -80.824707031 -0.231467590 0.038923569 0.957441688 -0.167967245
3620.179188160 27.568214417 2.358202457 -80.824707031 -0.231467590 0.038923569 0.957441688 -0.167967245
3620.212822400 27.328056335 2.399025679 -80.312622070 -0.234444320 0.039976623 0.956366897 -0.169705957
3620.244740832 27.107927322 2.459769011 -79.934379578 -0.238135353 0.036282808 0.954379737 -0.176449627
3620.280647808 26.828027725 2.483076811 -79.467636108 -0.243397146 0.039607354 0.951566339 -0.183604285
3620.312253760 26.828027725 2.483076811 -79.467636108 -0.243397146 0.039607354 0.951566339 -0.183604285
3620.344051264 26.008176804 2.421342373 -77.880813599 -0.255627185 0.024825728 0.956293106 -0.139792457
3620.375794176 26.077953339 2.539845228 -77.588920593 -0.328744382 -0.027332088 0.935827434 -0.124125287
3620.407276512 26.160930634 2.632010937 -77.347068787 -0.393633485 -0.034090836 0.909595191 -0.128557816
3620.439009376 26.160930634 2.632010937 -77.347068787 -0.393633485 -0.034090836 0.909595191 -0.128557816
3620.476829568 18.462812424 0.158477783 -69.871269226 -0.565600693 -0.018315256 0.805634856 -0.175250873
3620.513303008 18.138557434 0.391272277 -69.552772522 -0.631775320 -0.042189538 0.735277653 -0.241757780
3620.545154400 17.848764420 0.589844584 -69.363052368 0.677588165 0.053088203 -0.669212699 0.300350159
3620.577602240 17.848764420 0.589844584 -69.363052368 0.677588165 0.053088203 -0.669212699 0.300350159
3620.609323840 17.359607697 0.409246117 -69.402862549 0.677476048 0.044400003 -0.665224373 0.310695171
3620.641536416 16.948232651 0.244594097 -69.479309082 0.676295757 0.036450215 -0.662481308 0.320021719
3620.674445728 16.549312592 0.149115667 -69.571952820 0.668973148 0.044606991 -0.661294758 0.336414248
3620.706175648 16.549312592 0.149115667 -69.571952820 0.668973148 0.044606991 -0.661294758 0.336414248
3620.738170336 14.319940567 -2.246099472 -70.009948730 -0.665924370 0.013150100 0.694116294 -0.273083061
3620.769592352 14.216763496 -2.271919250 -69.999336243 -0.663577914 -0.002841420 0.696071327 -0.274118543
3620.801103072 14.129032135 -2.295030594 -69.987022400 -0.665354550 -0.002174599 0.696632743 -0.268331230
3620.842051168 14.129032135 -2.295030594 -69.987022400 -0.665354550 -0.002174599 0.696632743 -0.268331230
3620.873934592 14.996032715 -1.834516406 -69.189758301 0.680997372 0.001038206 -0.680458426 0.270587862
3620.905612224 15.745992661 -1.377468586 -68.250564575 0.713837564 0.011256401 -0.647580624 0.266361684
3620.937770240 16.500032425 -0.929567993 -67.229171753 0.745274663 0.001347308 -0.613033891 0.262208730
3620.978096224 16.500032425 -0.929567993 -67.229171753 0.745274663 0.001347308 -0.613033891 0.262208730
3621.010088512 17.118976593 -0.740143180 -67.001602173 0.747293055 -0.002612752 -0.612352610 0.258012563
3621.041820288 17.902133942 -0.369420499 -66.975265503 0.741750479 0.008659945 -0.623762369 0.246275917
3621.073247648 18.701377869 0.029720515 -66.975303650 0.734357655 0.026451066 -0.635822713 0.236111313
3621.105095168 18.701377869 0.029720515 -66.975303650 0.734357655 0.026451066 -0.635822713 0.236111313
3621.137643968 19.010494232 0.083087169 -66.897636414 0.734993637 0.025938839 -0.635322571 0.235535100
3621.169035936 19.284465790 0.118543811 -66.843238831 0.735063016 0.021764372 -0.635364413 0.235628635
3621.200582368 19.382076263 0.036806501 -66.725891113 0.742461860 0.005649556 -0.629342139 0.229449272
3621.232415904 19.382076263 0.036806501 -66.725891113 0.742461860 0.005649556 -0.629342139 0.229449272
3621.273970816 11.785197258 -1.101761460 -67.938003540 0.742184162 0.004822421 -0.628316402 0.233147874
3621.305891584 11.742806435 -1.304269791 -68.096046448 0.711968124 -0.054256421 -0.655882895 0.244898319
3621.337270272 11.647875786 -1.551321983 -68.250671387 -0.677675426 0.114362136 0.680849195 -0.253222615
3621.370118304 11.647875786 -1.551321983 -68.250671387 -0.677675426 0.114362136 0.680849195 -0.253222615
3621.401648096 11.577780724 -1.573869586 -68.242355347 -0.678595901 0.115620069 0.680209458 -0.251902163
3621.433205024 11.469680786 -1.593654990 -68.230651855 -0.677485049 0.111852586 0.680241287 -0.256465971
3621.468317344 11.353580475 -1.617212892 -68.217185974 -0.676823139 0.108045168 0.679731786 -0.261153877
3621.502785248 11.353580475 -1.617212892 -68.217185974 -0.676823139 0.108045168 0.679731786 -0.261153877
3621.534610752 11.205016136 -1.623676658 -68.235534668 -0.677141607 0.103813499 0.682608843 -0.254454851
3621.567019936 11.090005875 -1.635442734 -68.229751587 -0.677869618 0.100979872 0.685047925 -0.246991977
3621.598816192 10.964336395 -1.639930844 -68.216506958 -0.678440809 0.098996177 0.686396897 -0.242440015
3621.630315488 10.964336395 -1.639930844 -68.216506958 -0.678440809 0.098996177 0.686396897 -0.242440015
3621.662023296 10.944596291 -1.637506604 -68.267341614 -0.675146878 0.099736378 0.688343823 -0.245788679
3621.693536224 10.837739944 -1.643710852 -68.261734009 -0.673707366 0.095072299 0.690603971 -0.245246530
3621.724934656 10.732887268 -1.647398472 -68.264122009 -0.670403957 0.084294535 0.695280075 -0.245027944
3621.756652704 10.732887268 -1.647398472 -68.264122009 -0.670403957 0.084294535 0.695280075 -0.245027944
3621.789340704 10.612293243 -1.669987798 -68.249153137 -0.671079576 0.090960160 0.692166269 -0.249568552
3621.820765120 10.501653671 -1.682857990 -68.234786987 -0.670673549 0.079507157 0.694966197 -0.246774420
3621.852134240 10.387736320 -1.701249242 -68.226158142 -0.667256117 0.072468966 0.694888234 -0.258162469
3621.883508000 10.387736320 -1.701249242 -68.226158142 -0.667256117 0.072468966 0.694888234 -0.258162469
3621.916949088 10.055223465 -2.018230438 -67.776725769 0.680199027 -0.099042505 -0.680175245 0.254718572
3621.948184192 9.744482994 -2.301839828 -67.358314514 0.698869228 -0.124223389 -0.662840188 0.238313332
3621.979621728 9.500075340 -2.533688068 -66.920707703 0.720868468 -0.138735399 -0.641971767 0.221299261
3622.016623040 9.500075340 -2.533688068 -66.920707703 0.720868468 -0.138735399 -0.641971767 0.221299261
3622.048354272 9.536410332 -2.461422443 -66.880668640 0.722274244 -0.137297302 -0.639355659 0.225152373
3622.082110976 9.452928543 -2.370311499 -66.800071716 0.726147950 -0.126400992 -0.634225786 0.233430058
3622.128139424 9.354607582 -2.247904301 -66.683692932 0.733817279 -0.112126626 -0.624311864 0.243257895
3622.162385728 9.354607582 -2.247904301 -66.683692932 0.733817279 -0.112126626 -0.624311864 0.243257895
3622.194104320 9.411301613 -2.285001755 -66.739814758 0.729923308 -0.117657594 -0.626832664 0.245864555
3622.227371520 9.233079910 -2.343276739 -66.698493958 0.731834948 -0.110188603 -0.628282845 0.239868298
3622.259168416 9.076207161 -2.374178886 -66.635749817 0.734179318 -0.109481439 -0.626596630 0.237426266
3622.290529984 9.076207161 -2.374178886 -66.635749817 0.734179318 -0.109481439 -0.626596630 0.237426266
3622.322038560 9.055293083 -2.336601973 -66.594795227 0.735643983 -0.109911643 -0.624129117 0.239186570
3622.353364032 8.909044266 -2.344624996 -66.650573730 0.735261261 -0.130573556 -0.616198659 0.250281096
3622.384880256 8.755884171 -2.345183611 -66.710243225 0.734735608 -0.144446328 -0.607696652 0.264581919
3622.416891488 8.755884171 -2.345183611 -66.710243225 0.734735608 -0.144446328 -0.607696652 0.264581919
3622.449648704 8.590440750 -2.378659248 -66.633605957 0.738252819 -0.154846147 -0.601266384 0.263598472
3622.493664512 8.405771255 -2.359348774 -66.632583618 0.739082456 -0.164008737 -0.596392095 0.266785890
3622.525677280 8.361573219 -2.307713985 -66.602142334 0.731857419 -0.175966650 -0.594294667 0.283256710
3622.557504864 8.361573219 -2.307713985 -66.602142334 0.731857419 -0.175966650 -0.594294667 0.283256710
3622.589160544 8.357623100 -2.339828253 -66.598518372 0.732099950 -0.175798133 -0.595751643 0.279650867
3622.624063040 8.300683022 -2.326579094 -66.655220032 0.727795362 -0.169623435 -0.598660231 0.288353443
3622.665161408 8.251856804 -2.346392632 -66.684654236 0.724131525 -0.167709857 -0.601288915 0.293187082
3622.696636896 8.251856804 -2.346392632 -66.684654236 0.724131525 -0.167709857 -0.601288915 0.293187082
3622.732361120 8.196846008 -2.354931355 -66.638450623 0.723691881 -0.173170045 -0.598764837 0.296248287
3622.763702528 8.143740654 -2.366661549 -66.584228516 0.725633621 -0.180795938 -0.593908489 0.296717644
3622.795104128 8.112653732 -2.344542027 -66.502777100 0.728317082 -0.178553879 -0.591098368 0.297112048
3622.826462592 8.112653732 -2.344542027 -66.502777100 0.728317082 -0.178553879 -0.591098368 0.297112048
3622.858597600 8.001780510 -2.361220121 -66.527397156 0.725880623 -0.181967989 -0.592420936 0.298366159
3622.890230336 7.896694660 -2.377535820 -66.543807983 0.727398574 -0.178219587 -0.593232155 0.295304477
3622.921831424 7.802143097 -2.368813276 -66.561660767 0.728159547 -0.169510543 -0.593803704 0.297400355
3622.953505024 7.884963989 -2.490280867 -66.941162109 0.709218562 -0.159884945 -0.618707240 0.297736973
3622.985344224 7.776892662 -2.548738003 -66.936317444 0.710373938 -0.156984642 -0.618696094 0.296546578
3623.025931200 7.625931263 -2.618617535 -66.914199829 0.716510713 -0.153548405 -0.612505794 0.296432078
3623.057050080 7.574031830 -2.652148008 -66.978851318 0.705742419 -0.176968575 -0.609270692 0.315275937
3623.088568736 7.563754559 -2.473692179 -67.218109131 0.690182030 -0.179385081 -0.609283149 0.346761942
3623.120973216 7.572556973 -2.425933361 -67.191337585 0.694827974 -0.186662108 -0.600553513 0.348865151
3623.152339488 7.538107395 -2.403545380 -67.187477112 0.693552494 -0.192586705 -0.595483065 0.356784493
3623.184175136 7.467370033 -2.429492474 -67.144325256 0.700592041 -0.200486943 -0.595017850 0.339012623
3623.224497504 7.357632637 -2.472613573 -67.037368774 0.711846352 -0.217153221 -0.587981820 0.316854507
3623.259832928 7.216664314 -2.511224031 -67.038589478 0.718434215 -0.214487568 -0.590400040 0.298789561
3623.291483936 7.144360542 -2.468820095 -67.132431030 0.724617183 -0.178173631 -0.604570508 0.278708905
3623.323001056 7.074131966 -2.421888590 -67.221290588 0.728884876 -0.144257620 -0.617307663 0.258549392
3623.355003616 7.011969566 -0.961920261 -66.651123047 0.764690459 -0.028435040 -0.520173550 0.379287899
3623.386632704 6.474284172 -0.130284429 -65.693916321 0.802045465 0.089259900 -0.398815930 0.435547382
3623.418460000 6.331018925 -0.699371636 -65.746971130 0.804095030 0.100138903 -0.387194484 0.439867914
3623.450035296 6.428454399 -0.793381453 -65.573081970 0.811240256 0.084110089 -0.378781587 0.437423468
3623.481310336 6.519285679 -0.993421793 -65.511634827 0.818908393 0.050408568 -0.373246133 0.433053523
3623.514188480 6.591536045 -1.184503794 -65.440750122 0.825181127 0.020263776 -0.365305930 0.430368572
3623.546470112 6.598293304 -1.392115593 -65.420227051 0.819609344 -0.006119761 -0.364198536 0.442224503
3623.580091328 6.638390541 -1.533831835 -65.331977844 0.826265454 -0.015833493 -0.362412244 0.430920005
3623.611925312 6.669663429 -1.666365504 -65.254806519 0.831089556 -0.024493095 -0.360520065 0.422747642
3623.645072352 6.694853306 -1.803578973 -65.186889648 0.836565077 -0.035655089 -0.357161194 0.413912386
3623.677163168 6.659192562 -1.904217958 -65.162399292 0.841004789 -0.017683901 -0.363637984 0.400206953
3623.708758080 6.610230446 -1.944696069 -65.162307739 0.839476049 0.011588845 -0.370680124 0.397167444
3623.742571360 6.568487167 -1.999232531 -65.167739868 0.837839365 0.045244649 -0.378908902 0.390392274
3623.773926784 6.546629906 -2.001956701 -65.096923828 0.833065987 0.086463608 -0.392177552 0.380423367
3623.805709344 11.573143005 1.282513857 -63.845718384 0.815711915 0.081434391 -0.418010533 0.391471088
3623.838691712 13.102049828 2.367294788 -62.875995636 0.817721188 0.094572172 -0.425831109 0.375574261
3623.883402016 15.186503410 3.749885559 -61.557937622 0.820681512 0.112254322 -0.436221361 0.351556152
3623.924707936 16.087118149 5.408874512 -61.647129059 0.784170628 -0.030894019 -0.375953317 0.492728144
3623.957848640 17.185079575 6.282447815 -61.052333832 0.784546316 -0.028248083 -0.379479975 0.489575326
3623.990969120 18.020463943 7.129123688 -60.515213013 0.787245035 -0.012957789 -0.384373516 0.482010722
3624.022521152 18.973598480 7.765069962 -59.868740082 0.801778555 -0.016862171 -0.401072741 0.442727327
3624.053852576 19.081151962 7.662432671 -60.263366699 0.779001057 -0.020692874 -0.433574349 0.452484757
3624.085395104 19.355791092 7.938799381 -60.104976654 0.782373488 -0.012859905 -0.435322374 0.445219874
3624.118812576 19.553846359 8.048868179 -60.115932465 0.782561362 -0.016799014 -0.436367065 0.443733305
3624.158126016 19.782890320 8.173953056 -60.123012543 0.783261240 -0.023100426 -0.436785400 0.441799283
3624.193065856 20.152957916 8.440784454 -59.996078491 0.780607581 -0.031754799 -0.444366187 0.438385844
3624.224509920 20.255031586 8.478918076 -59.890098572 0.781143427 -0.033474375 -0.445014387 0.436642438
3624.256243488 19.947387695 8.287364006 -60.011955261 0.779561341 -0.037360914 -0.443857759 0.440316439
3624.287639936 19.577484131 8.131859779 -60.151470184 0.774948895 -0.025302378 -0.434487224 0.458295554
3624.319665280 19.583921432 7.919210434 -60.243217468 0.773286939 -0.057411447 -0.442153692 0.450811893
3624.351516288 19.605581284 7.821506977 -60.211875916 0.772265017 -0.063434862 -0.444591075 0.449356884
3624.382981120 19.578968048 7.696731091 -60.222431183 0.769100964 -0.067281730 -0.449782014 0.449057937
3624.414482048 19.450969696 7.565204144 -60.277278900 0.765806973 -0.071577720 -0.453587621 0.450193971
3624.446375712 19.383499146 7.554316998 -60.280624390 0.765351415 -0.071178354 -0.453973264 0.450643063
3624.481069344 19.446952820 7.609206200 -60.223339081 0.762467802 -0.065582365 -0.458035469 0.452266872
3624.517001120 19.171123505 7.420638561 -60.326995850 0.757908404 -0.067786999 -0.458923727 0.458659738
3624.553775328 18.973014832 7.288406372 -60.425888062 0.749904811 -0.067089707 -0.461226255 0.469480723
3624.585458176 18.875988007 7.296140671 -60.440696716 0.746162117 -0.058935218 -0.459292620 0.478350371
3624.618579360 18.984775543 7.386226654 -60.347446442 0.746222615 -0.056090835 -0.461431324 0.476536185
3624.651401984 18.713735580 7.199519157 -60.437938690 0.747304738 -0.060508329 -0.460373372 0.475321710
3624.684096704 18.619710922 7.111716747 -60.452430725 0.747632325 -0.062534854 -0.461110175 0.473827749
3624.716110208 18.549854279 7.011942387 -60.457080841 0.747856677 -0.057420038 -0.465980440 0.469335228
3624.748114080 18.574935913 7.006899834 -60.405578613 0.749409199 -0.053797312 -0.466719300 0.466545492
3624.780181472 18.228788376 6.722222805 -60.552604675 0.749050081 -0.058183830 -0.464586943 0.468719095
3624.811738880 17.948162079 6.632220745 -60.638648987 0.746666908 -0.057885692 -0.464976490 0.472159624
3624.843447680 17.836421967 6.520071507 -60.641395569 0.750299811 -0.051745757 -0.468556404 0.463494897
3624.875902784 17.806077957 6.471536636 -60.639900208 0.751455903 -0.052109603 -0.469591856 0.460523784
3624.908013248 17.572147369 6.306913853 -60.743663788 0.750881612 -0.056478564 -0.466572255 0.464001447
3624.941821664 14.872115135 4.812903404 -61.233161926 0.768926799 0.035447627 -0.467392355 0.434786558
3624.974422496 18.360935211 7.031387329 -58.684082031 0.805593133 0.017276552 -0.455293477 0.378720313
3625.006259200 18.471126556 7.093480110 -58.546566010 0.806548715 0.017803393 -0.453435689 0.378890842
3625.039009088 18.256954193 6.978010178 -58.692283630 0.807011008 0.007881435 -0.447642148 0.385081321
3625.073264384 17.886735916 6.860685825 -58.720916748 0.809578240 -0.002431820 -0.436146915 0.392877877
3625.106494208 18.021223068 7.046639919 -58.626407623 0.809689820 0.007582444 -0.429015100 0.400363564
3625.139723552 18.055639267 7.011657715 -58.556747437 0.812190592 0.005503173 -0.426608860 0.397895724
3625.171224448 17.844444275 6.870098591 -58.720516205 0.812175632 0.004885001 -0.423304170 0.401447922
3625.203875104 17.757320404 6.729709148 -58.913742065 0.812022567 0.012505176 -0.425923824 0.398813099
3625.236617792 18.136283875 9.171374321 -56.907005310 0.834871471 0.014043642 -0.346487522 0.427479625
3625.268105088 18.327810287 9.852571487 -56.381275177 0.838301837 0.022839336 -0.333737642 0.430520117
3625.299506784 18.190382004 9.730595589 -56.537792206 0.837095201 0.018601388 -0.332848310 0.433748275
3625.330842496 18.077224731 9.572896004 -56.690624237 0.836607754 0.007814149 -0.331978351 0.435679704
3625.362664608 17.374523163 9.399456024 -56.973320007 0.823881090 0.007739088 -0.349734515 0.445921391
3625.395920032 17.362634659 9.371617317 -56.977287292 0.825611591 0.010444700 -0.351994336 0.440858811
3625.428953152 17.197996140 9.190453529 -57.086936951 0.825450838 0.009014386 -0.353016913 0.440373421
3625.460445440 15.756750107 9.255394936 -57.203311920 0.829514027 -0.016062444 -0.276886135 0.484750032
3625.493814368 16.654876709 10.985267639 -56.188358307 0.834698617 -0.009613263 -0.267245680 0.481420398
3625.525699872 16.672130585 11.029270172 -56.115047455 0.834792078 -0.007213182 -0.267956406 0.480904788
3625.558523904 16.664264679 11.309848785 -55.833637238 0.836301684 0.018626217 -0.274959207 0.473972559
3625.593131360 16.206401825 10.944946289 -56.854728699 0.810281515 -0.003180322 -0.270810008 0.519707322
3625.624967136 20.934349060 15.770281792 -56.243560791 0.737179399 -0.096223705 -0.345290363 0.572784364
3625.657499264 20.978912354 15.849709511 -56.200157166 0.736879051 -0.101005770 -0.341730744 0.574479938
3625.690099776 20.651256561 15.411880493 -56.326702118 0.738896370 -0.096037693 -0.340765864 0.573312700
3625.722435776 19.503305435 15.505246162 -57.252681732 0.698188365 -0.134873882 -0.244660556 0.659153461
3625.755049152 23.778705597 15.620424271 -58.691776276 0.604921162 -0.229221940 -0.389659971 0.655509770
3625.788552384 23.751379013 15.621963501 -58.761726379 0.605458975 -0.226779863 -0.391369522 0.654843807
3625.819878944 23.790632248 15.642801285 -58.892078400 0.603991866 -0.237800315 -0.382126689 0.657741666
3625.851512992 23.283964157 15.406018257 -58.951049805 0.596027851 -0.234050855 -0.375857025 0.669852495
3625.883027872 19.261953354 19.469074249 -56.944889069 0.729169786 -0.050562363 -0.079101570 0.677862704
3625.914454336 11.702654839 21.362001419 -55.280586243 0.717220843 0.238488793 0.180830374 0.629299462
3625.946944224 10.788305283 21.796756744 -55.247016907 0.711396158 0.242169812 0.199309677 0.628923655
3625.979010592 11.767805099 20.933567047 -55.463699341 0.722972512 0.277924806 0.141452104 0.616490006
3626.013467296 7.212295532 23.334781647 -52.373275757 0.758228779 0.238051847 0.267615974 0.544795513
3626.045883200 6.027040005 23.313323975 -51.108219147 0.784081995 0.223170310 0.304228872 0.492803484
3626.077374560 6.378813744 23.085760117 -51.272914886 0.784712195 0.224832490 0.302348793 0.492201507
3626.114142272 6.795403004 22.761945724 -51.514812469 0.782463789 0.230845079 0.307181060 0.490000814
3626.146247392 8.284451485 21.966287613 -52.140975952 0.786380410 0.211310416 0.294159591 0.500423789
3626.178050624 8.293600082 21.945842743 -52.116298676 0.785638213 0.212002918 0.294267476 0.501232624
3626.210064192 8.463815689 21.779273987 -52.255134583 0.784013629 0.210766792 0.296985388 0.502692401
3626.245201568 8.669253349 21.511827469 -52.400421143 0.775951624 0.226818651 0.300987214 0.505825222
3626.279450752 8.873436928 21.305374146 -52.610050201 0.771652043 0.222359389 0.311059952 0.508282483
3626.311037888 8.879180908 21.312427521 -52.586502075 0.774034739 0.215362847 0.314402103 0.505608916
3626.345771872 9.054143906 21.137344360 -52.693504333 0.772750914 0.220813483 0.313592404 0.505724192
3626.383897600 9.214704514 20.969852448 -52.831119537 0.766619742 0.229061335 0.314031154 0.511086464
3626.424122240 9.350699425 20.805179596 -52.956214905 0.768066406 0.218665123 0.321180165 0.509021699
3626.456668416 9.402513504 20.766944885 -52.978614807 0.767395854 0.216832697 0.322042882 0.510270178
3626.488841472 9.494763374 20.651243210 -52.987865448 0.769879758 0.212287992 0.323909044 0.507249117
3626.521496896 9.588341713 20.574071884 -53.025352478 0.770316482 0.209343359 0.325089723 0.507054806
3626.553343392 9.691438675 20.486530304 -53.054676056 0.769863009 0.210238039 0.324417204 0.507803619
3626.585698400 9.747200012 20.439529419 -53.066101074 0.771435201 0.209144637 0.324396670 0.505878568
3626.620230688 9.877645493 20.334028244 -53.152740479 0.771821439 0.209345445 0.323211879 0.505964339
3626.653538912 10.006278992 20.238002777 -53.258373260 0.767907321 0.211245909 0.321805328 0.511991262
3626.689141216 10.073906898 20.170843124 -53.401916504 0.761223316 0.206743360 0.326934218 0.520490348
3626.720547552 10.084579468 20.145168304 -53.388702393 0.762077749 0.198652565 0.330975980 0.519836009
3626.751916736 10.181205750 20.012826920 -53.482524872 0.756951094 0.203760698 0.331977874 0.524688005
3626.783205184 10.256081581 19.893836975 -53.584835052 0.750321448 0.207765713 0.335941583 0.530089021
3626.814995168 10.323024750 19.768211365 -53.660251617 0.746290684 0.207669735 0.343288481 0.531109154
3626.846464544 10.013844490 19.658273697 -53.591320038 0.742416501 0.220568866 0.352551192 0.525237739
3626.879118304 10.363466263 19.648967743 -53.730739594 0.746303320 0.201753527 0.348455429 0.530005515
3626.913698784 10.720582962 19.615671158 -53.870922089 0.748549521 0.188808411 0.341848195 0.535877585
3626.946166016 11.018531799 19.578483582 -54.083564758 0.745606005 0.174549058 0.340074152 0.545851231
3626.978666336 11.115403175 19.475999832 -54.061515808 0.743457317 0.179729179 0.337681234 0.548579872
3627.010849792 11.280600548 19.388990402 -54.103485107 0.744608700 0.177458853 0.336419165 0.548533499
3627.044572096 11.468320847 19.262130737 -54.162212372 0.745236814 0.179334193 0.332441807 0.549494267
3627.075808928 11.663281441 19.122964859 -54.328117371 0.737661302 0.187511012 0.327335656 0.559952497
3627.107242368 11.701533318 19.083055496 -54.353389740 0.736365616 0.186450526 0.328215301 0.561494768
3627.141092160 11.805560112 18.988214493 -54.402713776 0.736940086 0.189474836 0.327758670 0.559993625
3627.172470304 11.896098137 18.908065796 -54.460514069 0.735100150 0.193426564 0.324922502 0.562707126
3627.203712032 12.116668701 18.932821274 -54.534835815 0.732801914 0.191668928 0.311270803 0.573911846
3627.235227840 12.129990578 18.875841141 -54.622531891 0.730813622 0.193464965 0.312488645 0.575181425
3627.266474656 12.293462753 18.836965561 -54.683280945 0.725787461 0.188400984 0.312096477 0.583380997
3627.298007040 12.443306923 18.817934036 -54.747077942 0.720334411 0.181683883 0.314430237 0.590967834
3627.329593920 12.562873840 18.800497055 -54.847312927 0.712387383 0.174464285 0.319788873 0.599834681
3627.360946496 12.641375542 18.726516724 -54.786491394 0.714147925 0.173869163 0.318129420 0.598795354
3627.392755552 12.954184532 18.559471130 -54.807025909 0.719243586 0.172747716 0.311972737 0.596254945
3627.436225152 13.364891052 18.357826233 -54.842700958 0.726983607 0.169867128 0.307230860 0.590126395
3627.471717504 13.709681511 18.205638885 -54.879795074 0.733439982 0.162638485 0.300370902 0.587700307
3627.523668320 13.850847244 18.019433975 -54.766151428 0.741878331 0.165232077 0.298240453 0.577380121
3627.555086528 13.913594246 17.874132156 -54.881996155 0.738002717 0.167053640 0.302593976 0.579553366
3627.586913440 13.986553192 17.721467972 -54.991477966 0.734807789 0.167307168 0.307344139 0.581037998
3627.619898176 14.060556412 17.672241211 -55.055389404 0.731630683 0.160691634 0.310076863 0.585446239
3627.652900096 14.159142494 17.683412552 -55.160907745 0.727958083 0.157274753 0.309134871 0.591419697
3627.694353344 14.144392014 17.536342621 -55.589145660 0.707128525 0.162191436 0.325330347 0.606484473
3627.726065952 15.782362938 15.797523499 -56.181518555 0.689531505 0.155351996 0.391446739 0.589220941
3627.757576256 15.729204178 15.608832359 -56.460796356 0.650319636 0.162291378 0.443725049 0.594856381
3627.789355584 15.822777748 15.444897652 -56.145206451 0.668837905 0.174050421 0.437413216 0.575353742
3627.820809536 15.953104019 15.310557365 -56.215377808 0.664710402 0.172410086 0.442940384 0.576401472
3627.852364960 16.068536758 15.133011818 -56.365459442 0.640095115 0.180181235 0.450624883 0.595609188
3627.883899648 16.159320831 15.045039177 -56.450698853 0.616803408 0.186275676 0.456619382 0.613476753
3627.916304352 16.230163574 14.955396652 -56.390277863 0.617147863 0.189146101 0.457687855 0.611452520
3627.948024544 16.340099335 14.886477470 -56.416744232 0.613160074 0.187313184 0.461316139 0.613299310
3627.979490400 16.444944382 14.826976776 -56.421527863 0.612753391 0.186416894 0.462834656 0.612834513
3628.010963744 16.535835266 14.762916565 -56.394008636 0.612518787 0.186515912 0.460922152 0.614478052
3628.044513408 16.609359741 14.689002991 -56.401649475 0.608782113 0.185174048 0.465406179 0.615216911
3628.076299264 16.642305374 14.630003929 -56.430549622 0.607810259 0.182837367 0.473715037 0.610517383
3628.110247424 16.687469482 14.579368591 -56.421844482 0.612639010 0.179274797 0.480658501 0.601249874
3628.142007680 16.788414001 14.447867393 -56.492565155 0.609716296 0.189474568 0.484126151 0.598303556
3628.174084416 16.843782425 14.301928520 -56.468425751 0.610332429 0.189783573 0.491187662 0.591786504
3628.208014880 16.895824432 14.119077682 -56.473022461 0.607733548 0.193292156 0.500934660 0.585117638
3628.240904384 17.175357819 14.192327499 -56.494770050 0.607904971 0.143690467 0.485601753 0.611551821
3628.272656288 17.372512817 14.219924927 -56.406417847 0.608469307 0.122600213 0.456464618 0.637475014
3628.312746112 17.398420334 14.483583450 -56.396717072 0.581940711 0.134268433 0.403084964 0.693426192
3628.345303840 16.973257065 14.244384766 -56.159118652 0.573978603 0.183231696 0.420263141 0.678493619
3628.376741248 15.948125839 14.189227104 -56.236892700 0.576702595 0.187878072 0.416399121 0.677294314
3628.408373440 14.922109604 14.065584183 -56.309249878 0.578194678 0.195615426 0.412862360 0.675995588
3628.439842496 13.862836838 13.941386223 -56.368202209 0.579225600 0.204450950 0.409500450 0.674542010
3628.472595648 13.862836838 13.941386223 -56.368202209 0.579225600 0.204450950 0.409500450 0.674542010
3628.503922976 13.862836838 13.941386223 -56.368202209 0.579225600 0.204450950 0.409500450 0.674542010
3628.535456352 13.858079910 14.000806808 -56.358726501 0.583365560 0.202791721 0.409932852 0.671204150
3628.566872384 13.952346802 14.123344421 -56.401496887 0.582406998 0.170689851 0.409477711 0.681171894
3628.598305696 14.147774696 14.211977005 -56.327148438 0.591498017 0.141086772 0.380782396 0.696583986
3628.630048896 14.285113335 13.998467445 -56.568740845 0.516930521 0.161983535 0.353543997 0.762594759
3628.661608928 14.360257149 14.031054497 -56.545413971 0.517109215 0.161334410 0.353109509 0.762812555
3628.693051456 14.344545364 13.774243355 -56.408996582 0.513502479 0.169644684 0.346887439 0.766293108
3628.724424704 14.239176750 13.885189056 -56.488712311 0.506986618 0.171380758 0.345383853 0.770910621
3628.756821280 14.239176750 13.885189056 -56.488712311 0.506986618 0.171380758 0.345383853 0.770910621
3628.792284736 14.237786293 13.968728065 -56.487205505 0.507923543 0.170379877 0.343888938 0.771184027
3628.824928736 14.241233826 14.046451569 -56.488056183 0.508614242 0.169708788 0.342385292 0.771545768
3628.857076864 14.229478836 13.825999260 -56.291862488 0.510856628 0.188482687 0.325903118 0.772843361
3628.889660256 14.229478836 13.825999260 -56.291862488 0.510856628 0.188482687 0.325903118 0.772843361
3628.925667712 14.216361046 13.828697205 -56.265716553 0.516559899 0.188895255 0.327540129 0.768245935
3628.957928832 14.203974724 13.875384331 -56.270954132 0.515337348 0.187916890 0.328197598 0.769025981
3628.989902560 14.147562981 13.937437057 -56.292800903 0.514997065 0.189297780 0.325384140 0.770110071
3629.021564096 14.147562981 13.937437057 -56.292800903 0.514997065 0.189297780 0.325384140 0.770110071
3629.054068160 14.147562981 13.937437057 -56.292800903 0.514997065 0.189297780 0.325384140 0.770110071
3629.097252928 14.158146858 13.896186829 -56.275817871 0.513995588 0.192057118 0.324113935 0.770631313
3629.128629984 14.169146538 13.863013268 -56.251281738 0.517941475 0.193044171 0.326137036 0.766880095
3629.191550208 14.169146538 13.863013268 -56.251281738 0.517941475 0.193044171 0.326137036 0.766880095
3629.225593632 14.159526825 13.855010033 -56.180458069 0.522091866 0.194826156 0.326587349 0.763415754
3629.257215936 14.171993256 13.892854691 -56.151371002 0.518605769 0.188611224 0.332077980 0.764982402
3629.320206112 14.171993256 13.892854691 -56.151371002 0.518605769 0.188611224 0.332077980 0.764982402
3629.352581440 14.204809189 13.831633568 -56.109996796 0.515603960 0.204001039 0.320386887 0.768041968
3629.386372704 12.881296158 18.894687653 -55.337173462 0.521106780 0.264414191 0.280850321 0.761351407
3629.453146560 12.881296158 18.894687653 -55.337173462 0.521106780 0.264414191 0.280850321 0.761351407
3629.485809120 12.862808228 18.929456711 -55.364509583 0.514913440 0.261311680 0.290858030 0.762877405
3629.517719040 13.313450813 15.985887527 -52.845962524 0.541645706 0.230228916 0.322287887 0.741447985
3629.585089568 13.313450813 15.985887527 -52.845962524 0.541645706 0.230228916 0.322287887 0.741447985
3629.617595200 13.360431671 15.848942757 -52.850788116 0.542127490 0.231230184 0.320560396 0.741533160
3629.649035168 13.417823792 15.654026985 -52.850864410 0.542074442 0.230816841 0.320729047 0.741627753
3629.711936896 13.417823792 15.654026985 -52.850864410 0.542074442 0.230816841 0.320729047 0.741627753
3629.743598336 13.473497391 15.342113495 -52.941642761 0.537702680 0.229659840 0.327510864 0.742205381
3629.775032512 13.532398224 15.310529709 -52.986331940 0.528676808 0.233050629 0.329710275 0.746645391
3629.839804704 13.532398224 15.310529709 -52.986331940 0.528676808 0.233050629 0.329710275 0.746645391
3629.871695904 13.348551750 15.237051964 -53.047592163 0.527392685 0.237105086 0.331429273 0.745515049
3629.903668512 13.099640846 15.697034836 -50.621128082 0.557195425 0.228423014 0.340118527 0.722271085
3629.966708096 13.099640846 15.697034836 -50.621128082 0.557195425 0.228423014 0.340118527 0.722271085
3629.998811296 12.820873260 15.497950554 -50.598957062 0.555919528 0.232219413 0.345596850 0.719437540
3630.032388704 10.749176025 15.200530052 -50.673229218 0.574901104 0.229048923 0.358069092 0.699150741
3630.096697056 10.749176025 15.200530052 -50.673229218 0.574901104 0.229048923 0.358069092 0.699150741
3630.128299584 10.750988007 15.195171356 -50.699981689 0.574200034 0.228594676 0.358245134 0.699785173
3630.159631296 10.814512253 13.806672096 -51.143962860 0.562953889 0.235682681 0.359324813 0.705990255
3630.224143936 10.814512253 13.806672096 -51.143962860 0.562953889 0.235682681 0.359324813 0.705990255
3630.255884512 10.816977501 13.805201530 -51.116077423 0.563937545 0.236235797 0.358840108 0.705266476
3630.288052960 10.808675766 13.849259377 -51.071357727 0.566679180 0.239474639 0.355879337 0.703474522
3630.351397632 10.808675766 13.849259377 -51.071357727 0.566679180 0.239474639 0.355879337 0.703474522
3630.383002496 10.831723213 13.857544899 -51.045879364 0.566773534 0.239665627 0.354700863 0.703928351
3630.414753376 -4.020735741 12.790294647 -52.486225128 0.528685689 0.275231600 0.353109360 0.721146762
3630.479668800 -4.020735741 12.790294647 -52.486225128 0.528685689 0.275231600 0.353109360 0.721146762
3630.512767008 -4.117206097 12.749060631 -52.469188690 0.530916870 0.279621691 0.351778030 0.718464494
3630.544803936 -3.973812342 12.832924843 -52.372295380 0.533799112 0.284589052 0.347600818 0.716408610
3630.620411968 -3.973812342 12.832924843 -52.372295380 0.533799112 0.284589052 0.347600818 0.716408610
3630.651941760 -3.975829124 12.841759682 -52.367580414 0.535038114 0.283863813 0.347564667 0.715789318
3630.683824672 -3.782425642 12.985452652 -52.570484161 0.532287657 0.275151908 0.346576989 0.721696436
3630.755958656 -3.782425642 12.985452652 -52.570484161 0.532287657 0.275151908 0.346576989 0.721696436
3630.787929024 -3.783525944 12.985361099 -52.569347382 0.531679928 0.273761988 0.349409908 0.721306860
3630.819685376 -3.788722754 12.890548706 -52.440147400 0.531027615 0.267579496 0.357803166 0.719991505
3630.883676544 -3.788722754 12.890548706 -52.440147400 0.531027615 0.267579496 0.357803166 0.719991505
3630.915493760 -3.771964073 12.881557465 -52.423976898 0.529643238 0.268142760 0.355724275 0.721829474
3630.947046016 -3.990721941 12.823322296 -52.550693512 0.530353546 0.265831441 0.357497901 0.721286297
3631.013520192 -3.990721941 12.823322296 -52.550693512 0.530353546 0.265831441 0.357497901 0.721286297
3631.045519616 -3.942139387 12.804616928 -52.551120758 0.529200792 0.263926268 0.358629495 0.722270250
3631.077530752 -3.895409822 12.858469963 -52.592647552 0.527229130 0.262163520 0.358180583 0.724573255
3631.140895744 -3.895409822 12.858469963 -52.592647552 0.527229130 0.262163520 0.358180583 0.724573255
3631.172227616 -3.866179466 12.859071732 -52.607810974 0.526066959 0.258346319 0.360307246 0.725733638
3631.204088448 -4.546114922 12.918666840 -52.664325714 0.538350761 0.247527152 0.368599027 0.716270506
3631.270952704 -4.546114922 12.918666840 -52.664325714 0.538350761 0.247527152 0.368599027 0.716270506
3631.302694112 -4.546025276 12.924661636 -52.671958923 0.538697004 0.247525051 0.368385017 0.716121018
3631.334327104 -4.546025276 12.924661636 -52.671958923 0.538697004 0.247525051 0.368385017 0.716121018
3631.397595744 -4.546025276 12.924661636 -52.671958923 0.538697004 0.247525051 0.368385017 0.716121018
3631.428949088 -4.580086231 12.904947281 -52.678638458 0.537465394 0.248845488 0.367778689 0.716900051
3631.460985600 -4.361723423 14.216071129 -52.420818329 0.542338371 0.243415326 0.356712133 0.720676363
3631.523817664 -4.361723423 14.216071129 -52.420818329 0.542338371 0.243415326 0.356712133 0.720676363
3631.557493120 -4.472280979 14.190610886 -52.463577271 0.540671766 0.246758565 0.359620959 0.719344914
3631.589315776 -3.962345839 14.163010597 -52.445365906 0.536797762 0.252283216 0.360154539 0.720062494
3631.652619200 -3.962345839 14.163010597 -52.445365906 0.536797762 0.252283216 0.360154539 0.720062494
3631.685416928 -4.081001282 14.092128754 -52.472209930 0.536258638 0.258917570 0.357779831 0.719292700
3631.717352992 -5.697168350 13.792144775 -52.362438202 0.537831843 0.271787763 0.356454670 0.714008510
3631.780447808 -5.697168350 13.792144775 -52.362438202 0.537831843 0.271787763 0.356454670 0.714008510
3631.813518720 -5.694235802 13.797622681 -52.366401672 0.537589490 0.271418631 0.355691433 0.714711845
3631.848065568 -5.694235802 13.797622681 -52.366401672 0.537589490 0.271418631 0.355691433 0.714711845
3631.930528512 -5.694235802 13.797622681 -52.366401672 0.537589490 0.271418631 0.355691433 0.714711845
3631.961907712 -5.704016209 13.771461487 -52.360897064 0.534686863 0.279454082 0.354175687 0.714545310
3631.993681376 -5.683823109 13.716122627 -52.382671356 0.527424753 0.278843462 0.360139430 0.717195213
3632.058223232 -5.683823109 13.716122627 -52.382671356 0.527424753 0.278843462 0.360139430 0.717195213
3632.089487680 -5.667585373 13.705705643 -52.355804443 0.527410924 0.274656326 0.364368618 0.716684818
3632.121097184 -5.577351093 13.602553368 -52.363067627 0.528475046 0.267280310 0.369057506 0.716290414
3632.184008000 -5.577351093 13.602553368 -52.363067627 0.528475046 0.267280310 0.369057506 0.716290414
3632.215787712 -5.566081047 13.603174210 -52.374439240 0.528320014 0.267540097 0.368755519 0.716463268
3632.247931328 -5.528470039 13.367957115 -52.463764191 0.524857402 0.271243185 0.367273778 0.718374491
3632.310840832 -5.528470039 13.367957115 -52.463764191 0.524857402 0.271243185 0.367273778 0.718374491
3632.352182816 -5.473261833 13.417855263 -52.474414825 0.525698900 0.270232409 0.366549581 0.718509912
3632.383701664 -5.363998890 13.294620514 -52.388740540 0.513765335 0.280926228 0.362018257 0.725305736
3632.447230624 -5.363998890 13.294620514 -52.388740540 0.513765335 0.280926228 0.362018257 0.725305736
3632.479517792 -5.440076351 13.286561966 -52.406333923 0.513796628 0.281788319 0.362045437 0.724935472
3632.511162912 -5.164217472 13.272183418 -52.421249390 0.513991356 0.282271385 0.361628473 0.724817634
3632.575884448 -5.164217472 13.272183418 -52.421249390 0.513991356 0.282271385 0.361628473 0.724817634
3632.607693312 -5.139442444 13.255835533 -52.391403198 0.514651597 0.283088624 0.360211283 0.724736094
3632.639338016 -4.901056767 13.342286110 -52.253269196 0.517709076 0.284911364 0.355369300 0.724234402
3632.702504960 -4.901056767 13.342286110 -52.253269196 0.517709076 0.284911364 0.355369300 0.724234402
3632.734113664 -4.918382645 13.349045753 -52.253433228 0.517975628 0.286704332 0.353331268 0.724333405
3632.767709248 -5.287920952 13.022781372 -52.334342957 0.520027697 0.291685313 0.356316328 0.719395280
3632.830722496 -5.287920952 13.022781372 -52.334342957 0.520027697 0.291685313 0.356316328 0.719395280
3632.861972416 -5.233325958 13.094453812 -52.398857117 0.519547045 0.289859653 0.355055600 0.721101761
3632.893480288 -5.168969631 13.151442528 -52.450889587 0.518702090 0.286960721 0.352971464 0.723887324
3632.965945568 -5.168969631 13.151442528 -52.450889587 0.518702090 0.286960721 0.352971464 0.723887324
3632.997549792 -5.152194977 13.124817848 -52.300228119 0.518009424 0.292355150 0.348040134 0.724612117
3633.029302496 -5.246614456 13.314061165 -51.366241455 0.522427380 0.304651886 0.337099493 0.721540570
3633.092641728 -5.246614456 13.314061165 -51.366241455 0.522427380 0.304651886 0.337099493 0.721540570
3633.124104576 -5.209254265 13.309723854 -51.420864105 0.522331655 0.301697016 0.339680880 0.721640766
3633.155229248 -5.169906616 13.308123589 -51.477329254 0.520490348 0.298272908 0.340249836 0.724122345
3633.222152864 -5.169906616 13.308123589 -51.477329254 0.520490348 0.298272908 0.340249836 0.724122345
3633.256855616 -5.080196857 13.101867676 -51.327983856 0.522323906 0.300197005 0.338488847 0.722831130
3633.290550912 -4.754601002 13.016799927 -50.153049469 0.512516975 0.325453311 0.308463752 0.732295454
3633.354063968 -4.754601002 13.016799927 -50.153049469 0.512516975 0.325453311 0.308463752 0.732295454
3633.385565440 -4.738108158 13.006245613 -50.193168640 0.512642384 0.325407296 0.308780998 0.732094407
3633.417861472 -9.122007370 12.353667259 -49.201995850 0.512026727 0.332654178 0.311967820 0.727905154
3633.481183904 -9.122007370 12.353667259 -49.201995850 0.512026727 0.332654178 0.311967820 0.727905154
3633.514096288 -8.835679054 12.374350548 -49.303379059 0.508230209 0.333385378 0.310485214 0.730859160
3633.546099520 -8.453991890 12.225324631 -49.374229431 0.507195055 0.332866162 0.309828579 0.732092559
3633.610450560 -8.453991890 12.225324631 -49.374229431 0.507195055 0.332866162 0.309828579 0.732092559
3633.645051168 -8.472452164 12.226784706 -49.364398956 0.506631315 0.334475130 0.308593899 0.732271075
3633.676429920 -10.642303467 11.308674812 -49.388526917 0.457468182 0.407272965 0.387155533 0.689175010
3633.740232160 -10.642303467 11.308674812 -49.388526917 0.457468182 0.407272965 0.387155533 0.689175010
3633.771673792 -10.662868500 11.314827919 -49.370281219 0.458139420 0.407103896 0.386791646 0.689033329
3633.803000160 -4.074878693 11.059034348 -48.972881317 0.465394884 0.428378791 0.371961862 0.679369986
3633.866050592 -4.074878693 11.059034348 -48.972881317 0.465394884 0.428378791 0.371961862 0.679369986
3633.898231136 -4.177614689 10.989339828 -48.969768524 0.466273159 0.427473158 0.373510152 0.678488195
3633.929718720 -5.427161694 10.471082687 -48.704002380 0.464402586 0.428560138 0.377653807 0.676789522
3634.004415840 -5.427161694 10.471082687 -48.704002380 0.464402586 0.428560138 0.377653807 0.676789522
3634.035958912 -5.322342396 10.518890381 -48.700595856 0.465217024 0.428846359 0.376831502 0.676507175
3634.068262912 -5.068664551 10.679736137 -48.454143524 0.464200884 0.427095890 0.379868805 0.676613748
3634.131036672 -5.068664551 10.679736137 -48.454143524 0.464200884 0.427095890 0.379868805 0.676613748
3634.162643840 -5.098921299 10.753315926 -48.479408264 0.465008795 0.426276088 0.379156500 0.676975429
3634.194084960 -5.055999279 10.674731255 -48.480800629 0.465098530 0.425914943 0.378370106 0.677580833
3634.261907424 -5.055999279 10.674731255 -48.480800629 0.465098530 0.425914943 0.378370106 0.677580833
3634.293809792 -5.004827023 10.666710854 -48.483531952 0.467645019 0.422230422 0.379974931 0.677236080
3634.326811072 -4.904706478 10.673134804 -48.497791290 0.456850111 0.421152204 0.376157135 0.687331498
3634.390516672 -4.904706478 10.673134804 -48.497791290 0.456850111 0.421152204 0.376157135 0.687331498
3634.422163392 -4.991874218 10.640024185 -48.428077698 0.457503736 0.422164351 0.376446098 0.686116576
3634.453636224 -5.469692707 10.448215485 -48.468231201 0.453499287 0.423749030 0.377866000 0.687017083
3634.520629120 -5.469692707 10.448215485 -48.468231201 0.453499287 0.423749030 0.377866000 0.687017083
3634.552402368 -5.467545986 10.359637260 -48.397987366 0.452971727 0.426137239 0.378422111 0.685580313
3634.585553120 -0.617538929 8.584143639 -50.321681976 0.434255421 0.429820061 0.402164668 0.681865573
3634.648836800 -0.617538929 8.584143639 -50.321681976 0.434255421 0.429820061 0.402164668 0.681865573
3634.680207968 -0.551373482 8.509273529 -50.252719879 0.434520841 0.430030137 0.403690696 0.680661201
3634.711647968 -0.110453546 8.324363708 -50.605907440 0.435680330 0.427166671 0.409358144 0.678334177
3634.774616640 -0.110453546 8.324363708 -50.605907440 0.435680330 0.427166671 0.409358144 0.678334177
3634.806787584 -0.032963499 8.246132851 -50.591156006 0.434750646 0.427849323 0.410026640 0.678096592
3634.838633984 -0.010777192 8.310047150 -50.505943298 0.433803797 0.428619802 0.408811718 0.678949416
3634.905111360 -0.010777192 8.310047150 -50.505943298 0.433803797 0.428619802 0.408811718 0.678949416
3634.936711968 -0.007292354 8.301593781 -50.505840302 0.431585938 0.428915977 0.407646269 0.680873811
3634.968200288 0.022450745 8.304814339 -50.505569458 0.429274857 0.428817064 0.408327490 0.681988001
3635.031609504 0.022450745 8.304814339 -50.505569458 0.429274857 0.428817064 0.408327490 0.681988001
3635.062829600 0.022613194 8.302636147 -50.496143341 0.429078072 0.428728312 0.407784134 0.682492733
3635.095107648 0.042283352 8.299767494 -50.509323120 0.428707868 0.429242790 0.405602485 0.683700860
3635.159206688 0.042283352 8.299767494 -50.509323120 0.428707868 0.429242790 0.405602485 0.683700860
3635.190906464 0.030836798 8.297168732 -50.491813660 0.427852154 0.430635035 0.405115455 0.683650076
3635.223952288 0.053352214 8.298645973 -50.507999420 0.427886546 0.430873036 0.404962540 0.683569193
3635.287969920 0.053352214 8.298645973 -50.507999420 0.427886546 0.430873036 0.404962540 0.683569193
3635.321953696 0.036294915 8.279730797 -50.497657776 0.427778840 0.432195425 0.404582530 0.683026731
3635.353551520 0.052368097 8.292551994 -50.507335663 0.427235872 0.432970762 0.403789520 0.683344603
3635.420788064 0.052368097 8.292551994 -50.507335663 0.427235872 0.432970762 0.403789520 0.683344603
3635.455824800 0.044048101 8.297410965 -50.502140045 0.427221060 0.433679998 0.403406948 0.683130145
3635.488046656 0.062040474 8.293701172 -50.509342194 0.426494062 0.434703410 0.402384281 0.683536947
3635.553839296 0.062040474 8.293701172 -50.509342194 0.426494062 0.434703410 0.402384281 0.683536947
3635.585503584 0.058027703 8.293237686 -50.514518738 0.426329762 0.434603006 0.402593732 0.683579862
3635.617371808 0.066020548 8.295974731 -50.512687683 0.426279455 0.434904724 0.402146697 0.683682501
3635.680754656 0.066020548 8.295974731 -50.512687683 0.426279455 0.434904724 0.402146697 0.683682501
3635.713230624 0.059609592 8.297474861 -50.516517639 0.426564991 0.434741735 0.402504683 0.683397293
3635.744955488 0.062672354 8.298858643 -50.508823395 0.426445067 0.434910834 0.402365983 0.683446288
