4086.415543584 0.000000000 0.000000000 0.000000000 0.000000000 0.000000000 0.000000000 1.000000000
4086.463856032 0.000000000 0.000000000 0.000000000 0.000000000 0.000000000 0.000000000 1.000000000
4086.514200064 -0.000282621 0.000022965 0.005678757 0.001684735 -0.000581560 0.003554306 0.999992073
4086.557523904 -0.002226704 -0.000883947 0.017706025 0.001808926 -0.005885920 0.004411921 0.999971271
4086.600206208 -0.008612243 -0.005777477 0.035110429 0.004681400 -0.014155920 0.002747538 0.999885082
4086.645868960 -0.017885171 -0.010243945 0.063682742 -0.003327279 -0.030089593 0.000148502 0.999541640
4086.712605632 -0.035476111 -0.008102722 0.118073642 -0.008691379 -0.049871065 -0.000997911 0.998717368
4086.747064416 -0.045360856 -0.012389828 0.152825952 0.000967361 -0.049235374 -0.006680248 0.998764396
4086.791039840 -0.058644399 -0.012112123 0.209432870 0.000792660 -0.046942737 -0.013973077 0.998799562
4086.834684320 -0.067905635 -0.015966320 0.259690464 -0.007084272 -0.046499878 -0.009831662 0.998844802
4086.881267680 -0.083552241 -0.015915513 0.329770029 0.007339603 -0.041737255 -0.020772671 0.998885691
4086.923929664 -0.097476125 -0.012454407 0.410518467 0.000004919 -0.038534261 -0.024341512 0.998960793
4086.970047680 -0.106360279 -0.009005339 0.508105457 -0.001670426 -0.028718306 -0.029687049 0.999145210
4087.015941664 -0.118021421 -0.013673095 0.605429173 0.001557276 -0.021847419 -0.034286350 0.999172032
4087.061236384 -0.118159294 -0.016268086 0.709277451 -0.003471674 -0.014772987 -0.032345105 0.999361575
4087.104805344 -0.113933623 -0.014530729 0.810237110 -0.018817604 -0.006347936 -0.021770261 0.999565721
4087.142360928 -0.111115761 -0.016548650 0.912363887 -0.014799431 0.001225437 -0.023446325 0.999614835
4087.189792992 -0.110456526 -0.020756364 1.022372723 -0.007917872 0.005078123 -0.015485588 0.999835849
4087.234606752 -0.104936898 -0.026797179 1.129525900 0.005675714 0.009151729 -0.009264093 0.999899089
4087.281088896 -0.096395284 -0.026592029 1.240158319 -0.011725930 0.012343574 -0.001242651 0.999854267
4087.314764320 -0.098789372 -0.017536795 1.345854163 -0.010349639 0.018515112 -0.016960507 0.999631107
4087.361646720 -0.092696741 -0.021202592 1.460375547 0.008227676 0.023585103 -0.013358402 0.999598742
4087.415852064 -0.068053678 -0.068279587 1.604008198 0.000250484 0.020960497 0.005868970 0.999763072
4087.455168000 -0.063227430 -0.070078485 1.725774050 -0.018699374 0.018434865 0.005881287 0.999637902
4087.503586240 -0.071456581 0.001359969 1.846467614 0.009525140 0.020270385 0.021026162 0.999528050
4087.547014112 -0.069421880 0.058535490 1.959092021 0.033929929 0.020309651 0.033656318 0.998650849
4087.598410752 -0.070997618 0.047695305 2.102668047 0.012377495 0.020036334 0.026859542 0.999361753
4087.637222368 -0.063719504 0.036732454 2.198112249 0.038813848 0.019169282 0.041959476 0.998181045
4087.678301120 -0.088910125 0.039732955 2.300233126 0.033753268 0.016528543 0.039621476 0.998507738
4087.730507200 -0.101700641 0.044584170 2.456871748 0.012373479 0.011764316 0.024910375 0.999543905
4087.778606624 -0.094438970 0.026568100 2.585551262 0.018980011 0.012276618 0.032565247 0.999213994
4087.848742816 -0.092169568 0.011707219 2.799056053 0.004551028 0.011040905 0.030946163 0.999449670
4087.883473408 -0.091356389 0.009252797 2.894601107 0.011752862 0.010469214 0.029543780 0.999439538
4087.924567392 -0.091428250 0.008769913 3.017679691 0.007692505 0.012000440 0.031824343 0.999391794
4087.973422688 -0.080246128 -0.000493472 3.161336422 0.006738851 0.010894202 0.046557505 0.998833477
4088.015577792 -0.085535116 -0.002676734 3.288846254 0.013964460 0.013198263 0.027958253 0.999424398
4088.080453056 -0.066435605 -0.016486656 3.486122608 0.007266432 0.013154272 0.057953347 0.998206198
4088.114998560 -0.063358769 -0.021276258 3.590090990 0.010487234 0.016004616 0.054421306 0.998334706
4088.165391360 -0.058296576 -0.028165936 3.740964413 0.015518827 0.017082427 0.055152543 0.998211145
4088.210117952 -0.052371904 -0.034894340 3.876726151 0.013299309 0.020450838 0.053532932 0.998268068
4088.245133312 -0.045349397 -0.046495125 3.999971151 0.010386880 0.017642725 0.060534976 0.997956097
4088.295136896 -0.029261865 -0.054459281 4.152529240 0.020657320 0.015405253 0.075771451 0.996792197
4088.345807072 -0.008551765 -0.029981317 4.336179733 0.012219165 0.007870493 0.089883260 0.995846212
4088.399704736 0.012063883 -0.047048271 4.528617382 -0.003017018 -0.004382353 0.085277624 0.996343017
4088.434387296 0.024853529 -0.049759910 4.645383358 -0.013377614 -0.009441367 0.109629422 0.993837655
4088.473983168 0.039945245 -0.058980532 4.778512955 -0.015028944 -0.013222717 0.118299402 0.992776155
4088.524285024 0.041373163 -0.074668214 4.924651623 0.007461815 -0.006357880 0.113545641 0.993484437
4088.569194432 0.043241240 -0.092090592 5.069339752 0.047065359 0.004280393 0.116100565 0.992112517
4088.610598848 0.053986259 -0.132112324 5.205460548 0.079225726 0.011456690 0.113217376 0.990340292
4088.648113280 0.008133139 -0.128282249 5.365755558 0.096429504 0.018336454 0.120177202 0.987887919
4088.693242080 0.015146374 -0.153614074 5.498690128 0.104258731 0.014757873 0.124083243 0.986668944
4088.734444832 0.023687979 -0.184140280 5.645545959 0.098077469 0.011084155 0.126551136 0.987037361
4088.768891904 0.023186168 -0.218966648 5.768427372 0.087994114 0.009498577 0.118180133 0.989040077
4088.817153600 0.021357797 -0.235425100 5.937650204 0.075876951 0.008946420 0.116003044 0.990305960
4088.865956064 0.027542535 -0.252742290 6.101443291 0.064514056 0.006469248 0.113764189 0.991389871
4088.922788768 0.028570706 -0.283994734 6.299911976 0.063892454 0.007694891 0.110129967 0.991831601
4088.961540576 0.030898221 -0.300780803 6.412584305 0.058239702 0.005394608 0.114420943 0.991709054
4089.005276640 0.040269617 -0.327457726 6.575635910 0.064780772 0.006060428 0.125841379 0.989914477
4089.048849280 0.044049494 -0.353351414 6.716262817 0.073275812 0.011300620 0.126682237 0.989168644
4089.081660256 0.044548135 -0.371756852 6.835597992 0.073299840 0.016881855 0.118948996 0.990047097
4089.117694624 0.046916634 -0.389084458 6.961405754 0.071258686 0.021267226 0.118718073 0.990139306
4089.178019936 0.064854354 -0.419844419 7.178737640 0.059942093 0.012312049 0.130297363 0.989584744
4089.212103296 0.066592954 -0.436773449 7.300696373 0.046025064 0.005414467 0.130513340 0.990362883
4089.246681376 0.064857699 -0.448769480 7.420754433 0.035347164 -0.000907208 0.123134419 0.991759837
4089.280486848 0.057518106 -0.454667151 7.544198513 0.023030072 -0.006323881 0.112853341 0.993324578
4089.340196608 0.050690535 -0.462931991 7.770733356 0.001694651 -0.017953379 0.117833570 0.992869616
4089.372217792 0.047581367 -0.473650128 7.882691860 0.001236837 -0.020709395 0.116987109 0.992916703
4089.412432768 0.038625069 -0.485141903 8.019407272 0.004478556 -0.019928899 0.113464572 0.993332088
4089.451086816 0.024486750 -0.492819458 8.158935547 0.019208111 -0.015870014 0.106058627 0.994047642
4089.491467264 0.019498851 -0.498190790 8.301704407 0.025659628 -0.013168802 0.110825986 0.993421257
4089.523619488 0.017519839 -0.510150671 8.427513123 0.030038593 -0.015261197 0.114132501 0.992893994
4089.565239648 0.008545652 -0.526431084 8.564670563 0.031578284 -0.016636765 0.115130812 0.992708921
4089.608265856 0.000690755 -0.543269694 8.746310234 0.030724728 -0.018143641 0.111061543 0.993172765
4089.649601216 -0.005043492 -0.557479501 8.893902779 0.031162392 -0.018977351 0.109801061 0.993283689
4089.684738848 -0.013571295 -0.568617344 9.036843300 0.024693482 -0.021101573 0.107596934 0.993663847
4089.718159104 -0.018643875 -0.576645136 9.162172318 0.023086604 -0.021536347 0.111476324 0.993265450
4089.758266144 -0.023539899 -0.595636845 9.315473557 0.032353215 -0.019441552 0.110227726 0.993189394
4089.794423520 -0.032134168 -0.610435009 9.446928978 0.029012408 -0.018364191 0.104467645 0.993935347
4089.828748160 -0.041224487 -0.621770799 9.589525223 0.030581180 -0.018219892 0.101936705 0.994153798
4089.867285920 -0.045800049 -0.630535543 9.733304024 0.035397056 -0.019014908 0.107895434 0.993349910
4089.909085152 -0.051840756 -0.640802264 9.884373665 0.023424724 -0.020921668 0.106429681 0.993824065
4089.945674944 -0.060380254 -0.655347109 10.043633461 0.017937245 -0.022376977 0.103178248 0.994249344
4090.005445760 -0.079504319 -0.671386182 10.309937477 0.005574725 -0.026434490 0.094824560 0.995127320
4090.040057184 -0.081319168 -0.681765020 10.435711861 0.019109810 -0.027661724 0.100067958 0.994412422
4090.089307968 -0.092403106 -0.699939072 10.638627052 0.022308765 -0.029307513 0.103103817 0.993988395
4090.121343488 -0.105103552 -0.710064888 10.775761604 0.023333730 -0.030267624 0.095367961 0.994708180
4090.184953600 -0.123984545 -0.733366430 11.035400391 0.024645964 -0.027643861 0.097116746 0.994583666
4090.216830112 -0.134322226 -0.745168030 11.174728394 0.020491438 -0.027364798 0.094811425 0.994908094
4090.252174816 -0.144797653 -0.759712517 11.321074486 0.025989948 -0.027200945 0.095275506 0.994739771
4090.291157824 -0.148343235 -0.772439122 11.485781670 0.025109997 -0.029418182 0.100539468 0.994181037
4090.332126144 -0.160385445 -0.788615286 11.661300659 0.032526061 -0.028634043 0.099042580 0.994139194
4090.366788608 -0.167326689 -0.802050531 11.796747208 0.035261285 -0.028174661 0.097723290 0.994189620
4090.401216640 -0.176840931 -0.817008078 11.950381279 0.031583510 -0.029090123 0.098167002 0.994243145
4090.440086528 -0.186788321 -0.835755467 12.118497849 0.032596499 -0.029072277 0.100621656 0.993965566
4090.472926912 -0.195022345 -0.849409342 12.261040688 0.034825426 -0.028450659 0.098671436 0.994103432
4090.512084704 -0.206894726 -0.866520345 12.432051659 0.032810014 -0.027787022 0.099837504 0.994074345
4090.552681312 -0.215781003 -0.886551619 12.601429939 0.033244770 -0.028118571 0.099243261 0.994110107
4090.586156224 -0.223760188 -0.902077198 12.750426292 0.033286605 -0.028043548 0.100321695 0.994002581
4090.620494208 -0.231170818 -0.917597175 12.900424957 0.039023466 -0.025787614 0.101990253 0.993685126
4090.671464992 -0.246541098 -0.940648973 13.122813225 0.033704709 -0.026432360 0.103079461 0.993750453
4090.704033664 -0.252092302 -0.957538307 13.270608902 0.038528495 -0.025713515 0.105022155 0.993390560
4090.771456160 -0.255868316 -1.027060509 13.567567825 0.030622713 -0.026203688 0.108424284 0.993287385
4090.804757856 -0.265416831 -1.042595148 13.709957123 0.036847573 -0.026177499 0.113037683 0.992562056
4090.844489440 -0.274802059 -1.057565331 13.891643524 0.031313844 -0.028636800 0.113608524 0.992618978
4090.882795680 -0.283378512 -1.080938935 14.059561729 0.038030960 -0.028103832 0.114491560 0.992298067
4090.926146880 -0.288476497 -1.113917947 14.271655083 0.037196074 -0.029263094 0.117322944 0.991965413
4090.962230240 -0.293633968 -1.133142471 14.432540894 0.038108088 -0.030067567 0.118330114 0.991787136
4091.030594240 -0.315170705 -1.173161745 14.742582321 0.042529959 -0.029040266 0.117669396 0.991716564
4091.065120160 -0.314589113 -1.185138464 14.895076752 0.043016713 -0.031028997 0.116195627 0.991809130
4091.105828576 -0.315630913 -1.249815702 15.060000420 0.039917368 -0.032099124 0.119535819 0.991507649
4091.137146976 -0.293182045 -1.289170504 15.209795952 0.034138855 -0.036338862 0.118492067 0.991702378
4091.179353696 -0.267069131 -1.354006648 15.408609390 0.025342800 -0.041485049 0.118273936 0.991790295
4091.222127712 -0.326456815 -1.345308542 15.437794685 0.020462530 -0.038909677 0.115131319 0.992376983
4091.294277824 -0.333673596 -1.372804999 15.797359467 0.025952145 -0.037867248 0.116221912 0.992161810
4091.354239136 -0.356922805 -1.399888754 16.071004868 0.026991270 -0.038519893 0.112704068 0.992514729
4091.385650592 -0.341251552 -1.444933534 16.291580200 0.023937438 -0.042111780 0.113405719 0.992367208
4091.423946560 -0.335577279 -1.597669482 16.344425201 0.015860317 -0.042483203 0.111673087 0.992709816
4091.487006432 -0.297621965 -1.789353251 16.582654953 0.004838250 -0.043123450 0.101249211 0.993914247
4091.519144256 -0.302015275 -1.878054619 16.675594330 0.000938056 -0.040512860 0.093126424 0.994829297
4091.588784448 -0.260875702 -1.931896210 16.687658310 -0.003700535 -0.037909828 0.072956018 0.996607542
4091.621144192 -0.167387426 -1.869802356 16.436527252 0.000073979 -0.043818664 0.064098924 0.996981084
4091.661661792 -0.273902893 -1.879520416 16.811435699 0.006017736 -0.042900588 0.073044546 0.996387422
4091.693236256 -0.345053405 -1.896221161 17.102722168 0.010302763 -0.043496538 0.077775478 0.995968342
4091.732127776 -0.579008996 -2.011451721 17.361984253 0.004812091 -0.028750554 0.082270332 0.996183634
4091.769648864 -0.610908210 -2.020899773 17.511180878 0.003651408 -0.026950175 0.086800016 0.995854437
4091.809611136 -0.695713580 -2.184155941 17.998540878 -0.002706578 -0.021793753 0.080782101 0.996489823
4091.841750592 -0.750026524 -2.346225023 18.339891434 -0.014558155 -0.020921718 0.075127453 0.996848166
4091.901825632 -0.777244031 -2.289175034 18.649980545 -0.015285127 -0.021010084 0.073009409 0.996992767
4091.936873152 -0.771261930 -2.321769476 18.616767883 -0.019119870 -0.023133082 0.075838968 0.996668339
4091.981188128 -0.720565796 -2.320408106 18.990663528 -0.014108904 -0.016389238 0.057784308 0.998094857
4092.016068128 -0.650981545 -2.302203894 19.293630600 -0.007587343 -0.017567277 0.045127559 0.998797953
4092.077105312 -0.502193451 -2.366307259 19.840307236 -0.003016850 -0.026203169 0.032991346 0.999107540
4092.121776992 -0.439064145 -2.281323195 19.603490829 -0.003279018 -0.035320472 0.032673102 0.998836398
4092.158460448 -0.764893711 -1.988813639 19.697130203 0.001254587 -0.026846103 0.053870704 0.998186171
4092.192053952 -0.851381361 -1.513135672 20.147144318 0.038963489 -0.014865056 0.007816080 0.999099493
4092.229718432 -1.197552204 -1.743050814 19.875038147 -0.034922387 0.019422317 -0.281482637 0.958733916
4092.289224704 -1.172221780 -1.639523387 18.956842422 -0.079077706 0.009796590 -0.592187107 0.801851094
4092.322643264 -1.003717661 -1.452699184 18.093397141 -0.070380539 0.000376553 -0.607533753 0.791169465
4092.357323008 -0.712333322 -2.723437071 16.241657257 -0.136085719 -0.088102736 -0.633398056 0.756654084
4092.389765952 -0.477922350 -3.900103331 14.736289024 -0.172653377 -0.144355610 -0.660376966 0.716417789
4092.425636416 -0.364025652 -5.000903130 13.200186729 -0.190296307 -0.180388957 -0.703799844 0.660237074
4092.473079712 -0.386790484 -6.376384258 13.072944641 -0.228772923 -0.236258850 -0.738167524 0.589027524
4092.505522304 -0.500813365 -7.188140869 13.232675552 -0.276959747 -0.273125380 -0.742763638 0.544975281
4092.546905248 -0.582039475 -8.098265648 13.434165955 0.315381259 0.318363041 0.747496128 -0.490335763
4092.585333120 -0.539719760 -8.462606430 13.238347054 0.312491566 0.337284029 0.753586352 -0.469783068
4092.621150208 -0.624253750 -8.106739044 13.631051064 0.329981834 0.315942109 0.737268806 -0.497722119
4092.655899232 -0.686605036 -7.759657860 13.990895271 -0.341519952 -0.291943431 -0.725794613 0.520917654
4092.693389792 -0.686605036 -7.759657860 13.990895271 -0.341519952 -0.291943431 -0.725794613 0.520917654
4092.728950752 -0.641337991 -7.810435772 13.867077827 -0.336970150 -0.298497677 -0.730363786 0.513730526
4092.765339968 -0.643296838 -7.632560253 13.971857071 -0.333725095 -0.302378297 -0.730950356 0.512744188
4092.798105504 -0.682074070 -7.583884716 13.938950539 0.326402754 0.300113559 0.746136665 -0.496661991
4092.838120096 -3.489375114 -8.738562584 10.934509277 0.330377400 0.156651273 0.853290439 -0.371761471
4092.874230912 -6.128810883 -7.855727196 8.748519897 0.339533031 0.008804775 0.898517668 -0.278039187
4092.926785504 -6.027908802 -7.939404011 9.087968826 0.357515335 0.025679443 0.895060301 -0.265311927
4092.982519744 -5.795676231 -7.995787144 9.561308861 0.378782094 0.040858094 0.887544334 -0.259074897
4093.017373664 -6.274735451 -8.837035179 9.211970329 0.421393096 0.120125569 0.846839726 -0.301430196
4093.053740256 -6.756277084 -9.974199295 8.717330933 0.460299522 0.198767930 0.793896496 -0.344011605
4093.091445248 -6.635574818 -9.789437294 8.811851501 0.457510293 0.203888908 0.793760896 -0.345046788
4093.124668832 -6.525525093 -9.587763786 9.044672012 0.475421578 0.215318218 0.783982754 -0.336130053
4093.160833312 -7.085829735 -9.334752083 8.792288780 0.515104055 0.146565348 0.783840239 -0.314294249
4093.195389216 -7.028741837 -9.341740608 8.776629448 0.513093054 0.150511295 0.786949158 -0.307884425
4093.230435680 -6.901322365 -9.255687714 8.841876984 0.513455987 0.147985414 0.787250996 -0.307732254
4093.263563904 -6.807908535 -9.177045822 8.841961861 0.501872838 0.142452449 0.795151353 -0.309136271
4093.299157888 -6.704438210 -9.100057602 8.931553841 0.502721250 0.145388663 0.794762731 -0.307385117
4093.339226144 -6.556317329 -8.998149872 9.033715248 0.503377199 0.146110058 0.794091344 -0.307704777
4093.382534528 -6.397163391 -8.876286507 9.131003380 0.504882395 0.143292695 0.792117834 -0.311625272
4093.418518816 -6.277734756 -8.765582085 9.204489708 0.506629825 0.141338572 0.791832149 -0.310405344
4093.450150016 -6.165698528 -8.670468330 9.274851799 0.508487344 0.139973521 0.791670859 -0.308391452
4093.492141728 -6.014656544 -8.549870491 9.366361618 0.512349844 0.134861574 0.791270494 -0.305288404
4093.536964896 -5.871242046 -8.439787865 9.451806068 0.511796057 0.141398951 0.790374219 -0.305580974
4093.569391808 -5.837496758 -8.252068520 9.528552055 0.511454821 0.140972123 0.793309808 -0.298664302
4093.605269344 -5.753391743 -8.117585182 9.601582527 0.511738837 0.141413212 0.793249667 -0.298128635
4093.645560768 -5.644247532 -7.971673965 9.679395676 0.511873543 0.139434829 0.793901026 -0.297093540
4093.693897984 -5.490378380 -7.852271080 9.768775940 0.510988116 0.143044651 0.794775367 -0.294552863
4093.734041760 -5.358699322 -7.746652603 9.847374916 0.512959719 0.144109011 0.793890715 -0.292988926
4093.767726432 -5.259732246 -7.664227009 9.917809486 0.513606489 0.150510505 0.790214360 -0.298523486
4093.812855648 -5.104248524 -7.556440353 9.994180679 0.517283142 0.155696243 0.786588609 -0.299090564
4093.857273984 -4.961680889 -7.438908577 10.076102257 0.518206060 0.161897093 0.784427226 -0.299876392
4093.896780416 -4.838274479 -7.332991600 10.146171570 0.516468465 0.164254531 0.786126852 -0.297128379
4093.972848544 -4.592448235 -7.128860474 10.289544106 0.514293730 0.166383982 0.787148833 -0.297010154
4094.014584416 -4.475588322 -7.029665947 10.356545448 0.514908791 0.167453066 0.787777960 -0.293656647
4094.055052416 -4.329953671 -6.917927742 10.434360504 0.519645154 0.158958584 0.789885044 -0.284223050
4094.101148704 -4.150275707 -6.805394173 10.522090912 0.531118274 0.134777561 0.793744087 -0.264043152
4094.144632032 -4.011498451 -6.699312210 10.597650528 0.538368046 0.125245929 0.790249705 -0.264534771
4094.182937856 -3.906662226 -6.594522953 10.666394234 0.536492884 0.144921795 0.776779652 -0.296287835
4094.253316512 -3.754588127 -6.421563148 10.705624580 0.516153514 0.199121639 0.780081213 -0.292248905
4094.325023328 -3.640397310 -6.330378532 10.827739716 0.539907873 0.149126112 0.767205596 -0.312500328
4094.393166976 -3.432680130 -6.141410828 10.920138359 0.526547670 0.163496315 0.784544230 -0.283737421
4094.428154112 -3.309639931 -6.059590816 10.968001366 0.520966113 0.164316282 0.795331120 -0.262759954
4094.471516384 -3.145267487 -5.958614826 11.046499252 0.533552289 0.132511199 0.793475032 -0.261074871
4094.521426560 -2.995685577 -5.843610764 11.148120880 0.535942256 0.125709414 0.782310665 -0.291467100
4094.562884896 -2.889972687 -5.755191326 11.203513145 0.517011523 0.166253239 0.781083226 -0.308168679
4094.627742368 -2.704698563 -5.539696693 11.340548515 0.505132854 0.173903346 0.788723886 -0.304159731
4094.663618976 -2.615476608 -5.452275753 11.429585457 0.502860785 0.171584457 0.785940886 -0.316206753
4094.712589568 -2.492164612 -5.332263470 11.523254395 0.506345987 0.161593392 0.784770906 -0.318803877
4094.765343456 -2.358283281 -5.221732616 11.605254173 0.514167666 0.138830602 0.790219784 -0.303167343
4094.802763072 -2.246078491 -5.125346184 11.676653862 0.511585951 0.144992769 0.787678182 -0.311159045
4094.850696416 -2.115498781 -5.023017406 11.758008003 0.517882109 0.134936154 0.784510970 -0.313261688
4094.897638560 -1.991904259 -4.925970078 11.825407982 0.513363123 0.151163295 0.786546052 -0.308144838
4094.940968512 -1.874674678 -4.836368084 11.898114204 0.519394517 0.139409319 0.784994781 -0.307534695
4094.979824160 -1.755304694 -4.747752666 11.958382607 0.519671500 0.141828611 0.789268970 -0.294755369
4095.025210816 -1.641351938 -4.655640602 12.027899742 0.524696946 0.132464468 0.786652565 -0.297193527
4095.072888640 -1.494399071 -4.548992634 12.100171089 0.523086429 0.137617901 0.791275799 -0.285174370
4095.115848576 -1.356883526 -4.445414543 12.174415588 0.521231830 0.135674819 0.791004539 -0.290209413
4095.159713696 -1.189441204 -4.315495968 12.249844551 0.515280843 0.138573185 0.793987036 -0.291320711
4095.203845376 -1.064430833 -4.222407818 12.322825432 0.514055133 0.134720102 0.793823481 -0.295706183
4095.280273472 -0.852226973 -4.056114197 12.443635941 0.509141505 0.143709257 0.792845190 -0.302521437
4095.320406816 -0.744390368 -3.980123520 12.488113403 0.503808439 0.148288667 0.788530707 -0.320010751
4095.362802240 -0.586149931 -3.790577412 12.658041954 0.500294924 0.157984942 0.794399559 -0.306064069
4095.409526368 -0.434178233 -3.672730446 12.737062454 0.501107097 0.159734637 0.797395825 -0.295865536
4095.493008064 -0.225803807 -3.499174356 12.876328468 0.522065461 0.132220477 0.786244214 -0.302961022
4095.533459584 -0.069308043 -3.400529861 12.932497025 0.519054353 0.151102081 0.793746054 -0.278779536
4095.577908032 0.042293072 -3.308744192 13.006952286 0.519369304 0.146990120 0.787568927 -0.297295511
4095.625694368 0.155949712 -3.211692095 13.076551437 0.519835055 0.149107322 0.784315646 -0.303953052
4095.683310304 0.324183226 -3.080399513 13.160322189 0.517100692 0.162000388 0.784013152 -0.302797049
4095.724146176 0.452622831 -2.971065044 13.227299690 0.518891513 0.165567175 0.782068670 -0.302832782
4095.766358944 0.549932063 -2.885142088 13.288578033 0.521834016 0.160916343 0.780928969 -0.303224444
4095.844777216 0.783187628 -2.685533524 13.401589394 0.523659825 0.153444186 0.784311831 -0.295110613
4095.885868128 0.919666648 -2.573522806 13.469798088 0.523070633 0.145521238 0.787345231 -0.292075694
4095.962721088 1.135962248 -2.404672861 13.579582214 0.515400469 0.142580062 0.798178196 -0.277389497
4095.998406976 1.242553353 -2.333680153 13.656228065 0.515479028 0.130488425 0.795020103 -0.291885376
4096.050577056 1.367637873 -2.250653744 13.731099129 0.515395820 0.120654136 0.795457244 -0.295055002
4096.092277760 1.485378623 -2.159842491 13.795291901 0.507174373 0.133257598 0.801587045 -0.287184089
4096.137613728 1.606057525 -2.066706657 13.863543510 0.504269183 0.126611874 0.800800323 -0.297322720
4096.178804896 1.729727507 -1.979622841 13.950202942 0.501870990 0.123524152 0.797252893 -0.311857551
4096.224847680 1.872713327 -1.921751976 14.033017159 0.500159323 0.121766560 0.806560099 -0.290644646
4096.273103904 1.988859177 -1.807977796 14.111321449 0.493056595 0.127821520 0.809037328 -0.293283910
4096.315011264 2.100286722 -1.723264813 14.191417694 0.496704310 0.116224363 0.808293879 -0.294003040
4096.357673824 2.200804949 -1.651683927 14.259139061 0.495130152 0.119161330 0.805704594 -0.302467823
4096.406617696 2.324035168 -1.566760302 14.321580887 0.492717773 0.132102549 0.811147869 -0.286037147
4096.450630336 2.442949057 -1.478315949 14.398567200 0.497642845 0.125764027 0.807209730 -0.291457444
4096.490950944 2.553458691 -1.401661754 14.468248367 0.498560160 0.122278757 0.806648076 -0.292924076
4096.537884704 2.675217628 -1.314995885 14.544286728 0.494510025 0.124974526 0.808559775 -0.293380648
4096.587327808 2.817894936 -1.213851094 14.628778458 0.491860390 0.120645866 0.813476861 -0.285960376
4096.636503584 2.932704687 -1.121947527 14.712313652 0.487615585 0.125435516 0.808144569 -0.305612892
4096.686464960 3.062699556 -1.028960943 14.787995338 0.487042010 0.132517532 0.808374166 -0.302919805
4096.759409920 3.243840933 -0.888136268 14.906829834 0.497034878 0.125700712 0.800126433 -0.311373353
4096.797255744 3.353174686 -0.812482536 14.959936142 0.500619113 0.128393918 0.800083458 -0.304568619
4096.851197344 3.475227356 -0.711727977 15.048170090 0.503747821 0.131978840 0.792456031 -0.317542553
4096.899953472 3.594317436 -0.619941473 15.121164322 0.513214111 0.112961680 0.789684415 -0.316621900
4096.936116160 3.684463739 -0.550623357 15.175276756 0.505379021 0.131202400 0.791016817 -0.318858027
4096.979012576 3.787889004 -0.473101079 15.237333298 0.504998386 0.131105542 0.793073952 -0.314358950
4097.025111520 3.892428637 -0.390974611 15.313190460 0.507853627 0.117744952 0.787727892 -0.328185380
4097.056757760 3.981014967 -0.327635229 15.364345551 0.503752887 0.127436280 0.792355657 -0.319633484
4097.104814816 4.124212742 -0.230969638 15.460486412 0.506518185 0.125432491 0.789984167 -0.321917772
4097.153733696 4.252327442 -0.144324452 15.557535172 0.515689254 0.125850663 0.786209285 -0.316387713
4097.195558592 4.356222630 -0.065615684 15.616953850 0.526190400 0.132045805 0.776723385 -0.319981843
4097.232194656 4.447095871 0.002380863 15.658815384 0.534827113 0.134936959 0.775961041 -0.306000888
4097.277214784 4.562990189 0.097720385 15.715367317 0.537061036 0.144159973 0.773122609 -0.305065304
4097.327185312 4.686364651 0.230022043 15.775601387 0.537387848 0.142919168 0.773337781 -0.304527611
4097.386473824 4.860211372 0.361616850 15.864234924 0.533301830 0.143912077 0.774806619 -0.307495117
4097.419969088 4.942553997 0.432082564 15.906979561 0.532878697 0.140454292 0.774572074 -0.310404420
4097.463904640 5.055042267 0.520885229 15.967335701 0.534708202 0.137422279 0.774621785 -0.308485627
4097.533177600 5.232730865 0.651735902 16.059350967 0.535754979 0.136931017 0.772776663 -0.311500937
4097.566917344 5.326282978 0.746441662 16.136854172 0.536419630 0.138289586 0.774936855 -0.304307014
4097.605592128 5.412722588 0.815790236 16.186933517 0.537184775 0.132830560 0.774881065 -0.305528879
4097.645770176 5.522266388 0.903384566 16.250072479 0.535150826 0.130854905 0.773701072 -0.312853366
4097.692626240 5.635670185 0.989880741 16.311429977 0.532734334 0.129421562 0.772676349 -0.320024133
4097.728963488 5.744435310 1.067333460 16.361909866 0.528047204 0.135367006 0.779399931 -0.308832705
4097.762438592 5.829876423 1.128722072 16.406190872 0.528668106 0.131000295 0.778270900 -0.312479377
4097.807032864 5.947274685 1.219245553 16.469821930 0.531829655 0.126883030 0.777600288 -0.310476601
4097.854837984 6.061808109 1.310852170 16.535150528 0.536548078 0.127184093 0.772511184 -0.314907640
4097.895420000 6.181356430 1.396681309 16.590291977 0.539476335 0.133325607 0.771164119 -0.310637116
4097.940026112 6.274425030 1.467664480 16.639659882 0.545517325 0.132272944 0.765950203 -0.313424647
4097.979007296 6.402869701 1.559206247 16.688152313 0.548085034 0.139980212 0.770437777 -0.293996513
4098.031703328 6.537121773 1.639909744 16.753221512 0.551879287 0.136494443 0.767689884 -0.295720756
4098.063278208 6.647414207 1.724101901 16.805667877 0.552509904 0.136037380 0.766431332 -0.298009396
4098.104026656 6.774027824 1.857517719 16.878036499 0.557630360 0.125481546 0.763782322 -0.299898893
4098.152511520 6.912882805 1.955792308 16.931509018 0.550578058 0.143735811 0.769690394 -0.289448738
4098.194246080 7.025338650 2.039311647 16.986488342 0.550675035 0.141631797 0.766066313 -0.299732804
4098.252282368 7.209160805 2.179748535 17.059236526 0.552994251 0.139154300 0.766206861 -0.296244055
4098.284792928 7.290452480 2.240536928 17.094318390 0.551739156 0.145219222 0.765941620 -0.296359032
4098.323048800 7.419408798 2.335512161 17.144533157 0.553448915 0.143963784 0.766951144 -0.291126549
4098.368492576 7.558880329 2.438570023 17.203828812 0.555427730 0.142624497 0.766440511 -0.289356649
4098.405206624 7.674219608 2.521680832 17.239606857 0.558324754 0.143736884 0.765641451 -0.285317928
4098.444352000 7.779351711 2.598519802 17.283647537 0.563894033 0.139174774 0.763055980 -0.283547789
4098.485711680 7.898034573 2.690715313 17.328720093 0.566177547 0.141808152 0.761615694 -0.281558126
4098.540919296 8.046389580 2.800103426 17.388528824 0.565617740 0.151886895 0.756685793 -0.290574521
4098.581623168 8.150269508 2.886431217 17.431062698 0.568506896 0.150510371 0.756032526 -0.287335038
4098.618156256 8.267103195 2.959668159 17.466670990 0.567971289 0.152620614 0.755251408 -0.289328426
4098.662387552 8.391103745 3.054582357 17.514760971 0.568145156 0.152230546 0.755138040 -0.289488047
4098.709902880 8.544116020 3.185440302 17.582532883 0.570481539 0.143007711 0.756043911 -0.287223488
4098.747249184 8.653618813 3.266498566 17.618803024 0.569081485 0.143457860 0.758265674 -0.283900261
4098.791302272 8.776692390 3.353667974 17.661788940 0.572130084 0.133092016 0.759091496 -0.280595332
4098.832301312 8.898063660 3.443901777 17.707752228 0.568903804 0.137099579 0.761143446 -0.279665560
4098.878392640 9.038688660 3.546773434 17.766931534 0.570258319 0.127152264 0.761359632 -0.281014562
4098.941733344 9.236941338 3.681414127 17.845277786 0.567795873 0.132927060 0.761613667 -0.282635510
4098.974221088 9.328195572 3.742636442 17.876190186 0.571013689 0.126810253 0.761152565 -0.280195117
4099.017402912 9.461277008 3.840610027 17.927814484 0.571614385 0.125409171 0.760066450 -0.282539248
4099.065099968 9.602848053 3.954790831 17.987613678 0.572764933 0.127423465 0.762092054 -0.273713768
4099.102812960 9.711486816 4.025462151 18.026220322 0.575951874 0.120648891 0.760104954 -0.275615305
4099.141268032 9.831045151 4.103332996 18.066301346 0.573651135 0.125745937 0.758577347 -0.282263517
4099.181547456 9.941239357 4.200153351 18.106006622 0.578009903 0.117758758 0.759133160 -0.275234848
4099.234706112 10.219339371 4.325303555 18.250396729 0.578461468 0.123639807 0.758834958 -0.272516221
4099.270128192 10.320792198 4.399135113 18.286869049 0.581579626 0.119590253 0.756977022 -0.272853732
4099.308101856 10.412298203 4.460296154 18.321941376 0.583360434 0.116622098 0.754997194 -0.275806248
4099.353072384 10.526399612 4.536952019 18.345932007 0.580319941 0.122612059 0.758646369 -0.269537985
4099.407655648 10.650430679 4.620035648 18.396051407 0.579368055 0.115088232 0.757422030 -0.278207213
4099.444721472 10.756164551 4.691941738 18.451486588 0.575585544 0.115843207 0.759996116 -0.278724909
4099.484162592 10.829881668 4.740785122 18.478698730 0.573459506 0.115480334 0.760938644 -0.280679554
4099.527787104 10.902426720 4.790656567 18.503084183 0.571483672 0.114928141 0.761973381 -0.282124966
4099.569481248 10.973913193 4.843651295 18.525285721 0.569615483 0.117346063 0.765301108 -0.275830150
4099.603383488 11.021697998 4.876755238 18.544410706 0.568063319 0.120736532 0.764253974 -0.280433029
4099.635538304 11.066495895 4.908724308 18.557775497 0.569405138 0.117599450 0.764273942 -0.278986692
4099.704454752 11.153731346 4.968364716 18.585386276 0.571746945 0.118196934 0.761636078 -0.281149983
4099.746800000 11.213088036 5.004666805 18.608531952 0.572451293 0.120168351 0.759542584 -0.284524322
4099.786374272 11.253757477 5.029634476 18.621751785 0.573989213 0.119859599 0.759483993 -0.281698436
4099.826002112 11.286948204 5.054362297 18.632604599 0.574361682 0.118895419 0.759761274 -0.280597955
4099.866430752 11.318196297 5.076091290 18.643650055 0.573836803 0.117537640 0.760101736 -0.281321228
4099.918100480 11.356939316 5.099025726 18.645912170 0.571204364 0.121176302 0.761762321 -0.280642122
4099.950387584 11.376897812 5.112135887 18.652849197 0.570773065 0.121295027 0.761597157 -0.281913877
4099.990183040 11.395933151 5.125895023 18.661003113 0.571953595 0.120190933 0.760548890 -0.282822639
4100.029301312 11.417988777 5.141601562 18.667776108 0.572004855 0.123304784 0.760306895 -0.282027870
4100.079599008 11.437225342 5.152445793 18.668027878 0.572639585 0.122551642 0.759948254 -0.282034904
4100.121304928 11.460762024 5.166206837 18.671079636 0.572262287 0.123073243 0.760783732 -0.280315727
4100.162281792 11.475925446 5.177257538 18.676099777 0.572320521 0.122996584 0.760976136 -0.279707879
4100.203545856 11.487407684 5.185747147 18.679533005 0.572251618 0.123935260 0.761002183 -0.279363066
4100.249032192 11.498708725 5.193776608 18.684083939 0.572664559 0.123920232 0.760246038 -0.280579865
4100.285600192 11.510220528 5.201976776 18.684936523 0.572436392 0.123920500 0.760547638 -0.280227542
4100.326744928 11.517569542 5.207006454 18.688348770 0.572528005 0.123821504 0.760404408 -0.280472904
4100.368882208 11.522875786 5.211551189 18.690305710 0.573055744 0.124383062 0.760080099 -0.280025154
4100.419934176 11.530809402 5.215453148 18.693975449 0.573766828 0.124635145 0.759353876 -0.280427217
4100.453893440 11.536691666 5.220312595 18.693822861 0.573960245 0.124760546 0.759225070 -0.280324340
4100.514376288 11.542553902 5.224136353 18.697584152 0.574250281 0.124423645 0.758708715 -0.281276762
4100.550340544 11.546442986 5.226799488 18.699478149 0.574087977 0.124731958 0.758740902 -0.281384408
4100.593860736 11.546442986 5.226799488 18.699478149 0.574087977 0.124731958 0.758740902 -0.281384408
4100.646210016 11.554628372 5.231696606 18.704320908 0.574286640 0.124965861 0.758368909 -0.281877607
4100.692019776 11.559563637 5.234728336 18.706241608 0.574055493 0.125222117 0.758489192 -0.281911194
4100.730054176 11.561703682 5.235689163 18.707815170 0.574046135 0.125230402 0.758427382 -0.282092780
4100.785537696 11.565687180 5.238525391 18.709939957 0.574148059 0.125237659 0.758435845 -0.281859338
4100.866924384 11.571074486 5.241932869 18.711025238 0.574013889 0.125331745 0.758553147 -0.281774908
4100.906855488 11.571492195 5.242490292 18.712471008 0.574093461 0.125293195 0.758439124 -0.281936884
4100.958798688 11.574748039 5.244571209 18.714860916 0.574315608 0.125238359 0.758292139 -0.281904221
4101.009636032 11.578675270 5.247851849 18.713335037 0.574117422 0.125388831 0.758496702 -0.281690776
4101.061476416 11.579469681 5.247711658 18.713645935 0.574258864 0.125269577 0.758345425 -0.281862438
4101.109864192 11.579469681 5.247711658 18.713645935 0.574258864 0.125269577 0.758345425 -0.281862438
4101.185915648 11.577713013 5.246931553 18.713937759 0.574272931 0.125354975 0.758266449 -0.282008350
