4007.313985472 0.000000000 0.000000000 0.000000000 0.000000000 0.000000000 0.000000000 1.000000000
4007.357469824 0.000000000 0.000000000 0.000000000 0.000000000 0.000000000 0.000000000 1.000000000
4007.407090368 -0.000398856 0.001131305 0.000191622 0.000108080 0.000132130 0.000079831 1.000000000
4007.444893280 0.000533435 0.000976661 0.000679044 0.002681099 0.000248311 0.002147090 0.999994099
4007.485872288 -0.000503041 -0.000974695 0.009018293 0.003938645 -0.000802508 0.000514202 0.999991775
4007.533067232 -0.001075087 -0.002601737 0.025108539 0.002850072 -0.004580420 0.000736766 0.999985158
4007.585805856 -0.004100927 -0.007652954 0.043537036 0.002943278 -0.016877402 0.001765703 0.999851704
4007.636166272 -0.017806835 -0.006067795 0.087458111 -0.004928987 -0.036807574 0.003481587 0.999304175
4007.679565216 -0.038825132 -0.012219880 0.133244753 -0.000482497 -0.048802529 -0.005041994 0.998795629
4007.723442656 -0.066537283 -0.019218229 0.192556500 -0.004676452 -0.055612020 -0.018802833 0.998264432
4007.770008000 -0.086310469 -0.017953984 0.250695914 -0.002543728 -0.062723272 -0.014163549 0.997927189
4007.811380832 -0.107102811 -0.018982846 0.307262421 0.009322809 -0.063670486 -0.025186935 0.997609556
4007.880701952 -0.137103856 -0.012174842 0.431261659 -0.007023518 -0.069194451 -0.037692115 0.996866167
4007.917609312 -0.149876520 -0.011504665 0.494981408 -0.001637201 -0.065139383 -0.046910893 0.996771574
4007.967233632 -0.151467860 -0.014509588 0.602165520 -0.008892016 -0.053456392 -0.034088820 0.997948527
4008.034134624 -0.155260772 -0.018098172 0.748859584 -0.006180848 -0.038262222 -0.026286094 0.998902798
4008.068495520 -0.157651097 -0.015498172 0.832519233 -0.014389006 -0.027894940 -0.029824136 0.999062240
4008.112778976 -0.158364788 -0.012546903 0.934925020 -0.022600796 -0.015727747 -0.032755479 0.999084055
4008.161203168 -0.153807387 -0.013461325 1.039518595 -0.006645662 -0.007598558 -0.016322929 0.999815822
4008.199651168 -0.154532447 -0.018202078 1.130031824 -0.002773483 -0.003293090 -0.017835258 0.999831676
4008.237140416 -0.150229499 -0.031960651 1.207045078 -0.015415715 0.000429068 -0.007993798 0.999849141
4008.282545504 -0.136928126 -0.042698734 1.296891332 -0.027313748 0.002607883 0.007202286 0.999597609
4008.332439104 -0.139479324 -0.040257249 1.394963622 -0.016178951 0.006588085 0.001292911 0.999846578
4008.372014240 -0.138849348 -0.043624055 1.504642367 -0.014214857 0.003470314 0.003236769 0.999887705
4008.412767904 -0.125965029 -0.045306351 1.609319806 -0.037487134 -0.005374283 0.036711000 0.998608112
4008.459750688 -0.115398556 -0.050931506 1.727304220 -0.034324627 -0.009959204 0.054218166 0.997889280
4008.509691392 -0.181852341 -0.051065728 1.848211050 -0.001764615 -0.005045163 0.016148346 0.999855280
4008.555808384 -0.186858878 -0.049419086 1.976468682 -0.016276021 0.006256683 -0.001783286 0.999846399
4008.593576576 -0.172351018 -0.051012315 2.075239897 -0.014618843 0.019839505 0.027948795 0.999305546
4008.639954528 -0.164754927 -0.048827723 2.187837601 -0.003999776 0.027343763 0.044173513 0.998641610
4008.689303232 -0.128360599 -0.079076961 2.331902742 -0.014775889 0.019509131 0.051144887 0.998391330
4008.729183776 -0.127088353 -0.083350278 2.448900223 -0.018291196 0.015288572 0.048497025 0.998538792
4008.797277696 -0.131390542 -0.081334934 2.632521152 -0.023403170 0.006843066 0.051417600 0.998379529
4008.832272352 -0.133081615 -0.076816522 2.728634596 -0.027810380 0.006081528 0.048057720 0.998438835
4008.881076096 -0.135549873 -0.074546479 2.853797913 -0.025084769 0.007476336 0.046137691 0.998592079
4008.923616352 -0.131762743 -0.069230899 2.978555679 -0.028008640 0.005756668 0.060507767 0.997758090
4008.961935968 -0.138226867 -0.069155276 3.082474709 -0.024159195 0.003870055 0.055187181 0.998176217
4009.010527552 -0.140592530 -0.064886399 3.218178749 -0.026068501 0.002293020 0.058968335 0.997916818
4009.058989184 -0.141384542 -0.064115219 3.355217934 -0.027241996 0.000333669 0.064641379 0.997536600
4009.097623616 -0.137876719 -0.062370922 3.471889973 -0.019402146 0.002084806 0.076965004 0.996842802
4009.132838656 -0.136206806 -0.060602881 3.582663298 -0.019158812 0.005815431 0.070268326 0.997327149
4009.175706560 -0.138380572 -0.054466765 3.707357168 -0.023122448 0.011648042 0.078677081 0.996563852
4009.246377536 -0.126556650 -0.057673987 3.912946224 -0.011964850 0.016559253 0.091069587 0.995634973
4009.285190880 -0.126216173 -0.054744497 4.034544945 -0.018951949 0.014501923 0.087240927 0.995901406
4009.320662560 -0.127875283 -0.054392394 4.146077633 -0.015902743 0.012793575 0.080083184 0.996579230
4009.367689952 -0.143991888 -0.033395637 4.285752773 -0.022513179 0.013082216 0.069800273 0.997221112
4009.411890528 -0.132362619 -0.023090020 4.417304039 -0.043409761 0.008730424 0.078589126 0.995923221
4009.455249728 -0.130357161 -0.015159302 4.553532600 -0.050463904 0.005434681 0.077254392 0.995718658
4009.491247680 -0.132458508 -0.015046571 4.675021172 -0.048935898 0.006365160 0.071594641 0.996212304
4009.532064608 -0.131760627 -0.017592266 4.802668571 -0.036149528 0.013092776 0.071298718 0.996713758
4009.578135712 -0.125363916 -0.018595066 4.932222366 -0.007554076 0.022207988 0.076580726 0.996787369
4009.617141024 -0.123829812 -0.025560237 5.052625179 0.028411709 0.025803190 0.073455684 0.996559680
4009.684798272 -0.115905710 -0.088963717 5.278609753 0.053812582 0.024670295 0.081634998 0.994902670
4009.720535680 -0.131579474 -0.129747406 5.398807526 0.054812450 0.024247002 0.086684532 0.994431257
4009.768864128 -0.144228816 -0.183948517 5.566724300 0.054933969 0.022024745 0.095994011 0.993620813
4009.810213536 -0.137209132 -0.220855892 5.731313229 0.040792115 0.017257039 0.087344386 0.995193064
4009.869115424 -0.129235134 -0.234592393 5.938228130 0.026591754 0.015926592 0.091576666 0.995315492
4009.906179008 -0.130095154 -0.243598685 6.060948849 0.022561533 0.015437978 0.086935699 0.995838761
4009.951063424 -0.133793578 -0.254630923 6.215822697 0.017006855 0.014695782 0.082710832 0.996320069
4009.985642944 -0.127973363 -0.263805300 6.332455635 0.016227942 0.012122907 0.087164737 0.995987952
4010.017781056 -0.122980870 -0.268050760 6.440435410 0.013555948 0.009926430 0.094177023 0.995413721
4010.059719168 -0.117759749 -0.277859002 6.574507236 0.022701144 0.012123472 0.102217928 0.994429111
4010.105192128 -0.114496656 -0.295240939 6.712905884 0.029807013 0.016067646 0.101743273 0.994234264
4010.140796000 -0.114755057 -0.304319829 6.839077473 0.025968561 0.015784694 0.098580860 0.994664907
4010.197450656 -0.118553147 -0.314744562 7.038052559 0.026126057 0.010443216 0.097212799 0.994865835
4010.231656416 -0.114940673 -0.319020927 7.153435230 0.015927488 0.002260482 0.104831293 0.994359910
4010.268958208 -0.118266545 -0.325441241 7.293231010 0.001704369 -0.005885241 0.104570977 0.994498551
4010.316625440 -0.129748434 -0.327212185 7.453265190 -0.012438180 -0.015172204 0.090356365 0.995716214
4010.352820864 -0.139674187 -0.319971293 7.576941013 -0.028470164 -0.023268178 0.088178478 0.995425820
4010.413211168 -0.157106400 -0.309723824 7.806718349 -0.043357056 -0.031167569 0.091933012 0.994332492
4010.448225600 -0.163688645 -0.311088979 7.918024063 -0.043574594 -0.030951895 0.092788413 0.994250238
4010.486113184 -0.182337061 -0.313100517 8.048017502 -0.033367425 -0.027741658 0.084750503 0.995456874
4010.523873888 -0.197193116 -0.305789649 8.187616348 -0.019109426 -0.024648109 0.080844320 0.996238649
4010.558149344 -0.204303414 -0.300787389 8.308221817 -0.017830553 -0.024623094 0.086377881 0.995798469
4010.594100608 -0.210865527 -0.302537233 8.440108299 -0.011795135 -0.025504574 0.088514723 0.995678425
4010.633504992 -0.220974639 -0.306065112 8.582861900 -0.013478443 -0.027077792 0.089828469 0.995497823
4010.693438624 -0.238348991 -0.307748526 8.804656029 -0.013025401 -0.030175813 0.084150799 0.995910823
4010.725047584 -0.246152803 -0.306174248 8.923431396 -0.016003065 -0.031209636 0.085317947 0.995736241
4010.764788896 -0.259033859 -0.302858949 9.073989868 -0.021379460 -0.031462613 0.083139233 0.995811641
4010.806626016 -0.269710869 -0.306612253 9.221897125 -0.014303805 -0.030929727 0.085733674 0.995735168
4010.855492448 -0.286080331 -0.312153101 9.391741753 -0.015089574 -0.031357460 0.077889159 0.996354520
4010.892315648 -0.299205691 -0.308651030 9.539554596 -0.013494894 -0.031809345 0.075847313 0.996520579
4010.955001792 -0.319398135 -0.305132031 9.802576065 -0.013652807 -0.032949340 0.081879646 0.996003866
4010.986994400 -0.332573563 -0.303550392 9.933598518 -0.025789473 -0.034876276 0.076575831 0.996119797
4011.026354528 -0.346170843 -0.303943068 10.089882851 -0.027567800 -0.033713255 0.075104952 0.996224225
4011.061175200 -0.361137778 -0.296306700 10.227504730 -0.035616901 -0.032427564 0.068779171 0.996468425
4011.097034144 -0.369212002 -0.293775290 10.377313614 -0.036956120 -0.030179152 0.071386762 0.996306896
4011.130260960 -0.373782814 -0.295035690 10.506760597 -0.022602720 -0.028974544 0.077418417 0.996321201
4011.164762208 -0.387283713 -0.293203980 10.651378632 -0.026125494 -0.029793382 0.072456427 0.996584117
4011.198248864 -0.399532735 -0.288608491 10.791213036 -0.020842560 -0.029909749 0.068623953 0.996976316
4011.244094016 -0.418484539 -0.286839664 10.961037636 -0.015271417 -0.027010143 0.072297320 0.996900320
4011.276155712 -0.429564238 -0.284568250 11.119945526 -0.022817407 -0.029677879 0.068255693 0.996965289
4011.315681952 -0.440354377 -0.286232382 11.283223152 -0.020686356 -0.030073784 0.069320813 0.996926427
4011.376081888 -0.458648294 -0.285000294 11.537125587 -0.018329982 -0.029170968 0.073028974 0.996734619
4011.413131072 -0.470907688 -0.285877913 11.668820381 -0.013673389 -0.029294407 0.069133751 0.997083485
4011.454219104 -0.486491978 -0.285517931 11.861339569 -0.013354518 -0.029038867 0.071308635 0.996942103
4011.530105664 -0.513052583 -0.290381312 12.198070526 -0.012140558 -0.029302534 0.071542479 0.996933103
4011.561642080 -0.524446845 -0.290374845 12.332204819 -0.011308487 -0.030271076 0.070330456 0.997000217
4011.631007616 -0.542461336 -0.293494403 12.629961967 -0.009819623 -0.029835142 0.072161756 0.996898234
4011.662359040 -0.553562939 -0.295618802 12.767208099 -0.012461298 -0.029237928 0.074537665 0.996711612
4011.702700000 -0.564200521 -0.300454974 12.939107895 -0.006692089 -0.028544122 0.072917424 0.996906996
4011.743197664 -0.575739622 -0.301548272 13.117275238 -0.010377031 -0.028429765 0.076107122 0.996640205
4011.807596864 -0.594890893 -0.306944698 13.401578903 -0.006668198 -0.025803683 0.079984181 0.996439755
4011.839363936 -0.601908743 -0.308420330 13.540554047 -0.012059425 -0.026080076 0.078142002 0.996528089
4011.877341120 -0.602095783 -0.314352512 13.721670151 -0.006423635 -0.025668897 0.083815880 0.996129870
4011.920262848 -0.602363288 -0.350738287 13.917249680 -0.010885568 -0.022186669 0.079772517 0.996506751
4011.959629472 -0.610661447 -0.354815513 14.095705032 -0.009815931 -0.021996198 0.079466671 0.996546447
4012.005940544 -0.620117247 -0.359077007 14.285799980 -0.007229314 -0.021728301 0.084390461 0.996169627
4012.041597600 -0.624458611 -0.364785671 14.477897644 -0.005525884 -0.021299392 0.082500681 0.996348023
4012.078731328 -0.628780961 -0.392789751 14.643855095 -0.003608255 -0.021532279 0.082425989 0.996358037
4012.114534720 -0.642532468 -0.400394917 14.809656143 -0.002938025 -0.021494120 0.081892051 0.996405125
4012.156254368 -0.654260516 -0.406972647 14.996759415 -0.002924485 -0.021293767 0.081715964 0.996423900
4012.195867392 -0.662806869 -0.410685748 15.170808792 -0.002716885 -0.021204397 0.085283168 0.996127367
4012.231036320 -0.662607491 -0.415934503 15.356980324 -0.004094062 -0.023076613 0.082544982 0.996311724
4012.265317184 -0.655039251 -0.420093477 15.510594368 -0.002681555 -0.025589826 0.083126284 0.996206820
4012.303137536 -0.683790624 -0.358314842 15.727658272 0.001806315 -0.020627862 0.080387764 0.996548593
4012.344495968 -0.695358217 -0.324600607 15.791175842 0.007990749 -0.019605348 0.081402816 0.996456385
4012.383666816 -0.745923996 -0.393282056 16.028194427 0.004061210 -0.016280835 0.075818069 0.996980488
4012.418112960 -0.699699461 -0.426726460 16.192577362 -0.006116782 -0.028661685 0.077163905 0.996587574
4012.453506592 -0.676948309 -0.486815810 16.365327835 -0.016348196 -0.038474578 0.074332289 0.996356964
4012.493790656 -0.686678410 -0.494065493 16.454446793 -0.021989105 -0.040824320 0.073604099 0.996208966
4012.533005888 -0.631913841 -0.473409235 16.630998611 -0.016089533 -0.049282897 0.096549608 0.993977129
4012.585797344 -0.604460955 -0.439951241 16.910818100 -0.006385283 -0.056863349 0.119544543 0.991178513
4012.629548800 -0.618596733 -0.442672014 17.123638153 -0.001474241 -0.060611367 0.135610104 0.988905430
4012.681940384 -0.534530580 -0.388180226 17.181446075 -0.005416328 -0.067109309 0.132596165 0.988880813
4012.717976480 -0.568579793 -0.418861955 17.437883377 -0.004634148 -0.068224542 0.139667615 0.987834454
4012.750781952 -0.596193016 -0.406928182 17.624952316 -0.001338793 -0.068851717 0.145890340 0.986901045
4012.791301600 -0.581067264 -0.442557812 17.811771393 -0.004715223 -0.072660521 0.141772524 0.987217665
4012.836235680 -0.571642041 -0.423815310 17.863842010 -0.005863003 -0.074391946 0.144704625 0.986657023
4012.869491712 -0.625959218 -0.499878913 18.124767303 -0.009764287 -0.072687015 0.137651995 0.987761736
4012.901904224 -0.674697042 -0.563551784 18.373155594 -0.013324871 -0.071223840 0.129122138 0.988977790
4012.938095488 -0.671013594 -0.472889483 18.573837280 -0.006747180 -0.077905938 0.134735450 0.987791240
4013.001763712 -0.723885953 -0.515469491 18.772151947 -0.010066529 -0.079701513 0.143763542 0.986346006
4013.034773280 -0.693545699 -0.416504800 19.127645493 -0.001107209 -0.087034926 0.133817285 0.987176061
4013.067286016 -0.681741774 -0.269538730 19.546161652 0.018376546 -0.095280044 0.125394404 0.987350166
4013.132146016 -0.818448961 -0.379341990 20.190515518 0.018925378 -0.096710950 0.122831322 0.987522840
4013.163847168 -0.948288977 -0.660040975 19.783515930 -0.002914031 -0.087012932 0.098511443 0.991320193
4013.211126432 -1.124565959 -0.789103568 20.052383423 0.000540016 -0.065575376 0.070223093 0.995373428
4013.251618944 -1.221130967 -1.075891733 20.053892136 -0.029941760 -0.047699530 0.053771216 0.996963859
4013.323861792 -1.117498875 -1.082605958 20.800733566 -0.021157004 -0.031489998 -0.016257364 0.999147832
4013.381266432 -1.128004313 -1.209837079 20.681957245 -0.032024652 -0.037532974 -0.022048166 0.998538733
4013.414050912 -1.204754114 -1.189615726 20.753833771 -0.034819141 -0.032942161 -0.020099778 0.998648345
4013.448693184 -1.273152351 -1.178764701 20.984954834 -0.036641657 -0.027291240 -0.024163937 0.998663485
4013.489038496 -1.247319818 -0.938705742 21.238637924 -0.016078431 -0.028137339 -0.042171005 0.998584688
4013.557019136 -1.028264642 -0.775054812 21.095584869 -0.003617134 -0.049912866 -0.067102760 0.996490300
4013.588862464 -1.252757668 -0.796350241 21.711673737 0.005748143 -0.034239050 -0.045053240 0.998381138
4013.622022304 -1.511256337 -0.861559749 22.335845947 0.010249289 -0.011443405 -0.039562296 0.999099016
4013.656045056 -2.804137230 0.015341997 21.929656982 0.062201116 0.049876634 0.014588744 0.996709883
4013.713724128 -3.702663898 0.382645369 21.936777115 0.088662617 0.110079892 -0.008081918 0.989927292
4013.746287520 -3.324272871 0.341789573 22.583116531 0.100145869 0.110273123 -0.025528805 0.988513470
4013.779728736 -2.963188887 0.271809429 23.253318787 0.112205736 0.114016734 -0.056466218 0.985505760
4013.812814240 -3.393302917 0.406581759 22.981391907 0.123099074 0.121346354 -0.097378798 0.980121911
4013.854442336 -3.681647539 0.881300688 22.437326431 0.132240176 0.130109683 -0.168890908 0.968018472
4013.893505216 -3.772222996 0.899067819 22.547298431 0.129800737 0.138481274 -0.197321773 0.961789370
4013.928001472 -3.783130646 0.877340019 22.781473160 0.128751487 0.154399797 -0.226337984 0.953076482
4013.966374016 -4.227932453 1.146987557 22.483890533 0.108738378 0.191670746 -0.218737140 0.950574756
4014.011921344 -4.586065292 1.148182988 22.417127609 0.093129091 0.214424297 -0.193247885 0.952892661
4014.044847136 -4.738484859 1.005923152 22.583978653 0.090833537 0.216336802 -0.153687850 0.959858179
4014.077716352 -4.476039886 0.757147789 23.326845169 0.086128153 0.235387743 -0.160414219 0.954694629
4014.111619680 -4.851510048 1.057245970 23.276693344 0.082464263 0.269540459 -0.184442043 0.941556513
4014.147670144 -4.810728550 1.060760140 23.359672546 0.083227098 0.268388659 -0.186445862 0.941423774
4014.180283456 -4.734496593 1.016949654 23.499670029 0.085182630 0.267725259 -0.186356619 0.941455424
4014.220861440 -4.038701057 0.851279855 23.665992737 0.142579854 0.192494527 -0.157096401 0.958090603
4014.255405824 -4.515124321 1.523128271 23.044298172 0.187768832 0.184866890 -0.174822181 0.948685527
4014.312157632 -5.086725235 2.712477684 22.466405869 0.262454689 0.171641886 -0.204759046 0.927216470
4014.345451392 -5.075530052 2.480113029 22.702655792 0.269673228 0.164050147 -0.187458441 0.930173755
4014.380602240 -5.063133717 2.233444691 22.955114365 0.279400647 0.157227844 -0.166926771 0.932389498
4014.414931168 -5.003908157 1.980853200 23.065938950 0.277051598 0.145374939 -0.143930703 0.938825071
4014.461634016 -4.940682411 1.843944669 23.227558136 0.280837715 0.141501933 -0.137608677 0.939239740
4014.530081984 -4.883826733 1.658919573 23.434305191 0.274480253 0.138651341 -0.134449750 0.941997707
4014.561983712 -4.849638462 1.565724730 23.539157867 0.270179421 0.138126925 -0.139058709 0.942648768
4014.595851392 -4.828968048 1.481788874 23.652072906 0.266329736 0.143747821 -0.138359770 0.943006694
4014.641344320 -4.790032864 1.374327421 23.811096191 0.268390745 0.150674060 -0.137438133 0.941474676
4014.689513568 -4.746391773 1.248984337 23.992855072 0.268550813 0.157046244 -0.139540076 0.940077364
4014.721770464 -4.717811584 1.162503481 24.111196518 0.270201296 0.159343436 -0.138972372 0.939301670
4014.755473152 -4.685689926 1.080343723 24.225431442 0.267416298 0.158288181 -0.136794165 0.940595984
4014.797457248 -4.646377087 0.971271873 24.381158829 0.269349843 0.155456573 -0.140927762 0.939906001
4014.845456160 -4.608052254 0.851018608 24.549535751 0.268658370 0.154074848 -0.143097147 0.940003633
4014.878283200 -4.585193634 0.768373191 24.664854050 0.272178829 0.152584806 -0.147222072 0.938595891
4014.910643456 -4.558904171 0.684689879 24.778430939 0.279225290 0.147779346 -0.148081988 0.937158585
4014.953292896 -4.527346134 0.572893143 24.929656982 0.279562593 0.146373734 -0.152823076 0.936517239
4015.000279904 -4.494840145 0.452665627 25.092384338 0.284817338 0.146432534 -0.157702118 0.934112787
4015.074348512 -4.446012497 0.262167513 25.347587585 0.282165051 0.144491687 -0.165627465 0.933848262
4015.107851584 -4.421639919 0.178373963 25.457441330 0.285412550 0.140840426 -0.162402034 0.933985651
4015.160602080 -4.381697655 0.039707944 25.657482147 0.280424207 0.141690955 -0.163873404 0.935110390
4015.200406976 -4.351008892 -0.055430211 25.808732986 0.263593346 0.143759638 -0.163881972 0.939677835
4015.277801952 -4.284481049 -0.240002558 26.101585388 0.232597724 0.146587640 -0.153066650 0.949200153
4015.317566432 -4.254779339 -0.343027771 26.213485718 0.260071069 0.136285305 -0.134584144 0.946401894
4015.357605952 -4.230284691 -0.443594456 26.345142365 0.295836121 0.133763567 -0.135807589 0.936025977
4015.400044320 -4.216043472 -0.535750628 26.496606827 0.302092284 0.148662463 -0.170245394 0.926097333
4015.446409760 -4.169464588 -0.652371943 26.622318268 0.292461276 0.137161583 -0.133912757 0.936867356
4015.527356768 -4.121863842 -0.856920660 26.890022278 0.277438253 0.160825029 -0.147013873 0.935708404
4015.562219008 -4.093914986 -0.936636031 27.016759872 0.259562820 0.174965754 -0.151743546 0.937543631
4015.608294944 -4.046653748 -1.037159562 27.163850784 0.250129431 0.170438647 -0.119079866 0.945624650
4015.657265696 -4.020231724 -1.136863589 27.316604614 0.253560930 0.171390474 -0.142448604 0.941297293
4015.697618976 -3.997473717 -1.227562785 27.440572739 0.294479132 0.159275070 -0.151694626 0.930001199
4015.753465440 -3.973954439 -1.569032073 27.577156067 0.299458593 0.151050612 -0.144022480 0.931002557
4015.801497696 -3.892451525 -1.594778180 27.798633575 0.306773007 0.151872054 -0.142539099 0.928712964
4015.851694752 -3.850459814 -1.682940960 27.948663712 0.301427513 0.152119502 -0.134958893 0.931550980
4015.894004224 -3.823347330 -1.811534762 28.058382034 0.292142719 0.150663733 -0.117606409 0.937081516
4015.932808192 -3.791751623 -1.905807495 28.188011169 0.282293230 0.152330488 -0.115563050 0.940080404
4016.003273280 -3.742321730 -2.035554409 28.378787994 0.279649913 0.149387658 -0.122737259 0.940433323
4016.042287904 -3.713874102 -2.118830442 28.486856461 0.277172923 0.141949654 -0.113662988 0.943454385
4016.081087264 -3.697803497 -2.192588806 28.601625443 0.284634322 0.147513211 -0.140474394 0.936744392
4016.124671392 -3.659760237 -2.289357185 28.731786728 0.277506471 0.142221183 -0.118193224 0.942758501
4016.166513696 -3.637233257 -2.376667261 28.857543945 0.273873329 0.145169079 -0.123600297 0.942678273
4016.215478816 -3.608026266 -2.480789185 28.999830246 0.267730325 0.148061693 -0.125997528 0.943675160
4016.258783072 -3.578004599 -2.573259354 29.135736465 0.264789671 0.150442928 -0.121824220 0.944675744
4016.302080576 -3.547687054 -2.664839268 29.291690826 0.267505586 0.151332915 -0.123538949 0.943545043
4016.356949792 -3.512676477 -2.776862860 29.442733765 0.266242683 0.147547051 -0.115684047 0.945495605
4016.410933568 -3.472939491 -2.894422770 29.600862503 0.274625987 0.142861500 -0.107718028 0.944758177
4016.464099168 -3.443699598 -2.998737574 29.753128052 0.280628920 0.147865847 -0.120851889 0.940626323
4016.528743424 -3.347254276 -3.164150953 29.970485687 0.287466705 0.138173312 -0.087633297 0.943711519
4016.568429216 -3.324362755 -3.233905315 30.053907394 0.296777308 0.138883308 -0.087557286 0.940727592
4016.616279360 -3.302166700 -3.370487690 30.158273697 0.281240314 0.142990097 -0.084577806 0.945147812
4016.659143712 -3.251650810 -3.482354641 30.340726852 0.289325804 0.142280489 -0.078322455 0.943351686
4016.694764608 -3.227452755 -3.562400103 30.450634003 0.288260788 0.144331589 -0.082681686 0.942994118
4016.767334688 -3.178204298 -3.714657068 30.657138824 0.291778684 0.147947967 -0.095954902 0.940090060
4016.809858368 -3.143884659 -3.796896458 30.769170761 0.289515555 0.143532768 -0.092820436 0.941787362
4016.850829920 -3.114028454 -3.884928465 30.875635147 0.301084578 0.134647623 -0.090587236 0.939687252
4016.893072000 -3.077139854 -3.984032393 30.987991333 0.306898147 0.127323538 -0.078088731 0.939949155
4016.941810912 -3.054284096 -4.080229282 31.128458023 0.296547532 0.135777116 -0.102356985 0.939759135
4016.996278016 -3.013740301 -4.189113617 31.272062302 0.295440048 0.127160445 -0.088249445 0.942739367
4017.040382240 -2.985876799 -4.280166626 31.400125504 0.277748734 0.125483200 -0.096819170 0.947489142
4017.076195360 -2.961280584 -4.363867283 31.508722305 0.278973013 0.121417612 -0.098512888 0.947484553
4017.118545984 -2.930498123 -4.447730064 31.631399155 0.271744668 0.120562509 -0.097035922 0.949843943
4017.168089504 -2.900931835 -4.540486813 31.769113541 0.268844694 0.117166564 -0.098201700 0.950973690
4017.209974784 -2.890302896 -4.614113808 31.891096115 0.263909906 0.123812474 -0.128922909 0.947840154
4017.246961504 -2.866391182 -4.687647343 31.991510391 0.264134496 0.118148766 -0.111886650 0.950660408
4017.292713568 -2.848189831 -4.767036915 32.113716125 0.267776698 0.113790378 -0.112746388 0.950071394
4017.342419840 -2.815557957 -4.872058392 32.270126343 0.262771279 0.110296406 -0.117353216 0.951322317
4017.385902976 -2.796475410 -4.935939789 32.390953064 0.260813653 0.112055354 -0.135460332 0.949247241
4017.449963424 -2.735644102 -5.083207130 32.599857330 0.263991177 0.098525278 -0.105368964 0.953676462
4017.489824640 -2.727650404 -5.150910378 32.710914612 0.259675473 0.101764187 -0.124296091 0.952241123
4017.538519328 -2.700815201 -5.235997677 32.854804993 0.260756582 0.103344873 -0.126455635 0.951490819
4017.578483584 -2.685420513 -5.323780537 32.986904144 0.268414944 0.103031933 -0.124962322 0.949590564
4017.617983424 -2.671543360 -5.407488346 33.083679199 0.273521006 0.098960638 -0.110589311 0.950348914
4017.661254784 -2.648059607 -5.511140347 33.231594086 0.272579312 0.102308869 -0.115321316 0.949702263
4017.703450496 -2.635304928 -5.580397606 33.363597870 0.264436245 0.108042940 -0.121399380 0.950611591
4017.749072416 -2.612727165 -5.674377441 33.512130737 0.263960510 0.110106677 -0.124601841 0.950092494
4017.822978496 -2.571674824 -5.839874268 33.742637634 0.265699804 0.105396576 -0.118144915 0.950966358
4017.861588288 -2.566401720 -5.906182766 33.847515106 0.273146063 0.103409484 -0.129232153 0.947626948
4017.906702400 -2.541830063 -5.985413551 33.969341278 0.273521900 0.096352987 -0.119002342 0.949600101
4017.948871264 -2.526484966 -6.066355228 34.091613770 0.278732091 0.094826192 -0.121464320 0.947925508
4017.989556064 -2.512406588 -6.145574093 34.213470459 0.269750178 0.099419631 -0.126056015 0.949452698
4018.032263968 -2.499464273 -6.227038860 34.340377808 0.259529501 0.101871125 -0.128254965 0.951744378
4018.077181696 -2.483485460 -6.322674751 34.464443207 0.272905111 0.097338662 -0.126021385 0.948771119
4018.123386560 -2.472003222 -6.399291515 34.584720612 0.264509112 0.091940589 -0.121004537 0.952333868
4018.161336480 -2.466058493 -6.465331078 34.699890137 0.268522531 0.091627546 -0.143938497 0.948041022
4018.203509568 -2.444470406 -6.559516430 34.833206177 0.273369282 0.083964601 -0.129952937 0.949384749
4018.254590976 -2.433370352 -6.660645962 34.979686737 0.273257494 0.086425789 -0.135430679 0.948430002
4018.300535008 -2.419126511 -6.750402927 35.112800598 0.274507225 0.088299461 -0.136910513 0.947683752
4018.374476032 -2.395668745 -6.891765118 35.336086273 0.270524859 0.086662285 -0.135020494 0.949249923
4018.415531488 -2.395875216 -6.970513821 35.455814362 0.269499779 0.085564099 -0.139353678 0.949014843
4018.487047392 -2.382688046 -7.098926544 35.647537231 0.267579585 0.079604685 -0.138510942 0.950199425
4018.522761888 -2.383677244 -7.196359158 35.788211823 0.269029319 0.082330689 -0.153161347 0.947304845
4018.576027040 -2.364455462 -7.302144527 35.952224731 0.267706990 0.078932740 -0.136738732 0.950476229
4018.622719136 -2.356783628 -7.391239643 36.081855774 0.268573135 0.080884106 -0.139666095 0.949641824
4018.655786848 -2.353816509 -7.454482079 36.177570343 0.266418725 0.084582359 -0.144905344 0.949141383
4018.695047680 -2.344145536 -7.521933079 36.281951904 0.266118824 0.083579861 -0.139300317 0.950152934
4018.737602432 -2.331507921 -7.602965355 36.409889221 0.268304944 0.080880463 -0.133708581 0.950574994
4018.810578496 -2.315474033 -7.750473022 36.645854950 0.261022389 0.084705815 -0.136724800 0.951839566
4018.842268288 -2.308756828 -7.805293083 36.734477997 0.265655965 0.084551327 -0.136786431 0.950561643
4018.874961824 -2.298169136 -7.874767303 36.826904297 0.265812278 0.081791297 -0.126177296 0.952225447
4018.922174592 -2.293582678 -7.957054615 36.961406708 0.268062472 0.087369837 -0.135662600 0.949791908
4018.968171968 -2.284891844 -8.042037010 37.102691650 0.269252151 0.089660116 -0.135134920 0.949317098
4019.006403648 -2.273554325 -8.108404160 37.212276459 0.263023138 0.089258671 -0.132942125 0.951408446
4019.044719776 -2.260907412 -8.192847252 37.336574554 0.261642218 0.084519960 -0.133384451 0.952159822
4019.088119296 -2.253447533 -8.289248466 37.475563049 0.259956151 0.080194570 -0.135478258 0.952700019
4019.165238016 -2.236679316 -8.447190285 37.719177246 0.260942310 0.073368885 -0.142775461 0.951914549
4019.199425088 -2.235151291 -8.518793106 37.832466125 0.256728262 0.073807277 -0.147725701 0.952271044
4019.240196160 -2.229068518 -8.615276337 37.976829529 0.249662101 0.076180667 -0.146112010 0.954209924
4019.277676736 -2.223058462 -8.685564041 38.082153320 0.253555745 0.077613756 -0.142841801 0.953562677
4019.366541856 -2.209652662 -8.869113922 38.382793427 0.255558461 0.081496105 -0.142793089 0.952711105
4019.409965824 -2.200667620 -8.948305130 38.513828278 0.255767614 0.079672471 -0.142021924 0.952924430
4019.445463552 -2.190816879 -9.026486397 38.637100220 0.251599669 0.078341551 -0.138951778 0.954595506
4019.494884320 -2.183430195 -9.115509033 38.786060333 0.259785444 0.077895209 -0.144784912 0.951567769
4019.544996000 -2.176812410 -9.246358871 38.941890717 0.247770488 0.077991784 -0.148625255 0.954168558
4019.588942656 -2.176896095 -9.303947449 39.087707520 0.250887096 0.074826144 -0.147198334 0.953828812
4019.627397888 -2.170785904 -9.393115997 39.225845337 0.247737780 0.072953604 -0.148492813 0.954596102
4019.673132704 -2.169310331 -9.488308907 39.385013580 0.243791565 0.073667601 -0.154222101 0.954648793
4019.744122784 -2.153227091 -9.652438164 39.642395020 0.256779283 0.073425636 -0.147134706 0.952378333
4019.785657056 -2.146955013 -9.744785309 39.780544281 0.255841762 0.075911656 -0.147779927 0.952335835
4019.823524224 -2.141159058 -9.818645477 39.897136688 0.259547055 0.078311577 -0.148461968 0.951031923
4019.870407008 -2.130618811 -9.918193817 40.054416656 0.254870653 0.079949923 -0.147277191 0.952343643
4019.923302656 -2.113183737 -10.029509544 40.235534668 0.251680732 0.076814733 -0.138428882 0.954774201
4019.955658368 -2.106822491 -10.092046738 40.342620850 0.249351993 0.079183847 -0.145437106 0.954149604
4019.995736960 -2.111174583 -10.173718452 40.472167969 0.238626555 0.079692125 -0.146194801 0.956730723
4020.044412288 -2.096899271 -10.250591278 40.622383118 0.239125043 0.076190606 -0.141538695 0.957591236
4020.080172928 -2.125982046 -10.515554428 40.862625122 0.229463816 0.074267901 -0.142394006 0.959976315
4020.118402400 -2.121079445 -10.595671654 40.988983154 0.231169060 0.070474721 -0.141919747 0.959923446
4020.164986016 -2.115930557 -10.694227219 41.151332855 0.229856908 0.069549695 -0.141186446 0.960413992
4020.218974720 -2.093823910 -10.790986061 41.352661133 0.234318197 0.069391891 -0.138091385 0.959797144
4020.254428640 -2.077389002 -10.869059563 41.475341797 0.229189664 0.071975559 -0.139558583 0.960632622
4020.317527680 -2.066277504 -10.971806526 41.673072815 0.234326124 0.074844532 -0.141733557 0.958854079
4020.353843168 -2.060199022 -11.005367279 41.777122498 0.219495490 0.074614823 -0.133287832 0.963581204
4020.398573984 -2.027863503 -11.100985527 41.990322113 0.222028136 0.076364115 -0.132474750 0.962975860
4020.440840320 -2.006695986 -11.188641548 42.149177551 0.219953671 0.079585634 -0.137599260 0.962472320
4020.485838112 -2.008682489 -11.259366989 42.282939911 0.216580555 0.080948003 -0.137228936 0.963176250
4020.524569760 -2.000896454 -11.315774918 42.399574280 0.224070773 0.080231637 -0.133811176 0.962002993
4020.569306400 -2.008692980 -11.413462639 42.516746521 0.218960360 0.083445154 -0.140596136 0.961938679
4020.604935840 -1.999523282 -11.473065376 42.617469788 0.220107183 0.080419771 -0.133673131 0.962921083
4020.639088960 -1.994337082 -11.513410568 42.693172455 0.228549764 0.079125762 -0.133109525 0.961137831
4020.679363008 -2.000040770 -11.566051483 42.787960052 0.222846553 0.079632573 -0.138571799 0.961663127
4020.727246272 -1.993001342 -11.625978470 42.890186310 0.224549606 0.077232532 -0.135816932 0.961855710
4020.775305632 -1.986334562 -11.689463615 43.006061554 0.224322662 0.076466121 -0.137274906 0.961762905
4020.821650752 -1.984537244 -11.730360985 43.082645416 0.221322417 0.076074772 -0.143151417 0.961632311
4020.858506304 -1.980007172 -11.765616417 43.145061493 0.225740477 0.071917117 -0.138972446 0.961538255
4020.941567136 -1.971569300 -11.847354889 43.267616272 0.221220657 0.068724036 -0.138403997 0.962903261
4020.978074304 -1.976558685 -11.870612144 43.322254181 0.224756479 0.068134546 -0.137156889 0.962304652
4021.012091328 -1.973303556 -11.892284393 43.364074707 0.225754961 0.067355536 -0.136521667 0.962216079
4021.058270464 -1.970992804 -11.918752670 43.410316467 0.227253154 0.066316232 -0.133853227 0.962310493
4021.109690784 -1.978469253 -11.947041512 43.455055237 0.228175879 0.069300413 -0.140136167 0.960986495
4021.142485824 -1.976443529 -11.970278740 43.494464874 0.227572516 0.069805168 -0.138572574 0.961319745
4021.180379424 -1.972746611 -11.984726906 43.521472931 0.226605400 0.070240550 -0.137411416 0.961683095
4021.217509504 -1.973981857 -11.998651505 43.547340393 0.227020904 0.070467614 -0.137759686 0.961518645
4021.264947584 -1.971234441 -12.012987137 43.577705383 0.228085861 0.071233235 -0.137426957 0.961257756
4021.305052640 -1.971553922 -12.023859024 43.604896545 0.227879882 0.071926042 -0.138471752 0.961105108
4021.339380576 -1.970718741 -12.033082008 43.618534088 0.228985339 0.070617117 -0.136965200 0.961155295
4021.376868800 -1.970431328 -12.042268753 43.635757446 0.230308756 0.070632644 -0.137804255 0.960717916
4021.424042016 -1.967205405 -12.051851273 43.652297974 0.229186311 0.070281900 -0.136597559 0.961184263
4021.457515232 -1.971313000 -12.056414604 43.664901733 0.229536071 0.069904491 -0.137021795 0.961067915
4021.519134752 -1.971051216 -12.065250397 43.681213379 0.228936598 0.069847055 -0.138061807 0.961066246
4021.560944224 -1.970187664 -12.072277069 43.693443298 0.229466185 0.069870748 -0.138608366 0.960859537
4021.611395200 -1.968997002 -12.077516556 43.703533173 0.230543077 0.068925567 -0.138343722 0.960708141
4021.643766720 -1.967610478 -12.082376480 43.711116791 0.230703667 0.068907797 -0.138036266 0.960715115
4021.682641824 -1.966444731 -12.085992813 43.717041016 0.231112927 0.068489693 -0.137501553 0.960723341
4021.724586560 -1.965839148 -12.088897705 43.724876404 0.231749862 0.067636080 -0.137540385 0.960624814
4021.775204736 -1.964466691 -12.093089104 43.732089996 0.232018903 0.066972546 -0.137126788 0.960665464
4021.810433504 -1.964917541 -12.092365265 43.732467651 0.232184649 0.067281462 -0.136715427 0.960662484
4021.847314272 -1.963909388 -12.093666077 43.734886169 0.232243329 0.067236863 -0.136386976 0.960698128
4021.911101376 -1.963631749 -12.096964836 43.739715576 0.232319817 0.067114674 -0.136443302 0.960680187
4021.952828192 -1.963806152 -12.098201752 43.743682861 0.232528329 0.066764146 -0.135931805 0.960726619
4021.990739296 -1.965470195 -12.099840164 43.747741699 0.232294470 0.066939160 -0.135930017 0.960771263
4022.042707680 -1.964648604 -12.101042747 43.749530792 0.232616439 0.066628896 -0.135415316 0.960787654
