2541.634298816 0.000000000 0.000000000 0.000000000 0.000000000 0.000000000 0.000000000 1.000000000
2541.758959360 0.005080059 -0.008758008 0.033605374 0.011029163 0.005784268 0.004169280 0.999913752
2541.882528160 0.008782946 -0.013508143 0.138345450 0.007288582 0.024307499 -0.010463088 0.999623179
2542.008510720 0.007253153 -0.017874353 0.294763625 -0.003952840 -0.010925688 -0.004521353 0.999922276
2542.134411168 -0.025655055 -0.021457711 0.518616199 -0.004788725 -0.016353559 -0.034204565 0.999269605
2542.258674336 -0.014730582 -0.032425910 0.768786192 -0.001572210 -0.027364546 -0.001536252 0.999623120
2542.382720960 -0.036879025 -0.033675313 1.057969570 0.003899647 -0.026030572 0.001030498 0.999652982
2542.508388384 -0.037164040 -0.046822101 1.349978328 -0.010522432 -0.022129491 0.006515437 0.999678493
2542.634068896 -0.041998938 -0.054986075 1.650455356 -0.007979395 -0.020309972 0.027511645 0.999383271
2542.758301760 -0.053609230 -0.060993791 1.945702434 0.015782960 -0.036839899 0.013535867 0.999104798
2542.882344320 -0.091369942 -0.082744651 2.271016836 0.024110338 -0.043347865 0.017834680 0.998609841
2543.008232224 -0.162476659 -0.109057292 2.665086508 -0.002706293 -0.035763212 0.013998176 0.999258578
2543.134198304 -0.187469438 -0.100206122 3.035099268 0.001155289 -0.043932285 0.022703279 0.998775840
2543.258252160 -0.224991530 -0.106308013 3.420930147 -0.001323200 -0.057621673 0.025756568 0.998005331
2543.382446752 -0.259836465 -0.112452284 3.807466984 -0.002056252 -0.053860880 0.032006584 0.998033226
2543.508434816 -0.290788114 -0.118965536 4.205502033 -0.011405610 -0.053206317 0.038504019 0.997775733
2543.634879808 -0.333634168 -0.150823489 4.615247250 -0.041030332 -0.050391372 0.036238715 0.997228146
2543.758615840 -0.195468396 -0.158944115 5.219248295 -0.052330691 -0.056844778 0.046535451 0.995923996
2543.882885312 -0.255758584 -0.164885983 5.601994038 0.008495762 -0.062889010 0.047958668 0.996831357
2544.011499584 -0.339036256 -0.205097526 6.008853436 0.073795736 -0.066649236 0.045633186 0.993996799
2544.137286496 -0.415433764 -0.297932535 6.393269539 0.137386948 -0.069742911 0.042210400 0.987157047
2544.261211840 -0.467905641 -0.436277092 6.787628174 0.147670954 -0.063841492 0.056631040 0.985347927
2544.386554560 -0.519206822 -0.571410656 7.196335316 0.139128089 -0.071065560 0.064994149 0.985580444
2544.511183296 -0.600765586 -0.678947568 7.638540268 0.089381464 -0.088821962 0.040647857 0.991195917
2544.636187872 -0.709579587 -0.749545574 8.028421402 0.097382672 -0.095747948 0.031253133 0.990137458
2544.762080096 -0.800234079 -0.868726432 8.476573944 0.116076440 -0.094795801 0.036804598 0.988020957
2544.886639776 -0.865116894 -1.016599417 8.899789810 0.099971905 -0.105879098 0.045281447 0.988304019
2545.011510208 -0.980074704 -1.138817430 9.343461037 0.115631700 -0.119242549 0.036304425 0.985440314
2545.136357536 -1.113344431 -1.261141181 9.811817169 0.095910348 -0.134937137 0.035387125 0.985566258
2545.261817280 -1.255260706 -1.375140786 10.291020393 0.101396441 -0.141326785 0.036618870 0.984075487
2545.386650560 -1.406125188 -1.500989676 10.774306297 0.099478945 -0.143708691 0.031076612 0.984116852
2545.511718080 -1.541782975 -1.629845977 11.265269279 0.111815214 -0.126159415 0.030674374 0.985210776
2545.636351936 -1.658250928 -1.767863870 11.748117447 0.111444332 -0.118872099 0.028245915 0.986231089
2545.761392032 -1.786267281 -1.907736540 12.257205009 0.111136109 -0.121760838 0.031501237 0.985814750
2545.886391072 -1.920632005 -2.052220345 12.773044586 0.117499292 -0.120306186 0.036000703 0.985101163
2546.011570240 -2.049884319 -2.197081089 13.293369293 0.113130607 -0.119646862 0.039694481 0.985550821
2546.136398432 -2.188625097 -2.356676340 13.843789101 0.118665867 -0.117968597 0.047195151 0.984771252
2546.261192576 -2.317580223 -2.518857002 14.376595497 0.123229280 -0.119855583 0.049393497 0.983874738
2546.386748736 -2.455346107 -2.673439980 14.883093834 0.118270695 -0.117798850 0.047653299 0.984817028
2546.511780384 -2.582348347 -2.796110153 15.409074783 0.123027608 -0.118850186 0.053349927 0.983815372
2546.636403328 -2.709226370 -2.965877771 15.958822250 0.123525485 -0.118794851 0.054281808 0.983708680
2546.761075200 -2.694679499 -2.857902050 16.460805893 0.135243773 -0.127588734 0.054552574 0.981047511
2546.886229056 -2.791874409 -2.945648193 16.582818985 0.131083950 -0.126516014 0.052760001 0.981848776
2547.012368224 -3.016061068 -3.362119198 17.419298172 0.124686524 -0.125420943 0.053780727 0.982766747
2547.136809792 -3.270761251 -3.754619122 18.226764679 0.117615141 -0.118936598 0.057337821 0.984242439
2547.261681184 -3.536702871 -3.509653091 18.769659042 0.114354573 -0.121970087 0.046518214 0.984826088
2547.386389696 -3.693402767 -2.920194626 18.329484940 0.118882760 -0.115661912 0.062933728 0.984138489
2547.511176672 -4.324715614 -3.329929352 18.993656158 0.120361105 -0.088247657 0.065189973 0.986648798
2547.636432000 -4.923916817 -3.749737263 19.687438965 0.120771490 -0.059199635 0.067525037 0.988610148
2547.761245824 -5.303347588 -3.967408180 20.030990601 0.118006177 -0.031681713 0.064798571 0.990389824
2547.886554176 -4.717591286 -3.672918081 19.455986023 0.101463988 -0.072827123 0.036025017 0.991515756
2548.011470432 -4.905914307 -4.140405178 20.094154358 0.088248655 -0.064971402 0.043470658 0.993026316
2548.136565568 -5.092031479 -4.609668255 20.753204346 0.072999679 -0.054859880 0.054234568 0.994344056
2548.261217536 -5.266310215 -4.975814342 21.502759933 0.075607352 -0.052092928 0.075526766 0.992907643
2548.386395648 -5.338627338 -5.097747326 22.007474899 0.079814196 -0.051317483 0.079961471 0.992271304
2548.511441248 -5.508502483 -5.226089478 22.365236282 0.080920614 -0.034537196 0.086561322 0.992353857
2548.636200320 -5.804695606 -5.375814438 22.735721588 0.079879120 0.010931076 0.096691042 0.992043674
2548.761153280 -6.059788227 -5.513569355 23.138206482 0.083130524 0.055350617 0.107870825 0.989135742
2548.886206560 -6.267676830 -5.646287918 23.540800095 0.086669207 0.098295331 0.119760431 0.984115779
2549.011183392 -6.199281216 -5.731417656 24.017150879 0.098917924 0.094510689 0.112403557 0.984199405
2549.139442080 -6.103180885 -5.858997822 24.539180756 0.098107912 0.082497172 0.105310418 0.986143351
2549.261528800 -6.047819138 -5.988889694 25.084163666 0.097630776 0.070361137 0.100229725 0.987659633
2549.386152864 -6.035717964 -6.123368263 25.637762070 0.097191267 0.058988318 0.095647506 0.988901317
2549.511225728 -5.988270760 -6.242885113 26.067647934 0.066498019 0.061762653 0.112105303 0.989543200
2549.636350784 -5.937554836 -6.284686089 26.555761337 0.060215920 0.054697026 0.108510338 0.990761220
2549.761267968 -5.949571609 -6.240880966 27.062482834 0.104227245 0.056936637 0.095321849 0.988336325
2549.885677408 -5.866021156 -6.334326744 27.467514038 0.077205360 0.053742681 0.119080283 0.988418400
2550.011163776 -5.811557770 -6.414983749 27.944980621 0.068520434 0.052134153 0.110950559 0.990089357
2550.136264672 -5.740546227 -6.492311954 28.474567413 0.066600457 0.062022883 0.106951252 0.990090370
2550.260893632 -5.690848351 -6.550939083 28.822000504 0.057758164 0.050799109 0.096711121 0.992335856
2550.384129088 -5.627138138 -6.630079269 29.319589615 0.078703500 0.050305270 0.119049706 0.988484859
2550.510598016 -5.574428082 -6.739158154 29.846694946 0.072389051 0.057883274 0.120366141 0.988393307
2550.636899200 -5.513926983 -6.817534447 30.306661606 0.073578008 0.048846170 0.117466934 0.989142001
2550.759891872 -5.492289543 -6.931005478 30.833957672 0.090646662 0.045371115 0.117239311 0.987916768
2550.883808448 -5.442099571 -7.011028767 31.227798462 0.069909349 0.038531411 0.108677544 0.990866899
2551.010794304 -5.434660912 -7.088295460 31.703737259 0.056474835 0.047775894 0.101191491 0.992113054
2551.136336064 -5.388535500 -7.137222767 32.151500702 0.049657121 0.042840429 0.109277219 0.991845429
2551.260524320 -5.330738068 -7.205891132 32.649612427 0.052975394 0.064021491 0.102115288 0.991295755
2551.383469056 -5.267303944 -7.267424583 33.114696503 0.050101288 0.064574622 0.116977215 0.989765763
2551.510309600 -5.196546555 -7.317376614 33.571166992 0.053721335 0.064515963 0.117462866 0.989522219
2551.636761664 -5.137998104 -7.378791809 34.028823853 0.058585446 0.071916647 0.116689824 0.988827229
2551.760309312 -5.076130867 -7.442783833 34.475753784 0.062668398 0.067435324 0.121961206 0.988256335
2551.883535392 -5.030921459 -7.508690357 34.877433777 0.058045980 0.063347213 0.139874235 0.986434460
2552.010550432 -4.949062347 -7.568562031 35.298049927 0.065789320 0.067298271 0.146834582 0.984673738
2552.136332704 -4.894079685 -7.641532898 35.754386902 0.060514115 0.060072750 0.139312476 0.986570477
2552.260320672 -4.852404594 -7.702697754 36.212997437 0.073877096 0.043384112 0.124651618 0.988494813
2552.386786976 -4.854011059 -7.775052547 36.676559448 0.071491852 0.030433299 0.130234718 0.988433957
2552.511307680 -4.855578423 -7.862095833 37.114898682 0.062381241 0.017277857 0.132770196 0.989030898
2552.636312736 -4.771760941 -7.952332973 37.642910004 0.069764890 0.018398756 0.144113541 0.986927390
2552.761263808 -4.750289440 -8.016704559 38.098941803 0.061172485 0.020826017 0.132648841 0.989054322
2552.883542656 -4.735196590 -8.092646599 38.557971954 0.063146964 0.006780988 0.125182301 0.990098894
2553.011507488 -4.720190525 -8.162567139 39.018741608 0.061784714 0.007031989 0.126317590 0.990038931
2553.136252992 -4.699988842 -8.231144905 39.509647369 0.059214298 0.004105180 0.122238308 0.990724266
2553.260811328 -4.709889889 -8.299707413 39.949993134 0.056478176 -0.004369691 0.116247252 0.991603613
2553.382967584 -4.693214417 -8.399020195 40.429149628 0.043961715 -0.014438894 0.117467351 0.991998136
2553.510525664 -4.817854881 -8.304646492 41.153759003 0.075203516 -0.000825322 0.128427356 0.988863051
2553.636661856 -4.775096893 -8.468564034 41.596443176 0.058392163 -0.002158706 0.130601823 0.989711523
2553.761072000 -4.736951351 -8.549886703 41.972026825 0.041239206 -0.010207606 0.121646821 0.991663873
2553.883135456 -4.740365982 -8.599265099 42.455871582 0.037682209 -0.009733209 0.121498741 0.991828322
2554.011053632 -4.744130135 -8.663268089 43.013420105 0.038533986 -0.001743955 0.122248761 0.991749644
2554.136354272 -4.726758480 -8.747993469 43.545524597 0.030564293 -0.000681666 0.123997211 0.991811514
2554.261572672 -4.764997482 -8.779046059 44.076549530 0.030717857 0.002949220 0.124828659 0.991698265
2554.382726688 -4.773632526 -8.838212013 44.530021667 0.026577886 0.004397247 0.123192623 0.992017031
2554.511614976 -4.782730579 -8.878572464 45.005561829 0.027059693 0.005192556 0.123079456 0.992014229
2554.636390944 -4.757955551 -8.907644272 45.371452332 0.029252617 0.003389009 0.122967727 0.991973698
2554.761580448 -4.762144566 -8.931297302 45.590461731 0.037179556 -0.000285465 0.117907420 0.992328286
2554.882867744 -4.771846294 -8.950807571 45.762508392 0.037574369 -0.000555388 0.116264470 0.992507160
2555.010992224 -4.766784191 -8.969698906 45.908176422 0.037834052 -0.000619784 0.121072777 0.991922140
2555.137163200 -4.773521423 -8.981124878 45.999187469 0.038747828 0.000923513 0.115184315 0.992587686
2555.260840192 -4.771725655 -8.986662865 46.050502777 0.042877499 -0.000990695 0.116772674 0.992232144
2555.384413536 -4.772255898 -8.990102768 46.087463379 0.043180488 -0.001157328 0.116472021 0.992254198
2555.511314592 -4.771770954 -8.998899460 46.117923737 0.043206941 -0.000474992 0.115092009 0.992414594
2555.636840000 -4.770117283 -9.003486633 46.131862640 0.043139756 -0.000546778 0.115020201 0.992425859
2555.761353024 -4.769346237 -9.004496574 46.139530182 0.043074265 -0.000889442 0.114767261 0.992457688
2555.882289728 -4.769866467 -9.004274368 46.147872925 0.042618614 -0.001092521 0.114592284 0.992497385
2556.010661152 -4.772572517 -9.005002975 46.145984650 0.042851973 -0.000925986 0.114580154 0.992488921
2556.137378336 -4.773684025 -9.004628181 46.146125793 0.042616878 -0.000856706 0.114529535 0.992504954
2556.260607904 -4.773108482 -9.004053116 46.146114349 0.042907689 -0.000869982 0.114627026 0.992481172
