514.950319744 0.000000000 0.000000000 0.000000000 0.000000000 0.000000000 0.000000000 1.000000000
514.976673504 0.000108668 0.000613301 0.000044270 0.000597021 -0.000132688 0.000716044 0.999999583
515.003023584 0.000628913 -0.000742118 0.002230539 0.004751001 -0.000390506 0.002859303 0.999984562
515.046934336 -0.000994996 -0.002680464 0.015035644 0.006172449 -0.002188953 0.002523574 0.999975383
515.073296736 -0.002449722 -0.004371488 0.029623443 0.005711818 -0.005893355 0.004148170 0.999957681
515.108951168 -0.008785308 -0.003688004 0.056266285 0.007718743 -0.010962784 -0.001606153 0.999908805
515.144714048 -0.018107824 0.000071786 0.092318013 0.005068078 -0.009828706 -0.012908608 0.999855518
515.182012544 -0.028234391 -0.003625546 0.132990420 0.014587161 -0.009580420 -0.022747153 0.999588907
515.218377920 -0.034847476 -0.010249090 0.180838704 0.022487372 -0.009378610 -0.025573999 0.999375939
515.255477024 -0.044881657 -0.009666372 0.241224214 0.018142693 -0.011797083 -0.034033079 0.999186337
515.297405216 -0.049565554 -0.008138034 0.304945499 0.014168541 -0.013933859 -0.029380236 0.999370754
515.334673024 -0.056057204 -0.011100949 0.378877401 0.017213624 -0.014974085 -0.033206843 0.999188066
515.370598208 -0.058760520 -0.015229826 0.459419787 0.007949086 -0.015723621 -0.025320528 0.999524117
515.410309856 -0.062456101 -0.020293381 0.545343637 0.015824623 -0.015888220 -0.021608520 0.999514997
515.450930528 -0.069636099 -0.018457852 0.641710997 0.015120468 -0.016913526 -0.023625242 0.999463439
515.486391680 -0.073530495 -0.023340587 0.729815722 0.011423872 -0.017611660 -0.018318772 0.999611795
515.522504800 -0.080568209 -0.028389368 0.822450519 0.004532237 -0.017130371 -0.019556770 0.999651730
515.559361184 -0.096712291 -0.028584894 0.917564154 0.000331305 -0.017046113 -0.039177887 0.999086797
515.598651264 -0.100708142 -0.031533126 1.029132247 -0.007408199 -0.015008472 -0.025248993 0.999541044
515.634572672 -0.098590128 -0.038081661 1.122161627 0.008621337 -0.015519885 -0.006187321 0.999823272
515.670177344 -0.101536497 -0.041861255 1.221795797 0.006066120 -0.015598925 0.000203603 0.999859869
515.705709536 -0.101948909 -0.050639711 1.318004608 0.011901899 -0.018749151 0.011307369 0.999689460
515.742188320 -0.111215904 -0.051685959 1.425513268 0.004151948 -0.017405767 0.003960076 0.999832034
515.777829120 -0.137418598 -0.050536267 1.511866927 0.027166789 -0.009220225 -0.042332903 0.998691618
515.813635776 -0.139628425 -0.062762976 1.606803298 0.036549211 -0.003565563 -0.033775769 0.998754561
515.849952960 -0.133487105 -0.072082318 1.714106560 0.023076100 -0.004487193 -0.008961969 0.999683499
515.885911744 -0.117302060 -0.075638898 1.821214437 0.013802212 -0.005387440 0.032190956 0.999371886
515.921932960 -0.127367169 -0.080248170 1.919866323 0.026554417 -0.002913519 0.009742798 0.999595642
515.958154624 -0.132538348 -0.085825846 2.024997711 0.027643602 0.008432292 0.003539661 0.999575973
515.994608416 -0.150200799 -0.096095830 2.136970758 0.011671518 0.019481454 -0.024769766 0.999435186
516.034908192 -0.159197271 -0.101058654 2.256255627 0.022520231 0.027619435 -0.008702982 0.999326885
516.072233664 -0.155092075 -0.103861041 2.373763800 0.021686127 0.026339708 0.009454259 0.999373078
516.109497024 -0.162719458 -0.102275394 2.485425472 0.010276688 0.025561977 -0.004471388 0.999610424
516.146952000 -0.173789069 -0.096431471 2.598276138 0.002195262 0.025012013 -0.027047677 0.999318779
516.193585216 -0.173932359 -0.106934518 2.736163855 0.002998652 0.022840604 -0.016879683 0.999592125
516.231285600 -0.176089749 -0.112246618 2.852890015 -0.006160708 0.019668734 -0.022389149 0.999536872
516.271722432 -0.172707319 -0.115031339 2.973091125 -0.004960261 0.019679824 -0.012534425 0.999715447
516.317481664 -0.170117751 -0.111210860 3.097016335 -0.004474120 0.021672964 -0.009579676 0.999709189
516.358755328 -0.161090001 -0.114535801 3.236555815 -0.008020990 0.018659387 0.005456031 0.999778867
516.402188192 -0.162590727 -0.121008515 3.365796089 0.001439658 0.018553428 -0.006616286 0.999804974
516.445552352 -0.159503549 -0.130697906 3.487138271 0.011112045 0.018201429 -0.005650018 0.999756634
516.487271968 -0.149017155 -0.133350208 3.632740498 0.005070183 0.019069705 0.014160031 0.999705017
516.529202944 -0.145906493 -0.129539400 3.770501137 0.003323717 0.020180382 0.009093663 0.999749482
516.569892448 -0.136593550 -0.138942748 3.901408672 0.012186319 0.020076513 0.023364523 0.999451101
516.614870720 -0.133992851 -0.145872757 4.053563595 0.003684629 0.020203182 0.011305828 0.999725163
516.655392544 -0.126169696 -0.150098264 4.195631027 0.004318684 0.018115239 0.013307086 0.999737978
516.698629792 -0.115980186 -0.144981369 4.336892128 -0.009156682 0.015785633 0.022840660 0.999572515
516.744677504 -0.114727564 -0.131536454 4.511193275 -0.033987500 0.010599895 0.013433253 0.999275744
516.776275488 -0.114075936 -0.126982629 4.622694016 -0.039296292 0.006233787 0.010072381 0.999157429
516.816929824 -0.106664054 -0.130426735 4.764658928 -0.042217221 0.007636732 0.017266493 0.998930037
516.848824704 -0.098633617 -0.137758240 4.870622158 -0.028060295 0.009865188 0.026494700 0.999206364
516.880306720 -0.100187548 -0.144858301 4.971804619 -0.002164451 0.012230366 0.019414766 0.999734342
516.911810496 -0.104696497 -0.152906597 5.071129799 0.026351938 0.013966559 0.013896076 0.999458611
516.944011360 -0.106911570 -0.162597194 5.169699192 0.057592746 0.009040258 0.016413582 0.998164296
516.975786976 -0.110715292 -0.174353629 5.275276661 0.073345557 0.002076266 0.015871814 0.997178137
517.007377888 -0.111700565 -0.189262882 5.386280537 0.074320592 -0.008663518 0.021957049 0.996954978
517.040205184 -0.113732763 -0.204488769 5.495213032 0.077004842 -0.015060438 0.022626834 0.996660173
517.072051296 -0.121400729 -0.222842991 5.613854408 0.073135331 -0.016382741 0.017949464 0.997025907
517.103724416 -0.130789518 -0.240318239 5.729868889 0.061845437 -0.014983705 0.008553470 0.997936606
517.135249312 -0.135924071 -0.255377889 5.845445633 0.054752886 -0.013883594 0.010239611 0.998350918
517.166723904 -0.139320925 -0.268707842 5.960050583 0.045497142 -0.013561707 0.011266710 0.998808861
517.199465216 -0.142968342 -0.281311065 6.075344086 0.037742119 -0.013796327 0.009830963 0.999143898
517.231036352 -0.150252730 -0.293874383 6.193620682 0.034598157 -0.014322842 0.005236525 0.999284983
517.264131648 -0.156774253 -0.304352611 6.317072392 0.032872584 -0.015111372 0.006835555 0.999321938
517.295724320 -0.156986967 -0.314397573 6.431543827 0.033044633 -0.015466018 0.017281961 0.999184787
517.328120064 -0.157229215 -0.327640146 6.541603565 0.040454760 -0.014169157 0.023179920 0.998811960
517.359594144 -0.159030005 -0.344303668 6.652973175 0.049182784 -0.011862813 0.025501492 0.998393714
517.392349536 -0.167764038 -0.360717863 6.769849300 0.050022949 -0.007135830 0.015995681 0.998594463
517.423788480 -0.173633888 -0.368813723 6.892428398 0.044506412 -0.002899952 0.010445199 0.998950303
517.458709344 -0.171227619 -0.376062661 7.020120144 0.043108307 -0.002002006 0.020566840 0.998856664
517.490132352 -0.170563266 -0.388843000 7.149345398 0.035617515 -0.005201051 0.023680795 0.999071360
517.524820576 -0.171120286 -0.397983044 7.271627426 0.017723573 -0.009310135 0.024392307 0.999502003
517.556796800 -0.180954695 -0.403466761 7.404654026 0.005683755 -0.014408446 0.010342507 0.999826550
517.589211840 -0.190340415 -0.400117517 7.525199890 -0.006429043 -0.020423219 0.004509399 0.999760628
517.621086336 -0.191372737 -0.393366694 7.653694630 -0.024428260 -0.025390564 0.013549342 0.999287248
517.653728736 -0.201788142 -0.393480271 7.780627251 -0.029088214 -0.026570905 0.011634723 0.999155879
517.685548192 -0.208042905 -0.398611635 7.904810429 -0.029015824 -0.025218559 0.015057687 0.999147296
517.717383872 -0.217661440 -0.401712656 8.023156166 -0.023412088 -0.022568719 0.007179765 0.999445319
517.748894880 -0.226819381 -0.400380164 8.140566826 -0.010734227 -0.019262861 0.002948260 0.999752462
517.822707520 -0.245343298 -0.398368418 8.414929390 0.003369743 -0.020758277 0.012818950 0.999696672
517.861746528 -0.255411386 -0.406149149 8.566757202 0.004994289 -0.029277962 0.015184243 0.999443471
517.891105696 -0.266878933 -0.409975678 8.682299614 0.002572769 -0.035734423 0.011655343 0.999290049
517.922469984 -0.279825628 -0.413505077 8.806388855 0.002475169 -0.041051008 0.007595109 0.999125123
517.961212256 -0.297161877 -0.417158782 8.960951805 -0.002500518 -0.043586697 0.004529255 0.999036252
517.991422752 -0.307607740 -0.418007821 9.084354401 -0.007772500 -0.043923359 0.006213499 0.998985350
518.023156544 -0.321798652 -0.423466265 9.206751823 -0.000298120 -0.043931879 0.004278320 0.999025345
518.055093952 -0.336791456 -0.431873739 9.336840630 0.002587001 -0.043379623 0.001412548 0.999054313
518.087115264 -0.353786230 -0.434358448 9.466629028 -0.000100480 -0.042411186 -0.003968244 0.999092340
518.118972608 -0.367270947 -0.433923185 9.597380638 0.003869598 -0.043240357 -0.000433803 0.999057114
518.150887776 -0.378624052 -0.437411159 9.727900505 0.006263154 -0.044727825 0.004086020 0.998971224
518.182854688 -0.393890679 -0.437838405 9.868599892 -0.008440297 -0.046108823 0.002874373 0.998896599
518.216569504 -0.407428056 -0.437676132 10.007727623 -0.012933549 -0.045922633 -0.001329367 0.998860359
518.253169824 -0.426257789 -0.438139468 10.165236473 -0.016781218 -0.044288132 -0.007592574 0.998848975
518.295555680 -0.448268592 -0.437484413 10.354680061 -0.022299603 -0.046470691 -0.005167419 0.998657346
518.324545664 -0.459496617 -0.439474493 10.469975471 -0.006910097 -0.048688903 -0.002267343 0.998787522
518.355999904 -0.477714449 -0.441064745 10.606469154 -0.006036005 -0.050143208 -0.003695262 0.998716950
518.387589600 -0.495387465 -0.439580798 10.743449211 -0.006846692 -0.050621066 -0.008366277 0.998659432
518.420015808 -0.511837780 -0.443709373 10.879127502 0.000206600 -0.048619185 -0.008287608 0.998782992
518.451498016 -0.527873933 -0.446568072 11.022294044 -0.006344894 -0.048194766 -0.008591389 0.998780847
518.483895200 -0.546214044 -0.447727084 11.167204857 -0.009417112 -0.047905277 -0.010035618 0.998757064
518.515460448 -0.559958875 -0.451289088 11.303271294 -0.001708325 -0.047357246 -0.008694199 0.998838723
518.546831200 -0.576492906 -0.454010159 11.442867279 -0.002111404 -0.048501272 -0.004959450 0.998808563
518.579472256 -0.594610929 -0.457722008 11.582412720 -0.000524431 -0.050582703 -0.008082746 0.998687029
518.611267072 -0.613509357 -0.460929424 11.726598740 0.005278913 -0.051255438 -0.009325895 0.998628080
518.642719232 -0.632296443 -0.463612497 11.869917870 0.005146354 -0.051142413 -0.007404697 0.998650670
518.674070432 -0.648237705 -0.468249291 12.011610031 0.005380902 -0.051594067 -0.007079129 0.998628557
518.705336512 -0.666756809 -0.475728989 12.152203560 0.005373735 -0.051274847 -0.009885208 0.998621225
518.736872960 -0.681316197 -0.479906380 12.298245430 0.003613121 -0.049431801 -0.008096569 0.998738170
518.768295744 -0.697691739 -0.482067198 12.441750526 0.006700940 -0.044204727 -0.007898304 0.998968840
518.801289888 -0.713459492 -0.489250392 12.588890076 0.007387249 -0.039819356 -0.008035799 0.999147236
518.842151488 -0.730642140 -0.498452485 12.785079002 0.004118061 -0.036741804 -0.005120702 0.999303162
518.871636512 -0.745392323 -0.504723847 12.917962074 0.010351346 -0.033961281 -0.001886300 0.999367774
518.904849536 -0.759465218 -0.507795155 13.072112083 0.007969026 -0.032373179 -0.002948977 0.999439716
518.939087648 -0.772600651 -0.514279306 13.227196693 0.008766615 -0.032185487 -0.001899687 0.999441624
518.971145952 -0.785446882 -0.522006392 13.384310722 0.009087198 -0.032710336 0.001361473 0.999422610
519.003693696 -0.800883114 -0.530261695 13.542855263 0.005717673 -0.031920690 0.001916525 0.999472201
519.038247488 -0.813448012 -0.534835160 13.696180344 0.009053098 -0.030803630 0.001727967 0.999482989
519.069985152 -0.826607049 -0.543069720 13.854928970 0.007414391 -0.031063601 0.003896946 0.999482334
519.101965664 -0.837722719 -0.551106215 14.006147385 0.006813135 -0.032246608 0.005183789 0.999443293
519.133617824 -0.849932969 -0.559068859 14.152629852 0.014624623 -0.031507239 0.007804612 0.999366045
519.165223168 -0.861381710 -0.564708710 14.304611206 0.012512000 -0.031628858 0.008383589 0.999386191
519.196642624 -0.874974072 -0.576098740 14.452183723 0.014867603 -0.032283768 0.008000164 0.999336123
519.230748352 -0.889032304 -0.584942400 14.601333618 0.015255563 -0.032850262 0.007633943 0.999314666
519.262329600 -0.904801905 -0.595495582 14.759126663 0.019107174 -0.032412115 0.007973253 0.999260128
519.304714624 -0.921236694 -0.608511031 14.961583138 0.017385650 -0.032689370 0.009353318 0.999270558
519.333650432 -0.927562654 -0.616161585 15.096576691 0.016934916 -0.033820987 0.010178294 0.999232590
519.365594368 -0.941919863 -0.624184549 15.248132706 0.015043125 -0.033698142 0.009304934 0.999275506
519.397820704 -0.952903032 -0.635403216 15.401179314 0.018114468 -0.031743858 0.010194063 0.999279916
519.427056544 -0.962959468 -0.641774058 15.542990685 0.011972204 -0.031101525 0.011493471 0.999378443
519.461322944 -0.976862073 -0.653819025 15.693479538 0.013621538 -0.031726673 0.013529495 0.999312162
519.492113888 -0.992341757 -0.664419830 15.841182709 0.018174307 -0.031259734 0.012683547 0.999265552
519.521760064 -1.003551602 -0.668205559 15.999049187 0.009876086 -0.030792437 0.010232091 0.999424636
519.551057440 -1.011783242 -0.676507950 16.139516830 0.016108023 -0.031379063 0.011731206 0.999308884
519.581036608 -1.022254825 -0.684880018 16.286830902 0.015347138 -0.032373302 0.011339730 0.999293685
519.610841248 -1.032769799 -0.694662869 16.432538986 0.012866988 -0.032947548 0.010639671 0.999317646
519.639720160 -1.043581247 -0.703315139 16.566987991 0.021792034 -0.031718053 0.010108803 0.999208152
519.668370080 -1.055424094 -0.712887645 16.708503723 0.018234665 -0.031123837 0.010457160 0.999294460
519.697024768 -1.065257549 -0.719914734 16.848365784 0.012826852 -0.031806618 0.010605857 0.999355495
519.727386624 -1.077693582 -0.727725387 16.995111465 0.016552866 -0.031338021 0.010791506 0.999313474
519.756316032 -1.088472009 -0.736820400 17.138046265 0.014636756 -0.029973025 0.011099678 0.999381900
519.784938336 -1.099757552 -0.745565176 17.278520584 0.010733403 -0.029235937 0.011437237 0.999449432
519.813795520 -1.110206366 -0.755004346 17.416683197 0.013654666 -0.030056687 0.011877131 0.999384344
519.842443968 -1.123409390 -0.762540340 17.556926727 0.015313986 -0.029987367 0.012414712 0.999355853
519.871226048 -1.135478973 -0.769409895 17.696647644 0.016194936 -0.029067276 0.011876383 0.999375701
519.903025600 -1.145785570 -0.779795110 17.839263916 0.016284415 -0.029102450 0.011091498 0.999382257
519.932783968 -1.156557798 -0.790260553 17.997428894 0.013182766 -0.029852338 0.012600143 0.999387980
519.965900320 -1.168297887 -0.799153030 18.165605545 0.011263716 -0.030363342 0.012866558 0.999392629
519.999684160 -1.180662155 -0.807750940 18.329595566 0.014870289 -0.028690020 0.012787939 0.999395907
520.029929760 -1.190265536 -0.816015065 18.470273972 0.011061288 -0.028333293 0.013446082 0.999446869
520.059580576 -1.200086117 -0.824485064 18.617444992 0.008740629 -0.029672312 0.013737745 0.999427021
520.089731840 -1.207967520 -0.831286311 18.764215469 0.011042091 -0.030530548 0.014922221 0.999361455
520.120629824 -1.218193173 -0.838285446 18.912067413 0.014604209 -0.030818511 0.016848385 0.999276280
520.149877216 -1.225445151 -0.843496263 19.064126968 0.013622932 -0.032788351 0.016326245 0.999236107
520.178481952 -1.236351490 -0.854618609 19.206893921 0.018500568 -0.034117024 0.016534165 0.999109805
520.209532576 -1.248814702 -0.863118649 19.348936081 0.018221311 -0.034478661 0.018182999 0.999073863
520.239655808 -1.262828588 -0.870971382 19.515615463 0.019500069 -0.032360472 0.017637480 0.999130368
520.270941760 -1.273816824 -0.884472907 19.676145554 0.019572441 -0.032570295 0.017720822 0.999120653
520.299552736 -1.284554720 -0.893023849 19.819833755 0.014794217 -0.033442531 0.019691147 0.999137104
520.328570720 -1.298893213 -0.904487491 19.960689545 0.018484823 -0.032674022 0.019483645 0.999105155
520.357691008 -1.305382967 -0.915321052 20.104724884 0.019959344 -0.031493854 0.017584508 0.999149919
520.386981920 -1.316622615 -0.924910605 20.251369476 0.018112957 -0.032026704 0.017416844 0.999171078
520.416035328 -1.329336643 -0.936960936 20.396167755 0.017921569 -0.033678930 0.017900055 0.999111652
520.454329312 -1.344477057 -0.948780835 20.585283279 0.019531302 -0.035260171 0.018406007 0.999017715
520.499799680 -1.365273118 -0.960115850 20.816791534 0.015684916 -0.038380515 0.015839303 0.999014556
520.528572832 -1.379479170 -0.973549962 20.962371826 0.016645221 -0.041629340 0.013873953 0.998898149
520.563112256 -1.394319773 -0.985446215 21.132694244 0.020527951 -0.043934029 0.013666334 0.998730004
520.594483456 -1.411268473 -0.993933260 21.294321060 0.019235712 -0.044872161 0.012794852 0.998725533
520.626355520 -1.428860903 -1.005483508 21.451818466 0.022324272 -0.045213908 0.010565556 0.998671949
520.659511936 -1.446338654 -1.015777946 21.618776321 0.018080680 -0.046066623 0.009524331 0.998729289
520.692960352 -1.459633708 -1.028849483 21.785121918 0.021101933 -0.045685068 0.010167458 0.998681247
520.726823040 -1.479130030 -1.042693019 21.954019547 0.024750290 -0.045608897 0.007569172 0.998624027
520.758630592 -1.498024225 -1.052516937 22.114730835 0.022811482 -0.047319412 0.005543794 0.998603940
520.790093536 -1.517385721 -1.063814163 22.271888733 0.025888577 -0.049088519 0.005563496 0.998443365
520.822262784 -1.535699368 -1.075018764 22.431192398 0.026556751 -0.049294315 0.005588531 0.998415530
520.853842816 -1.550184369 -1.089250922 22.588365555 0.028789019 -0.050991349 0.005135964 0.998270869
520.885240064 -1.569930077 -1.104667187 22.746286392 0.030693075 -0.052741952 0.002640995 0.998132885
520.916920032 -1.591124535 -1.115833640 22.904762268 0.031899594 -0.053043183 0.000095622 0.998082578
520.949383072 -1.610420108 -1.125550866 23.068597794 0.030514253 -0.053243112 0.002090485 0.998113096
520.983265248 -1.628805041 -1.143073201 23.226583481 0.029622441 -0.055215020 0.002779070 0.998031080
521.023084000 -1.657618165 -1.162613511 23.436950684 0.027660854 -0.056190372 -0.004124776 0.998028278
521.051725504 -1.678425670 -1.173377872 23.577896118 0.032266378 -0.055241805 -0.002688701 0.997947872
521.082866432 -1.696884036 -1.185623407 23.735683441 0.029380340 -0.056455679 -0.000054783 0.997972727
521.117283776 -1.720110893 -1.197040796 23.891183853 0.032081872 -0.058617324 -0.001673064 0.997763515
521.158656864 -1.748464346 -1.218461990 24.109313965 0.035399958 -0.058543600 -0.000895560 0.997656584
521.189383168 -1.766470790 -1.234031320 24.262123108 0.037521467 -0.058931313 -0.000847065 0.997556269
521.223356480 -1.789651155 -1.251614928 24.432645798 0.038796823 -0.059227668 -0.003305238 0.997484803
521.255497600 -1.807972908 -1.269912601 24.588171005 0.044039331 -0.057532720 -0.001246147 0.997371018
521.288201376 -1.823997378 -1.287416697 24.749565125 0.045878697 -0.054547910 0.001727261 0.997455120
521.320999136 -1.839758396 -1.303752780 24.910915375 0.041515980 -0.051489633 0.002326247 0.997807503
521.352208896 -1.854893684 -1.323770165 25.074098587 0.042026252 -0.047624670 0.003629530 0.997974217
521.383616320 -1.869336128 -1.343249679 25.226474762 0.047391582 -0.042760972 0.003826651 0.997953355
521.415295616 -1.885498762 -1.361943841 25.379600525 0.048432052 -0.039718796 0.001483797 0.998035371
521.447696512 -1.896979332 -1.379289269 25.540639877 0.047030650 -0.040984374 0.007796767 0.998021841
521.480932128 -1.911376119 -1.394852519 25.697267532 0.043847464 -0.043386415 0.007555624 0.998067141
521.513370464 -1.930509806 -1.413396835 25.863636017 0.042020317 -0.044230629 0.000514067 0.998137116
521.546116160 -1.948009491 -1.437280297 26.023977280 0.036581453 -0.045928322 -0.001618634 0.998273373
521.578694848 -1.963464141 -1.452029228 26.178892136 0.036759861 -0.050083589 -0.000470319 0.998068213
521.612864576 -1.982094646 -1.465007782 26.335214615 0.039917972 -0.052585762 -0.004416842 0.997808516
521.646867104 -2.002389193 -1.482871652 26.501464844 0.039983101 -0.052437898 -0.007585624 0.997794628
521.679653696 -2.019953012 -1.502160072 26.667182922 0.040006749 -0.053319737 -0.008057094 0.997743249
521.714193280 -2.039538145 -1.517969131 26.833984375 0.036579389 -0.054310974 -0.009662658 0.997807086
521.745787360 -2.058544874 -1.533309102 26.987821579 0.042117141 -0.054340612 -0.012155092 0.997559786
521.778164352 -2.078017473 -1.551197052 27.145895004 0.041751351 -0.055582900 -0.012717661 0.997499704
521.810260384 -2.098186731 -1.571173787 27.299135208 0.045588449 -0.057143990 -0.014081574 0.997225106
521.845325504 -2.120180845 -1.591922641 27.454929352 0.052244090 -0.057548020 -0.016139463 0.996844172
521.885599808 -2.146861792 -1.618713856 27.663673401 0.057508111 -0.056424420 -0.017160846 0.996601522
521.916205600 -2.166692019 -1.640645385 27.811395645 0.060561705 -0.056588221 -0.018419093 0.996388912
521.947798976 -2.187946320 -1.663945079 27.961664200 0.060317744 -0.057417564 -0.020771930 0.996309936
521.979778752 -2.208396912 -1.686034918 28.110822678 0.061402261 -0.058462858 -0.021187810 0.996174157
522.011605888 -2.227187872 -1.705791116 28.258533478 0.060120516 -0.060581528 -0.021342592 0.996122420
522.043116032 -2.248630285 -1.728559852 28.408542633 0.059116725 -0.063471630 -0.021321706 0.996002972
522.074631552 -2.274248838 -1.746449232 28.559581757 0.049828038 -0.065323450 -0.028139019 0.996221960
522.108955712 -2.302874565 -1.758609056 28.718299866 0.037058741 -0.066703081 -0.032226171 0.996563494
522.140558112 -2.330462217 -1.760770082 28.892478943 0.011691011 -0.070235789 -0.035554487 0.996828020
522.171967712 -2.347790003 -1.774719357 29.044107437 0.002316553 -0.072015166 -0.023425657 0.997125745
522.204909248 -2.367539167 -1.800807238 29.186548233 0.025175476 -0.071913153 -0.015141615 0.996978104
522.238769088 -2.390500784 -1.823571563 29.317026138 0.066013411 -0.069668740 -0.013639487 0.995290101
522.270743744 -2.423647881 -1.839048147 29.464498520 0.081998535 -0.065250494 -0.036899380 0.993809402
522.302790336 -2.442836046 -1.853572130 29.614250183 0.065024182 -0.067275420 -0.024983050 0.995299816
522.336687232 -2.449693203 -1.877222538 29.781740189 0.044737734 -0.071820751 0.016213091 0.996281803
522.368354080 -2.468703270 -1.889428377 29.938032150 0.012220857 -0.068651788 0.024972936 0.997253239
522.400938080 -2.506815434 -1.900968552 30.086637497 0.010009046 -0.059681762 -0.015994644 0.998039126
522.433671232 -2.530128717 -1.923060775 30.227048874 0.026745670 -0.054701421 -0.016898643 0.998001397
522.465074816 -2.545265436 -1.942411184 30.362482071 0.039439138 -0.055136912 -0.002742238 0.997695804
522.500971488 -2.558676004 -1.957616210 30.515357971 0.056377418 -0.059672657 0.024915982 0.996313214
522.533208224 -2.592991590 -1.966244459 30.658987045 0.061241046 -0.057918075 -0.001838346 0.996439517
522.567068128 -2.624292135 -1.983370185 30.809860229 0.057896093 -0.057464644 -0.014857786 0.996556640
522.600150592 -2.638756037 -2.008307457 30.947269440 0.064869910 -0.057796728 0.000079076 0.996218562
522.631561504 -2.657533646 -2.032023191 31.094085693 0.063918762 -0.057095848 0.005679841 0.996304274
522.664592224 -2.679113865 -2.051500559 31.245956421 0.056827649 -0.058930814 0.003018024 0.996638656
522.696135616 -2.692008734 -2.071192741 31.385826111 0.050233588 -0.062787421 0.013971754 0.996663988
522.727549824 -2.710024118 -2.093324661 31.519559860 0.050967626 -0.066656224 0.012964317 0.996389091
522.759463072 -2.731127262 -2.111049652 31.659099579 0.053352211 -0.068601921 0.006765961 0.996193528
522.803182624 -2.753606081 -2.136912584 31.849798203 0.057886027 -0.072155789 0.014554610 0.995605826
522.838369568 -2.772602081 -2.156077385 31.985645294 0.056876749 -0.073432811 0.014456935 0.995572031
522.879530560 -2.806992769 -2.174035549 32.189949036 0.043977961 -0.073304825 0.002877952 0.996335268
522.910203328 -2.820968390 -2.191477299 32.321411133 0.042499918 -0.077126533 0.016543865 0.995977700
522.942565984 -2.843540192 -2.210250139 32.464214325 0.033954058 -0.082428217 0.017497269 0.995864749
522.973985280 -2.875114918 -2.225227356 32.595016479 0.035575166 -0.087307028 0.000056700 0.995546043
523.005503872 -2.899097443 -2.236264944 32.728614807 0.035334792 -0.094250232 0.001759011 0.994919717
523.038806432 -2.921681404 -2.247622252 32.868854523 0.034898769 -0.101006292 0.010244418 0.994220734
523.070603168 -2.945397615 -2.260600328 33.006401062 0.030431509 -0.101632692 0.013302300 0.994267464
523.102210880 -2.978327513 -2.272925138 33.145122528 0.026470397 -0.100050591 0.002001529 0.994628191
523.133703008 -2.999295950 -2.288774490 33.279483795 0.027999548 -0.096654013 0.012742204 0.994842529
523.162540160 -3.018488169 -2.303708076 33.399608612 0.039576441 -0.091678523 0.018549528 0.994828999
523.193998176 -3.040310383 -2.320301294 33.543094635 0.038923386 -0.089305677 0.024779744 0.994934857
523.225688000 -3.058527946 -2.336778164 33.673995972 0.048048291 -0.087098539 0.034197200 0.994452477
523.257534496 -3.078303099 -2.352442265 33.804973602 0.054779869 -0.083641544 0.038668368 0.994237363
523.288984544 -3.090992928 -2.370037317 33.938163757 0.048777170 -0.082073569 0.059532121 0.993650138
523.320656832 -3.115429401 -2.383145094 34.072921753 0.045050889 -0.079401091 0.051951278 0.994468153
523.351850528 -3.138347864 -2.397642612 34.208797455 0.035788812 -0.079899162 0.049854387 0.994911969
523.384658784 -3.158977985 -2.418380022 34.341766357 0.040740866 -0.079809435 0.048548464 0.994793296
523.416153312 -3.171036005 -2.440016747 34.476749420 0.042088304 -0.081122279 0.060578063 0.993970871
523.447740384 -3.192683220 -2.458675146 34.603458405 0.050602067 -0.080888845 0.051545218 0.994102359
523.479177280 -3.219702482 -2.470815182 34.736286163 0.056186434 -0.080075972 0.036515053 0.994533837
523.510670848 -3.241560459 -2.483718157 34.864501953 0.052635156 -0.083565615 0.035422087 0.994480550
523.541959648 -3.255955458 -2.507400513 34.990398407 0.059559520 -0.086535461 0.048708729 0.993273258
523.573489984 -3.276891232 -2.529617548 35.119045258 0.064312935 -0.085450068 0.046103515 0.993195176
523.605728704 -3.302527189 -2.547972441 35.246349335 0.062522553 -0.084310323 0.031300128 0.993983388
523.638002784 -3.322873354 -2.563597679 35.382965088 0.054630205 -0.083375074 0.033710659 0.994448423
523.669763968 -3.343247890 -2.578480244 35.518447876 0.041816235 -0.086714387 0.035640258 0.994716942
523.701233760 -3.361814022 -2.596717119 35.642959595 0.040204313 -0.089309648 0.038262155 0.994456351
523.732686240 -3.384635448 -2.610747814 35.771102905 0.037128843 -0.091617614 0.032578576 0.994568408
523.764403392 -3.402500391 -2.625773430 35.900440216 0.031999085 -0.096946128 0.041262750 0.993918955
523.795917088 -3.436848640 -2.635501623 36.036178589 0.025350541 -0.098780163 0.020800209 0.994568825
523.828227776 -3.469902039 -2.640889168 36.156578064 0.034582004 -0.102342866 0.001006754 0.994147420
523.859682208 -3.489044189 -2.654240847 36.286087036 0.036394607 -0.105846301 0.018177385 0.993550003
523.891025376 -3.511730909 -2.669247866 36.412227631 0.031617798 -0.108881891 0.022498578 0.993296981
523.922477312 -3.539837122 -2.682650566 36.536121368 0.029761983 -0.111305058 0.014954050 0.993227959
523.954132128 -3.574648142 -2.690452099 36.659408569 0.032193761 -0.110394880 -0.003580481 0.993359804
523.985843744 -3.596369267 -2.701310635 36.784679413 0.029724587 -0.111586042 0.012297194 0.993233979
524.021389248 -3.616259813 -2.716033220 36.913696289 0.030692674 -0.110985592 0.026862675 0.992984653
524.054407328 -3.653940678 -2.726398945 37.061492920 0.022804495 -0.110806890 0.012236294 0.993504941
524.093956032 -3.694277763 -2.739421368 37.223739624 0.028650982 -0.110829152 0.004545357 0.993416011
524.124378144 -3.721621990 -2.751503468 37.343097687 0.033806793 -0.112324707 0.006026008 0.993078053
524.156072544 -3.743976116 -2.770611763 37.467727661 0.035894532 -0.115415968 0.021833515 0.992428362
524.188057056 -3.775015593 -2.786229372 37.590969086 0.041044153 -0.116798066 0.020505441 0.992095292
524.220644448 -3.808098793 -2.793632984 37.719268799 0.032080706 -0.116883859 0.014379109 0.992523193
524.252673792 -3.850530386 -2.797146082 37.853343964 0.030734759 -0.116054244 -0.003511157 0.992761016
524.284960736 -3.878850460 -2.811200619 37.979907990 0.033712395 -0.116164796 0.003069590 0.992652953
524.318255264 -3.907838345 -2.829173088 38.115146637 0.028082611 -0.116385169 0.011985077 0.992734730
524.349637440 -3.937278748 -2.845215797 38.237483978 0.035135143 -0.116804622 0.012568258 0.992453635
524.381052000 -3.973863125 -2.858204603 38.354980469 0.040668055 -0.114318863 0.003529569 0.992605090
524.423436288 -4.007180214 -2.879664660 38.515346527 0.049331151 -0.116491929 0.015322621 0.991847396
524.453705792 -4.032370567 -2.891264677 38.635662079 0.044940688 -0.118998781 0.022898369 0.991612494
524.485251744 -4.068846703 -2.897521734 38.765808105 0.035176180 -0.119576231 0.011094779 0.992139637
524.516883712 -4.104064465 -2.911098242 38.889099121 0.036245029 -0.117538989 0.002805627 0.992402673
524.548890720 -4.130719662 -2.932265759 39.009845734 0.037565611 -0.117850296 0.010683101 0.992263079
524.581162880 -4.156808376 -2.947063446 39.139148712 0.027816722 -0.118710697 0.019884575 0.992339969
524.614985856 -4.196184158 -2.959116697 39.268573761 0.038174011 -0.115059063 0.002499207 0.992621720
524.648828512 -4.223563194 -2.969907522 39.394454956 0.045241479 -0.113564633 0.006023376 0.992481768
524.680348416 -4.248067856 -2.983121872 39.526901245 0.035955466 -0.109804787 0.017518319 0.993148148
524.712758496 -4.277974606 -2.999673843 39.646076202 0.047797389 -0.103146642 0.010471996 0.993461847
524.744247808 -4.305947304 -3.018019438 39.770431519 0.050274685 -0.098513432 0.004688716 0.993853927
524.772877024 -4.334048271 -3.026564837 39.888515472 0.038532134 -0.096359566 -0.001390907 0.994599521
524.805007328 -4.357532024 -3.040416002 40.013294220 0.038446501 -0.097900331 0.010469857 0.994398177
524.837031296 -4.385454178 -3.054773331 40.137508392 0.043132365 -0.099898055 0.010416741 0.994007766
524.868664704 -4.417160511 -3.070459127 40.262073517 0.040090978 -0.101005591 0.001647936 0.994076371
524.909909856 -4.454509258 -3.092184544 40.418273926 0.045574982 -0.103240922 -0.000052691 0.993611753
524.941163552 -4.488286972 -3.103201628 40.545597076 0.040604278 -0.104587451 -0.000083825 0.993686438
524.972671648 -4.514676094 -3.114140034 40.671604156 0.038670089 -0.103508711 0.000858994 0.993876159
525.001252576 -4.537101269 -3.129576921 40.782268524 0.043446012 -0.102330588 0.004806988 0.993789613
525.032799520 -4.565537930 -3.145705938 40.906673431 0.040388707 -0.102249466 0.001571242 0.993937254
525.064244288 -4.592121124 -3.161300182 41.034397125 0.038486168 -0.102274917 0.005225026 0.993997693
525.095560320 -4.618339539 -3.170801878 41.159702301 0.039780304 -0.102424383 0.008383347 0.993909717
525.126925472 -4.647162437 -3.179366350 41.286720276 0.034225125 -0.102996774 0.005160645 0.994079292
525.159426048 -4.675085068 -3.194565535 41.407295227 0.036334414 -0.102848336 0.002141573 0.994030893
525.193170880 -4.702526093 -3.212481260 41.534404755 0.035550360 -0.103509039 0.008561138 0.993956149
525.225777024 -4.728932858 -3.230529547 41.667449951 0.037288394 -0.105321139 0.015573306 0.993616879
525.257510464 -4.758747578 -3.240391493 41.791889191 0.041295718 -0.103838414 0.011051913 0.993674994
525.290269472 -4.792068005 -3.248146057 41.918922424 0.042157009 -0.101381049 0.000621612 0.993953884
525.323741504 -4.818469048 -3.260299921 42.050487518 0.033139158 -0.101223938 0.007052557 0.994286537
525.355810720 -4.845807076 -3.277122498 42.186759949 0.032492787 -0.101699226 0.009296712 0.994240940
525.388413024 -4.872241974 -3.293291330 42.315509796 0.032234617 -0.102255777 0.009486685 0.994190454
525.420219904 -4.901841164 -3.305575132 42.446926117 0.031901669 -0.102523625 0.004821415 0.994207203
525.451772896 -4.925507069 -3.317213774 42.572948456 0.036798835 -0.103445522 0.012096241 0.993880570
525.484141824 -4.958673477 -3.322046757 42.706779480 0.029110422 -0.103702150 0.000142809 0.994182289
525.516062432 -4.991836548 -3.331094980 42.836112976 0.021877505 -0.106728919 -0.006318381 0.994027376
525.548936064 -5.020174980 -3.347437620 42.965587616 0.025819840 -0.110527210 -0.000587895 0.993537486
525.590203776 -5.058784962 -3.363446236 43.135063171 0.020678626 -0.117201343 0.003721416 0.992885828
525.619293952 -5.091728210 -3.368449211 43.245697021 0.025771257 -0.120660499 -0.008625556 0.992321789
525.653019680 -5.125075817 -3.377278328 43.372020721 0.030780725 -0.122707039 -0.009991425 0.991915166
525.684956896 -5.157524586 -3.391717196 43.504997253 0.033085410 -0.123225257 -0.006569226 0.991805315
525.716668800 -5.192623615 -3.404457569 43.633754730 0.034750354 -0.123846062 -0.009532318 0.991646945
525.748519968 -5.224582672 -3.414830446 43.759788513 0.033500064 -0.124399833 -0.009073771 0.991624951
525.780433536 -5.257284641 -3.426456690 43.889968872 0.032202311 -0.126249865 -0.005097670 0.991462588
525.812223328 -5.296572208 -3.435220957 44.021839142 0.027451539 -0.126712427 -0.013157583 0.991472244
525.843680224 -5.334554672 -3.445615530 44.150642395 0.027100217 -0.126748398 -0.017189167 0.991415620
525.877244864 -5.373206139 -3.455141068 44.284011841 0.025618739 -0.126761198 -0.015855571 0.991475582
525.908892480 -5.408535480 -3.465751410 44.414848328 0.019244261 -0.128548965 -0.013446636 0.991425216
525.940345984 -5.444305897 -3.479021311 44.537498474 0.026487092 -0.130233079 -0.013807205 0.991033375
525.973574080 -5.485377789 -3.491392136 44.668704987 0.034501981 -0.131634027 -0.016995547 0.990552008
526.006006304 -5.523362637 -3.500037670 44.796482086 0.034107387 -0.133910030 -0.014490142 0.990300357
526.038441568 -5.560304165 -3.509635925 44.923328400 0.034454811 -0.136592090 -0.013462313 0.989936471
526.073496736 -5.604045391 -3.524260759 45.066661835 0.034113355 -0.139238909 -0.013721516 0.989575922
526.107188640 -5.645406723 -3.538635254 45.204986572 0.026481438 -0.141112089 -0.013445071 0.989548087
526.138839168 -5.684741974 -3.544322729 45.335758209 0.020940190 -0.142001033 -0.013710940 0.989549994
526.170293024 -5.725743294 -3.545444250 45.469203949 0.010643537 -0.143008322 -0.016171966 0.989532113
526.202288192 -5.764400959 -3.554802656 45.598461151 0.009286171 -0.142892465 -0.012163254 0.989619911
526.233938208 -5.804963589 -3.565802336 45.730560303 0.007260390 -0.142379478 -0.011644411 0.989717007
526.266895744 -5.846125126 -3.574876308 45.861469269 0.009916810 -0.142635018 -0.012795188 0.989642978
526.298385408 -5.886223316 -3.576841831 45.993080139 0.016106850 -0.142572865 -0.010294703 0.989599705
526.329823904 -5.928205490 -3.577009916 46.126873016 0.006378460 -0.143812194 -0.006688590 0.989561856
526.363992224 -5.972618103 -3.583610535 46.264873505 0.007489683 -0.142841533 -0.011228486 0.989653587
526.394595456 -6.012092590 -3.591207266 46.393043518 0.004109009 -0.141091228 -0.009983165 0.989937723
526.426142656 -6.052422523 -3.595854759 46.522045135 -0.002175754 -0.140957475 -0.009885647 0.989963949
526.457847072 -6.093205452 -3.598195553 46.648136139 -0.006476082 -0.138404563 -0.012324937 0.990277886
526.489401088 -6.130703926 -3.601295710 46.762729645 -0.001210917 -0.136142761 -0.014125134 0.990587771
526.520871648 -6.162560463 -3.603931189 46.877834320 -0.008990945 -0.136802390 -0.003831960 0.990550160
526.552325664 -6.195642471 -3.608836889 46.983745575 -0.009041665 -0.135281056 -0.002752330 0.990762174
526.583579488 -6.230191708 -3.612265110 47.084171295 -0.003411377 -0.132833198 -0.006675194 0.991110086
526.617018048 -6.263781548 -3.611907721 47.182971954 -0.003783149 -0.129827127 -0.009942937 0.991479576
526.648698112 -6.299257278 -3.614146948 47.284622192 -0.009357086 -0.128054306 -0.014178935 0.991621673
526.680532064 -6.325428486 -3.620316029 47.371200562 -0.005128135 -0.127777979 -0.007509063 0.991761148
526.712390240 -6.352344513 -3.622047663 47.455116272 -0.002974873 -0.126935109 -0.005895291 0.991889060
526.745678432 -6.379333019 -3.623939276 47.536048889 -0.007136942 -0.125766426 -0.007134614 0.992008567
526.777855104 -6.402081966 -3.628763199 47.612464905 -0.004660884 -0.126083121 -0.000053021 0.992008746
526.809518432 -6.423576832 -3.631618977 47.681949615 -0.004086012 -0.125244260 0.004224082 0.992108524
526.841053088 -6.453954220 -3.629554987 47.748756409 -0.001031396 -0.122954413 -0.015556600 0.992289841
526.872435104 -6.472825527 -3.632934093 47.808597565 -0.004450651 -0.125185624 -0.011642301 0.992054999
526.903922336 -6.486828804 -3.639257669 47.864524841 -0.002351062 -0.126063764 -0.001139833 0.992018700
526.945903008 -6.513747692 -3.638949871 47.935600281 -0.002285127 -0.125154376 -0.011686350 0.992065787
526.977810592 -6.528925419 -3.642519474 47.984420776 -0.002580168 -0.126471281 -0.008575256 0.991929829
527.009886784 -6.541480064 -3.646791935 48.027881622 0.001491656 -0.127908289 -0.004002162 0.991776824
527.041309504 -6.555682659 -3.648904324 48.071842194 -0.002088745 -0.128909305 -0.003960144 0.991646290
527.072788768 -6.572212219 -3.648977518 48.111171722 -0.004615693 -0.128343076 -0.011852187 0.991648257
527.104912576 -6.582781792 -3.650964022 48.146350861 0.000803309 -0.128948703 -0.007200990 0.991624832
527.140919392 -6.595816612 -3.650363922 48.182411194 0.002215375 -0.129738778 -0.008457192 0.991509676
527.172174560 -6.607148170 -3.651727915 48.214817047 -0.000204588 -0.131209731 -0.010337533 0.991300702
527.203920128 -6.613179207 -3.653687954 48.242137909 0.001733257 -0.132115588 -0.003400881 0.991226971
527.237315232 -6.621958256 -3.654250383 48.267166138 0.004827114 -0.131850079 -0.005731623 0.991241336
527.272553344 -6.630769730 -3.654500723 48.295654297 0.000092330 -0.132747263 -0.006384741 0.991129339
527.303808896 -6.637670040 -3.656430244 48.318500519 0.001325857 -0.133869857 -0.005450722 0.990983009
527.335479616 -6.644519806 -3.657384634 48.338043213 0.002474447 -0.133903474 -0.007588034 0.990962267
527.367003360 -6.650514603 -3.658441782 48.356739044 0.001546411 -0.134029761 -0.007013190 0.990951300
527.398760832 -6.656466484 -3.659186363 48.372821808 0.003110058 -0.134112507 -0.008481712 0.990924895
527.430199328 -6.662371159 -3.659246206 48.388034821 0.004196704 -0.133864239 -0.010859051 0.990931332
527.461555680 -6.666528702 -3.659781933 48.402328491 0.004556544 -0.133362144 -0.010116568 0.991005242
527.493058464 -6.670881271 -3.659998655 48.415580750 0.004815427 -0.133298904 -0.010065001 0.991013050
527.524695520 -6.674106598 -3.660426378 48.428054810 0.004265811 -0.133996189 -0.008770435 0.990933895
527.556355200 -6.676317692 -3.661541224 48.439418793 0.004317249 -0.134682968 -0.007474530 0.990851164
527.588511136 -6.678729057 -3.662381887 48.449157715 0.004673729 -0.134818509 -0.007717627 0.990829229
527.619788384 -6.680941582 -3.662724018 48.458473206 0.004454203 -0.134830311 -0.006995459 0.990833998
527.660363136 -6.684323788 -3.663362026 48.467983246 0.004747765 -0.134952441 -0.007265938 0.990814030
527.690548416 -6.686850548 -3.663746357 48.474159241 0.004868018 -0.135194778 -0.007661692 0.990777493
527.721932960 -6.688786507 -3.664157152 48.479972839 0.004642230 -0.135422871 -0.007354432 0.990749717
527.753271968 -6.690409184 -3.664487123 48.484851837 0.004767139 -0.135404080 -0.007762631 0.990748584
527.784707840 -6.691412449 -3.664803505 48.489353180 0.004718636 -0.135026157 -0.007670090 0.990801096
527.818215456 -6.692326069 -3.665105104 48.492870331 0.004564053 -0.134664804 -0.007573067 0.990851760
527.851458592 -6.693705559 -3.665246248 48.496406555 0.004555441 -0.134752139 -0.007932057 0.990837097
527.886506368 -6.694766998 -3.665445566 48.498882294 0.004630509 -0.134965137 -0.008131026 0.990806162
527.934466528 -6.696036339 -3.665594816 48.501701355 0.004792823 -0.134902641 -0.008447909 0.990811288
527.966213792 -6.696377277 -3.665563107 48.503009796 0.004591951 -0.134769455 -0.008484941 0.990830004
527.998154368 -6.696474552 -3.665733337 48.503562927 0.004988682 -0.134722501 -0.008276479 0.990836263
528.029604896 -6.696699619 -3.665701151 48.503978729 0.004706049 -0.134801358 -0.008493690 0.990825057
528.061040864 -6.696636200 -3.665776253 48.503795624 0.004885160 -0.134816155 -0.008401471 0.990822971
528.092430048 -6.696636200 -3.665776253 48.503795624 0.004885160 -0.134816155 -0.008401471 0.990822971
528.123808192 -6.696636200 -3.665776253 48.503795624 0.004885160 -0.134816155 -0.008401471 0.990822971
528.155327072 -6.696146011 -3.665596485 48.501930237 0.005058033 -0.134714440 -0.008412869 0.990835845
528.184304416 -6.696146011 -3.665596485 48.501930237 0.005058033 -0.134714440 -0.008412869 0.990835845
528.213476864 -6.695664883 -3.665405512 48.500511169 0.005137686 -0.134619698 -0.008391772 0.990848482
