705.159348480 0.000000000 0.000000000 0.000000000 0.000000000 0.000000000 0.000000000 1.000000000
705.406947168 0.002736136 -0.002699833 0.017636517 0.004690594 -0.005093955 0.007853586 0.999945164
705.655539424 -0.024893329 -0.006963410 0.269478053 0.003678511 -0.026698196 -0.011845120 0.999566555
705.907429088 -0.238447890 -0.020737508 0.593366385 -0.016577074 0.018246120 -0.026063925 0.999356270
706.159879648 -0.422224402 0.147062540 1.149597883 0.025527570 0.041476071 -0.037383620 0.998113513
706.407537760 -0.612205803 0.247053862 1.719551086 0.049617693 0.090716898 -0.034083441 0.994055748
706.655478176 -0.752058148 0.315638393 2.298922539 0.074070454 0.140098035 -0.031997651 0.986844599
706.907402656 -0.873672426 0.374866843 2.927390099 0.113214269 0.201064885 -0.025146712 0.972688615
707.159437568 -0.923523307 0.377317905 3.568069935 0.151162237 0.263923526 -0.016808836 0.952476680
707.407017088 -0.311570644 -1.207204223 6.907732487 0.229049474 0.279511571 -0.072924532 0.929565310
707.655529856 -0.311570644 -1.207204223 6.907732487 0.229049474 0.279511571 -0.072924532 0.929565310
707.906887584 -0.345396399 -1.545778036 7.424785614 0.248277724 0.281317890 -0.015630327 0.926808536
708.160044704 -0.347500145 -1.930083513 7.874076843 0.262887120 0.278445184 0.040145136 0.922901452
708.409581408 0.138361484 -2.421201706 8.497862816 0.286660343 0.283263564 0.023199765 0.914903998
708.659688736 0.655911684 -2.953114271 9.174157143 0.285311550 0.279444247 0.021552421 0.916539013
708.909351104 1.171817780 -3.464336872 9.872148514 0.283915520 0.280868471 0.010495940 0.916730464
709.159645152 1.667937517 -3.887333155 10.482446671 0.285819679 0.286261439 0.010448096 0.914468288
709.410146208 2.221243382 -4.505194664 11.252532959 0.288426548 0.264585108 0.006637915 0.920196056
709.659566176 2.912191391 -5.335944653 12.216012955 0.295578659 0.264263898 0.013163563 0.917945802
709.909604768 3.573780298 -6.125911236 13.106782913 0.300880343 0.264379859 0.016286667 0.916138113
710.159638272 4.158953667 -6.928181171 13.962484360 0.302156836 0.267053932 0.022897232 0.914800048
710.409402016 4.254045486 -6.933490276 13.635430336 0.286907583 0.244490281 0.040582892 0.925344050
710.659230752 4.589917660 -7.325750351 14.093664169 0.283158809 0.232145533 0.041583594 0.929623783
710.909522048 5.691617966 -8.959542274 15.247828484 0.255499691 0.211898848 0.058388889 0.941493213
711.159645856 5.696276188 -8.862522125 15.287061691 0.272282571 0.206816569 0.047967952 0.938503146
711.409669056 5.720220566 -8.750645638 15.347839355 0.292344183 0.198318005 0.038545512 0.934729397
711.659675104 5.697185993 -8.518665314 15.415027618 0.314044446 0.193328649 0.023264783 0.929224908
711.909521248 6.048567295 -9.630634308 16.593679428 0.315370947 0.229385883 0.007470581 0.920797169
712.159732000 3.873872995 -9.329300880 17.059350967 0.324616194 0.532562554 0.274255663 0.731973469
712.409593120 3.714322090 -8.997387886 16.873422623 0.341782451 0.212920934 0.544431686 0.735828519
712.659640000 3.600917101 -8.644978523 16.803619385 0.299859285 -0.143416926 0.718344271 0.611144364
712.909521984 3.428367853 -8.302241325 16.771814346 0.208230481 -0.465171903 0.769147158 0.385574669
713.159666848 3.217607260 -7.971555710 16.759162903 -0.082117632 0.708717406 -0.693826795 -0.097880445
713.409667904 3.011709452 -7.642793179 16.746040344 0.054465335 0.833928764 -0.512616754 0.197028935
713.659681440 2.760010004 -7.187063217 16.792463303 0.173268199 0.833916128 -0.282033980 0.441609442
713.909751296 2.292540073 -6.743416786 16.922784805 0.270655870 0.728080571 -0.013733224 0.629647076
714.159549184 1.711998940 -6.410355568 16.919277191 0.333173633 0.528828263 0.256623477 0.737211227
714.409333472 -7.474364281 -4.698718071 15.490718842 0.307921827 0.443330765 0.435841054 0.720197558
714.658606528 -16.280769348 -4.723363400 11.970403671 0.275450647 0.335753262 0.602901340 0.669258296
714.910025728 -23.885385513 -5.805935860 6.226607800 0.229200497 0.213803306 0.745355010 0.588388681
715.159621664 -29.469245911 -8.266658783 2.912273884 0.269254416 0.166888818 0.838904560 0.442593783
715.409490880 -34.296638489 -11.499094009 -0.946886063 0.297340691 0.117900468 0.903304577 0.285882592
715.657740416 -38.741752625 -14.844633102 -3.582160473 0.326706946 0.107482463 0.917607009 0.199267328
715.909751968 -41.504215240 -17.596187592 -4.820367336 0.336817086 0.114483498 0.923576295 0.143019736
716.159569792 -43.603534698 -20.142864227 -5.690080166 0.341041178 0.120839320 0.927315116 0.095788568
716.410552384 -46.183273315 -22.982599258 -6.846916199 0.357025325 0.117954470 0.923183143 0.079703055
716.657008704 -48.074386597 -25.015489578 -7.458779335 0.370111763 0.111362994 0.920994520 0.048832547
716.909681024 -49.865428925 -27.154985428 -8.059553146 0.382266521 0.107014291 0.917716742 0.014704030
717.159582368 -51.447444916 -28.676372528 -8.729722977 0.390993923 0.081462130 0.916735411 -0.009154842
717.409553344 -52.811439514 -30.211894989 -9.356585503 0.398812383 0.060925525 0.913883209 -0.045323327
717.656679360 -53.901435852 -31.688667297 -9.917050362 0.400961846 0.049352542 0.911678016 -0.075080864
717.909853408 -54.798370361 -33.302360535 -10.377726555 0.402255923 0.051617648 0.908234596 -0.103129692
718.159711648 -55.639930725 -34.914813995 -10.778829575 0.412643313 0.058496803 0.900940180 -0.120873526
718.409581760 -56.334106445 -36.509132385 -11.145258904 0.419788241 0.068641424 0.894365907 -0.138476923
718.656223904 -56.768806458 -37.399696350 -11.253104210 0.418432117 0.074036002 0.896254659 -0.127125144
718.910252928 -56.880783081 -38.092830658 -11.277957916 0.416982949 0.086322896 0.897088885 -0.117920227
719.159888608 -56.816127777 -38.692485809 -11.292525291 0.414685547 0.097540230 0.897570133 -0.113532767
