1137.112581344 0.000000000 0.000000000 0.000000000 0.000000000 0.000000000 0.000000000 1.000000000
1137.362270688 0.005128549 -0.008097535 0.124436788 0.001253191 0.001465491 0.004977044 0.999985754
1137.613242848 0.028794650 -0.024937280 0.489124835 0.013319103 0.001840026 0.011002443 0.999849081
1137.862921792 0.022511974 -0.060959850 1.037838697 0.011577980 -0.002565913 0.003747052 0.999922633
1138.112575360 0.030903079 -0.084711693 1.726452112 0.011059795 -0.003352235 -0.002442970 0.999930203
1138.362841824 0.019383317 -0.112822928 2.489330769 0.000460081 0.002411911 -0.007842769 0.999966204
1138.612658144 0.050776023 -0.137326270 3.303358078 -0.003186135 -0.003715651 -0.013952073 0.999890685
1138.862495744 0.060324550 -0.157789916 4.124541283 -0.009427833 0.003035803 -0.003007059 0.999946415
1139.112655712 0.092888914 -0.000702605 4.697447777 -0.006600011 0.006807008 0.000546063 0.999954939
1139.362702048 0.115199290 0.190806687 5.360253811 0.016801177 0.007218116 -0.013616197 0.999740064
1139.612683328 0.156662375 0.261907220 6.105690479 0.017155068 0.023754220 -0.005198591 0.999557078
1139.862485856 0.258610517 0.330878675 7.031878471 0.030889379 0.024274126 0.000731959 0.999227762
1140.112591136 0.402013838 0.378704160 7.592659473 0.029068407 0.017531224 -0.005134182 0.999410510
1140.362418912 0.512730241 0.349651635 8.377388954 -0.005402179 0.016820973 -0.025563002 0.999517083
1140.612525504 0.628128648 0.461532265 9.178948402 0.019220784 0.009075653 -0.028337464 0.999372363
1140.862758720 0.600651085 0.506992459 9.822031021 0.040120978 0.049225274 -0.004982801 0.997969091
1141.114722240 0.651846707 0.353296161 10.423100471 0.006218911 0.064178869 -0.003734967 0.997911990
1141.362541664 0.752011836 0.241395414 11.051903725 -0.026831269 0.076278411 0.006570883 0.996703804
1141.613189376 1.045868158 0.313778251 11.789081573 0.005126825 0.071409121 0.047446303 0.996304810
1141.862766496 1.348947763 0.378540784 12.522638321 0.049797341 0.039259657 0.078712478 0.994878531
1142.113005472 1.664164305 0.307823807 13.334721565 -0.002933187 -0.003356931 0.024830559 0.999681711
1142.362632672 1.581247449 0.190907270 13.867768288 0.010521429 0.000689179 0.034638215 0.999344289
1142.612494240 1.438631892 -0.037891075 14.264090538 -0.012872939 0.001512291 0.040338196 0.999101996
1142.862792320 1.368144274 -0.080822632 14.901546478 -0.007277883 0.014354423 0.027568337 0.999490380
1143.112378272 1.327899098 -0.139522612 15.555284500 -0.000431939 0.026538167 0.016663954 0.999508798
1143.362680704 1.399675965 -0.191379160 16.250995636 0.002803839 0.018492505 0.004341658 0.999815643
1143.613187712 1.476006389 -0.274740517 16.954593658 -0.002501153 0.007321377 0.000709192 0.999969780
1143.863145696 1.483737946 -0.387499809 17.683889389 -0.012074279 -0.002844733 0.008383153 0.999887884
1144.113215552 1.468556404 -0.478616714 18.398166656 -0.018576773 -0.010038913 0.014653723 0.999669671
1144.362303360 1.401177645 -0.475882798 19.031036377 -0.023331249 -0.017600762 0.022572780 0.999317944
1144.612320672 1.296303868 -0.455744565 19.652093887 -0.024182977 -0.020850571 0.022554308 0.999235570
1144.863372096 1.162335634 -0.431700259 20.273874283 -0.022037333 -0.024474934 0.021518679 0.999225855
1145.112916320 1.032706976 -0.415252477 20.877155304 -0.015444497 -0.028862569 0.017839279 0.999304831
1145.362518080 0.915086329 -0.403922439 21.473514557 -0.005954296 -0.037728466 0.009541239 0.999224722
1145.613216352 0.714181900 -0.455649734 22.150094986 -0.000671337 -0.043159101 -0.002765627 0.999064147
1145.862943456 0.683188796 -0.614441037 22.645540237 -0.001312877 -0.042893372 -0.043249667 0.998142242
1146.112889280 0.741222620 -0.968538404 23.050315857 -0.012378116 -0.026004672 -0.117387399 0.992668509
1146.362561856 0.741222620 -0.968538404 23.050315857 -0.012378116 -0.026004672 -0.117387399 0.992668509
1146.612827296 0.741222620 -0.968538404 23.050315857 -0.012378116 -0.026004672 -0.117387399 0.992668509
1146.862851648 0.741222620 -0.968538404 23.050315857 -0.012378116 -0.026004672 -0.117387399 0.992668509
1147.112676544 0.741222620 -0.968538404 23.050315857 -0.012378116 -0.026004672 -0.117387399 0.992668509
1147.363794688 0.741222620 -0.968538404 23.050315857 -0.012378116 -0.026004672 -0.117387399 0.992668509
1147.612635264 0.806463957 -1.099783182 23.165845871 -0.014262367 -0.025182324 -0.120661490 0.992271721
1147.862777088 0.084394097 -0.983814478 22.781299591 -0.009851792 -0.002971567 -0.121152699 0.992580533
1148.112369024 -0.850989640 -1.228037715 22.268974304 -0.026907589 0.020768944 -0.112687804 0.993048906
1148.362602560 -1.515923977 -1.123936892 22.251951218 -0.023213798 0.053051971 -0.099270560 0.993374050
1148.613129056 -2.293932676 -0.917231917 22.397325516 -0.010558603 0.092438422 -0.085764207 0.991961777
1148.863160448 -2.953006506 -0.865224481 21.737764359 -0.008988544 0.073617086 -0.093433447 0.992859483
1149.112607456 -3.681120396 -0.960951507 21.089294434 -0.034003474 0.085122444 -0.068998344 0.993396759
1149.362633152 -4.390486240 -1.117707849 20.452598572 -0.055565678 0.093022101 -0.041854650 0.993230879
1149.612768352 -4.985756874 -1.141727924 19.838548660 -0.045962658 0.077074714 -0.044765677 0.994958758
1149.862681120 -5.556477070 -1.243236184 19.345098495 -0.059647232 0.072299033 -0.035398979 0.994968355
1150.113013760 -6.217053413 -1.295498371 19.056066513 -0.066725604 0.099491395 -0.022112831 0.992552340
1150.363327680 -6.460865498 -1.207021832 19.223730087 -0.055106509 0.100708254 -0.017921651 0.993227005
1150.612542368 -6.417138577 -1.046200752 19.697952271 -0.053661071 0.080165274 -0.022128934 0.995090127
1150.862849984 -6.484809875 -0.968801618 20.038810730 -0.054660648 0.058288999 -0.011766286 0.996732712
1151.112360192 -6.713062286 -0.900819838 20.378322601 -0.040411498 0.092629649 -0.002453918 0.994877219
1151.362686112 -6.440838337 -0.993515074 20.031990051 -0.036939938 0.088105142 -0.004795838 0.995414436
1151.612629248 -6.123571873 -1.079960585 19.768272400 -0.044226583 0.075253978 -0.006505276 0.996161878
1151.863288640 -6.223859787 -1.058919907 19.798147202 -0.061681945 0.069639169 -0.029749466 0.995218933
1152.112586560 -6.459509850 -0.996592045 19.924407959 -0.065769494 0.075190477 -0.032701015 0.994460404
1152.362839968 -6.462684631 -0.989258945 19.950445175 -0.060786985 0.075084813 -0.029551048 0.994883895
