2248.136429312 0.000000000 0.000000000 0.000000000 0.000000000 0.000000000 0.000000000 1.000000000
2248.261127040 0.000469258 -0.001293467 0.010004226 0.004199846 0.001060447 0.000708840 0.999990344
2248.383395840 0.007468603 -0.001758106 0.089265540 -0.000252808 0.000429954 0.004177846 0.999991179
2248.511341728 0.016320910 -0.012076335 0.232170314 0.012275655 0.003666812 0.008606177 0.999880910
2248.636583200 0.014090393 -0.032057367 0.428693831 0.014511013 -0.003951746 0.015837681 0.999761462
2248.762016800 0.002432974 -0.040539932 0.692546964 0.020751633 -0.007335066 0.001196379 0.999757051
2248.883413696 0.014966669 -0.066650301 0.946866155 0.010805183 -0.011656413 0.001358220 0.999872744
2249.011233952 0.009498643 -0.060945652 1.250969768 0.008675396 -0.013275566 -0.004264533 0.999865174
2249.136437472 0.016010549 -0.092375621 1.555849791 0.005229447 -0.008227697 -0.005463106 0.999937534
2249.260976928 0.022604175 -0.108778648 1.898181677 0.008982208 -0.003175526 0.011154446 0.999892414
2249.383990112 0.019984899 -0.122708760 2.251843214 0.005246988 0.006205088 0.008609660 0.999929905
2249.511136096 0.091585934 -0.144740194 2.599040031 -0.000186316 -0.006141289 0.000989686 0.999980628
2249.636432160 0.130474851 -0.167266369 2.956679106 -0.010127624 -0.010339773 -0.010656230 0.999838471
2249.760974688 0.099799067 -0.194990471 3.342218161 -0.006950486 -0.002861887 -0.000333515 0.999971688
2249.883442976 0.099077724 -0.201455504 3.708418608 -0.006342307 0.001636573 -0.002901854 0.999974310
2250.011834432 0.086827904 -0.207957283 4.119122505 -0.011812694 0.000269721 0.000202366 0.999930143
2250.136773440 0.066723973 -0.178467989 4.541663170 -0.004367749 0.000627226 0.001695647 0.999988794
2250.260867584 0.052575730 -0.177608758 4.954160213 -0.008327375 -0.004162413 -0.005153181 0.999943376
2250.384253984 0.047916293 -0.177070841 5.382276535 -0.006612583 -0.009518583 0.001377765 0.999931872
2250.510742080 0.030581199 -0.176296890 5.825117588 -0.001485451 -0.007455718 0.002853459 0.999967039
2250.636862304 0.091729283 -0.198005527 6.293838978 -0.005542479 0.000173780 0.008385870 0.999949455
2250.760727136 0.097284697 -0.211258963 6.728889465 -0.000697442 0.001364975 0.020893591 0.999780536
2250.883669792 0.095261201 -0.231695354 7.154462814 0.012716223 -0.001128552 0.023581855 0.999640405
2251.010605344 0.119928598 -0.221682459 7.567571640 -0.004994410 -0.009797750 0.028423754 0.999535441
2251.136292512 0.121059813 -0.195816442 7.971820354 0.000497580 -0.023750693 0.025749011 0.999386132
2251.260618464 0.104884945 -0.214366347 8.413685799 0.009224714 -0.007185807 0.011029966 0.999870777
2251.383070176 0.086347088 -0.235043824 8.823351860 0.000819706 -0.026963392 0.012366517 0.999559581
2251.511200256 0.079623803 -0.243860930 9.262469292 -0.016071299 -0.028128630 0.015392099 0.999356627
2251.637091328 0.054039150 -0.234548464 9.729099274 -0.033521216 -0.018753154 0.004575871 0.999251544
2251.761148640 0.034068607 -0.224726215 10.058022499 -0.003501129 -0.015403099 0.001931732 0.999873340
2251.883794784 0.010350499 -0.202221885 10.532121658 -0.018256741 -0.020111535 -0.019106088 0.999448419
2252.011403488 -0.054400142 -0.126496896 10.997673988 -0.016962335 -0.011985526 -0.038266622 0.999051690
2252.136594624 -0.131630659 -0.024635166 11.437869072 0.002277422 0.008619735 -0.044427853 0.998972833
2252.261608832 -0.115905739 -0.036845677 11.886066437 -0.005684878 0.004598754 -0.041630164 0.999106288
2252.383318016 -0.123057827 -0.040900201 12.356339455 -0.005510482 0.009800876 -0.044178553 0.998960376
2252.511336160 -0.126212463 -0.080697149 12.841114998 -0.019025696 0.014926900 -0.053315401 0.998284876
2252.637000224 -0.111289427 -0.075245231 13.325807571 -0.020996129 0.013564914 -0.058486100 0.997975230
2252.761556960 -0.102892458 -0.063548572 13.830296516 -0.025071552 0.021815872 -0.040940754 0.998608708
2252.884701568 -0.098527759 -0.062835172 14.304214478 -0.006578108 0.031308636 -0.058242906 0.997789681
2253.011815232 -0.046418108 -0.112157464 14.739075661 0.012716833 0.024736542 -0.062757276 0.997641146
2253.136248224 -0.190536290 -0.444310993 15.067341805 -0.040355530 0.044536266 -0.058154363 0.996496856
2253.261368224 -0.282326192 -0.297261417 15.482101440 0.047324225 0.056660630 -0.079126373 0.994127274
2253.385976896 5.190015793 -9.820065498 63.997776031 0.165384352 0.099683143 -0.311509103 0.930415690
2253.511653664 5.210369587 -9.983657837 64.013702393 0.162362590 0.093948059 -0.309195906 0.932314336
2253.636871456 5.251333714 -10.147355080 64.063453674 0.162202612 0.088396907 -0.310470402 0.932461500
2253.761325312 5.263789177 -10.336169243 64.511497498 0.177452967 0.082552597 -0.313469648 0.929210544
2253.886221216 5.267148018 -10.528949738 64.966629028 0.174251109 0.086273111 -0.317908853 0.927969575
2254.011499712 5.269072533 -10.685640335 65.366882324 0.173523962 0.084646620 -0.320099652 0.927502334
2254.136224224 5.278750420 -10.897656441 65.851448059 0.168086901 0.092456207 -0.321375906 0.927316666
2254.261997056 5.280318260 -11.058379173 66.286331177 0.176722065 0.110572234 -0.319826454 0.924258709
2254.386423168 5.252520084 -11.227787018 66.685989380 0.177537009 0.114017099 -0.313007206 0.926016808
2254.511236768 5.288506985 -11.390150070 67.133193970 0.187652647 0.113152310 -0.317712307 0.922519386
2254.636639712 5.313526630 -11.579714775 67.594337463 0.194823682 0.113277473 -0.314093173 0.922256708
2254.761472640 5.349528790 -11.684116364 67.793113708 0.189720944 0.118175469 -0.323538601 0.919436395
2254.886531296 5.402425289 -11.836491585 68.158073425 0.199529022 0.114393316 -0.327119678 0.916566968
2255.011853824 5.289386749 -12.462292671 68.916824341 0.187797755 0.113125354 -0.323336214 0.920536995
2255.136382592 5.057935238 -12.989696503 69.447525024 0.161522925 0.118480198 -0.303220093 0.931627810
2255.261546048 4.942459106 -14.811696053 71.728302002 0.197600842 0.115311362 -0.170170411 0.958487988
2255.386379680 4.927336693 -14.769384384 71.711044312 0.198329076 0.114016235 -0.165812075 0.959256053
2255.511236768 4.983426094 -15.116136551 72.236694336 0.190391988 0.113318689 -0.166615441 0.960806429
2255.637509792 5.056030273 -15.449536324 72.802467346 0.187147915 0.111285567 -0.168213859 0.961402774
2255.761675136 5.131331444 -15.657344818 73.305305481 0.191585392 0.108886443 -0.163886011 0.961550891
2255.886625632 5.229167938 -15.918245316 73.923568726 0.195903078 0.107696801 -0.165402204 0.960554779
2256.011844512 5.254150867 -16.252639771 74.457603455 0.189999685 0.107374966 -0.164201066 0.961981654
2256.136470688 5.253455639 -16.552211761 75.012283325 0.187261552 0.112082370 -0.162399173 0.962287426
2256.261286048 5.375862122 -16.675222397 75.717720032 0.211957902 0.094323605 -0.144077376 0.961986780
2256.386372160 5.394062519 -16.686489105 76.207107544 0.221539736 0.098735742 -0.150357366 0.958417475
2256.511837472 5.431311131 -17.082155228 76.621559143 0.221532941 0.097952418 -0.154815212 0.957789481
2256.636320480 5.463505745 -17.472646713 77.028213501 0.222223803 0.097132713 -0.160941243 0.956702530
2256.761658944 5.500010490 -17.892950058 77.428062439 0.220322505 0.093412563 -0.166116580 0.956628144
2256.886432544 5.544610977 -18.210933685 77.753814697 0.219512597 0.090120770 -0.163725466 0.957541883
2257.011367520 5.199224472 -19.107055664 77.736251831 0.159047455 0.107318260 -0.147440508 0.970282435
2257.136727104 4.890054226 -20.013174057 77.875427246 0.098349884 0.127533779 -0.135047093 0.977662921
2257.262169504 5.849835396 -20.692653656 78.184608459 0.071519166 0.063775733 -0.186281875 0.977812231
2257.386505984 5.885469437 -20.889379501 78.595413208 0.058134016 0.060180184 -0.185276106 0.979117751
2257.511740096 5.875322819 -20.966733932 79.008239746 0.067877479 0.065705463 -0.189423233 0.977340400
2257.636517760 5.866286755 -21.049695969 79.414672852 0.078365371 0.071654871 -0.193702728 0.975296736
2257.762398336 5.917002201 -21.165889740 79.889411926 0.097026862 0.064001799 -0.199463829 0.972986996
2257.887136608 5.951350689 -21.300024033 80.376861572 0.114638090 0.057329588 -0.202945024 0.970764995
2258.011539712 5.960188389 -21.432472229 80.856170654 0.114142604 0.056779604 -0.201180100 0.971222997
2258.136351168 5.980936527 -21.551918030 81.334114075 0.107639909 0.055444535 -0.205940247 0.971044898
2258.261403904 6.001876831 -21.668220520 81.803062439 0.101984404 0.052974727 -0.206492603 0.971675694
2258.384858496 6.075357914 -21.758710861 82.210906982 0.099751681 0.043449543 -0.180693567 0.977502704
2258.511840960 6.102528572 -21.843673706 82.690628052 0.044172090 0.045262590 -0.178764388 0.981857121
2258.636888096 6.147600651 -21.875886917 83.184532166 0.029127833 0.046629500 -0.164898396 0.984777033
2258.761350560 6.163324356 -21.869098663 83.665359497 0.022094451 0.063504659 -0.143835902 0.987314641
2258.884328768 6.244256496 -21.958267212 83.929046631 0.005055529 0.105794683 -0.147202507 0.983419240
2259.009980672 6.393987179 -22.016298294 84.258590698 -0.009744440 0.143221527 -0.154034555 0.977581680
2259.136678944 7.834324360 -17.203254700 87.818267822 0.114780314 0.177848339 -0.153414741 0.965225041
2259.259816320 8.133301735 -17.348123550 87.936355591 0.139106259 0.219821021 -0.139773205 0.955401301
2259.383215840 8.328937531 -17.651762009 88.018493652 0.093984246 0.251826614 -0.121712670 0.955476999
2259.509476224 8.529248238 -17.622806549 88.454887390 0.103803724 0.291630059 -0.106350645 0.944916010
2259.636960160 8.625489235 -17.730964661 88.564682007 0.100425929 0.281497657 -0.103057571 0.948711157
2259.759776480 8.796685219 -17.861261368 88.795242310 0.099003926 0.275493205 -0.100758515 0.950867712
2259.883055200 8.986385345 -17.975563049 89.030624390 0.109000966 0.274107248 -0.083079480 0.951883316
2260.009221888 9.145350456 -18.087110519 89.307426453 0.113090232 0.282744318 -0.098379768 0.947411001
2260.136668000 9.352572441 -18.248197556 89.558456421 0.093880348 0.266322732 -0.091908082 0.954888284
2260.259342880 9.541025162 -18.351604462 89.893035889 0.073096350 0.260918438 -0.104413450 0.956909776
2260.382598560 9.717599869 -18.412300110 90.239639282 0.089277260 0.264765471 -0.111647010 0.953658104
2260.508500096 9.907435417 -18.531024933 90.577072144 0.090241492 0.258544713 -0.104608722 0.956069112
2260.633914688 10.066128731 -18.627733231 90.891166687 0.125117734 0.253667802 -0.097131312 0.954234600
2260.757644608 10.234580040 -18.712736130 91.239318848 0.087471947 0.247310460 -0.083855793 0.961329520
2260.882639168 10.356335640 -18.775148392 91.371490479 0.105591021 0.237699956 -0.112667955 0.958986521
2261.007958016 10.542606354 -18.885885239 91.665100098 0.103811421 0.240111232 -0.093350120 0.960653722
2261.133659456 10.733020782 -18.988882065 91.990600586 0.081468530 0.235140726 -0.090825781 0.964272976
2261.258051392 10.896697044 -19.085077286 92.342918396 0.082634255 0.235595495 -0.113342822 0.961675465
2261.382344768 11.064533234 -19.190912247 92.674400330 0.081436783 0.236831218 -0.108783238 0.962000668
2261.508098656 11.240997314 -19.271043777 92.926467896 0.099732943 0.243356168 -0.109076813 0.958610117
2261.633665376 11.411015511 -19.376626968 93.267547607 0.098449960 0.247481018 -0.121592298 0.956177831
2261.758113728 11.586911201 -19.473373413 93.614952087 0.067309104 0.235694468 -0.121136852 0.961895764
2261.882635744 11.652324677 -19.548006058 93.863021851 0.078305654 0.237535909 -0.094405010 0.963603973
2262.007750656 11.823275566 -19.648635864 94.195251465 0.071312547 0.243154287 -0.089726023 0.963192463
2262.133608928 11.967616081 -19.704114914 94.451072693 0.085294761 0.268837184 -0.130512506 0.950482965
2262.258281344 12.191114426 -19.813501358 94.792098999 0.092928283 0.268058270 -0.101269439 0.953547895
2262.382542048 12.377857208 -19.901969910 95.098365784 0.105246492 0.260985345 -0.105402805 0.953782022
2262.507939232 12.521764755 -20.011766434 95.379020691 0.103879943 0.280130684 -0.111041151 0.947842598
2262.634116960 12.707231522 -20.088197708 95.637596130 0.079704002 0.276535034 -0.108975768 0.951472521
2262.758102720 12.849546432 -20.163066864 95.882415771 0.072075576 0.263906986 -0.083659127 0.958206356
2262.882466432 12.931348801 -20.205062866 96.062484741 0.069239326 0.287955374 -0.112899765 0.948441505
2263.008217664 13.017744064 -20.246379852 96.178153992 0.084620088 0.275757760 -0.077672280 0.954339623
2263.133648064 13.065539360 -20.266664505 96.260742188 0.078071475 0.282602936 -0.101023316 0.950702190
2263.257958240 13.095147133 -20.266635895 96.306564331 0.074340023 0.284646392 -0.108185858 0.949602962
2263.382899648 13.119595528 -20.289924622 96.335517883 0.083401404 0.280744344 -0.096334234 0.951286793
2263.508365888 13.131310463 -20.297622681 96.360755920 0.085531600 0.281336933 -0.101856276 0.950346828
2263.634467424 13.137820244 -20.302225113 96.372764587 0.086694255 0.281596065 -0.103259452 0.950013280
2263.758163744 13.138894081 -20.303236008 96.376396179 0.086738408 0.281636417 -0.104070514 0.949908793
2263.882869216 13.137509346 -20.301582336 96.373962402 0.086710282 0.281601578 -0.103730977 0.949958801
2264.008514240 13.135166168 -20.300004959 96.368293762 0.086632602 0.281326801 -0.102702253 0.950159073
2264.134101024 13.132724762 -20.298585892 96.362815857 0.086309969 0.281143606 -0.101630390 0.950357914
2264.258768352 13.131352425 -20.297481537 96.359779358 0.086046770 0.281031311 -0.100932792 0.950489283
2264.383079936 13.131352425 -20.297481537 96.359779358 0.086046770 0.281031311 -0.100932792 0.950489283
2264.508019392 13.131352425 -20.297481537 96.359779358 0.086046770 0.281031311 -0.100932792 0.950489283
