3023.929553920 0.000000000 0.000000000 0.000000000 0.000000000 0.000000000 0.000000000 1.000000000
3023.990913344 -0.000200032 0.000920157 -0.000002927 -0.000139177 0.000020124 -0.000201844 0.999999940
3024.054423104 0.000121799 0.000401883 0.000256284 0.001367000 -0.000086887 0.000602989 0.999998868
3024.117904448 0.001440177 -0.006051020 0.008921815 0.012562580 -0.001994150 0.005923933 0.999901533
3024.179119360 0.001089669 -0.018314578 0.035279062 0.026485438 -0.005652566 0.005745553 0.999616683
3024.242204064 -0.000321876 -0.018182939 0.090331048 0.012959063 -0.005214986 0.004824867 0.999890804
3024.304234176 0.005189942 -0.008894445 0.164641947 0.009138584 0.001287740 0.009779064 0.999909580
3024.367482272 -0.007980718 -0.012093083 0.258539051 0.013731498 0.000959347 -0.009275411 0.999862254
3024.429357088 -0.018576462 -0.011223249 0.365817666 0.014039289 -0.000303232 -0.017627023 0.999746025
3024.492410912 -0.031983141 -0.020183824 0.499243259 -0.005221272 0.001657220 -0.030743843 0.999512315
3024.554971104 -0.024088202 -0.032649465 0.631051540 -0.012654770 0.005906155 -0.000636848 0.999902308
3024.617640064 -0.022394443 -0.027554380 0.762311459 -0.003204651 0.002733097 0.009499335 0.999945998
3024.679134624 -0.044452123 -0.021128835 0.900841475 0.000609118 -0.002322698 -0.022640401 0.999740779
3024.743630624 -0.038725041 -0.030170873 1.056731582 -0.008146156 -0.001340859 -0.002773284 0.999962091
3024.804724448 -0.034559667 -0.038370937 1.200890779 0.006599264 0.004474055 0.007910036 0.999936938
3024.868414912 -0.028585812 -0.034636118 1.371613860 -0.005204713 0.010218255 0.015590358 0.999812722
3024.929111680 -0.039524816 -0.033818983 1.518430710 0.008907395 0.015891561 -0.012062268 0.999761283
3024.991305280 -0.010025397 -0.067386881 1.641528606 0.021841345 -0.000192868 0.023332987 0.999489129
3025.055173568 -0.035139520 -0.053744063 1.841187000 -0.001231395 -0.019938035 0.026524946 0.999448538
3025.122645568 -0.071711868 -0.036088008 1.976949573 0.038070530 -0.015654102 0.016585138 0.999014795
3025.179352800 -0.081323117 -0.075336501 2.149988174 0.005299269 0.008153381 0.007045818 0.999927878
3025.244025728 -0.085781634 -0.080728740 2.313132524 0.026648266 0.031117564 0.016812598 0.999018967
3025.304545152 -0.093108930 -0.079404213 2.491722822 0.002512007 0.028509932 0.007121157 0.999565005
3025.369568928 -0.093468279 -0.093424305 2.666712284 -0.000692715 0.021744050 0.007951844 0.999731719
3025.429629408 -0.093984418 -0.099277370 2.831533194 0.003995482 0.017437335 0.008939756 0.999800026
3025.491407616 -0.091503233 -0.103153728 3.008659601 -0.000642768 0.015577112 0.017290885 0.999728918
3025.554907680 -0.091174074 -0.105623662 3.191552877 0.001022901 0.013532602 0.009957983 0.999858320
3025.623085504 -0.079552971 -0.120162100 3.376470804 0.010577883 0.006221368 0.027289739 0.999552250
3025.679715232 -0.074144103 -0.112943448 3.559641600 -0.005177838 0.002252868 0.031133806 0.999499261
3025.743832608 -0.071276166 -0.120832123 3.744203568 0.012365730 0.004763474 0.030465718 0.999447942
3025.804278784 -0.063529156 -0.128485292 3.933891296 -0.008305294 -0.005184994 0.048731677 0.998763919
3025.874809504 -0.016119722 -0.152854308 4.127685547 -0.009555790 -0.024436222 0.053372309 0.998229921
3025.929516448 -0.024358094 -0.146277532 4.309416294 -0.033800099 -0.029160962 0.068495780 0.996652126
3025.993674592 -0.051866695 -0.090122543 4.533476830 -0.048871260 -0.036792941 0.081050627 0.994830966
3026.055446848 -0.054151077 -0.062094472 4.708745480 -0.060656324 -0.045826033 0.090516314 0.992989182
3026.119689152 -0.071521647 -0.007206846 4.916290760 -0.033799469 -0.054315861 0.119668022 0.990750670
3026.180186560 -0.096079640 -0.017371893 5.094615936 0.021748679 -0.049452852 0.119027682 0.991420090
3026.242519776 -0.119961537 -0.036115188 5.289241791 0.046308983 -0.046311792 0.111923628 0.991556227
3026.309346944 -0.157488734 -0.067597926 5.497653961 0.073247351 -0.042144623 0.105633035 0.990807891
3026.370225888 -0.181210428 -0.108249396 5.701531410 0.056421801 -0.050726961 0.096151352 0.992470801
3026.432394976 -0.204227388 -0.135326743 5.912512779 0.038600858 -0.056090068 0.095607437 0.993087649
3026.495218144 -0.235477179 -0.168315604 6.122082233 0.032561127 -0.058150806 0.085694663 0.994089842
3026.557436224 -0.259383529 -0.185150936 6.332591057 0.023377748 -0.062148243 0.091542974 0.993584931
3026.619885600 -0.278461218 -0.207196310 6.541166782 0.029444907 -0.060274109 0.108997598 0.991775990
3026.684608160 -0.309211135 -0.237381905 6.752700329 0.040020261 -0.046492524 0.098014861 0.993292451
3026.747528768 -0.328858227 -0.251154780 6.974163055 0.031467587 -0.041573461 0.105505832 0.993050814
3026.812662848 -0.344498575 -0.268068671 7.194602966 0.014995623 -0.049763743 0.112232730 0.992321789
3026.870206240 -0.370646775 -0.280817330 7.399714470 -0.004748431 -0.058939900 0.095577866 0.993664145
3026.933083200 -0.398932338 -0.268689364 7.624588490 -0.033739131 -0.068900183 0.100292787 0.991995871
3026.995163424 -0.423009127 -0.257538766 7.866208076 -0.035123006 -0.068328887 0.097611338 0.992254794
3027.061104608 -0.459400773 -0.260398865 8.096215248 -0.021361483 -0.060804036 0.088902533 0.993953168
3027.120181440 -0.491403162 -0.251875848 8.305222511 -0.006384658 -0.055532526 0.090336300 0.994341314
3027.182424320 -0.516616762 -0.263138235 8.532256126 -0.000310145 -0.057419315 0.094639324 0.993854284
3027.246307200 -0.551518023 -0.272694945 8.771979332 -0.002151466 -0.059907924 0.087615386 0.994349003
3027.307558176 -0.583996236 -0.275759250 9.008697510 -0.011327788 -0.062343482 0.087831713 0.994117975
3027.374469760 -0.617542267 -0.288031638 9.256541252 -0.004648386 -0.062150162 0.088756561 0.994101644
3027.435715168 -0.650369585 -0.291147262 9.501551628 -0.005630706 -0.061477531 0.081467330 0.994762242
3027.495634784 -0.680506825 -0.290806562 9.737050056 -0.007327026 -0.062927231 0.086336248 0.994249761
3027.557494592 -0.717455626 -0.295475096 9.987017632 -0.018048050 -0.064955585 0.082724012 0.994289577
3027.622365152 -0.760722518 -0.293775052 10.245988846 -0.026819047 -0.069893770 0.072292767 0.994569957
3027.682498592 -0.789151609 -0.298130155 10.490074158 -0.012595319 -0.072063133 0.084956773 0.993695438
3027.744911808 -0.835376561 -0.301969677 10.740205765 -0.007305383 -0.068452016 0.073432609 0.994921386
3027.807565216 -0.877028584 -0.306192994 11.004063606 -0.016954266 -0.066247217 0.074671850 0.994860768
3027.869975872 -0.912146151 -0.309366077 11.266324997 -0.010608722 -0.064763419 0.077605531 0.994821846
3027.932660512 -0.951441348 -0.319233775 11.527013779 -0.005447899 -0.064991750 0.078185208 0.994803190
3027.994936896 -0.990810394 -0.322533041 11.792701721 -0.003069477 -0.065648444 0.078759573 0.994724989
3028.057568576 -1.031585455 -0.337525696 12.061995506 -0.002074113 -0.066767000 0.079043284 0.994630635
3028.121088672 -1.077412248 -0.342450023 12.335737228 -0.000028028 -0.067070797 0.078830093 0.994629264
3028.182760416 -1.117517710 -0.355986059 12.604710579 -0.001247569 -0.068034500 0.081765808 0.994325936
3028.248598496 -1.162335157 -0.367799073 12.891266823 0.002158247 -0.067904294 0.081651725 0.994342685
3028.307323808 -1.198295951 -0.378883928 13.159140587 0.001610947 -0.075319380 0.088140495 0.993255079
3028.370656896 -1.248585224 -0.394944072 13.443238258 -0.002162356 -0.083902456 0.087011397 0.992665470
3028.436305920 -1.298377633 -0.409318864 13.740784645 0.003335261 -0.086562991 0.088852867 0.992270589
3028.495422240 -1.339335442 -0.424872547 14.006907463 0.003795119 -0.085216768 0.092363387 0.992064893
3028.558048800 -1.390994072 -0.446601987 14.281098366 0.006839260 -0.082492396 0.092395976 0.992275774
3028.620718720 -1.435142279 -0.461451799 14.565461159 0.010347848 -0.083970748 0.096732907 0.991707921
3028.684366464 -1.486215711 -0.480054498 14.844586372 0.011661484 -0.091168351 0.095264956 0.991199732
3028.746835840 -1.540951729 -0.504674673 15.096992493 0.007691785 -0.094899923 0.095981263 0.990819037
3028.807785856 -1.592935443 -0.520168006 15.381057739 0.008826979 -0.093462721 0.096426725 0.990902960
3028.872323360 -1.647861838 -0.548165023 15.670939445 0.012230204 -0.092904679 0.097926304 0.990772247
3028.932476384 -1.716608405 -0.555228233 15.935217857 0.008584333 -0.092041843 0.091569133 0.991498709
3028.994989728 -1.776504993 -0.593431950 16.164768219 0.006825512 -0.091258317 0.096389249 0.991127849
3029.057476896 -1.823604465 -0.629747212 16.454248428 0.009662410 -0.092765555 0.103947103 0.990200102
3029.122498528 -1.866179466 -0.653861821 16.770149231 0.003418454 -0.094114743 0.112364449 0.989194095
3029.182941088 -1.911819816 -0.627395809 17.109556198 0.012145284 -0.100736968 0.101621687 0.989635050
3029.245148384 -1.681267262 -0.629467607 16.939779282 0.011452903 -0.111220747 0.078855358 0.990596056
3029.307247488 -1.817708492 -0.799630642 17.399011612 0.007586800 -0.107184157 0.065873168 0.992025554
3029.370014048 -2.063867331 -0.895673752 17.967908859 0.006186166 -0.099057086 0.060120557 0.993244648
3029.432880128 -2.381367683 -0.828059077 18.520906448 0.015888318 -0.081637926 0.082311906 0.993130207
3029.494714496 -2.292559385 -0.878505468 18.403005600 0.003597817 -0.083860599 0.062818907 0.994488895
3029.558017696 -2.452248335 -1.093407393 19.047115326 0.001504027 -0.080909885 0.067025527 0.994464159
3029.620442592 -2.602368832 -1.297975421 19.676752090 0.001075293 -0.079459913 0.070059471 0.994372487
3029.682428160 -2.697737455 -1.509929657 20.476018906 0.003328325 -0.080747344 0.073883936 0.993986905
3029.745270304 -2.632903576 -1.635426641 20.293697357 -0.024052219 -0.079296164 0.076478593 0.993622005
3029.807822560 -2.644588232 -1.844014883 21.108295441 -0.024680635 -0.080210410 0.080710568 0.993198335
3029.869883296 -2.657719374 -2.047378778 21.917627335 -0.024407804 -0.080707632 0.084846415 0.992820024
3029.932673376 -2.976229906 -2.197920799 20.466768265 -0.023264276 -0.083719581 0.077453770 0.993202269
3029.995039328 -2.983069897 -1.968810201 19.826135635 -0.023589900 -0.071833804 0.042549338 0.996229410
3030.057832256 -3.181142092 -2.128893375 20.341583252 -0.030391181 -0.064936794 0.050000183 0.996172488
3030.119842560 -3.371013641 -2.289343119 20.849241257 -0.039668154 -0.057721775 0.057678446 0.995875418
3030.182507136 -3.423485279 -2.477195263 20.577787399 -0.067887664 -0.055819828 -0.004939438 0.996117949
3030.245998368 -3.038977146 -2.575342655 18.650480270 -0.100959316 -0.063020431 -0.026004111 0.992551982
3030.312959712 -3.487340212 -2.345591784 20.639276505 -0.064404555 -0.042441681 -0.002784767 0.997017026
3030.370571040 -3.895163536 -2.240778208 22.434606552 -0.029447827 -0.006834740 0.012510454 0.999464691
3030.432542752 -3.895163536 -2.240778208 22.434606552 -0.029447831 -0.006834740 0.012510457 0.999464691
3030.495423264 -4.036561012 -2.099762917 21.679567337 -0.036417592 -0.009056862 0.012676730 0.999215186
3030.557253920 -4.316881180 -1.566902280 22.641590118 0.031982765 -0.002541624 -0.000500627 0.999485075
3030.623891936 -4.770142555 -1.224814296 23.855045319 0.165072873 0.065762639 0.025322482 0.983760655
3030.684402592 -4.281850338 -0.825151801 23.226987839 0.179379210 -0.040236209 0.021445094 0.982722878
3030.745606848 -3.700306416 -0.285548329 22.359855652 0.188642934 -0.145352617 0.018182240 0.971059144
3030.807405056 -3.019191504 0.116814494 21.885578156 0.196660921 -0.246505037 0.009024664 0.948935330
3030.872363328 -2.125025749 -0.098676518 21.043882370 0.102942958 -0.289286733 -0.082150780 0.948138833
3030.932949696 -1.337564230 -0.595152974 20.311843872 0.014596613 -0.321618587 -0.169704914 0.931422889
3030.997672352 0.003849745 -1.274434686 18.918754578 -0.074661449 -0.348171562 -0.272819310 0.893740356
3031.058441664 1.080224514 -2.338322401 17.691589355 -0.158084705 -0.366626859 -0.362331569 0.842205346
3031.119877888 6.004790783 -7.160080910 14.183513641 -0.249744222 -0.452246159 -0.289799005 0.805678487
3031.183074112 11.578373909 -12.589406967 12.447953224 -0.335782140 -0.529212713 -0.210305855 0.750303745
3031.250894144 17.994520187 -18.374782562 12.718751907 -0.418908238 -0.596827924 -0.121875331 0.673393548
3031.314353664 24.304128647 -23.169471741 14.980865479 -0.485657841 -0.646323740 -0.037902262 0.587337613
3031.376825440 30.577772141 -26.813686371 18.894405365 0.541049123 0.680698156 -0.045014545 -0.491822749
3031.440762144 36.751155853 -28.991693497 24.176513672 0.587007523 0.700964689 -0.128361955 -0.384179443
3031.499608352 42.535980225 -29.098859787 30.445028305 0.617347419 0.708798468 -0.202451527 -0.274773091
3031.564949536 47.418087006 -28.976299286 35.583854675 0.620249689 0.712179005 -0.221703693 -0.242773160
3031.627178784 51.905929565 -28.543260574 40.561840057 0.623456359 0.714603484 -0.235597849 -0.212456435
3031.690656288 56.220062256 -28.092855453 46.031375885 0.623962939 0.729007721 -0.214462027 -0.182274491
3031.749666688 59.598842621 -27.816772461 49.472991943 0.628462851 0.710835040 -0.248012438 -0.195544824
3031.814193440 62.931907654 -27.525873184 52.322757721 0.617713273 0.703129053 -0.276541352 -0.218093634
3031.876594912 65.752861023 -27.391275406 55.398872375 0.645859420 0.688053727 -0.265539646 -0.197323158
3031.939294208 68.164146423 -27.393058777 58.285217285 0.664123237 0.681405783 -0.248857960 -0.180821300
3031.999663328 69.643867493 -27.383178711 60.396156311 0.672531605 0.686503351 -0.225762084 -0.159517363
3032.064628928 69.979248047 -27.551200867 60.475177765 0.683581948 0.666271865 -0.246914402 -0.166825756
3032.127364256 70.203643799 -27.779563904 60.340816498 0.664530933 0.665504396 -0.270634323 -0.205571532
3032.192027648 69.990402222 -27.796293259 59.967353821 0.668592036 0.656170309 -0.277049631 -0.213702634
3032.249560512 69.831657410 -27.811725616 59.781414032 0.681661725 0.649448872 -0.267810434 -0.204526246
3032.314914112 69.658729553 -27.830131531 59.569171906 0.689668417 0.651868641 -0.247903019 -0.194855943
3032.376814304 69.497169495 -27.850244522 59.377742767 0.691094518 0.651439488 -0.245867237 -0.193815127
3032.438435840 69.351066589 -27.875358582 59.177158356 0.686375141 0.654701531 -0.249653772 -0.194751307
3032.498715584 69.197074890 -27.895338058 58.988510132 0.687329829 0.655205548 -0.245615572 -0.194824144
3032.563014688 69.039474487 -27.922147751 58.780654907 0.685475349 0.663597822 -0.232718140 -0.188689530
3032.626640480 68.890083313 -27.946535110 58.560901642 0.687855542 0.661329687 -0.234263584 -0.186060160
3032.693866752 68.742073059 -27.964361191 58.369491577 0.687858641 0.659275949 -0.238844603 -0.187507287
3032.750412224 68.590957642 -27.979410172 58.186702728 0.683583021 0.662503779 -0.238449484 -0.192210510
3032.813053696 68.416213989 -27.986122131 57.978401184 0.696554899 0.639420927 -0.255028456 -0.202268884
3032.876542592 68.263992310 -28.004089355 57.787681580 0.694531143 0.643184364 -0.249248460 -0.204488680
3032.937958496 68.105056763 -28.016620636 57.592315674 0.696787536 0.643382013 -0.246570542 -0.199373275
3032.998935776 67.931945801 -28.036315918 57.395221710 0.697474778 0.643605232 -0.246985152 -0.195702970
3033.063286944 67.794654846 -28.044378281 57.199150085 0.705746949 0.638478041 -0.243125841 -0.187501505
3033.126582848 67.652679443 -28.052318573 57.015792847 0.695584357 0.641818345 -0.249037430 -0.205455720
3033.188268768 67.516616821 -28.053371429 56.843303680 0.709275126 0.623557925 -0.259445101 -0.201971442
3033.249214368 67.372581482 -28.071882248 56.676670074 0.704182804 0.628379941 -0.265688479 -0.196659073
3033.313492448 67.227775574 -28.098690033 56.508186340 0.693535924 0.640716136 -0.270023972 -0.188621074
3033.377702112 67.095817566 -28.121044159 56.321285248 0.697051167 0.649417758 -0.257679552 -0.161175326
3033.437849920 66.910858154 -28.140195847 56.085899353 0.702449679 0.640434444 -0.262470216 -0.165883750
3033.498420864 66.785041809 -28.153867722 55.907577515 0.701939523 0.644864857 -0.254395813 -0.163441211
3033.563040992 66.670341492 -28.183801651 55.728370667 0.693711936 0.654015601 -0.255033612 -0.161198854
3033.627370784 66.531036377 -28.204122543 55.552581787 0.689993560 0.655456603 -0.260755658 -0.162147939
3033.688042272 66.390830994 -28.226930618 55.373134613 0.697731614 0.645766079 -0.265251219 -0.160619199
3033.748498912 66.233322144 -28.257123947 55.187503815 0.691611230 0.655559838 -0.255114347 -0.163804233
3033.813874656 66.090744019 -28.287158966 54.992713928 0.696331739 0.650685966 -0.257795990 -0.158968776
3033.876595648 65.945381165 -28.312702179 54.824306488 0.697213352 0.646388233 -0.270238727 -0.151812151
3033.938335776 65.790481567 -28.342763901 54.629123688 0.694878042 0.646977007 -0.278554827 -0.144818991
3033.998835648 65.661720276 -28.391178131 54.457828522 0.680482209 0.658856928 -0.284784943 -0.147475481
3034.063819168 65.522422791 -28.430253983 54.284339905 0.686796665 0.653095901 -0.288313776 -0.136570007
3034.126641952 65.393592834 -28.478738785 54.119323730 0.675030351 0.660330176 -0.293567955 -0.148714542
3034.188577024 65.251342773 -28.517683029 53.940612793 0.688237250 0.645680547 -0.297804862 -0.144008055
3034.250539008 65.116142273 -28.561456680 53.768383026 0.687393785 0.650538981 -0.292018354 -0.137891620
3034.313649472 64.965560913 -28.605684280 53.590621948 0.685343146 0.649062216 -0.296932787 -0.144409105
3034.377240576 64.811622620 -28.661436081 53.399013519 0.687243104 0.649885118 -0.292983174 -0.139667943
3034.438707392 64.678009033 -28.700046539 53.233989716 0.691104054 0.644073248 -0.296389848 -0.140349239
3034.499400224 64.538856506 -28.749765396 53.057674408 0.683045208 0.650216341 -0.298564851 -0.146721065
3034.566433184 64.395286560 -28.793903351 52.872837067 0.684987545 0.650178313 -0.296764642 -0.141389742
3034.629308608 64.248817444 -28.833063126 52.691184998 0.685453176 0.648224831 -0.297856688 -0.145739570
3034.692837536 64.067085266 -28.894004822 52.519680023 0.686022162 0.655590057 -0.284075856 -0.137390524
3034.748970048 63.948421478 -28.931985855 52.366050720 0.680714667 0.655905724 -0.289146692 -0.151027903
3034.813785184 63.784469604 -28.966777802 52.172481537 0.685238659 0.651019454 -0.289510846 -0.151013702
3034.876718016 63.640975952 -29.008396149 51.989452362 0.682809174 0.657032669 -0.283621550 -0.147100285
3034.941429920 63.502117157 -29.045118332 51.806549072 0.686303318 0.651923716 -0.287204951 -0.146617085
3034.999074272 63.370143890 -29.084037781 51.642116547 0.686140597 0.653453529 -0.286230803 -0.142413154
3035.064312448 63.226058960 -29.125448227 51.455440521 0.689365506 0.646864414 -0.290642083 -0.147880957
3035.126978272 63.090843201 -29.162702560 51.279582977 0.693368614 0.644760430 -0.285639256 -0.148101896
3035.195647712 62.927650452 -29.211896896 51.085060120 0.690957785 0.649120450 -0.281664073 -0.147936702
3035.259894880 62.773284912 -29.256954193 50.903503418 0.690089762 0.651727855 -0.281443238 -0.140771717
3035.321127680 62.644126892 -29.290409088 50.730915070 0.686070621 0.652419567 -0.290345401 -0.139123574
3035.383395840 62.477764130 -29.343847275 50.534450531 0.682003617 0.657537878 -0.291082740 -0.133363634
3035.445975040 62.329299927 -29.395401001 50.340705872 0.680825233 0.661853373 -0.286541402 -0.127753943
3035.504869600 62.174827576 -29.445280075 50.150749207 0.682954431 0.660482466 -0.286097735 -0.124435768
3035.571222592 62.009716034 -29.498451233 49.958282471 0.683074415 0.657958984 -0.288767517 -0.130815387
3035.634444032 61.864055634 -29.588254929 49.795356750 0.687125385 0.654572308 -0.287490129 -0.129395321
3035.699252640 61.731243134 -29.642253876 49.614334106 0.681060910 0.660632133 -0.287560701 -0.130499482
3035.769747072 61.562934875 -29.715230942 49.400905609 0.679298401 0.660928130 -0.293328226 -0.125244722
3035.835672960 61.386199951 -29.770956039 49.180732727 0.681855202 0.665772378 -0.282601982 -0.109347194
3035.898429568 61.305229187 -29.868133545 48.946784973 0.674316823 0.662713051 -0.295117319 -0.137891501
3035.961872416 61.167972565 -29.897939682 48.779529572 0.681625724 0.657153964 -0.291767210 -0.135672495
3036.019748832 61.032554626 -29.950477600 48.604606628 0.679867804 0.658246934 -0.291788846 -0.139103845
3036.085537760 60.849411011 -29.982122421 48.379276276 0.682695329 0.657482386 -0.291707098 -0.128650561
3036.147863072 60.675205231 -30.019693375 48.175792694 0.679457128 0.663788557 -0.289130211 -0.118854918
3036.210604256 60.533802032 -30.076629639 47.982276917 0.679838359 0.667967081 -0.280922115 -0.112794198
3036.269598880 60.407608032 -30.137182236 47.794311523 0.681086540 0.666655481 -0.280975878 -0.112889662
3036.336486464 60.262382507 -30.198165894 47.587005615 0.683090389 0.666603863 -0.277553558 -0.109503098
3036.398185472 60.129333496 -30.263082504 47.371330261 0.683443308 0.663355052 -0.282218724 -0.114968844
3036.461914048 59.990585327 -30.325757980 47.165050507 0.683824778 0.664685726 -0.279759914 -0.110954985
3036.519097408 59.870632172 -30.405946732 46.983318329 0.687991261 0.664736807 -0.273200631 -0.100769408
3036.587403616 59.717556000 -30.457550049 46.620803833 0.679073215 0.670513391 -0.278329164 -0.108646892
3036.648703808 59.560211182 -30.512544632 46.377689362 0.678500354 0.673309803 -0.274087429 -0.105675824
3036.712187296 59.435031891 -30.562852859 46.189338684 0.684449077 0.666548550 -0.276714712 -0.103302523
3036.769197248 59.324100494 -30.611717224 46.041851044 0.681597292 0.669026732 -0.276366264 -0.107004561
3036.835490336 59.212669373 -30.671131134 45.891849518 0.681296945 0.669543624 -0.275195926 -0.108688265
3036.897888928 59.126510620 -30.738637924 45.777038574 0.681899965 0.667899728 -0.277530223 -0.109084450
3036.961024992 59.047580719 -30.775794983 45.665168762 0.681275547 0.669885635 -0.275136799 -0.106848568
3037.019406016 58.972087860 -30.806665421 45.584857941 0.678441346 0.669876337 -0.280108839 -0.111901864
3037.086601024 58.903518677 -30.843698502 45.501575470 0.686829388 0.664058506 -0.276932776 -0.102955915
3037.149454912 58.847908020 -30.869354248 45.418315887 0.685249209 0.663825214 -0.279541790 -0.107823305
3037.209851808 58.803241730 -30.893808365 45.358688354 0.684872806 0.664166987 -0.278999120 -0.109502770
3037.269298496 58.765972137 -30.918539047 45.304981232 0.683247507 0.663672686 -0.281789929 -0.115351290
3037.335762144 58.707332611 -30.927389145 45.268516541 0.686217546 0.662029445 -0.279661119 -0.112303168
3037.397996736 58.681060791 -30.942483902 45.228889465 0.683066964 0.664778590 -0.278692126 -0.117556542
3037.460674400 58.656658173 -30.951070786 45.196098328 0.684391856 0.662629128 -0.281048030 -0.116372176
3037.529626688 58.632331848 -30.960603714 45.169956207 0.682997465 0.664068639 -0.280757487 -0.117057882
3037.594610560 58.612819672 -30.968988419 45.145336151 0.681580245 0.665811300 -0.280175447 -0.116813928
3037.657372704 58.600616455 -30.975313187 45.125179291 0.681147099 0.665668488 -0.281358868 -0.117308229
3037.719780032 58.588863373 -30.978563309 45.111125946 0.682688832 0.662759423 -0.284648716 -0.116880096
3037.778389568 58.575824738 -30.987085342 45.101696014 0.683735371 0.661371291 -0.285575002 -0.116365045
3037.848038592 58.565261841 -30.995805740 45.091014862 0.683334410 0.661885858 -0.285356283 -0.116330989
3037.907165312 58.550418854 -31.006782532 45.085910797 0.682999551 0.662327409 -0.285154343 -0.116279431
3037.970098016 58.541297913 -31.009649277 45.074859619 0.682691455 0.662748814 -0.284799695 -0.116557091
3038.032642496 58.531795502 -31.017066956 45.058609009 0.682208419 0.663038492 -0.285408318 -0.116248541
3038.099392576 58.527923584 -31.021286011 45.051944733 0.682594419 0.662561834 -0.285828680 -0.115665786
3038.162096608 58.516597748 -31.021963120 45.040096283 0.683061123 0.661909282 -0.286320925 -0.115429543
3038.224062016 58.510566711 -31.023992538 45.031333923 0.683132648 0.661385298 -0.287455320 -0.115189753
3038.282071680 58.505813599 -31.025836945 45.025287628 0.683127820 0.661328614 -0.287522912 -0.115375467
