4263.595331648 0.000000000 0.000000000 0.000000000 0.000000000 0.000000000 0.000000000 1.000000000
4263.638400960 0.000401066 0.001199427 0.000053316 0.000039404 -0.000031413 0.000107385 1.000000000
4263.677709312 -0.000063675 -0.000354408 -0.002038915 -0.000075707 0.000029698 -0.000025608 1.000000000
4263.717333696 0.000486610 0.000378487 -0.000862250 0.000052325 -0.000121743 0.000277799 0.999999940
4263.765216224 -0.000019526 -0.002974729 0.002310051 0.006753833 -0.000889347 -0.002576695 0.999973476
4263.805258048 -0.003369556 -0.001479177 0.017203601 0.007003038 -0.000978918 -0.006892425 0.999951243
4263.843568096 -0.002789340 -0.003452580 0.038179964 0.004464763 -0.001491600 -0.001402879 0.999987900
4263.885643616 -0.005266551 -0.002039383 0.070260607 0.010242021 -0.003249066 -0.000381060 0.999942183
4263.936925376 -0.013041754 -0.008310754 0.121194735 0.007460995 -0.005281887 -0.012567175 0.999879241
4263.977144736 -0.014874062 -0.005588940 0.172184393 -0.004414907 -0.010706356 -0.011293136 0.999869168
4264.017358304 -0.017073857 0.001115539 0.226695925 -0.006339201 -0.014756661 -0.009039470 0.999830127
4264.059149152 -0.032543197 0.038114384 0.282586992 0.011894288 -0.013978697 -0.007787506 0.999801219
4264.105152960 -0.038229994 0.035607081 0.356197059 -0.002954788 -0.010055178 -0.007439401 0.999917388
4264.144889568 -0.046211477 0.035608578 0.428440452 0.002807295 -0.006939163 -0.013689005 0.999878287
4264.184935520 -0.048871838 0.037014853 0.516458690 -0.007512228 -0.000756881 -0.018866269 0.999793530
4264.230187456 -0.056697827 0.041788790 0.612068772 -0.023077043 0.004245352 -0.034300383 0.999136090
4264.307165504 -0.042471182 0.041874994 0.770761847 -0.028586285 0.017465333 -0.006438916 0.999418020
4264.346438208 -0.044074543 0.045178372 0.849367261 -0.016789652 0.017362168 -0.012146135 0.999634504
4264.382671552 -0.040063985 0.031312026 0.920282662 -0.004786960 0.016261466 -0.007367014 0.999829173
4264.423446304 -0.035251230 0.021864999 1.008571267 -0.001868307 0.013587525 -0.000640272 0.999905765
4264.469786144 -0.036597230 0.024257356 1.112623930 -0.004790453 0.009629919 -0.007479952 0.999914169
4264.509965952 -0.037720855 0.036119819 1.212088466 -0.005798480 0.007620918 -0.005809881 0.999937236
4264.550284608 -0.035726562 0.038652603 1.305528522 0.008627161 0.001231421 -0.000420534 0.999961913
4264.595926144 -0.028719144 0.033340067 1.411905050 0.013654566 -0.003990954 0.017958367 0.999737501
4264.643954304 -0.024757501 0.006763101 1.526656985 0.005737320 -0.008061805 0.037629362 0.999242783
4264.682146592 -0.046165273 -0.002562543 1.619623423 -0.005338202 -0.016765216 0.008464418 0.999809384
4264.718747552 -0.064207636 0.009491016 1.712749481 -0.010495998 -0.026801290 -0.018363742 0.999417007
4264.762846688 -0.066477478 0.006046853 1.813015819 0.008604020 -0.032263983 -0.004839292 0.999430656
4264.809597696 -0.072870664 -0.008878583 1.917698622 0.021345738 -0.041183762 0.007510346 0.998895288
4264.849008960 -0.067545138 -0.023869794 2.027999163 -0.000234652 -0.061149247 0.036545619 0.997459352
4264.882351488 -0.079847962 -0.028729752 2.113209009 -0.002518955 -0.071158461 0.021674013 0.997226298
4264.924235328 -0.105101943 -0.021435520 2.210998297 0.003911354 -0.082484715 -0.012887003 0.996501327
4264.973721280 -0.112438403 -0.008643496 2.317071676 0.020911343 -0.087417148 0.000504096 0.995952189
4265.011633280 -0.118949093 -0.021895479 2.425222635 0.005736527 -0.085649073 0.014095467 0.996209145
4265.075587168 -0.141693860 -0.031513892 2.568986416 -0.000513052 -0.080574512 0.004887847 0.996736467
4265.110914976 -0.153055996 -0.032257095 2.661264658 -0.003659318 -0.076293774 0.012721479 0.996997535
4265.159091168 -0.170805693 -0.030912012 2.790524244 -0.006811096 -0.069086872 0.006763849 0.997564495
4265.206630944 -0.192926556 -0.034084182 2.921502113 -0.004933409 -0.064225420 -0.000947450 0.997922778
4265.243853984 -0.204493135 -0.042095914 3.020436525 0.000534913 -0.060678955 0.012810889 0.998074949
4265.285013120 -0.222953439 -0.037925795 3.136240005 -0.005623006 -0.057930898 0.012452345 0.998227119
4265.332311168 -0.239277527 -0.038473658 3.260406971 -0.003390827 -0.061936248 0.014098572 0.997974753
4265.394626176 -0.262765497 -0.042789359 3.444308519 -0.004571221 -0.066096060 0.018872766 0.997624338
4265.428659296 -0.275071710 -0.045490250 3.545977592 -0.011671694 -0.066225067 0.027890721 0.997346520
4265.470014528 -0.288120419 -0.048194841 3.659392118 0.001220629 -0.062873438 0.027815595 0.997633100
4265.518799840 -0.298010498 -0.049960524 3.804003477 -0.010173619 -0.057926409 0.035957158 0.997621238
4265.557567744 -0.313417584 -0.053028360 3.921092987 -0.006815000 -0.051953524 0.032822147 0.998086691
4265.593590208 -0.320503563 -0.061114758 4.026707649 0.002501550 -0.045517635 0.041168936 0.998111725
4265.638121792 -0.333822161 -0.057793889 4.169501305 -0.013340824 -0.045837402 0.048815250 0.997666299
4265.684391168 -0.350002199 -0.054161403 4.306334972 -0.019768313 -0.050554510 0.047774058 0.997382164
4265.727783616 -0.374875844 -0.044677600 4.439588070 -0.030763619 -0.053186473 0.031389475 0.997616887
4265.761877952 -0.390391290 -0.038213275 4.563473225 -0.048513755 -0.056454241 0.034920614 0.996614218
4265.814416800 -0.404233873 -0.051544309 4.725597858 -0.046009596 -0.057384863 0.039342590 0.996515036
4265.866350624 -0.417241812 -0.056645937 4.878430843 -0.028267065 -0.053743377 0.045117989 0.997134387
4265.912961856 -0.433106661 -0.059067212 5.017084122 0.007731345 -0.047581993 0.047073733 0.997727573
4265.950323328 -0.443716288 -0.071795389 5.120205879 0.040522963 -0.044132195 0.045435697 0.997168899
4265.991239712 -0.460921496 -0.079026543 5.243381977 0.052337043 -0.039674263 0.041941978 0.996959209
4266.040339200 -0.473650694 -0.095712654 5.381085396 0.062388033 -0.039286211 0.043812599 0.996315598
4266.080546272 -0.482807577 -0.112444773 5.517158031 0.062242754 -0.042063560 0.050716519 0.995883703
4266.115399360 -0.500398815 -0.128739178 5.640630722 0.051396370 -0.045245226 0.043160591 0.996718824
4266.158068960 -0.515129983 -0.146680102 5.771724224 0.046000931 -0.047782436 0.040427733 0.996978581
4266.203519232 -0.529580235 -0.194515914 5.902917862 0.032629255 -0.049623460 0.034348227 0.997643709
4266.236227040 -0.543820560 -0.207413450 6.016957760 0.028640363 -0.050422329 0.029638084 0.997877181
4266.268299360 -0.557260871 -0.216968223 6.122773647 0.025754754 -0.051711775 0.026418416 0.997980297
4266.300220544 -0.569853783 -0.224111363 6.227556229 0.022837708 -0.053369842 0.025913447 0.997977257
4266.338571200 -0.580464959 -0.230049849 6.352101803 0.020651160 -0.054873616 0.033039164 0.997732878
4266.375959392 -0.588008106 -0.242463812 6.472537041 0.022695424 -0.053462189 0.043461669 0.997365415
4266.433113152 -0.608255565 -0.262179911 6.658836365 0.033437848 -0.043751936 0.041739710 0.997609854
4266.465095776 -0.622596025 -0.268629730 6.762890816 0.033089198 -0.037386183 0.033049062 0.998205960
4266.497842272 -0.631534219 -0.273790002 6.870762348 0.030785337 -0.033583283 0.034233440 0.998374939
4266.529943392 -0.634360552 -0.281475276 6.979344845 0.027909525 -0.034659170 0.045492515 0.997973084
4266.569951648 -0.642484546 -0.291583627 7.113383293 0.019990472 -0.040166508 0.047956295 0.997841299
4266.629348160 -0.660540581 -0.298661739 7.319271564 -0.003068995 -0.049447745 0.042283263 0.997876585
4266.664681952 -0.676882148 -0.297667712 7.424102783 -0.007651886 -0.052475046 0.030376745 0.998130798
4266.696860256 -0.688565135 -0.289374918 7.549055099 -0.029842822 -0.055978771 0.034101684 0.997403026
4266.734287552 -0.710265100 -0.284105211 7.682400227 -0.040242579 -0.060315307 0.032896582 0.996825159
4266.768057472 -0.723821163 -0.285783410 7.797327042 -0.039624680 -0.061506398 0.035012659 0.996705055
4266.805459840 -0.741716444 -0.287046641 7.914486885 -0.041337967 -0.061960801 0.032732978 0.996684790
4266.838086848 -0.765038967 -0.285986245 8.031736374 -0.031561680 -0.061659317 0.025112310 0.997281969
4266.873011584 -0.782849669 -0.277068347 8.147099495 -0.014493189 -0.060173009 0.027820852 0.997694910
4266.906611840 -0.801210642 -0.272434384 8.265629768 -0.011719821 -0.061149143 0.028703723 0.997646987
4266.944241952 -0.817617834 -0.274149984 8.397562027 -0.007250797 -0.064406723 0.033159703 0.997346282
4266.982834816 -0.836462140 -0.279400706 8.528811455 -0.006623741 -0.066175103 0.032352220 0.997261405
4267.014732000 -0.855102956 -0.280284166 8.652181625 -0.007654647 -0.067389473 0.030142598 0.997241974
4267.048157344 -0.874641895 -0.281219751 8.771033287 -0.008531091 -0.068223611 0.025629215 0.997304320
4267.081460736 -0.895392656 -0.282510936 8.894289970 -0.010766059 -0.068783641 0.023746507 0.997290790
4267.119621312 -0.913011789 -0.280209988 9.020984650 -0.017431539 -0.069717295 0.027303275 0.997040689
4267.152801152 -0.930605650 -0.285490304 9.147379875 -0.012127743 -0.070510857 0.030751159 0.996963143
4267.186939328 -0.952971220 -0.290202737 9.278803825 -0.010973342 -0.071518257 0.028040305 0.996984661
4267.219881152 -0.977923036 -0.290050000 9.402082443 -0.013782898 -0.073771499 0.021020547 0.996958315
4267.258902400 -1.000137568 -0.289100349 9.520188332 -0.004383880 -0.076955043 0.022533773 0.996770203
4267.292112736 -1.023755670 -0.285646170 9.667092323 -0.009797553 -0.080743171 0.026778594 0.996326983
4267.327814016 -1.049920082 -0.283892035 9.809782982 -0.020655524 -0.082972631 0.023865690 0.996051848
4267.368432704 -1.074158311 -0.285059482 9.944034576 -0.021917874 -0.082958743 0.022608772 0.996055365
4267.400753312 -1.105426192 -0.282219052 10.091966629 -0.029392922 -0.083363399 0.014754714 0.995976388
4267.436106976 -1.132564306 -0.278918564 10.229164124 -0.030371007 -0.085977010 0.011365651 0.995769262
4267.474339744 -1.155914187 -0.280013680 10.377031326 -0.015023150 -0.088634379 0.020290999 0.995744228
4267.510295968 -1.183257937 -0.277778685 10.519034386 -0.019831460 -0.091086902 0.020620989 0.995431900
4267.551132960 -1.219075084 -0.276795208 10.679601669 -0.014149788 -0.090595432 0.011364105 0.995722413
4267.587318208 -1.247180343 -0.276605010 10.821727753 -0.014787605 -0.088135131 0.013333598 0.995909512
4267.626357536 -1.278060913 -0.276157469 10.983493805 -0.020504609 -0.086511433 0.014141112 0.995939434
4267.661671232 -1.306245208 -0.276101738 11.120251656 -0.016473176 -0.085446127 0.012271030 0.996131003
4267.709084960 -1.331618190 -0.277340204 11.263022423 -0.015082613 -0.085239641 0.016807834 0.996104538
4267.741417760 -1.363773108 -0.280855656 11.440576553 -0.011853809 -0.085569844 0.016337378 0.996127665
4267.779246624 -1.395658851 -0.280026287 11.595758438 -0.007242129 -0.085869066 0.014495084 0.996174634
4267.814212224 -1.422879457 -0.280254453 11.740617752 -0.008264152 -0.086771592 0.016178057 0.996062577
4267.852617696 -1.454498410 -0.286159158 11.899443626 -0.006069736 -0.088025518 0.018347835 0.995930731
4267.890205856 -1.486564040 -0.288813919 12.057467461 -0.009370949 -0.089018390 0.016864279 0.995843112
4267.957783328 -1.543610930 -0.288928121 12.338760376 -0.006696817 -0.089420691 0.017199541 0.995822906
4267.989992000 -1.568783760 -0.294550031 12.472237587 -0.006054194 -0.089256831 0.019924920 0.995790899
4268.030677056 -1.603931904 -0.297204942 12.647711754 -0.008420214 -0.088076763 0.020137141 0.995874524
4268.072143360 -1.638592958 -0.300347924 12.820846558 -0.001362802 -0.085753828 0.018800817 0.996138036
4268.107345184 -1.663765430 -0.303425074 12.974598885 -0.006212546 -0.085269056 0.021564759 0.996105194
4268.146341024 -1.696992517 -0.310503006 13.141654015 -0.003689087 -0.084231421 0.024579169 0.996136189
4268.186416512 -1.727402449 -0.310320944 13.314785004 -0.008536370 -0.084463671 0.025194623 0.996071398
4268.225274880 -1.759877443 -0.321015805 13.481421471 -0.005868339 -0.083746254 0.025134245 0.996152818
4268.262451200 -1.783237576 -0.326729804 13.637966156 -0.004404540 -0.083854988 0.028320165 0.996065736
4268.328038880 -1.836044550 -0.331946701 13.924911499 -0.001791982 -0.082399920 0.030148122 0.996141613
4268.359436896 -1.859088659 -0.327979535 14.067993164 -0.000587810 -0.082036629 0.029185105 0.996201694
4268.397712992 -1.885106802 -0.338496417 14.241171837 0.001151295 -0.082346171 0.030848166 0.996125579
4268.437387040 -1.914510012 -0.362722814 14.383891106 0.000537254 -0.082135856 0.030659953 0.996149302
4268.469232832 -1.919300556 -0.371877134 14.514385223 0.002502979 -0.085909240 0.028719189 0.995885789
4268.510835008 -1.937443852 -0.394585520 14.683512688 0.000303652 -0.089641757 0.029621098 0.995533466
4268.554291648 -1.975989461 -0.392482370 14.826411247 -0.002886957 -0.090106033 0.032414213 0.995400369
4268.596127744 -2.011580467 -0.403993845 14.988181114 -0.003378799 -0.090197526 0.033285763 0.995361805
4268.631494688 -2.037634850 -0.413467556 15.147238731 -0.003607592 -0.090887770 0.034055907 0.995272100
4268.666981952 -2.047936201 -0.420988530 15.386904716 -0.007627700 -0.094642155 0.032569811 0.994949222
4268.707664192 -2.098074436 -0.321420103 15.552594185 0.005412352 -0.094339594 0.033583224 0.994958758
4268.747023968 -2.153639555 -0.291029632 15.732271194 0.006154979 -0.090781249 0.032751255 0.995313168
4268.786807872 -2.203502178 -0.311283678 15.918587685 0.004662074 -0.088274479 0.030057434 0.995631695
4268.828430752 -2.233441114 -0.327909023 16.123575211 0.002360149 -0.090519726 0.028083522 0.995495796
4268.871903936 -2.201762438 -0.219689339 15.807703972 0.005351331 -0.090691268 0.022383220 0.995613158
4268.904261536 -2.126765966 -0.116570748 15.928318977 0.018107142 -0.096912824 0.019490598 0.994937241
4268.941363072 -2.154079199 -0.105393305 16.100311279 0.018410115 -0.098813280 0.018180890 0.994769573
4268.975469344 -2.184628010 -0.126091480 16.269386292 0.017669607 -0.100682877 0.019583466 0.994568884
4269.014088224 -2.194958448 -0.117167391 16.370824814 0.015872410 -0.101980716 0.017927546 0.994498193
4269.053221440 -2.242685795 -0.105219930 16.559276581 0.015306281 -0.102203645 0.019062785 0.994463027
4269.085475776 -2.278503180 -0.114753202 16.714712143 0.015955035 -0.103025064 0.019419031 0.994361162
4269.125321664 -2.313672304 -0.160167485 16.876911163 0.014532010 -0.104416393 0.015442693 0.994307578
4269.163326720 -2.182020664 -0.090298884 16.797510147 0.017520292 -0.114092454 0.016840570 0.993172884
4269.199515200 -2.297380924 -0.113496132 17.136621475 0.014212316 -0.113970622 0.023330901 0.993108451
4269.233865440 -2.415649414 -0.152391762 17.373483658 0.010615716 -0.109595403 0.021786442 0.993680775
4269.268748480 -2.526933670 -0.189761728 17.617143631 0.007444426 -0.106195040 0.022088680 0.994072080
4269.316240288 -2.505501986 -0.149757579 17.628904343 0.006807456 -0.110374078 0.029206252 0.993437588
4269.353484512 -2.602518320 -0.416944444 18.060228348 -0.006050204 -0.108293250 0.031938922 0.993587375
4269.389076928 -2.671693563 -0.670016706 18.445524216 -0.018480811 -0.108878672 0.038017992 0.993155837
4269.422380128 -3.035655022 -0.059831440 18.659244537 0.090147138 -0.074187823 0.000793328 0.993161142
4269.457769632 -2.999915123 -0.145613194 18.070014954 0.075072989 -0.077102758 -0.002666356 0.994189203
4269.509487040 -2.892607212 -0.175975412 18.001388550 0.074905053 -0.065875500 -0.030624568 0.994540989
4269.541992480 -2.831004858 -0.188373983 18.036611557 0.078212194 -0.061230212 -0.049591552 0.993818045
4269.615338784 -2.831004858 -0.188373983 18.036611557 0.078212194 -0.061230212 -0.049591552 0.993818045
4269.646885824 -3.026031733 -0.190104008 18.162441254 0.083665997 -0.045050971 -0.060754571 0.993619263
4269.678971904 -3.245799303 -0.201826692 18.236932755 0.084353976 -0.024120852 -0.084086932 0.992588520
4269.713899424 -3.129307032 -0.214919388 18.406751633 0.089589499 -0.036182702 -0.086350434 0.991568506
4269.746038240 -3.252875328 -0.192187026 18.164335251 0.078194782 -0.029628243 -0.097455129 0.991720855
4269.779422112 -3.470720768 -0.378050238 18.402313232 0.071512565 -0.022449886 -0.067253150 0.994916558
4269.811319008 -3.674514771 -0.555963993 18.623292923 0.066790834 -0.013053990 -0.037546795 0.996974826
4269.846459104 -3.650388241 -0.734164655 18.837812424 0.062564559 -0.025083989 -0.014515397 0.997620046
4269.881020736 -3.414858580 -0.710807085 18.914552689 0.070025116 -0.044054758 -0.019969415 0.996371865
4269.923686080 -3.219232559 -0.859529257 19.388086319 0.060042132 -0.062824592 -0.007071622 0.996191740
4269.955322720 -3.068758249 -0.948698461 19.717826843 0.056006715 -0.077923201 -0.001722867 0.995383441
4269.991609696 -3.005430460 -0.977584004 20.167306900 0.058642022 -0.086485922 -0.002110733 0.994523406
4270.027744448 -2.926372051 -0.962607026 20.230386734 0.060966313 -0.094716020 -0.010090949 0.993584514
4270.064228640 -2.853758812 -0.995579004 20.361257553 0.062366974 -0.103621945 -0.000354152 0.992659450
4270.096371776 -2.857282400 -1.029902935 20.481056213 0.058153149 -0.109026760 0.002472825 0.992333233
4270.161765440 -2.878664970 -1.496732950 19.739311218 -0.002152803 -0.080335900 -0.050544173 0.995483220
4270.221859616 -3.267950058 -2.165437937 19.164850235 -0.059107840 -0.061113920 -0.064647846 0.994279623
4270.255224192 -3.362727642 -2.403892994 19.290174484 -0.078974232 -0.057387289 -0.059184384 0.993462086
4270.287266848 -3.457669735 -2.509601831 19.611463547 -0.090161778 -0.049427856 -0.049735621 0.993455648
4270.322209600 -3.642459869 -2.570266247 19.711078644 -0.099724181 -0.033947151 -0.035215575 0.993812144
4270.359642784 -3.789716244 -2.619606256 19.718727112 -0.109494187 -0.022869693 -0.026805663 0.993362665
4270.395866976 -3.777023554 -2.588036299 19.957376480 -0.108741350 -0.023985455 -0.029900294 0.993330777
4270.433247680 -3.711054802 -2.600966215 20.163120270 -0.110308081 -0.025407881 -0.032122172 0.993053198
4270.471540000 -3.660831213 -2.554408789 20.113563538 -0.106811672 -0.016890831 -0.054667488 0.992631555
4270.506976320 -3.617258787 -2.531114101 20.121444702 -0.105115727 -0.017993374 -0.056641489 0.992682576
4270.539324640 -3.633527040 -2.547224998 20.289182663 -0.104903400 -0.018238094 -0.057488218 0.992651880
4270.572576480 -3.522441387 -2.572268963 20.478631973 -0.104493059 -0.036255989 -0.060348637 0.992030621
4270.608214752 -3.486473322 -2.529198885 20.639846802 -0.104275107 -0.042225264 -0.060609046 0.991801560
4270.654121728 -3.500298738 -2.455770016 20.837028503 -0.096294411 -0.042859737 -0.057086255 0.992789805
4270.699250496 -3.537600279 -2.430304289 21.054500580 -0.098680533 -0.040710066 -0.055294983 0.992747366
4270.731136352 -3.576198578 -2.390220642 21.231861115 -0.099598728 -0.038834251 -0.051481623 0.992935896
4270.763864032 -3.681581497 -2.257505894 21.382608414 -0.081333399 -0.026722280 -0.045172334 0.995304108
4270.806257312 -3.680196285 -2.192402124 21.508466721 -0.077395543 -0.026857164 -0.045314729 0.995607972
4270.854721760 -3.688513756 -2.162594318 21.729751587 -0.079353325 -0.026704190 -0.037052806 0.995799720
4270.887173088 -3.686289787 -2.162529945 21.879993439 -0.086821795 -0.027806103 -0.032429494 0.995307565
4270.950497344 -3.521350861 -2.116612434 21.916519165 -0.099291466 -0.032492917 -0.024354374 0.994229496
4270.989860832 -3.494046450 -2.095239639 22.017719269 -0.102609240 -0.034512956 -0.024938427 0.993809998
4271.034410688 -3.507877827 -2.062205553 22.207168579 -0.100070760 -0.037289727 -0.028537897 0.993871689
4271.067231392 -3.515504837 -2.043235540 22.351392746 -0.100333817 -0.039119393 -0.026972517 0.993818521
4271.100578208 -3.527545452 -2.021922350 22.495203018 -0.100924857 -0.040561240 -0.027517822 0.993685961
4271.142599136 -3.546633244 -1.985595822 22.682994843 -0.102493428 -0.041515872 -0.029110312 0.993440568
4271.185718240 -3.568252802 -1.949209809 22.881624222 -0.099715412 -0.044762909 -0.033148058 0.993455768
4271.218778784 -3.583683252 -1.924600124 23.032438278 -0.099989884 -0.047273424 -0.032515399 0.993332803
4271.254289440 -3.598887205 -1.900480151 23.176092148 -0.093857281 -0.049411997 -0.032946903 0.993812740
4271.293900544 -3.616568089 -1.876829982 23.333724976 -0.089288294 -0.050411083 -0.037022881 0.994040072
4271.337902784 -3.638665199 -1.846751213 23.524209976 -0.083749332 -0.049491573 -0.039739054 0.994463384
4271.370933184 -3.655393839 -1.826116920 23.673128128 -0.084010869 -0.048177283 -0.042576931 0.994388402
4271.406349792 -3.672520399 -1.800955176 23.829994202 -0.084815040 -0.048983622 -0.045000199 0.994174004
4271.452171616 -3.694719553 -1.771610975 24.026493073 -0.082691737 -0.053030919 -0.045943245 0.994102120
4271.494204864 -3.717864037 -1.746052027 24.215150833 -0.083345018 -0.056482062 -0.045893133 0.993859768
4271.543980256 -3.745648861 -1.704120755 24.430421829 -0.097079754 -0.058978252 -0.047984164 0.992368162
4271.614934176 -3.788544655 -1.621717215 24.757318497 -0.139591292 -0.057317361 -0.054705068 0.987034142
4271.649925376 -3.806185722 -1.608528495 24.903228760 -0.115585580 -0.053318799 -0.052569807 0.990471363
4271.695528800 -3.824823141 -1.589399934 25.072452545 -0.067113809 -0.049403984 -0.047489978 0.995389223
4271.745173408 -3.898603439 -1.621413827 25.369138718 -0.063246384 -0.048501380 -0.052448615 0.995437920
4271.792761248 -3.919987202 -1.581584811 25.570678711 -0.095837861 -0.043205578 -0.064130038 0.992388904
4271.832895808 -3.922506332 -1.486875772 25.645792007 -0.074817017 -0.035638623 -0.034025561 0.995979190
4271.900419584 -3.952007771 -1.455718040 25.875297546 -0.079456769 -0.026683697 -0.039600126 0.995693922
4271.941466112 -3.981770754 -1.454124212 26.099699020 -0.112695724 -0.024777425 -0.056512069 0.991711736
4271.982170656 -3.985143900 -1.450442553 26.322782516 -0.156181902 -0.027063236 -0.046007965 0.986284971
4272.024276768 -4.015643597 -1.384710431 26.414648056 -0.124505721 -0.033171523 -0.048354540 0.990484595
4272.072258624 -4.033425331 -1.342956662 26.559324265 -0.054686196 -0.038669609 -0.039587390 0.996968865
4272.115926336 -4.059003353 -1.416342258 26.752183914 -0.039360456 -0.042736594 -0.044096746 0.997336328
4272.160616768 -4.069409370 -1.349461913 26.938016891 -0.062251415 -0.042324685 -0.037433837 0.996459782
4272.200547648 -4.078093529 -1.329094768 27.100410461 -0.073721513 -0.038673852 -0.026920207 0.996165037
4272.243730816 -4.094557285 -1.309350967 27.287715912 -0.086174808 -0.034249928 -0.037688527 0.994977593
4272.314341120 -4.104513168 -1.268238425 27.566118240 -0.097206466 -0.028264830 -0.021343317 0.994633853
4272.349487808 -4.120707989 -1.250010371 27.695880890 -0.088960327 -0.028955553 -0.032850102 0.995072126
4272.397074240 -4.131160736 -1.214459777 27.884635925 -0.085790291 -0.030276850 -0.028237158 0.995452702
4272.445312832 -4.147709370 -1.178743482 28.063966751 -0.100297317 -0.031666305 -0.034518961 0.993854165
4272.495867776 -4.169648170 -1.144837499 28.263713837 -0.106794067 -0.033208232 -0.042089194 0.992834687
4272.543578784 -4.180526257 -1.113232255 28.447183609 -0.111126572 -0.034915358 -0.033592321 0.992624462
4272.588804896 -4.198518276 -1.071378112 28.616769791 -0.107622296 -0.034791172 -0.045483485 0.992541313
4272.632125088 -4.208073139 -1.043270588 28.772361755 -0.104711644 -0.026767453 -0.044147052 0.993161619
4272.679905088 -4.214159966 -1.013996959 28.952388763 -0.107412778 -0.018144844 -0.036706366 0.993370950
4272.725262784 -4.228217125 -0.980740130 29.124988556 -0.099226423 -0.014990353 -0.041856185 0.994071186
4272.770977568 -4.235431671 -0.947011232 29.305625916 -0.088739820 -0.015763571 -0.034804884 0.995321691
4272.815199616 -4.221252441 -0.945002437 29.567100525 -0.076522052 -0.017321937 -0.029214839 0.996489227
4272.860132416 -4.235066891 -0.910787046 29.733329773 -0.080617033 -0.020664720 -0.044650670 0.995530128
4272.905999840 -4.247879505 -0.876164556 29.923751831 -0.082126401 -0.025825411 -0.049192131 0.995072067
4272.953345152 -4.251535892 -0.853867650 30.091800690 -0.100197308 -0.030059090 -0.026155049 0.994169474
4272.999554240 -4.274157524 -0.817282259 30.271194458 -0.110085644 -0.035900783 -0.049069181 0.992060721
4273.047590752 -4.289780140 -0.789706767 30.420246124 -0.098464943 -0.037266050 -0.054640178 0.992940247
4273.088908224 -4.290394783 -0.770791769 30.568899155 -0.094873995 -0.035863448 -0.028017759 0.994448423
4273.127935360 -4.318313122 -0.727173746 30.757345200 -0.096271820 -0.037257407 -0.039057046 0.993890405
4273.169532864 -4.345289707 -0.694251895 30.875631332 -0.076003008 -0.040415134 -0.049491525 0.995058179
4273.217597440 -4.350602627 -0.691075087 31.054437637 -0.072975248 -0.044270504 -0.047083754 0.995237589
4273.263069856 -4.362523556 -0.668543041 31.205650330 -0.081373721 -0.047176804 -0.037768744 0.994849801
4273.305648832 -4.385975838 -0.638969541 31.353208542 -0.079755224 -0.050150272 -0.051746268 0.994206369
4273.348643680 -4.409839630 -0.617145061 31.510189056 -0.103506714 -0.045687754 -0.049317289 0.992354214
4273.394772256 -4.439179420 -0.582966506 31.659231186 -0.099741369 -0.042606317 -0.047333613 0.992973268
4273.442723360 -4.459846020 -0.549843431 31.825502396 -0.109520152 -0.041710079 -0.053433195 0.991670549
4273.478976256 -4.469088078 -0.512528718 31.975498199 -0.113771774 -0.039016057 -0.044585794 0.991738796
4273.529100960 -4.479154110 -0.476704180 32.152698517 -0.109495021 -0.034812745 -0.037575215 0.992666602
4273.582204928 -4.494575977 -0.445430309 32.333156586 -0.111619137 -0.035544161 -0.041694120 0.992239594
4273.626515136 -4.507654667 -0.413601518 32.488685608 -0.106254578 -0.034260929 -0.034321949 0.993155658
4273.664369088 -4.519448757 -0.389124632 32.620609283 -0.104215883 -0.033811986 -0.024523694 0.993677199
4273.706441536 -4.530897617 -0.354452699 32.776546478 -0.102549464 -0.035155281 -0.033351205 0.993546903
4273.757716544 -4.545328617 -0.328138143 32.945922852 -0.101460710 -0.033712342 -0.026574580 0.993912935
4273.800122048 -4.577159405 -0.300342083 33.131782532 -0.120930590 -0.034219213 -0.030658796 0.991597116
4273.843404160 -4.573023319 -0.251184016 33.264610291 -0.118918978 -0.034711927 -0.024314567 0.991999090
4273.892242208 -4.625939846 -0.219297245 33.396682739 -0.113407776 -0.034515508 -0.034261268 0.992357552
4273.955385024 -4.642614365 -0.180530652 33.610576630 -0.109282956 -0.038531978 -0.027279209 0.992888927
4273.986724448 -4.657740116 -0.149564162 33.726085663 -0.103288002 -0.041814528 -0.043129589 0.992835820
4274.031185056 -4.666177273 -0.116471499 33.875766754 -0.101456620 -0.044871096 -0.031972852 0.993313074
4274.078523872 -4.679978371 -0.087788820 34.041362762 -0.110230997 -0.045837127 -0.032319527 0.992322326
4274.112446752 -4.681556225 -0.076695114 34.137683868 -0.103630103 -0.046441525 -0.031696808 0.993025303
4274.148677568 -4.698659420 -0.046424717 34.272094727 -0.106253855 -0.048408806 -0.042697314 0.992241740
4274.188714976 -4.708887577 -0.023708645 34.417171478 -0.094040543 -0.049625006 -0.032306895 0.993805826
4274.235498944 -4.736575603 -0.003812712 34.593048096 -0.080715075 -0.048026625 -0.027172398 0.995208621
4274.269104544 -4.764790535 -0.030522240 34.754501343 -0.094875418 -0.046429574 -0.032739460 0.993866742
4274.303840096 -4.760443211 0.052948385 34.848232269 -0.104205877 -0.043810409 -0.028060341 0.993194044
4274.344239584 -4.771806240 0.075901829 34.986682892 -0.094648309 -0.040188059 -0.024271406 0.994403064
4274.385732288 -4.793236732 0.088982329 35.144096375 -0.107903972 -0.038893428 -0.023021147 0.993133485
4274.430842784 -4.803549290 0.113257885 35.296936035 -0.100049049 -0.036705606 -0.018370975 0.994135439
4274.476980256 -4.819875717 0.151232794 35.454620361 -0.100324400 -0.037463602 -0.013448749 0.994158268
4274.521003744 -4.838600636 0.179833740 35.608810425 -0.099315614 -0.038817476 -0.018538164 0.994125724
4274.565698560 -4.852371693 0.206174761 35.761432648 -0.097976111 -0.039684854 -0.018219989 0.994230270
4274.600772832 -4.859779358 0.226989776 35.887535095 -0.096883863 -0.039898388 -0.011303410 0.994431436
4274.638412992 -4.881902218 0.240367502 36.024093628 -0.100331858 -0.040906850 -0.019357203 0.993924260
4274.684337760 -4.896299839 0.270742655 36.186084747 -0.100114748 -0.041100133 -0.013663022 0.994032741
4274.730230336 -4.924200535 0.298829138 36.347316742 -0.102129407 -0.042496175 -0.018693620 0.993687212
4274.780450976 -4.928367615 0.333205789 36.550270081 -0.103243224 -0.043433532 -0.015639769 0.993584335
4274.850413440 -4.939449787 0.385557652 36.825775146 -0.102726810 -0.044309881 -0.012800809 0.993639767
4274.886314368 -4.963398457 0.399919271 36.956401825 -0.100974686 -0.043337937 -0.024226541 0.993649364
4274.928811520 -4.976137638 0.425318509 37.105304718 -0.106479369 -0.042303443 -0.014406468 0.993310153
4274.974742240 -4.995858669 0.458455384 37.267780304 -0.108394168 -0.042351093 -0.016698036 0.993065119
4275.016999904 -5.007698059 0.482081622 37.412395477 -0.099659540 -0.041940473 -0.013233890 0.994049191
4275.057345344 -5.022000790 0.513859570 37.558525085 -0.111289598 -0.040952977 -0.010233431 0.992891133
4275.099362272 -5.039152145 0.543413520 37.701740265 -0.102208793 -0.036946148 -0.011200979 0.994013488
4275.146255808 -5.062016487 0.579439104 37.872653961 -0.103537858 -0.034136787 -0.017183254 0.993891001
4275.189344736 -5.065781593 0.605602086 38.004825592 -0.104341045 -0.030625805 -0.001458723 0.994068861
4275.226007200 -5.081848621 0.643246472 38.142879486 -0.104599565 -0.029407343 -0.016578745 0.993941307
4275.275330592 -5.101335049 0.679531038 38.309986115 -0.112584077 -0.034277618 -0.020632075 0.992836416
4275.311526432 -5.112926960 0.709143698 38.445568085 -0.111450784 -0.039509356 -0.016474755 0.992847562
4275.347975200 -5.126759052 0.731960893 38.563301086 -0.109244503 -0.046075851 -0.026659023 0.992588520
4275.417216384 -5.149520874 0.793509126 38.818710327 -0.116797075 -0.050094418 -0.025219087 0.991570950
4275.458461792 -5.164571762 0.824550092 38.964931488 -0.110103182 -0.048206594 -0.021321947 0.992521465
4275.495704000 -5.181540966 0.850879788 39.091369629 -0.112751186 -0.046941109 -0.028514789 0.992104113
4275.531271872 -5.200494766 0.879213333 39.218925476 -0.116400704 -0.045947872 -0.033027757 0.991589069
4275.603780256 -5.227633476 0.938698649 39.488338470 -0.113943093 -0.049686980 -0.010939016 0.992183745
4275.645243488 -5.250664711 0.965682626 39.623802185 -0.113925993 -0.057190377 -0.020781690 0.991624057
4275.678153568 -5.275115967 0.998311043 39.753059387 -0.115732059 -0.062117785 -0.020285161 0.991128683
4275.711149504 -5.290549755 1.020797849 39.864334106 -0.111698121 -0.067192942 -0.015990473 0.991338968
4275.752416800 -5.320577621 1.048341513 40.029663086 -0.115661353 -0.074472412 -0.018945275 0.990311801
4275.803326784 -5.363788605 1.091887832 40.225906372 -0.116867073 -0.081714503 -0.021092895 0.989555418
4275.860244480 -5.397525311 1.137585998 40.463806152 -0.115092486 -0.088212952 -0.015972115 0.989301324
4275.895758656 -5.418144703 1.160198092 40.577732086 -0.117435992 -0.088435046 -0.022410380 0.988881111
4275.935320224 -5.441045284 1.189803720 40.732028961 -0.111182928 -0.085774429 -0.018953634 0.989910007
4275.981501920 -5.474266529 1.222971797 40.916584015 -0.114330471 -0.082797624 -0.020317467 0.989777923
4276.028134112 -5.503887177 1.260153532 41.086765289 -0.105698667 -0.079401761 -0.018015342 0.991059363
4276.061887520 -5.531849384 1.279059410 41.220989227 -0.109581798 -0.077973954 -0.014988657 0.990801275
4276.105503904 -5.563450336 1.307129502 41.381809235 -0.118649572 -0.078280419 -0.016912686 0.989701152
4276.151823200 -5.595328331 1.348641038 41.567531586 -0.113463163 -0.077886842 -0.016261091 0.990351140
4276.185117600 -5.616744041 1.381739259 41.692310333 -0.125248268 -0.079237439 -0.014089837 0.988855779
4276.225312096 -5.646281719 1.411654592 41.829734802 -0.128797501 -0.080948167 -0.018344913 0.988191307
4276.269240992 -5.674798489 1.443053246 41.987136841 -0.127277568 -0.081783585 -0.016019369 0.988359869
4276.316992576 -5.707530499 1.480396986 42.177619934 -0.139820114 -0.083901957 -0.022554738 0.986357987
4276.351908064 -5.720292568 1.517808676 42.316528320 -0.131356671 -0.085220881 -0.016024105 0.987535357
4276.387460832 -5.746003628 1.548317432 42.445068359 -0.142316937 -0.086579211 -0.018767757 0.985848725
4276.431354080 -5.792618752 1.605782151 42.662498474 -0.135828733 -0.084928334 -0.019777035 0.986887336
4276.476514400 -5.825285912 1.642152548 42.831680298 -0.135333240 -0.083659269 -0.019158052 0.987075984
4276.510963008 -5.849310398 1.676695466 42.979354858 -0.139430076 -0.081601217 -0.017645903 0.986706197
4276.559914368 -5.879321098 1.726814985 43.153205872 -0.141951486 -0.078874558 -0.016681856 0.986585140
4276.602968256 -5.922453880 1.761115313 43.292633057 -0.147739679 -0.079174086 -0.013757885 0.985756159
4276.648546976 -5.956267834 1.818868399 43.463878632 -0.145432204 -0.082660824 -0.019256260 0.985720992
4276.711928288 -6.033936501 1.861762643 43.761501312 -0.149102464 -0.082728602 -0.013879609 0.985257208
4276.743309344 -6.053766727 1.889146686 43.858543396 -0.149262488 -0.084088601 -0.015586530 0.985092342
4276.786251648 -6.079265594 1.924484372 43.991439819 -0.148829877 -0.083726086 -0.016333725 0.985176563
4276.833744864 -6.107238770 1.965496778 44.132289886 -0.146652192 -0.082320303 -0.015630361 0.985632896
4276.869853728 -6.118977547 1.991883039 44.230045319 -0.146722585 -0.082368158 -0.014059393 0.985642076
4276.902692256 -6.136139393 2.015138626 44.314079285 -0.146486178 -0.081880093 -0.016281715 0.985683680
4276.942213184 -6.154182434 2.042548656 44.405464172 -0.143082127 -0.079041898 -0.016569195 0.986410320
4276.989177856 -6.171577454 2.064024687 44.503353119 -0.145621955 -0.078237720 -0.016866023 0.986097693
4277.021057504 -6.189453125 2.089855909 44.578052521 -0.143363863 -0.077038489 -0.018583383 0.986492038
4277.057499968 -6.200928211 2.108073235 44.641410828 -0.145944372 -0.077062689 -0.015965804 0.986157537
4277.100109792 -6.212630272 2.120453596 44.701210022 -0.144519448 -0.079502605 -0.019171070 0.986116588
4277.146535744 -6.224963665 2.140988827 44.776908875 -0.146812335 -0.081037827 -0.013017022 0.985753298
4277.185243648 -6.224570274 2.163149118 44.857208252 -0.144370869 -0.082776777 -0.013627081 0.985961139
4277.216739808 -6.232258320 2.174060583 44.899776459 -0.141337171 -0.083684571 -0.012344205 0.986340880
4277.260910432 -6.242153168 2.187895298 44.953990936 -0.140291974 -0.084679864 -0.015869845 0.986354709
4277.307488672 -6.257858276 2.196057320 45.003307343 -0.143366963 -0.084490143 -0.016098717 0.985925019
4277.341160224 -6.263391972 2.211687326 45.056091309 -0.143204719 -0.084037811 -0.016147692 0.985986471
4277.379891744 -6.268340111 2.217700481 45.086692810 -0.141707525 -0.084865659 -0.014056377 0.986163855
4277.417816896 -6.275547028 2.221501589 45.114597321 -0.139303312 -0.085213818 -0.013308983 0.986486733
4277.462814944 -6.277892113 2.233268261 45.143569946 -0.138028666 -0.085801512 -0.011056536 0.986642718
4277.496514048 -6.278413773 2.242680073 45.174377441 -0.136930555 -0.086498775 -0.011110377 0.986734271
4277.531580928 -6.281674862 2.248404026 45.194629669 -0.137580723 -0.086936802 -0.010676822 0.986610115
4277.570936768 -6.286262989 2.253104448 45.216690063 -0.137162581 -0.086947784 -0.011701726 0.986655772
4277.620845920 -6.291671753 2.257116795 45.234764099 -0.135594606 -0.086718589 -0.013241816 0.986873209
4277.653029088 -6.298109531 2.262116909 45.249393463 -0.133914664 -0.086654916 -0.013682235 0.987102151
4277.695143136 -6.300643444 2.265904665 45.261947632 -0.132973135 -0.086999670 -0.013422871 0.987202644
4277.735887904 -6.304094315 2.269298792 45.276943207 -0.133464888 -0.087185577 -0.013127645 0.987123847
4277.783348960 -6.306127071 2.273759842 45.291316986 -0.134124711 -0.087570116 -0.012165746 0.987012684
4277.826841216 -6.312341690 2.278949499 45.304687500 -0.134365514 -0.087880202 -0.011943026 0.986955106
4277.860254496 -6.314060688 2.281347513 45.312595367 -0.134126753 -0.088330835 -0.011648705 0.986950874
4277.899874336 -6.314702988 2.282880545 45.320560455 -0.134106979 -0.088153444 -0.011971233 0.986965537
4277.948312608 -6.315899849 2.287262917 45.326446533 -0.133653447 -0.088111416 -0.012595041 0.987023056
4277.986493440 -6.319023609 2.290104628 45.334983826 -0.133566186 -0.088607237 -0.012647821 0.986989796
4278.020197088 -6.320055485 2.292419910 45.341053009 -0.133660167 -0.089632504 -0.012313277 0.986888707
4278.062097792 -6.321311951 2.294927120 45.349590302 -0.133559421 -0.090133779 -0.012113636 0.986859143
4278.122786752 -6.321673870 2.296255589 45.358726501 -0.134027466 -0.089854330 -0.011385550 0.986829877
4278.161286240 -6.323280811 2.298495293 45.365421295 -0.134446084 -0.089912288 -0.011263269 0.986769080
4278.199141056 -6.323297501 2.299116135 45.367725372 -0.132951334 -0.090424336 -0.010501790 0.986933172
4278.247285600 -6.323792934 2.299459219 45.372127533 -0.133489579 -0.090727098 -0.011377458 0.986823022
4278.304387520 -6.324598789 2.300653696 45.377220154 -0.133805200 -0.090659842 -0.011198772 0.986788511
4278.341301312 -6.328995705 2.299635172 45.378150940 -0.133465916 -0.090472735 -0.011240345 0.986851156
4278.413493600 -6.331417084 2.300589085 45.382827759 -0.133561030 -0.090579756 -0.011404921 0.986826539
4278.448490048 -6.331265926 2.301590443 45.383777618 -0.133233294 -0.090634011 -0.011085003 0.986869574
4278.497156832 -6.330638409 2.301339149 45.388195038 -0.133113801 -0.090625584 -0.011314709 0.986883819
4278.556431168 -6.330294609 2.301012039 45.388618469 -0.133650169 -0.090677001 -0.011237823 0.986807466
4278.599720416 -6.330294609 2.301012039 45.388618469 -0.133650169 -0.090677001 -0.011237823 0.986807466
4278.637511072 -6.328881264 2.303082705 45.385654449 -0.133217722 -0.090649858 -0.011129526 0.986869693
4278.686762272 -6.329783916 2.303539276 45.386825562 -0.133245587 -0.090579256 -0.011383427 0.986869514
4278.744635168 -6.329783916 2.303539276 45.386825562 -0.133245587 -0.090579256 -0.011383427 0.986869514
4278.787351712 -6.329783916 2.303539276 45.386825562 -0.133245587 -0.090579256 -0.011383427 0.986869514
4278.854294144 -6.327960968 2.303462029 45.384017944 -0.133200303 -0.090632930 -0.011166230 0.986873209
4278.922664320 -6.331435680 2.302837610 45.385028839 -0.133171335 -0.090538986 -0.011446818 0.986882508
4278.970232512 -6.330725670 2.303270102 45.386005402 -0.133293986 -0.090567961 -0.011244297 0.986865580
