1051.112329248 0.000000000 0.000000000 0.000000000 0.000000000 0.000000000 0.000000000 1.000000000
1051.362728352 0.006475119 -0.000924090 0.035599943 0.007926486 0.001506565 0.006406610 0.999946952
1051.613672896 0.008880703 -0.026734320 0.144397691 0.007502064 0.007884072 0.011696273 0.999872386
1051.862841056 0.113321111 -0.055307798 0.690677226 0.012449093 -0.000933646 0.004434737 0.999912202
1052.112667424 0.096893832 -0.083676144 1.328415751 0.006350526 -0.013991711 -0.001421981 0.999880910
1052.362652096 -0.021311015 -0.065678902 2.020056963 0.010474674 0.004159781 -0.000931941 0.999936044
1052.612426880 -0.043892857 -0.048634659 2.770833969 0.002344711 -0.003389006 -0.004460324 0.999981523
1052.862482496 -0.033158727 -0.091287680 3.232642889 -0.000996509 -0.000744063 -0.005615344 0.999983430
1053.112675936 0.018077247 -0.099934913 3.949375391 -0.003586103 0.001011533 -0.001083615 0.999992430
1053.362370624 0.011579886 -0.103612393 4.766695976 -0.011669558 -0.013065553 -0.014047202 0.999747872
1053.612654432 -0.061120793 -0.094868958 5.578595638 -0.008421282 0.000496754 -0.005701988 0.999948144
1053.862703328 -0.084863253 -0.116775095 6.468926430 -0.004718491 0.024339808 -0.001589726 0.999691367
1054.112631392 -0.029557906 -0.144586384 7.416823864 0.008003844 0.028492529 0.002512334 0.999558806
1054.362981760 0.066849388 0.006613433 8.083300591 0.022181220 0.030844539 0.017142400 0.999131024
1054.612452704 0.223330915 -0.078454405 8.618535995 -0.028528901 0.003294578 0.006032054 0.999569356
1054.862648864 0.229398042 0.067640960 9.239820480 -0.005434412 0.002214547 0.000856676 0.999982417
1055.112578176 0.213513434 0.159899682 9.889069557 0.011349270 0.015231542 -0.001928940 0.999817729
1055.362236544 0.286483288 0.255007625 10.255823135 0.027588597 0.020680750 -0.000230420 0.999405384
1055.612612512 0.357549846 0.317822188 10.320989609 0.026197845 0.033250932 0.010010341 0.999053478
1055.862710592 0.424956352 0.352539420 10.384160995 0.016003277 0.048227813 0.026982648 0.998343587
1056.112672384 0.735490441 0.496760964 10.703799248 0.015421555 0.036642034 0.010633768 0.999152839
1056.362668224 1.074026585 0.653146923 10.988805771 0.028648589 0.008092710 0.009792927 0.999508798
1056.612612096 1.401220798 0.635450542 11.399623871 -0.014987576 -0.010491502 0.009681048 0.999785781
1056.862893216 1.140132070 0.580664754 11.147781372 -0.004537452 -0.003118043 -0.002009672 0.999982834
1057.112720128 0.859044492 0.446918845 10.897692680 -0.012902661 0.006464688 -0.014533211 0.999790251
1057.362502688 0.710138381 0.286943227 10.991710663 -0.024156151 0.016874311 -0.033437435 0.999006331
1057.612617568 0.840711057 0.195042342 11.456658363 -0.021336082 0.011275382 -0.046259932 0.998637915
1057.862693408 0.992267251 0.058439657 11.966217041 -0.034893069 0.001148773 -0.058982372 0.997648358
1058.112301408 1.233194351 -0.076853544 12.640818596 -0.041421041 -0.024984084 -0.070727423 0.996322095
1058.362445152 1.366707206 -0.207063094 13.343291283 -0.057827279 -0.041305874 -0.072395146 0.994841099
1058.612618144 1.472993970 -0.307396978 14.054514885 -0.074264318 -0.060136553 -0.071606949 0.992844820
1058.862496992 1.608588696 -0.306789070 14.786023140 -0.079334930 -0.094948024 -0.049204230 0.991095245
1059.112676960 1.579742789 -0.280161262 15.413789749 -0.085921139 -0.107283860 -0.035360303 0.989877462
1059.362754688 1.527542233 -0.224639624 15.954935074 -0.092617080 -0.117354631 -0.026501594 0.988406658
1059.612653856 1.450311184 -0.171049640 16.486856461 -0.095698059 -0.124280073 -0.024671637 0.987313330
1059.863083136 1.372739196 -0.124444574 17.028947830 -0.099124603 -0.131849647 -0.024789067 0.985989571
1060.112730464 1.287170053 -0.089921013 17.565336227 -0.108926713 -0.140726164 -0.031962026 0.983518958
1060.362536736 1.782030106 -0.267274439 17.787322998 -0.115782298 -0.150654241 -0.041905776 0.980888188
1060.612651424 1.607280254 -0.324191213 18.400756836 -0.113566093 -0.153227121 -0.034480605 0.981037855
1060.862730048 1.607280254 -0.324191213 18.400756836 -0.113566093 -0.153227121 -0.034480605 0.981037855
1061.112181664 1.564680338 -0.368258595 18.289485931 -0.110216618 -0.156219229 -0.031405155 0.981051266
1061.362516896 1.564680338 -0.368258595 18.289485931 -0.110216618 -0.156219229 -0.031405155 0.981051266
1061.612582848 1.564680338 -0.368258595 18.289485931 -0.110216618 -0.156219229 -0.031405155 0.981051266
1061.862705280 1.564680338 -0.368258595 18.289485931 -0.110216618 -0.156219229 -0.031405155 0.981051266
1062.112640096 0.847018123 -0.720017791 16.614770889 -0.021010393 -0.169156134 0.130815327 0.976643324
1062.362482720 -1.895524859 -0.860299230 8.850270271 -0.037357278 -0.173134640 0.117098294 0.977198482
1062.613024064 -4.523857594 -1.215440273 0.881915569 -0.048147038 -0.178391501 0.113693930 0.976182342
1062.862367232 -4.744141579 -1.132249594 2.273079634 -0.029963639 -0.145544842 0.119337082 0.981670797
1063.112601952 -4.895791054 -1.795650363 1.391039371 -0.066747591 -0.158810779 0.113881916 0.978445113
1063.362472512 -5.114071369 -2.193551540 0.812534630 -0.059512895 -0.189366177 0.113510907 0.973505974
1063.612446496 -5.373554230 -2.612603188 0.337140411 -0.070636615 -0.214860290 0.118039250 0.966908574
1063.862748768 -5.871236324 -2.891053677 -0.147718698 -0.049453042 -0.197836623 0.115788251 0.972115278
1064.112606816 -6.296709538 -3.250344038 -0.544398189 -0.053561866 -0.203796446 0.105073147 0.971883655
1064.362372800 -6.740068913 -3.617323399 -0.907840133 -0.069637865 -0.202245429 0.109250456 0.970727384
1064.612300320 -7.279199123 -3.841767788 -0.954902709 -0.075462982 -0.200458556 0.112609282 0.970278740
1064.863104320 -7.890435219 -3.976094246 -0.778166115 -0.074958757 -0.207162753 0.109199807 0.969298840
1065.112645120 -8.485407829 -4.126703262 -0.684212685 -0.081922106 -0.194185585 0.128847912 0.969009280
1065.362622144 -9.097600937 -4.164925098 -0.434215873 -0.077438653 -0.176627636 0.113833815 0.974601388
1065.612754496 -9.114953041 -3.667785168 0.360516220 -0.061708424 -0.175519437 0.111695282 0.976170659
1065.862556640 -9.432711601 -4.079238892 0.405847520 -0.083312899 -0.177126199 0.121522926 0.973096848
1066.112396256 -9.846320152 -4.438446045 0.464933932 -0.086626783 -0.163206041 0.108221300 0.976804852
1066.362691232 -9.496039391 -4.071406841 0.539911628 -0.086660653 -0.166638583 0.116030678 0.975324750
1066.612991744 -9.465090752 -4.059195995 0.542414188 -0.086207367 -0.165922582 0.115172207 0.975588739
1066.862726816 -9.444969177 -4.037641048 0.574112356 -0.081877090 -0.168476924 0.117697842 0.975222468
1067.112964160 -9.449660301 -4.034223557 0.592327416 -0.084099844 -0.165484086 0.118382618 0.975462854
