1411.360279200 0.000000000 0.000000000 0.000000000 0.000000000 0.000000000 0.000000000 1.000000000
1411.610261152 -0.000276302 0.000944543 0.000108549 -0.000172090 0.000005759 -0.000097146 1.000000000
1411.861259712 -0.008218734 -0.002449780 0.161513910 -0.000281497 -0.006807255 -0.014141773 0.999876797
1412.109731680 -0.035045397 0.000621185 0.577645898 -0.011245528 0.003079885 -0.018089412 0.999768376
1412.360017312 -0.043201338 0.048246227 1.017934084 -0.002466643 0.012850442 -0.012770682 0.999832809
1412.610062016 0.002405312 0.091443129 1.451750278 0.012260061 -0.006151686 -0.009964515 0.999856234
1412.860417248 0.019449933 0.095120773 1.884395123 0.018860199 -0.026285091 -0.010718202 0.999419093
1413.109875488 -0.056656830 0.060112432 2.315305710 0.012615352 -0.015815116 -0.009302974 0.999752045
1413.360208480 -0.031930119 0.008416146 2.602282763 0.003066111 -0.005358261 -0.008269940 0.999946713
1413.610251872 0.031507641 -0.067132212 2.866089821 -0.021726238 0.000509167 0.003149766 0.999758899
1413.861825984 0.012175366 -0.138727605 2.932889223 -0.016369989 0.001336329 -0.059631154 0.998085380
1414.111937600 -0.024778523 -0.210400149 3.005611658 -0.056784660 0.002626267 -0.063022166 0.996391892
1414.361752736 -0.041040145 -0.216837719 3.102272511 -0.078315109 0.004458261 -0.056040917 0.995342314
1414.612228864 -0.059699483 -0.203602716 3.190002680 -0.094305903 0.006903522 -0.051257454 0.994198859
1414.862632928 -0.035869259 -0.148960292 3.280373335 -0.096996017 -0.000752290 -0.043054890 0.994352758
1415.112860736 -0.018776175 -0.125249878 3.381321669 -0.113475092 -0.003365895 -0.048534017 0.992348969
1415.362410336 0.015673373 0.007907391 3.509038925 -0.103372023 -0.008141673 -0.055354930 0.993067861
1415.612482080 0.003630503 0.131848812 3.638535023 -0.092834398 -0.007388690 -0.066045791 0.993461192
1415.862933760 -0.050878469 0.232907921 3.782143831 -0.085573114 0.000504106 -0.075350687 0.993478358
1416.112519680 -0.102777228 0.333372831 3.931208134 -0.076712288 0.009475600 -0.084881552 0.993388414
1416.362885920 -0.218504265 0.393855751 4.102193356 -0.079731636 0.031606775 -0.101409674 0.991140723
1416.613022976 -0.228198230 0.498453349 4.373394489 -0.071901433 0.039507072 -0.107407801 0.990824342
1416.862954400 -0.167583540 0.475042969 4.713310242 -0.083024614 0.027376715 -0.100637354 0.991074920
1417.112444384 -0.094541378 0.481364489 5.108185291 -0.092382424 0.013202276 -0.099439822 0.990657806
1417.362762912 -0.034667101 0.542034447 5.514272213 -0.087787107 0.000080739 -0.097637303 0.991342723
1417.612983488 0.003062755 0.607663810 5.926138878 -0.082534619 -0.012540556 -0.095947802 0.991879404
1417.862848608 0.022754392 0.666272342 6.324228287 -0.078881711 -0.026234357 -0.093509927 0.992141783
1418.112378144 0.096159391 0.691781461 6.670312881 -0.074378394 -0.041939404 -0.090411492 0.992237210
1418.362713024 0.426583022 0.622692466 6.786385536 -0.076645412 -0.050319035 -0.074293725 0.993012547
1418.613171392 0.556160331 0.538724840 6.899775505 -0.074061640 -0.046454635 -0.072989576 0.993493497
1418.862725984 0.556160331 0.538724840 6.899775505 -0.074061640 -0.046454635 -0.072989576 0.993493497
1419.112779808 0.556160331 0.538724840 6.899775505 -0.074061640 -0.046454635 -0.072989576 0.993493497
1419.362846976 0.556160331 0.538724840 6.899775505 -0.074061640 -0.046454635 -0.072989576 0.993493497
1419.612597888 0.678156972 0.460329682 6.799302101 -0.078206822 -0.048034713 -0.073652580 0.993051708
1419.862972096 0.312162220 0.413213640 7.247715950 -0.087300256 -0.030251129 -0.092589848 0.991408408
1420.112121184 -0.014169306 0.382340491 7.704414368 -0.106418215 -0.014255812 -0.096988499 0.989477217
1420.362554688 -0.309437096 0.404181361 8.190944672 -0.120673053 0.001840598 -0.103509627 0.987279296
1420.612571776 -0.553185463 0.407131672 8.623689651 -0.134504184 0.018898189 -0.108561270 0.984766901
1420.862892800 -0.459133238 0.395525366 8.795341492 -0.128952861 -0.010485617 -0.106070794 0.985905766
1421.112574336 -0.421814740 0.270453304 8.886047363 -0.147692844 -0.042483889 -0.111499049 0.981809497
1421.362837824 -0.539694130 0.334085822 9.094609261 -0.153340042 -0.051253084 -0.115777783 0.980028331
1421.612629920 -0.661767960 0.382971585 9.316417694 -0.165026560 -0.059353501 -0.117681444 0.977442861
1421.862886848 -0.727311254 0.604294181 9.761648178 -0.159095809 -0.061887164 -0.130833343 0.976596713
1422.112848672 -0.784978628 0.858268499 10.197207451 -0.140783697 -0.072463006 -0.131479517 0.978591919
1422.363640160 -0.897588372 1.051174521 10.697284698 -0.152563959 -0.074061409 -0.140880570 0.975393176
1422.612646560 -1.174490571 1.499191046 11.459431648 -0.144235522 -0.038510971 -0.144184932 0.978224754
1422.862826592 -1.289251328 1.795496464 12.180892944 -0.149677217 -0.034586169 -0.142806441 0.977756023
1423.112626976 -1.649380445 1.887894511 12.271944046 -0.153939471 -0.029574914 -0.139216095 0.977776468
1423.363103872 -2.007999182 1.968823195 12.362223625 -0.160985485 -0.025769630 -0.137618050 0.976975381
1423.613157888 -2.322336912 2.198358059 12.640347481 -0.149880931 -0.008641992 -0.130935356 0.979957640
1423.862861312 -2.387988567 2.399849176 13.259032249 -0.174805582 -0.011577151 -0.138982221 0.974675834
1424.112588448 -2.445966959 2.683594227 13.866342545 -0.177907512 -0.012092536 -0.143711925 0.973421574
1424.362884288 -2.497075319 2.965656281 14.506496429 -0.188322335 -0.010465414 -0.140672967 0.971924067
1424.612538880 -2.533921480 3.284782410 15.160961151 -0.179179847 -0.004273099 -0.141176984 0.973624825
1424.862298368 -2.536039114 3.369312048 15.463700294 -0.177856207 -0.008357313 -0.137441501 0.974375248
1425.112435456 -2.535439730 3.435844898 15.659463882 -0.174842089 -0.011431132 -0.136189640 0.975065053
1425.362683456 -2.535486221 3.465091467 15.748881340 -0.172650620 -0.013169114 -0.135435343 0.975538671
1425.612576512 -2.537907362 3.482280731 15.795405388 -0.172221884 -0.015002493 -0.136931092 0.975379109
1425.862891872 -2.538115263 3.492314816 15.826153755 -0.170730561 -0.015285539 -0.137425885 0.975567281
1426.112392576 -2.538144827 3.497922897 15.842607498 -0.170319870 -0.015281820 -0.137442127 0.975636840
