1892.186304576 0.000000000 0.000000000 0.000000000 0.000000000 0.000000000 0.000000000 1.000000000
1892.310944896 0.000141833 0.000181795 0.000250495 0.001863555 -0.000126014 0.000519675 0.999998093
1892.436154688 0.001337481 -0.004646238 0.031071356 0.008603659 0.000138903 0.003731816 0.999956012
1892.560512832 0.005866015 0.012115704 0.132279992 -0.015732033 0.017153110 0.003502681 0.999722958
1892.686039776 0.019914271 -0.002832984 0.231498688 -0.022053642 0.032937758 0.014092697 0.999114633
1892.811016704 0.008986581 0.021803591 0.326780945 -0.008336682 0.051546782 -0.021409821 0.998406291
1892.936254912 0.016626479 0.008919843 0.424720168 -0.007386590 0.055868700 -0.021876590 0.998171091
1893.060926432 0.037192091 0.008864768 0.539515376 -0.033422705 0.063494571 -0.011869968 0.997351706
1893.185739776 0.059208460 0.011038156 0.690993249 -0.023082478 0.056088783 0.003129145 0.998153985
1893.311856864 0.065294176 0.020989966 0.872075796 -0.023776393 0.066911601 -0.009359213 0.997431636
1893.436284832 0.097410232 0.017665554 1.081997871 -0.008991690 0.067797162 0.006382568 0.997638166
1893.561456032 0.126067355 0.025590304 1.339978456 -0.023027930 0.061294697 0.000068437 0.997854054
1893.686198752 0.162215948 0.022973761 1.599600077 -0.002611081 0.057578377 0.023300663 0.998065650
1893.811205440 0.195288584 0.018226197 1.870312810 0.010908949 0.040976178 0.023528187 0.998823464
1893.936953312 0.178338230 0.005512573 2.189476490 -0.000504241 0.010580549 0.020208107 0.999739647
1894.061527712 0.156575516 0.016646959 2.495081425 -0.003181265 0.001617214 0.017800894 0.999835193
1894.186413024 0.159777194 0.004640705 2.801821709 -0.012341382 0.005810420 0.003004083 0.999902427
1894.311099712 0.163660020 0.008523159 3.146710873 -0.011673316 0.005032162 0.012379302 0.999842584
1894.436857728 0.166640654 0.006258883 3.504283905 -0.020958930 0.001939157 0.028010258 0.999386013
1894.561737600 0.168257654 0.003519108 3.863817215 -0.015734470 0.007355283 0.034852289 0.999241531
1894.687021600 0.172063082 0.014923977 4.245554924 -0.027717227 0.005822849 0.046577387 0.998513103
1894.813268768 0.167677030 0.033534303 4.626929283 -0.055901971 -0.005585097 0.040441327 0.997601271
1894.937886528 0.133345485 0.370901525 4.913239956 0.047862757 -0.015899954 0.093985811 0.994295239
1895.063318560 0.115442030 0.313732147 5.279132843 0.098653816 -0.020163987 0.092230834 0.990633309
1895.189188000 0.078362323 0.084689692 5.607951164 0.056035943 -0.026108978 0.089074366 0.994104624
1895.313488896 0.044434503 0.026557121 6.013670444 0.036378626 -0.027070396 0.083172396 0.995502949
1895.438888128 0.026580660 -0.024871636 6.418219090 0.051521678 -0.019428669 0.097823143 0.993679345
1895.563695520 0.016285509 -0.067638427 6.836043358 0.039832059 -0.015161779 0.107095934 0.993334770
1895.688711104 -0.018740620 -0.088140726 7.279816628 -0.007509873 -0.036083370 0.088595226 0.995385587
1895.814115008 -0.063332826 -0.067555577 7.866297245 -0.007430512 -0.035542332 0.075664438 0.996472001
1895.938885152 -0.095822439 -0.083499625 8.302495956 0.019719815 -0.032307807 0.081954561 0.995917082
1896.064032960 -0.134916276 -0.117296360 8.758253098 0.016653594 -0.039239585 0.073646069 0.996372998
1896.189618720 -0.179769635 -0.151048288 9.235044479 0.015162057 -0.039439205 0.070331380 0.996628404
1896.313481376 -0.221955061 -0.172270775 9.717797279 0.009448551 -0.043480359 0.074877709 0.996199548
1896.438772672 -0.279823065 -0.195983246 10.220748901 0.000900152 -0.045216814 0.064821981 0.996871471
1896.564400000 -0.341753006 -0.222050399 10.718068123 0.020090096 -0.045277324 0.061479349 0.996878445
1896.688630112 -0.382337034 -0.259845793 11.220553398 0.011964073 -0.042527717 0.065527439 0.996872306
1896.813863744 -0.432220250 -0.288612187 11.738509178 0.019094549 -0.041939087 0.065965541 0.996757269
1896.938904480 -0.483612537 -0.326857686 12.275997162 0.021061329 -0.042366199 0.065599352 0.996723771
1897.064510912 -0.539167464 -0.368621856 12.815894127 0.023396311 -0.040571544 0.068186581 0.996572673
1897.188978752 -0.598438978 -0.414374083 13.359547615 0.019345894 -0.044210225 0.072744109 0.996182442
1897.313932256 -0.713836193 -0.481250495 13.726872444 0.022621987 -0.037735645 0.083801463 0.995510697
1897.438768192 -0.831335425 -0.588069260 14.185385704 0.018655336 -0.028999470 0.089187481 0.995417774
1897.563908384 -1.068623424 -0.771979094 14.419143677 0.001368992 -0.007636308 0.090371303 0.995877922
1897.688827968 -1.115729570 -0.823608816 14.873281479 0.003643348 -0.002780754 0.098102756 0.995165706
1897.814442304 -1.130017877 -0.868604958 15.368329048 -0.004738775 -0.004257577 0.100937434 0.994872391
1897.938778368 -1.138051271 -0.895971239 15.911063194 -0.004300530 -0.004382839 0.104896411 0.994464219
1898.063756352 -1.151630998 -0.911967635 16.480363846 -0.002181638 -0.005610527 0.104168311 0.994541466
1898.188715520 -1.175110102 -0.928325176 17.055261612 -0.006842568 -0.007363485 0.102573872 0.994674623
1898.314614368 -1.191802025 -0.945580781 17.643051147 -0.007133645 -0.008955111 0.101075530 0.994812846
1898.438724000 -1.231258035 -0.967475891 18.192409515 -0.003018377 -0.006874188 0.102586962 0.994695663
1898.564374528 -1.287962675 -0.986254096 18.717334747 0.000261877 -0.007023593 0.107383363 0.994192839
1898.689085568 -1.338817477 -1.004824281 19.286705017 0.002074494 -0.010642341 0.105399437 0.994370878
1898.813743136 -1.352575183 -1.025922298 19.875577927 0.005725534 -0.013006762 0.101511836 0.994732797
1898.938876064 -1.375106573 -1.050018787 20.467998505 0.003533027 -0.013692801 0.100649230 0.994821489
1899.063621728 -1.404265404 -1.088864803 21.041061401 0.006085432 -0.015523965 0.102488443 0.994594395
1899.188712960 -1.436209083 -1.130969763 21.614479065 0.011259243 -0.016156266 0.099761866 0.994816482
1899.313491456 -1.422780871 -1.136347771 22.081007004 0.010310136 -0.017365729 0.091075242 0.995639205
1899.439015424 -1.446323276 -1.189576626 22.618591309 0.012742016 -0.015342988 0.087327585 0.995979965
1899.564166560 -1.497617364 -1.187188506 23.250274658 0.032472212 -0.009357376 0.098243020 0.994588494
1899.688466272 -1.462779403 -1.312406778 23.698394775 0.029190948 0.007128717 0.075663820 0.996680498
1899.814204672 -1.425223351 -1.433437228 24.141742706 0.028601926 0.026137922 0.048742224 0.998059571
1899.939093856 -1.346062899 -1.571559072 24.456621170 0.012318868 0.043889593 0.027008828 0.998595238
1900.063706848 -1.268611193 -1.691549897 24.781612396 0.001192420 0.063484654 0.000725949 0.997981846
1900.189159744 -0.226592779 -2.441915035 23.809921265 -0.034651875 0.045395177 -0.045157719 0.997346103
1900.314246240 0.803843021 -3.375084877 22.910030365 -0.069469839 0.026171086 -0.091734000 0.993012488
1900.438943936 1.791501760 -4.459887028 22.144382477 -0.105478145 0.005605884 -0.134870648 0.985217154
1900.563768192 2.663974524 -5.661871910 21.625961304 -0.141760960 -0.015705192 -0.178231329 0.973596811
1900.688846688 3.064203978 -6.069713116 21.569269180 -0.107182436 -0.028661232 -0.208322868 0.971746922
1900.813578784 3.745843887 -6.887067795 20.580347061 -0.145639330 -0.029582649 -0.208615825 0.966640294
1900.938888096 3.600067377 -6.653705120 20.720361710 -0.114236489 -0.017288202 -0.207822740 0.971319139
1901.063959296 3.479269505 -6.479151249 20.858873367 -0.098900937 -0.013039805 -0.202573404 0.974172771
1901.188908704 3.400056362 -6.495517731 20.871818542 -0.127416268 -0.014612830 -0.189732939 0.973423302
1901.313541536 3.348096371 -6.399973392 20.933101654 -0.129392549 -0.020988869 -0.197855145 0.971426964
1901.439022144 3.287480116 -6.304732800 21.077419281 -0.143945441 -0.020145988 -0.191210121 0.970727861
1901.564544992 3.201537132 -6.153330803 21.217071533 -0.135322034 -0.005414031 -0.192485526 0.971909463
1901.688612416 3.110382318 -5.928725719 21.522962570 -0.110249504 -0.002355692 -0.177412242 0.977938831
1901.813586912 3.020216703 -5.854777336 21.822298050 -0.125975206 0.001112446 -0.178231105 0.975890696
1901.938876896 3.015621424 -5.750208378 22.271982193 -0.126675591 -0.002846666 -0.187007487 0.974152684
1902.063848000 3.019892454 -5.648446083 22.710308075 -0.106756330 -0.006034845 -0.188647643 0.976206303
1902.188572384 2.999198437 -5.545662880 23.174411774 -0.126967818 -0.004680892 -0.188210428 0.973875821
1902.314347552 2.967711926 -5.411911964 23.640193939 -0.141518831 0.003672360 -0.198199391 0.969884515
1902.439188832 2.983891487 -5.288922310 24.092376709 -0.146668792 0.003679747 -0.191911370 0.970383823
1902.563815136 3.000751257 -5.169285774 24.538414001 -0.143091932 0.011477226 -0.194181994 0.970405221
1902.689130496 3.028835773 -5.061861992 24.980091095 -0.137319446 0.011422497 -0.182493195 0.973503530
1902.813723808 3.053643703 -4.943634033 25.423156738 -0.139830381 0.006736229 -0.171836644 0.975127816
1902.939331392 3.069802761 -4.847192764 25.840877533 -0.131551355 0.006211101 -0.159669355 0.978346229
1903.063908672 3.080237865 -4.748675823 26.277551651 -0.122635372 -0.000383341 -0.163182229 0.978944302
1903.188718272 3.083095074 -4.647080898 26.711021423 -0.137104392 -0.005162268 -0.156626478 0.978081763
1903.314151712 3.083976984 -4.536161900 27.138433456 -0.143230572 -0.014351896 -0.147939324 0.978464603
1903.440031456 3.071780682 -4.422295094 27.563560486 -0.138067886 -0.023007583 -0.166821077 0.976001382
1903.563727808 3.042249680 -4.304303169 28.011840820 -0.135280266 -0.029795678 -0.166721642 0.976225019
1903.688814944 3.028459549 -4.188691616 28.435947418 -0.134279624 -0.036380250 -0.159577549 0.977333367
1903.813865120 3.012888908 -4.067103386 28.884225845 -0.137148291 -0.036677722 -0.159651861 0.976911664
1903.938710592 2.996270657 -3.956177473 29.317316055 -0.140657008 -0.034249805 -0.154279202 0.977364063
1904.063891552 2.982845783 -3.839122295 29.741485596 -0.138574913 -0.025391953 -0.157041937 0.977491736
1904.188773824 2.968394041 -3.723632097 30.168861389 -0.142619878 -0.034157682 -0.154990599 0.976970196
1904.313612640 2.940899611 -3.594576597 30.596321106 -0.152972996 -0.042881783 -0.162732571 0.973795950
1904.438696448 2.910644054 -3.465581179 31.004241943 -0.147003233 -0.048528068 -0.172004685 0.972856343
1904.563992384 2.878021240 -3.336073875 31.443141937 -0.146340176 -0.050311200 -0.167039722 0.973730505
1904.688958464 2.837013483 -3.195910931 31.883308411 -0.157272562 -0.057311133 -0.177002564 0.969871581
1904.813661120 2.787178516 -3.052010059 32.312263489 -0.147277996 -0.061708245 -0.173672587 0.971771121
1904.938802304 2.742149353 -2.913039446 32.750686646 -0.151599675 -0.065258287 -0.174106970 0.970796406
1905.063992576 2.695582390 -2.755823851 33.202533722 -0.172695905 -0.060726713 -0.172242999 0.967895031
1905.188802368 2.655102968 -2.599398613 33.645202637 -0.168134809 -0.060310911 -0.170077443 0.969106257
1905.313831712 2.616572618 -2.441182613 34.096015930 -0.179415599 -0.061210167 -0.168136299 0.967364192
1905.438870176 2.571643353 -2.260664225 34.572269440 -0.188244238 -0.057370912 -0.163749099 0.966674149
1905.563428928 2.533956766 -2.106589079 34.973220825 -0.187591389 -0.054443154 -0.168233156 0.966200292
1905.688789280 2.502791882 -1.986522198 35.296749115 -0.179966018 -0.048164852 -0.164881676 0.968558967
1905.813536384 2.474313974 -1.890540600 35.555694580 -0.180187806 -0.048857398 -0.168594256 0.967843592
1905.939488928 2.455582380 -1.818345070 35.754703522 -0.177395001 -0.054406367 -0.162072778 0.969176650
1906.063707456 2.438146114 -1.760164380 35.903850555 -0.177711681 -0.056249678 -0.170158342 0.967626333
1906.188856864 2.427002907 -1.719653726 36.015659332 -0.178020790 -0.056747433 -0.169102997 0.967725456
1906.314329728 2.419431210 -1.692659259 36.096351624 -0.176894441 -0.057189245 -0.168684348 0.967979014
1906.438735520 2.415067196 -1.674472213 36.149574280 -0.178568810 -0.060164440 -0.166585103 0.967854738
1906.564497536 2.412840128 -1.661035776 36.188144684 -0.176475808 -0.061281867 -0.162143260 0.968922317
1906.688604800 2.409762144 -1.649837971 36.220333099 -0.176211759 -0.061282359 -0.161275655 0.969115078
1906.814147552 2.403929710 -1.642443895 36.241825104 -0.175330937 -0.061097354 -0.162501782 0.969081700
1906.939682656 2.398321629 -1.632396221 36.264114380 -0.175284714 -0.060465682 -0.162697107 0.969096899
1907.063692992 2.394690037 -1.622412443 36.287612915 -0.175103262 -0.060506132 -0.163389876 0.969010651
1907.188913696 2.390665770 -1.613583446 36.309158325 -0.174715757 -0.061322618 -0.165322155 0.968701482
1907.313390528 2.388116598 -1.606075048 36.328815460 -0.174102619 -0.062067125 -0.165477887 0.968737841
1907.438734816 2.386371136 -1.599482179 36.347255707 -0.173707068 -0.062307246 -0.164481536 0.968963087
1907.563475712 2.384401321 -1.593021274 36.364818573 -0.173830241 -0.062118735 -0.164042115 0.969027579
1907.688787488 2.382845163 -1.587613940 36.379642487 -0.173629463 -0.062160920 -0.164023384 0.969064057
1907.813644320 2.381736755 -1.583661795 36.390216827 -0.173021391 -0.062193271 -0.164117575 0.969154775
1907.938479008 2.381587982 -1.582262039 36.392173767 -0.173368990 -0.062149715 -0.164295375 0.969065309
1908.063695392 2.381587982 -1.582262039 36.392173767 -0.173368990 -0.062149715 -0.164295375 0.969065309
1908.188491488 2.382040739 -1.583489656 36.388599396 -0.173213527 -0.062125850 -0.164165840 0.969116628
1908.314155936 2.382323980 -1.583956480 36.386928558 -0.173212349 -0.062082384 -0.164071217 0.969135642
1908.439593408 2.382323980 -1.583956480 36.386928558 -0.173212349 -0.062082384 -0.164071217 0.969135642
1908.563567072 2.382323980 -1.583956480 36.386928558 -0.173212349 -0.062082384 -0.164071217 0.969135642
