754.655562688 0.000000000 0.000000000 0.000000000 0.000000000 0.000000000 0.000000000 1.000000000
754.907158880 0.003591238 0.003236526 0.048797298 0.006710161 0.001035642 -0.003208713 0.999971807
755.159377632 0.005289054 -0.003258785 0.362747937 0.011644840 0.020763621 0.002885590 0.999712408
755.407196448 0.082360864 -0.042817019 0.822524190 0.014658902 0.013959387 0.001380228 0.999794126
755.656080864 0.102726042 -0.069435492 1.378512383 0.011681860 -0.005414703 -0.004711449 0.999906003
755.907386912 0.090787753 -0.097509056 1.875256062 0.002117331 0.009168999 -0.002481616 0.999952614
756.159518976 0.164978474 -0.088497095 2.466279030 -0.008930681 -0.006586837 -0.011377378 0.999873698
756.407745920 0.148183390 -0.134986177 3.341496229 -0.008543851 0.008861512 -0.009218941 0.999881744
756.655779296 0.172651798 -0.138861194 4.251272678 -0.011600632 0.016669765 -0.004830280 0.999782085
756.907393920 0.231043696 -0.135028034 5.097492218 0.001249395 0.006818071 -0.010079194 0.999925196
757.159266144 0.222283527 -0.170017838 6.100332260 -0.012013271 0.026756262 -0.016660934 0.999430895
757.406699488 0.302842945 -0.202468947 7.127038479 -0.002850311 0.034599185 -0.013070817 0.999311745
757.656238240 0.465827107 -0.262442678 7.586293221 -0.005843187 0.062254462 -0.009510232 0.997997880
757.907478112 0.525230169 -0.186329871 8.644001007 -0.022143321 0.058093615 -0.025898991 0.997729421
758.159601856 0.582106769 -0.090783767 9.058240891 -0.018054213 0.061475117 -0.010757890 0.997887313
758.407312672 0.619622409 0.017567255 9.544360161 -0.010275882 0.064854182 0.002492045 0.997838736
758.655568448 0.668495774 0.088043585 10.011620522 -0.004392183 0.069085933 0.015238552 0.997484624
758.907997504 0.913699031 0.034370851 10.876303673 -0.029568469 0.063028000 0.008957471 0.997533441
759.159861376 1.071714282 0.147402793 11.683135033 0.021330496 0.077079803 0.035587020 0.996161282
759.409166208 1.234442830 0.184129953 12.759962082 0.009514110 0.085702688 0.028999209 0.995853186
759.655706016 1.444255233 0.131675363 13.003848076 -0.017242303 0.038723659 0.049833871 0.997857571
759.908896320 1.458543181 0.120255142 14.286178589 -0.003367896 -0.001714524 0.023832222 0.999708831
760.159220992 1.479751229 0.040626235 15.666631699 -0.016701231 -0.003884888 0.021766668 0.999616027
760.409216608 1.551615953 0.057331204 17.151559830 -0.011725630 0.046895407 0.026333114 0.998483777
760.658399008 1.637776136 0.054779224 18.360694885 0.000166129 0.045372546 0.029284108 0.998540819
760.909442432 1.757102251 -0.006497875 20.134550095 0.000899584 0.065687463 0.030380514 0.997377217
761.159267712 1.820037127 -0.179955721 21.626504898 0.001019981 0.066189140 0.016471261 0.997670591
761.409283008 1.874131560 -0.311705172 22.706975937 -0.003337957 0.070975371 0.004384793 0.997462869
761.658981376 1.940620184 -0.469826102 23.643396378 -0.005091384 0.078962512 0.009945959 0.996814966
761.909321632 2.116993666 -0.519729078 25.063945770 -0.004681661 0.080707155 0.022500670 0.996472895
762.159271424 2.257845879 -0.597601295 26.406862259 -0.011611650 0.083821103 0.024299847 0.996116817
762.409224096 2.257845879 -0.597601295 26.406862259 -0.011611650 0.083821103 0.024299847 0.996116817
762.659164416 2.284435272 -0.205403984 27.462972641 0.022489743 0.093638413 0.039067816 0.994585216
762.909443328 2.547547340 -0.849658906 28.459964752 -0.026984856 0.097932391 0.052830294 0.993423402
763.159288832 2.547547340 -0.849658906 28.459964752 -0.026984856 0.097932391 0.052830294 0.993423402
763.409375680 2.533837795 -0.838236034 28.458511353 -0.024140453 0.100908883 0.054453716 0.993110955
763.659387680 2.516326189 -0.822781920 28.472646713 -0.020208549 0.103890590 0.053966127 0.992917895
763.909521760 2.333467960 -0.858804882 28.564126968 -0.021301258 0.148829594 0.065626517 0.986452818
764.159356992 2.419314146 -1.644058704 27.621744156 -0.044272862 0.189580753 0.082015008 0.977431595
764.409233984 2.323302746 -2.486894608 26.867561340 -0.066451125 0.232035026 0.099263400 0.965344906
764.658362976 2.221559286 -3.319855213 26.202577591 -0.087340862 0.273459733 0.117549874 0.950669944
764.909011232 2.765575886 -3.209167480 26.841764450 -0.092174336 0.267204762 0.089472689 0.955039322
765.159174944 3.088480234 -3.112145424 27.523799896 -0.090380251 0.313890994 0.086235955 0.941205204
765.409227136 3.465684175 -3.202828169 27.867656708 -0.106292389 0.331190914 0.094817668 0.932750821
765.657116384 3.900797367 -3.081147909 28.279121399 -0.075984605 0.367950559 0.097438410 0.921598852
765.908207424 4.599106789 -3.561404943 28.267223358 -0.110905051 0.384010226 0.100883633 0.911075592
766.159414912 5.343577385 -3.330592394 28.811836243 -0.129822850 0.389632970 0.065015398 0.909453213
766.408012000 6.099020004 -3.065039158 29.459909439 -0.121377900 0.426731080 0.074368879 0.893105388
766.656584992 6.297685146 -2.962767363 30.021785736 -0.137360618 0.443016350 0.063269548 0.883665919
766.907754912 6.346268177 -2.853213072 30.411064148 -0.115097933 0.459459305 0.078027144 0.877246439
767.159171008 7.510573387 -2.357268095 31.016710281 -0.102347597 0.443091273 0.089499786 0.886106551
767.407028736 7.747590065 -2.246468544 31.052799225 -0.128323808 0.420863688 0.079317279 0.894491792
767.656520064 7.940080643 -2.115441799 31.151840210 -0.127196997 0.425909996 0.082175143 0.892002702
767.907326240 8.090405464 -2.060965300 31.256164551 -0.122127265 0.437528521 0.089806587 0.886334300
768.159480448 8.166147232 -2.038611412 31.300792694 -0.117407911 0.440481573 0.098012857 0.884638250
768.407360608 8.199765205 -2.025156498 31.329582214 -0.119897783 0.443002135 0.093095414 0.883576214
768.655764640 8.199486732 -2.025629044 31.330373764 -0.119703844 0.443227708 0.092463426 0.883555710
