2283.758439840 0.000000000 0.000000000 0.000000000 0.000000000 0.000000000 0.000000000 1.000000000
2283.882404512 -0.000296441 0.000826214 0.000054251 -0.000144825 0.000033159 -0.000268227 0.999999940
2284.008128160 0.000259712 -0.001264192 0.000615475 0.010432472 -0.000501380 0.001566003 0.999944210
2284.134147072 -0.005686835 -0.004500396 0.078174934 0.015870593 0.016805239 -0.016496284 0.999596715
2284.258115616 0.007939802 -0.021596719 0.219870195 0.005071098 -0.001802252 -0.000626938 0.999985278
2284.382836608 -0.008777007 -0.019524124 0.394380152 0.021707008 -0.024156539 -0.020519868 0.999261796
2284.508001792 -0.028171392 -0.020438412 0.635619521 0.007008836 -0.025794506 -0.016993022 0.999498248
2284.634487328 -0.054514870 -0.034941941 0.914012194 0.007322555 -0.037958015 -0.026311105 0.998906016
2284.758120000 -0.067003280 -0.047140807 1.203156471 0.001125472 -0.034304854 0.000001312 0.999410808
2284.882836096 -0.073428944 -0.057421308 1.505706072 0.005976752 -0.040755361 -0.000813967 0.999150932
2285.008076128 -0.090429053 -0.067905016 1.820745707 0.018932102 -0.046876289 0.026938617 0.998357892
2285.134535744 -0.177292928 -0.104530171 2.162255764 0.014863458 -0.020691272 -0.012017787 0.999603212
2285.258777024 -0.207222477 -0.120998852 2.483197927 0.017368514 -0.018642690 -0.006843304 0.999651909
2285.382642624 -0.227813408 -0.148817942 2.820309162 -0.001978232 -0.028314622 0.005140848 0.999583900
2285.508349056 -0.259425968 -0.133864611 3.151806116 0.006660199 -0.026791258 0.016446626 0.999483526
2285.635383040 -0.279266953 -0.152765155 3.508367538 0.017477991 -0.020758344 0.026798500 0.999272466
2285.758450048 -0.284028083 -0.173345029 3.868188858 0.025576849 -0.014778558 0.047544029 0.998432279
2285.882659360 -0.255324274 -0.249957725 4.244422436 0.009452867 -0.017809438 0.071259156 0.997254014
2286.008355872 -0.222865835 -0.315399826 4.619766235 -0.008021356 -0.020101983 0.096906856 0.995058119
2286.134993408 -0.205562398 -0.728430629 4.953880310 0.013659359 -0.009710857 -0.007055488 0.999834657
2286.258690048 -0.219492137 -0.759080946 5.337999344 0.050436348 -0.016897175 0.004362206 0.998574793
2286.383060032 -0.346038550 -0.997665465 5.743741512 0.017987348 -0.027588943 0.034743909 0.998853445
2286.511443520 -0.473123133 -1.221019149 6.162016392 -0.014984669 -0.038556520 0.067152478 0.996884882
2286.636649568 -0.499094933 -1.234016895 6.569220066 -0.001389698 -0.029452577 0.077523209 0.996554434
2286.761341792 -0.524541438 -1.232744217 6.991832256 -0.018154865 -0.031193493 0.081947744 0.995982885
2286.886374304 -0.575195849 -1.195350170 7.438526630 -0.068822823 -0.052546401 0.069424562 0.993822157
2287.011515936 -0.669396043 -0.993183911 8.046175957 -0.067406170 -0.048488982 0.075068898 0.993715227
2287.136678624 -0.750391960 -0.768120050 8.633030891 -0.040303804 -0.049796835 0.101019219 0.992819726
2287.261554240 -0.811184824 -0.744160593 9.093997002 -0.046730194 -0.055695113 0.091061175 0.993187904
2287.386490240 -0.875856698 -0.720569491 9.565343857 -0.045995940 -0.054670557 0.088011608 0.993553936
2287.511430368 -0.940617979 -0.685560703 10.046525955 -0.054837678 -0.060047932 0.089627117 0.992650032
2287.636636288 -1.014249802 -0.651220202 10.535801888 -0.057559542 -0.062254272 0.085482500 0.992725551
2287.761990752 -1.091654539 -0.616775453 11.032552719 -0.045711365 -0.061923143 0.082772233 0.993591845
2287.886308736 -1.113793015 -0.629640698 11.471073151 -0.048114810 -0.062692992 0.072898090 0.994203389
2288.011276480 -1.170756102 -0.606054902 11.949462891 -0.038881849 -0.061494492 0.068250977 0.995011806
2288.136737952 -1.239258528 -0.588562250 12.471403122 -0.038154572 -0.061427765 0.066550598 0.995159209
2288.262079776 -1.310693502 -0.570016861 13.013140678 -0.037726883 -0.059215341 0.068121828 0.995203316
2288.386190432 -1.373022437 -0.554791689 13.547598839 -0.038461812 -0.057658117 0.068730801 0.995224774
2288.511322912 -1.449045658 -0.539853811 14.113886833 -0.031978782 -0.054680914 0.077416830 0.994984388
2288.636537248 -1.516390562 -0.535587788 14.671813965 -0.028429030 -0.055157147 0.081027433 0.994778395
2288.761328224 -1.588504791 -0.572942913 15.078167915 -0.035713591 -0.059402991 0.088108487 0.993696511
2288.886372768 -1.685098886 -0.533118665 15.645468712 -0.028251061 -0.058179654 0.090631336 0.993782163
2289.011364480 -1.741798997 -0.522682846 16.265228271 -0.032836050 -0.061006129 0.086071901 0.993877113
2289.136419872 -1.813957691 -0.519071519 16.854055405 -0.032243006 -0.062410105 0.085758202 0.993836462
2289.261792736 -1.835627437 -0.464704037 17.581645966 -0.029376544 -0.075624846 0.092881806 0.992366314
2289.386200000 -1.795832872 -0.506365418 17.652641296 -0.040584713 -0.081585042 0.078042567 0.992776930
2289.511305216 -1.911964893 -0.609513104 18.363639832 -0.049848821 -0.089537591 0.075819798 0.991841435
2289.636260928 -2.032102823 -0.694921911 19.054136276 -0.055787675 -0.096785717 0.079893909 0.990523756
2289.761344992 -2.390432358 -0.544722915 21.568662643 -0.058086801 -0.099710062 0.070732318 0.990798056
2289.886256160 -2.338142157 -0.370488077 21.101125717 -0.068854772 -0.114877641 0.085153252 0.987325191
2290.011202464 -2.690387249 -0.592686832 22.134729385 -0.072871238 -0.097533099 0.079992495 0.989332259
2290.136460960 -2.163562775 -0.371323884 22.200006485 0.023275316 -0.155150354 0.230371073 0.960372746
2290.261610464 -3.110399961 0.285477340 20.486846924 0.197184190 -0.121577084 0.536906481 0.811214447
2290.386220352 -12.078227997 6.488708019 3.981943130 0.324595094 -0.126067251 0.844852507 0.406164110
2290.511237792 -24.194280624 8.237393379 -19.089120865 0.333134383 -0.070893310 0.938142061 -0.062330458
2290.636276480 -2.011476517 17.434978485 -16.708850861 0.060605653 -0.187264979 0.979375005 0.045645155
2290.761252864 -2.178990364 17.972057343 -16.939685822 0.131346509 -0.169655114 0.963755906 0.158555210
2290.886312480 -2.225234985 18.533100128 -17.184730530 0.198446020 -0.148307279 0.931069374 0.267831832
2291.011744192 -2.265544415 18.834552765 -16.376411438 0.268182695 -0.118255720 0.878608227 0.377016217
2291.136652128 -2.061549664 19.237724304 -15.429163933 0.340460151 -0.133461058 0.808465540 0.461149126
2291.262745568 -1.869228125 19.722162247 -15.225971222 0.385391176 -0.143877223 0.734072387 0.540287495
2291.386809216 -1.559588909 20.144689560 -15.048860550 0.424147457 -0.153232694 0.650986493 0.610602319
2291.511392640 -1.363090634 20.336921692 -14.948840141 0.433416039 -0.142789274 0.628824294 0.629556715
2291.637030208 -1.127087593 20.521741867 -14.821130753 0.439643621 -0.142409444 0.610319495 0.643384159
2291.761292032 -0.855482697 20.711307526 -14.679234505 0.446666777 -0.144147143 0.592799067 0.654446006
2291.886227552 -0.633850396 20.353441238 -14.448719978 0.490812659 -0.104855441 0.598975360 0.623968601
2292.011946400 -0.190469682 19.983779907 -14.314333916 0.468789965 -0.112237468 0.613804698 0.625205994
2292.136565024 0.039172947 19.519407272 -13.984844208 0.440110236 -0.131783232 0.599479318 0.655408800
2292.261200192 0.209536031 19.053173065 -13.616233826 0.415886819 -0.155021057 0.589812815 0.674631298
2292.385400608 0.345325291 18.675125122 -13.293748856 0.389314413 -0.185664415 0.599767208 0.673974991
2292.511677408 0.382581085 18.296493530 -13.002902031 0.390241951 -0.180234209 0.590770006 0.682801366
2292.636435744 0.489421517 17.917667389 -12.717089653 0.367698073 -0.171655759 0.586834669 0.700683594
2292.761461920 0.655546844 17.430789948 -12.230835915 0.363966078 -0.164652973 0.585697889 0.705248952
2292.884538240 0.778273582 17.099924088 -11.935202599 0.371408671 -0.159459502 0.590599358 0.698441625
2293.011617568 0.889150143 16.749099731 -11.681484222 0.378447354 -0.140980661 0.583052397 0.704948127
2293.137050976 1.127066374 16.455104828 -11.592496872 0.360852867 -0.169631854 0.584671736 0.706519067
2293.261463584 1.139608383 16.056453705 -11.288574219 0.372824699 -0.153076559 0.592197001 0.697762191
2293.383425344 1.262275219 15.746341705 -11.002388954 0.380986571 -0.153861418 0.587738752 0.696949840
2293.511019232 1.391867757 15.459097862 -10.778722763 0.359058589 -0.164107710 0.589547992 0.704683423
2293.636138912 1.435748339 15.025129318 -10.366589546 0.346899658 -0.174646661 0.602227211 0.697482347
2293.761083776 1.539921045 14.698715210 -10.060963631 0.353812993 -0.166639864 0.604528606 0.693968773
2293.883626176 1.637010813 14.370875359 -9.721570969 0.353032261 -0.162294865 0.599110663 0.700067818
2294.011147680 1.754580498 14.000284195 -9.370387077 0.359788537 -0.166076273 0.588559926 0.704675913
2294.138163712 1.846830726 13.651283264 -9.071715355 0.363989681 -0.169198275 0.591879904 0.698971868
2294.261007552 1.945743799 13.342806816 -8.801529884 0.359992832 -0.164349958 0.592390478 0.701760471
2294.383629504 2.043823719 13.021430969 -8.494744301 0.362662852 -0.165210351 0.594489455 0.698400676
2294.510564896 2.180760622 12.674599648 -8.159094810 0.348287284 -0.173143268 0.608766854 0.691462398
2294.636679712 2.280860662 12.368373871 -7.865709305 0.349642903 -0.161651120 0.614912152 0.688114703
2294.760699040 2.375560045 12.050653458 -7.571057320 0.353587627 -0.157436296 0.608520985 0.692742169
2294.883630016 2.473279238 11.752184868 -7.276733875 0.354510069 -0.163405508 0.608996153 0.690467179
2295.010716640 2.543126106 11.476046562 -6.820466042 0.359781325 -0.158006832 0.605285406 0.692257702
2295.136448096 2.645291328 11.195289612 -6.524982452 0.356244326 -0.177700996 0.605040252 0.689520538
2295.261293792 2.735415459 10.862713814 -6.258629799 0.368982375 -0.178456098 0.610171318 0.678009093
2295.383848096 2.836257935 10.547738075 -5.978605270 0.366881460 -0.185446203 0.600002408 0.686297834
2295.510758880 2.924448490 10.198307037 -5.684165001 0.379389524 -0.198964804 0.585513175 0.688223004
2295.636578464 3.012590647 9.847205162 -5.407307625 0.381549239 -0.198141962 0.582891405 0.689490795
2295.760799328 3.106553316 9.491363525 -5.128753185 0.380681187 -0.196538866 0.582655251 0.690628052
2295.883781952 3.202866793 9.117527962 -4.817180157 0.383152038 -0.200586036 0.577826142 0.692153633
2296.010754400 3.284563065 8.753829002 -4.557819366 0.376756161 -0.219936222 0.574392140 0.692644656
2296.136072864 3.358587742 8.375336647 -4.274688244 0.385099232 -0.208865583 0.583372414 0.683922827
2296.261322560 3.477108240 8.020490646 -4.015783310 0.385867387 -0.201114014 0.583159268 0.685991883
2296.382848960 3.549383640 7.679399014 -3.781929970 0.373724371 -0.217444196 0.578000009 0.692072272
2296.514439968 3.583798647 7.287409782 -3.514204741 0.367743760 -0.224625289 0.574745595 0.695683479
2296.636451264 3.569620132 6.881327629 -3.257910967 0.365211219 -0.220049396 0.574543893 0.698640406
2296.883402784 3.573882580 6.057336807 -2.654472351 0.363120675 -0.217618406 0.572331965 0.702297509
2297.011673472 3.633244276 5.709525108 -2.397726297 0.360289544 -0.213841230 0.573250890 0.704163909
2297.136527968 3.703840494 5.422043324 -2.153463840 0.359755039 -0.213703960 0.575398028 0.702726185
2297.261179552 3.757770061 5.201209068 -1.975329876 0.361699283 -0.214625105 0.576389849 0.700631380
2297.383879168 3.804307222 5.038498878 -1.833528996 0.366511315 -0.212721273 0.578477919 0.696980953
2297.511376576 3.870833874 4.887120724 -1.740946651 0.364415735 -0.211281493 0.580048800 0.697212040
2297.637349728 3.903818369 4.792084694 -1.619895816 0.368742317 -0.209138826 0.577004910 0.698108435
2297.761365504 3.917975664 4.725719929 -1.571288347 0.369964451 -0.206906632 0.576106489 0.698868632
2297.882261888 3.921949863 4.673561573 -1.539060473 0.371616036 -0.205785915 0.577411234 0.697244525
2298.011386752 3.932519197 4.643866062 -1.520070076 0.371107072 -0.206461459 0.578223169 0.696642756
2298.136512992 3.936042070 4.616806507 -1.515002608 0.371299744 -0.206645221 0.578637540 0.696141541
2298.261535552 3.937628984 4.602621555 -1.506089687 0.371891469 -0.206932589 0.578282952 0.696034729
2298.382599712 3.939251184 4.591319084 -1.497475624 0.372126520 -0.207349867 0.578270614 0.695795238
2298.511779296 3.939541101 4.582871914 -1.490075350 0.372425675 -0.207266197 0.578271687 0.695659161
2298.636260416 3.941438913 4.577875614 -1.484232903 0.372581840 -0.207207099 0.578395426 0.695490241
2298.762521888 3.942159414 4.578299046 -1.485946894 0.372461528 -0.207233280 0.578254580 0.695664048
2298.882771584 3.946776867 4.577616215 -1.459897518 0.373052388 -0.207187429 0.578114986 0.695477009
2299.011700352 3.947591543 4.578729153 -1.457238436 0.372950971 -0.207248107 0.577951431 0.695649266
2299.137537824 3.950382948 4.579825878 -1.458278656 0.372889072 -0.207313806 0.578065097 0.695568502
