3436.509554080 0.000000000 0.000000000 0.000000000 0.000000000 0.000000000 0.000000000 1.000000000
3436.572020192 0.000000000 0.000000000 0.000000000 0.000000000 0.000000000 0.000000000 1.000000000
3436.634519424 0.002045427 -0.003145887 0.009763220 0.004611433 0.001318170 0.003975208 0.999980569
3436.696472512 0.008933719 -0.011079248 0.034691874 0.013878155 0.006859415 0.013114283 0.999794185
3436.758868576 0.011245132 -0.018747889 0.086774684 0.019770265 0.005985965 0.013259576 0.999698699
3436.821737760 0.002663134 -0.011525683 0.165877193 -0.003811198 0.005561437 -0.003722950 0.999970317
3436.884366336 -0.008059748 -0.008783638 0.245972469 0.013744505 0.004028676 -0.015017522 0.999784648
3436.946778304 -0.015926860 -0.010224552 0.357782483 0.011437025 -0.006873816 -0.017227374 0.999762595
3437.009484064 -0.019428110 -0.016928542 0.488043487 0.004688189 -0.005251785 -0.012900352 0.999891996
3437.071765760 -0.010953618 -0.019549454 0.629218102 -0.013083558 0.001120333 0.010538649 0.999858260
3437.135370912 -0.010891628 -0.026078505 0.764864862 0.000596777 -0.003494495 0.007295349 0.999967098
3437.196859840 -0.028839476 -0.016607892 0.917128801 -0.006333369 -0.000244425 -0.026625020 0.999625385
3437.258965312 -0.015993392 -0.025790248 1.073333025 -0.006049977 0.002063542 0.011201487 0.999916792
3437.321641376 -0.007996347 -0.031225981 1.235948801 -0.001905160 0.006979076 0.020467272 0.999764383
3437.384224896 -0.002306070 -0.038687441 1.401242971 0.001006192 0.006375844 0.023252610 0.999708772
3437.446791328 -0.025643691 -0.036494084 1.562153816 0.021237355 0.012698715 -0.022839490 0.999432862
3437.509198656 -0.062521838 -0.057950523 1.633784175 0.032712363 0.024756929 -0.028904894 0.998739958
3437.572617440 -0.054371074 -0.074526526 1.807574868 0.033774305 0.023069812 -0.031085879 0.998679459
3437.634693056 -0.059770286 -0.094161510 1.969595313 0.054378226 0.037199341 -0.050864328 0.996529996
3437.697001376 -0.046113778 -0.107602656 2.156820059 0.025678990 0.052097019 -0.038962666 0.997551203
3437.760652704 -0.031103939 -0.120934993 2.327116251 0.042405222 0.057478052 -0.031409945 0.996951103
3437.822428032 -0.022586040 -0.138651922 2.517017365 0.018543040 0.053737357 -0.044182196 0.997404814
3437.885171520 -0.007198576 -0.157634705 2.697515011 0.029822156 0.053147539 -0.037829366 0.997424126
3437.947841088 0.010854255 -0.165471181 2.892031431 0.014663705 0.052430052 -0.036394127 0.997853458
3438.010462272 0.026200131 -0.180197120 3.078232527 0.030856991 0.057957411 -0.039770927 0.997049153
3438.073329344 0.049076900 -0.203919530 3.263942242 0.029555259 0.060789935 -0.027136965 0.997343779
3438.136869792 0.068571903 -0.212129042 3.464293003 0.022346519 0.059676982 -0.028007049 0.997574508
3438.199167520 0.088005811 -0.229988500 3.653676987 0.033535879 0.055710711 -0.020064300 0.997681856
3438.261668384 0.111149773 -0.249039784 3.857236862 0.021724282 0.048802458 -0.004855449 0.998560369
3438.324045728 0.123108253 -0.259940386 4.048421383 0.029698281 0.043552190 -0.014460222 0.998504937
3438.386799968 0.139980525 -0.261965215 4.263012409 0.005362262 0.039391994 0.001101453 0.999208868
3438.449442240 0.139856026 -0.261894286 4.483845234 -0.015887521 0.037823666 -0.018957067 0.998978317
3438.512132992 0.154385284 -0.281134874 4.688879490 -0.001580279 0.035407599 -0.009434291 0.999327183
3438.574648096 0.167801291 -0.300417423 4.892150402 0.032594942 0.033836856 -0.002395727 0.998892844
3438.636577056 0.165960342 -0.327611059 5.084597111 0.086260818 0.030478779 -0.010901620 0.995746553
3438.700249504 0.172493488 -0.368197560 5.286404610 0.106086545 0.015499206 -0.005166083 0.994222701
3438.761739168 0.170542017 -0.409283161 5.502762794 0.097286589 0.004375335 -0.008525808 0.995210290
3438.824211232 0.159347266 -0.453932822 5.723245621 0.079815544 0.000120216 -0.015293983 0.996692300
3438.887761376 0.148074344 -0.491805375 5.945167542 0.062752426 -0.003828172 -0.021946201 0.997780442
3438.950933984 0.135006845 -0.524923921 6.166163445 0.056062758 -0.014203439 -0.022274110 0.998077691
3439.011641984 0.127528518 -0.553711236 6.379937649 0.055124082 -0.023565831 -0.006136618 0.998182476
3439.074111264 0.106594414 -0.592910290 6.590997696 0.069640674 -0.019897738 -0.009776787 0.997325778
3439.136749792 0.089992911 -0.622421682 6.812577724 0.068248838 -0.014604163 -0.014904820 0.997450054
3439.199105024 0.089634694 -0.649245203 7.040056705 0.050577421 -0.020640561 0.004251140 0.998497784
3439.261792768 0.069436505 -0.679498732 7.281574726 0.024265410 -0.023352170 -0.010214091 0.999380589
3439.324373504 0.057758704 -0.678778529 7.519182682 -0.002718071 -0.029556734 -0.010036417 0.999509037
3439.387770464 0.043228149 -0.693038225 7.753921032 -0.005688529 -0.031164361 -0.007895638 0.999466896
3439.449331616 0.022243358 -0.706773579 7.981860161 0.011924449 -0.027587440 -0.015438929 0.999429047
3439.513157472 0.001169182 -0.709153473 8.214537621 0.022899861 -0.028018197 -0.009888120 0.999296188
3439.574447968 -0.015786894 -0.731213152 8.450316429 0.027949871 -0.033555597 -0.008897197 0.999006391
3439.636804256 -0.039292231 -0.750011981 8.693908691 0.025595888 -0.039181549 -0.018647389 0.998730123
3439.699507328 -0.062499166 -0.762523174 8.942718506 0.016289975 -0.039796531 -0.014666152 0.998967350
3439.762044864 -0.089003325 -0.786855400 9.187639236 0.022720350 -0.038570009 -0.020713478 0.998782814
3439.824670944 -0.114194058 -0.798326612 9.435453415 0.028480427 -0.039668601 -0.021932961 0.998566091
3439.887158368 -0.137757510 -0.811600208 9.694495201 0.014941074 -0.040362153 -0.018704718 0.998898268
3439.950046880 -0.158071265 -0.826525688 9.952190399 0.006616528 -0.033596136 -0.027654173 0.999030948
3440.013301856 -0.166274756 -0.839108348 10.224980354 0.008885078 -0.026953483 -0.024057392 0.999307632
3440.074173408 -0.186032996 -0.852467716 10.479042053 0.015786212 -0.030551722 -0.027263317 0.999036551
3440.141418912 -0.209337905 -0.865359366 10.749510765 0.019987484 -0.031794786 -0.029594705 0.998856246
3440.199418016 -0.232250512 -0.880450666 11.014073372 0.013796811 -0.032936499 -0.031322461 0.998871207
3440.261591392 -0.253250331 -0.898068070 11.282787323 0.019266676 -0.033124991 -0.025414390 0.998942316
3440.324543072 -0.283141464 -0.914177060 11.552783966 0.025813144 -0.032673903 -0.030845392 0.998656452
3440.386830688 -0.302381068 -0.936654985 11.832623482 0.026416002 -0.034194559 -0.026354212 0.998718381
3440.449245056 -0.322996259 -0.960305274 12.108300209 0.025895389 -0.034733780 -0.027849330 0.998672843
3440.512022816 -0.346575230 -0.982534945 12.385356903 0.025692541 -0.035997469 -0.025771867 0.998689115
3440.574549920 -0.373620123 -1.004708171 12.667188644 0.030306693 -0.034346782 -0.023058850 0.998684168
3440.637024928 -0.399412006 -1.027781129 12.952212334 0.026662428 -0.034650855 -0.021845557 0.998804927
3440.700002912 -0.426416457 -1.049946070 13.234888077 0.027728036 -0.032424532 -0.018761875 0.998913348
3440.761719008 -0.444130927 -1.077505589 13.517539024 0.032198574 -0.033239651 -0.016929921 0.998785138
3440.824402432 -0.460788697 -1.103182197 13.808804512 0.029030988 -0.031352837 -0.014126942 0.998986781
3440.887376064 -0.488190502 -1.133161426 14.099672318 0.030692834 -0.031358372 -0.014262847 0.998934984
3440.949636064 -0.511304438 -1.160397053 14.380578995 0.038420167 -0.030236648 -0.011846222 0.998733878
3441.011885344 -0.537012696 -1.193783402 14.668567657 0.037688151 -0.032219566 -0.013454018 0.998679399
3441.074375360 -0.558623314 -1.222198248 14.959104538 0.036220215 -0.031557221 -0.011365897 0.998780787
3441.137653824 -0.569915175 -1.254210830 15.261538506 0.035888601 -0.031767678 -0.012648989 0.998770654
3441.203105952 -0.587467015 -1.280676603 15.551568985 0.039701823 -0.029279131 -0.009797857 0.998734474
3441.262335008 -0.612069428 -1.312510014 15.844701767 0.032809671 -0.030374812 -0.012231827 0.998925030
3441.324573536 -0.635187328 -1.342937827 16.138223648 0.034291148 -0.030128464 -0.010978078 0.998897374
3441.386599584 -0.655700624 -1.373057008 16.428455353 0.041153181 -0.031471398 -0.011548303 0.998590291
3441.449862912 -0.675723314 -1.398727298 16.726119995 0.035334021 -0.028662328 -0.010542200 0.998908818
3441.511859776 -0.699494898 -1.428914070 17.022359848 0.032023452 -0.029367818 -0.011860469 0.998985171
3441.574998944 -0.718519211 -1.456693292 17.316202164 0.038579240 -0.029247692 -0.008636978 0.998790085
3441.637206496 -0.744823635 -1.486546636 17.615951538 0.037178814 -0.030769197 -0.011460815 0.998769045
3441.699044064 -0.766363740 -1.514254212 17.915658951 0.033046182 -0.029490685 -0.009905323 0.998969555
3441.761697600 -0.788300574 -1.544330955 18.212802887 0.032816660 -0.030472172 -0.011650241 0.998928845
3441.823957728 -0.807338238 -1.569999099 18.508939743 0.033659525 -0.032929696 -0.008400549 0.998855412
3441.886965088 -0.830746055 -1.602818847 18.801130295 0.033582255 -0.043580573 -0.008976941 0.998444974
3441.949428352 -0.866209865 -1.630686760 19.104017258 0.039001815 -0.047988705 -0.007986746 0.998054147
3442.012908672 -0.896590412 -1.661626458 19.403440475 0.042711072 -0.048189592 -0.007999612 0.997892559
3442.073947136 -0.920530498 -1.693362713 19.703178406 0.040297251 -0.046519537 -0.004892691 0.998092234
3442.137143008 -0.960162103 -1.731346726 20.003507614 0.037612483 -0.043838326 -0.007890383 0.998299181
3442.199076640 -0.991834342 -1.760396481 20.304660797 0.038388662 -0.044064734 -0.007171444 0.998265088
3442.262063360 -1.022213936 -1.791649580 20.607418060 0.036874007 -0.044861574 -0.008224921 0.998278558
3442.324392992 -1.056097031 -1.822075248 20.906436920 0.040805724 -0.044550262 -0.009195623 0.998131096
3442.386825344 -1.092851281 -1.853891611 21.206722260 0.044539433 -0.044608612 -0.011714184 0.997942448
3442.450206272 -1.123965263 -1.882078886 21.512306213 0.038759124 -0.045906950 -0.013144447 0.998106956
3442.512628672 -1.153562665 -1.926261902 21.808805466 0.043396041 -0.045882933 -0.014760426 0.997894645
3442.574354688 -1.197105169 -1.948296785 22.109916687 0.045958754 -0.046812885 -0.017513506 0.997692108
3442.637642208 -1.224408150 -1.991708159 22.421237946 0.050295658 -0.048663583 -0.020639429 0.997334540
3442.699507680 -1.264128685 -2.023565769 22.716190338 0.052775990 -0.050686885 -0.023899967 0.997032762
3442.762078880 -1.302149773 -2.061065435 23.019802094 0.049786758 -0.051378775 -0.022955246 0.997173309
3442.824534048 -1.339339375 -2.102935553 23.318731308 0.050721336 -0.054418288 -0.028456666 0.996823072
3442.886845568 -1.370296478 -2.138981581 23.620847702 0.053202212 -0.051041290 -0.026003733 0.996939361
3442.949308224 -1.402239203 -2.181259155 23.922906876 0.055630416 -0.045305938 -0.026628800 0.997067451
3443.012535200 -1.430732727 -2.225572348 24.223239899 0.060298309 -0.042439219 -0.025180366 0.996959865
3443.073961600 -1.466291308 -2.271928310 24.519588470 0.064183079 -0.044553746 -0.024237994 0.996648371
3443.137206880 -1.495974302 -2.317833185 24.815416336 0.064120390 -0.044262487 -0.020762907 0.996743858
3443.199890656 -1.526224613 -2.365983725 25.106481552 0.067566738 -0.046131529 -0.023382414 0.996373355
3443.262373696 -1.555337071 -2.406758308 25.390338898 0.065739878 -0.045370284 -0.019070782 0.996622324
3443.324895200 -1.578454733 -2.451869011 25.682073593 0.059723817 -0.048953298 -0.026272368 0.996667624
3443.386868480 -1.616207838 -2.491274595 25.977268219 0.060499076 -0.049682092 -0.027542498 0.996550560
3443.449643168 -1.651453733 -2.533070803 26.267431259 0.060425553 -0.053692378 -0.030368876 0.996264815
3443.511969920 -1.690446734 -2.573503256 26.553680420 0.059440449 -0.054242410 -0.033469986 0.996194959
3443.574190048 -1.728910685 -2.614654303 26.840751648 0.061434753 -0.057908505 -0.036774434 0.995751023
3443.636958624 -1.767430186 -2.663176537 27.122400284 0.072655030 -0.061789636 -0.036683787 0.994765103
3443.699876096 -1.811625838 -2.710419416 27.408653259 0.079236381 -0.066322729 -0.042276498 0.993748248
3443.761670336 -1.857829094 -2.763873577 27.691417694 0.080388248 -0.068291388 -0.048997540 0.993213594
3443.824398848 -1.906325936 -2.814775467 27.973281860 0.083751440 -0.076029167 -0.048549067 0.992395222
3443.886737760 -1.959717035 -2.862629175 28.251634598 0.070881695 -0.076818593 -0.056714412 0.992903948
3443.950365216 -2.013942003 -2.880532980 28.554050446 0.029148111 -0.078489915 -0.062034935 0.994555891
3444.012430496 -2.086255074 -2.879267693 28.761011124 0.041993268 -0.079956472 -0.053066600 0.994498610
3444.074150528 -2.179061651 -2.800717592 29.000221252 0.108823098 -0.073727936 -0.049205374 0.990101278
3444.137175232 -2.244005442 -3.080030680 29.130830765 0.083482586 -0.066348635 -0.049387697 0.993070662
3444.199415872 -2.265768051 -3.303267956 29.273038864 0.069092937 -0.066808365 -0.029502379 0.994933367
3444.262502432 -2.295341492 -3.559354067 29.445526123 0.044760011 -0.068232894 -0.034522310 0.996066749
3444.324086080 -2.365386486 -3.663154125 29.834585190 0.028180670 -0.072404295 -0.025686065 0.996646225
3444.386706592 -2.425432205 -3.696133852 30.087841034 0.080928862 -0.078613676 -0.042900901 0.992688239
3444.449242528 -2.464758158 -3.745452881 30.334754944 0.100627787 -0.070952751 -0.038552407 0.991641819
3444.511938368 -2.502476215 -3.802313805 30.587760925 0.090319946 -0.060208607 -0.023896441 0.993803918
3444.574292288 -2.539553404 -3.845257282 30.855592728 0.067555711 -0.054581352 -0.024297457 0.995925069
3444.637673824 -2.568936348 -3.895273209 31.109222412 0.065777019 -0.055184603 -0.012447897 0.996229470
3444.699321536 -2.607584000 -3.929137707 31.366811752 0.058877461 -0.052816927 -0.030429406 0.996402442
3444.762402624 -2.634095430 -3.959053278 31.628564835 0.060098972 -0.047968544 -0.027018540 0.996673048
3444.824064480 -2.659559488 -3.999010086 31.884998322 0.053765710 -0.041297723 -0.025504472 0.997373164
3444.886871008 -2.680983067 -4.031186104 32.146087646 0.047684141 -0.040109757 -0.009496613 0.998011649
3444.949581664 -2.720859051 -4.057509422 32.396347046 0.047368258 -0.039290786 -0.031099310 0.997619808
3445.012194336 -2.739196777 -4.097753525 32.646663666 0.050989430 -0.045721915 -0.007114397 0.997626662
3445.074163488 -2.767169952 -4.133666515 32.897296906 0.063630924 -0.042230703 -0.012096349 0.997006178
3445.140170304 -2.785071373 -4.170835495 33.150531769 0.071508929 -0.034058109 -0.002443089 0.996855319
3445.201368000 -2.799308777 -4.208749294 33.408622742 0.058512554 -0.030069582 0.007696711 0.997804046
3445.261870336 -2.813302517 -4.255015850 33.634513855 0.069515288 -0.035511877 0.011492400 0.996882379
3445.324451136 -2.831558228 -4.286378860 33.880462646 0.050106928 -0.041516874 0.013314446 0.997791767
3445.386752352 -2.859672070 -4.322677612 34.117660522 0.058044866 -0.046162944 0.012523017 0.997167468
3445.449237312 -2.880120516 -4.373994827 34.337127686 0.083776101 -0.055570375 0.028395919 0.994528592
3445.511694336 -2.916841030 -4.410203457 34.576789856 0.071521580 -0.053965796 0.013820755 0.995882213
3445.574206752 -2.939985037 -4.445991516 34.819038391 0.060773544 -0.059159774 0.022458600 0.996143699
3445.636888704 -2.970170498 -4.484807968 35.055995941 0.052211545 -0.065726563 0.019919425 0.996271610
3445.700061920 -3.008988142 -4.505308151 35.292987823 0.043072131 -0.075087532 0.009474566 0.996201217
3445.762529632 -3.045677900 -4.536862850 35.528369904 0.036151845 -0.078934141 0.010586785 0.996167839
3445.824345728 -3.085901976 -4.563738823 35.756542206 0.043211639 -0.078385860 0.000733279 0.995985866
3445.887459232 -3.129522562 -4.586754799 35.988174438 0.042533439 -0.082935743 -0.005410851 0.995632052
3446.011835456 -3.219167709 -4.640170097 36.447982788 0.036142129 -0.080027573 -0.011595628 0.996069729
3446.074542752 -3.256580114 -4.671745777 36.676773071 0.043958019 -0.083187088 -0.002257173 0.995561421
3446.136825632 -3.293697834 -4.708641052 36.903377533 0.055814616 -0.086906157 0.003745236 0.994644642
3446.199226016 -3.344228268 -4.720386028 37.145137787 0.045376416 -0.088055968 -0.012007420 0.995009005
3446.262060480 -3.380475998 -4.756048203 37.382495880 0.040920302 -0.086213991 0.002011386 0.995433927
3446.324300640 -3.420050383 -4.791176319 37.610511780 0.046242159 -0.084706910 0.005006994 0.995319724
3446.386924224 -3.463493824 -4.821976185 37.835170746 0.060814291 -0.086957321 0.003292961 0.994348645
3446.449361120 -3.508301258 -4.845203400 38.075710297 0.050290350 -0.087957516 -0.003749387 0.994846880
3446.511749280 -3.550707102 -4.883122921 38.307552338 0.047662057 -0.087988034 0.002805355 0.994976640
3446.574820320 -3.594680071 -4.916697025 38.535358429 0.043362390 -0.091036394 0.007003796 0.994878352
3446.637292832 -3.643047333 -4.939106464 38.751907349 0.060752876 -0.096665412 -0.000608459 0.993460894
3446.699505728 -3.692780495 -4.973922729 38.980010986 0.063100286 -0.099185817 -0.003549129 0.993059874
3446.761479840 -3.747039557 -5.005796432 39.219615936 0.056520745 -0.097126238 -0.018802891 0.993487954
3446.824765984 -3.794858694 -5.035129547 39.444023132 0.056328513 -0.100945853 -0.003427421 0.993290126
3446.889683712 -3.848146915 -5.072014332 39.674545288 0.057891998 -0.101014167 -0.009353625 0.993155122
3446.949655456 -3.901495218 -5.098369598 39.899318695 0.053890154 -0.100341022 -0.014340576 0.993389070
3447.011847552 -3.948476791 -5.130433083 40.127639771 0.056637060 -0.098917834 -0.008324121 0.993447661
3447.074089632 -3.999148846 -5.165016651 40.359535217 0.052890111 -0.099263988 -0.012992401 0.993569553
3447.137222624 -4.045825958 -5.192657471 40.589530945 0.052595638 -0.102271751 -0.007326881 0.993338048
3447.199208992 -4.098194122 -5.224149704 40.820224762 0.052746229 -0.104620777 -0.011911935 0.993041039
3447.263766976 -4.143882751 -5.257405758 41.057292938 0.049633805 -0.105238922 -0.000342017 0.993207514
3447.324281120 -4.197207451 -5.279748440 41.281906128 0.051220309 -0.098785348 -0.009463139 0.993744671
3447.386773952 -4.248674393 -5.313130379 41.516651154 0.051445436 -0.096969105 -0.009516582 0.993911386
3447.449207296 -4.298717976 -5.343324184 41.748317719 0.048139662 -0.102996200 -0.007188693 0.993490160
3447.512057280 -4.354945660 -5.368894577 41.980098724 0.047176581 -0.108306549 -0.014815510 0.992887020
3447.574050464 -4.414229393 -5.395015717 42.215503693 0.037889004 -0.113099329 -0.019834004 0.992662847
3447.636996160 -4.469685555 -5.421927452 42.452873230 0.033841226 -0.119771853 -0.012250183 0.992148876
3447.699921600 -4.536109447 -5.443995953 42.665256500 0.050337858 -0.127422899 -0.023793267 0.990284503
3447.761980672 -4.602937222 -5.471727848 42.895393372 0.046337612 -0.136102244 -0.020839885 0.989391088
3447.824134208 -4.673396587 -5.497432232 43.122142792 0.049650069 -0.140728906 -0.022621972 0.988543630
3447.887025024 -4.749294281 -5.520851612 43.362522125 0.037396669 -0.143060565 -0.027453512 0.988626063
3447.949394400 -4.820666790 -5.545480251 43.593959808 0.038603064 -0.144005150 -0.026615912 0.988465428
3448.012493024 -4.897628307 -5.570035458 43.829120636 0.038654942 -0.143672451 -0.025683373 0.988536477
3448.074382208 -4.973163605 -5.597580433 44.057937622 0.047113977 -0.143889621 -0.028862428 0.988050103
3448.137359840 -5.048946381 -5.620342255 44.293769836 0.053549390 -0.142788291 -0.023568409 0.988022566
3448.199925312 -5.122316360 -5.648931026 44.529777527 0.040047172 -0.142077789 -0.023629986 0.988762736
3448.262065664 -5.197921276 -5.667165279 44.770111084 0.033761755 -0.136294633 -0.027272025 0.989717185
3448.324830752 -5.270318985 -5.688822269 45.012046814 0.018322226 -0.131209120 -0.021288434 0.990956724
3448.386810528 -5.347164631 -5.702660561 45.248126984 0.027676471 -0.128690526 -0.028864151 0.990878224
3448.449305376 -5.420913219 -5.718513012 45.497741699 0.018586151 -0.131337032 -0.025076104 0.990846276
3448.512221376 -5.493996620 -5.740404606 45.737083435 0.024468897 -0.134278074 -0.024358772 0.990342021
3448.574423616 -5.567320824 -5.748631954 45.989048004 0.022104988 -0.136194542 -0.023434203 0.990158200
3448.636959296 -5.640035152 -5.764863491 46.245162964 0.009508714 -0.138584778 -0.018159762 0.990138412
3448.699541312 -5.716410160 -5.779566288 46.486087799 0.015041864 -0.135727689 -0.025462573 0.990304649
3448.761947552 -5.787951469 -5.790375233 46.731353760 0.011563708 -0.136526451 -0.023077240 0.990300059
3448.824551040 -5.855765343 -5.802847862 46.960723877 0.009462875 -0.134218991 -0.020939548 0.990685225
3448.886975104 -5.918728828 -5.815192223 47.167186737 0.012494292 -0.130765021 -0.020476017 0.991123140
3448.949310112 -5.976682663 -5.824574471 47.354938507 0.009092890 -0.130858660 -0.021180304 0.991133034
3449.013206656 -6.028715611 -5.836650848 47.516994476 0.013077235 -0.132624045 -0.021948276 0.990837097
3449.074212736 -6.075671196 -5.845868111 47.664505005 0.009473627 -0.135457039 -0.021736544 0.990499437
3449.136839648 -6.116228580 -5.856429577 47.795307159 0.015215726 -0.140751243 -0.015233569 0.989810824
3449.206047520 -6.156711578 -5.865678310 47.907115936 0.015604437 -0.142534807 -0.020577306 0.989452839
3449.261662848 -6.189984798 -5.872357845 48.003700256 0.022285160 -0.146200612 -0.018657042 0.988827884
3449.324382912 -6.219453335 -5.878047943 48.090549469 0.016865890 -0.146616355 -0.019105941 0.988865077
3449.386814688 -6.244822502 -5.887360573 48.159805298 0.025383124 -0.143577486 -0.022198830 0.989064395
3449.449201696 -6.267192364 -5.889599800 48.223049164 0.025247607 -0.142524317 -0.022954293 0.989202976
3449.511855456 -6.283639431 -5.893921852 48.277683258 0.026822912 -0.143478304 -0.020860760 0.989069939
3449.574312864 -6.298662186 -5.898921490 48.326263428 0.026587101 -0.146158993 -0.019068856 0.988719940
3449.639555392 -6.309326172 -5.901660442 48.364181519 0.026089232 -0.148039535 -0.018192729 0.988469899
3449.699432000 -6.318484783 -5.904697895 48.395374298 0.025950829 -0.149474218 -0.017184876 0.988275647
3449.761699008 -6.327906132 -5.906602383 48.422035217 0.023907902 -0.148524940 -0.019343477 0.988430381
3449.824612000 -6.337960720 -5.907640934 48.442806244 0.023693563 -0.147244900 -0.022331137 0.988564014
3449.886947296 -6.343275547 -5.908876419 48.460067749 0.025047762 -0.149137527 -0.020637237 0.988283694
3449.949197440 -6.346365452 -5.910539627 48.475460052 0.025616990 -0.149536610 -0.019734314 0.988227248
3450.014424288 -6.351292610 -5.911712646 48.488338470 0.026004922 -0.150102198 -0.020508898 0.988115609
3450.074308384 -6.356364727 -5.912895203 48.498313904 0.027094031 -0.150570795 -0.021619184 0.987991393
3450.136828224 -6.359710217 -5.913666248 48.508533478 0.027899897 -0.150793239 -0.021262500 0.987942755
3450.199407904 -6.362846375 -5.914441109 48.518585205 0.028528951 -0.150398061 -0.021557150 0.987978637
3450.261884032 -6.366480350 -5.915071011 48.527339935 0.028678311 -0.150431067 -0.022109130 0.987957060
3450.325443904 -6.369493484 -5.915850163 48.534835815 0.028604986 -0.150981605 -0.022170676 0.987873852
3450.388106816 -6.371722698 -5.916454792 48.541225433 0.028966784 -0.151095092 -0.022204990 0.987845242
3450.449874944 -6.373855591 -5.916802883 48.546783447 0.029191766 -0.151440069 -0.022318503 0.987783194
3450.512313312 -6.375642776 -5.917270184 48.552074432 0.029124482 -0.151521683 -0.022387613 0.987771094
3450.574376352 -6.377280712 -5.917667389 48.557193756 0.029133292 -0.151614696 -0.022303695 0.987758458
3450.637123328 -6.378882885 -5.918142796 48.562038422 0.029282046 -0.151741907 -0.022146175 0.987738073
3450.699451872 -6.380547523 -5.918479919 48.566577911 0.029474175 -0.151851073 -0.022133982 0.987715840
3450.761740832 -6.382039547 -5.918597221 48.571495056 0.028980374 -0.152065754 -0.022169277 0.987696648
3450.824061952 -6.383418560 -5.919099331 48.575332642 0.029228099 -0.152240306 -0.022049999 0.987665117
3450.886788512 -6.384440899 -5.919293880 48.578807831 0.029167958 -0.152475789 -0.021957126 0.987632632
3450.949138784 -6.385012150 -5.919468880 48.580745697 0.029215887 -0.152551040 -0.021878112 0.987621367
3451.011752384 -6.385521889 -5.919464111 48.581722260 0.029083606 -0.152562022 -0.022032008 0.987620175
