2915.215830272 0.000000000 0.000000000 0.000000000 0.000000000 0.000000000 0.000000000 1.000000000
2915.279630944 -0.000330838 0.000687360 0.000196497 -0.000326253 0.000070017 -0.000241213 0.999999940
2915.342017792 -0.000105320 -0.000287363 -0.000582174 0.004101274 -0.000420401 0.000324393 0.999991417
2915.402280832 -0.003503191 -0.000070451 0.019763032 0.005125966 -0.004718815 -0.001693210 0.999974310
2915.466163008 -0.002926238 -0.009301137 0.062920451 0.023430809 0.000452058 0.001400209 0.999724388
2915.528856288 0.002310705 -0.017922629 0.141141385 0.019688150 0.015731221 -0.002520506 0.999679208
2915.590356896 -0.004947372 -0.010203168 0.232158124 0.002779326 0.005186369 -0.013624321 0.999889910
2915.655700544 -0.019484315 -0.017390408 0.330821127 0.029805481 -0.003410837 -0.028814496 0.999134481
2915.734209184 -0.025292745 -0.022515845 0.491771311 0.010029743 -0.010593824 -0.022488697 0.999640644
2915.796254528 -0.019589337 -0.021818841 0.630918503 0.009855631 -0.008753912 -0.007379570 0.999885857
2915.859336544 -0.017156869 -0.034857050 0.778827727 0.010570041 -0.012735088 -0.003671220 0.999856293
2915.920799136 -0.027905365 -0.033720635 0.943622947 -0.002535844 -0.010846679 -0.021780713 0.999700665
2915.983454464 -0.019985795 -0.038836930 1.114409924 -0.001719652 -0.001018633 0.001054076 0.999997437
2916.046845312 -0.014144095 -0.048399374 1.287463427 0.001763506 0.006840254 0.011680459 0.999906838
2916.108005312 -0.011863758 -0.049674317 1.466409802 -0.002443044 0.015209185 0.010876750 0.999822199
2916.170613728 -0.016401529 -0.037124179 1.608977556 0.040332127 0.017734401 -0.003007000 0.999024391
2916.233240256 -0.004535884 -0.080875754 1.803299785 0.013015890 -0.000058152 0.021168532 0.999691188
2916.298260000 -0.014000604 -0.077314898 1.982063055 0.028333072 -0.010987316 0.014250604 0.999436557
2916.360417152 -0.029386587 -0.095671616 2.160282612 0.015406670 0.006396458 0.003343139 0.999855280
2916.420277408 -0.023157725 -0.105865858 2.333777905 0.022547072 0.020924503 0.030692182 0.999055445
2916.483502272 0.020103218 -0.139475152 2.548635244 0.019496514 0.016387533 0.048127223 0.998516440
2916.547227712 0.026384920 -0.160834655 2.740789413 0.015163266 0.013301753 0.061018571 0.997932792
2916.608979648 0.029392544 -0.173484668 2.924398422 0.026095750 0.013822757 0.065288596 0.997429371
2916.672276896 0.025456766 -0.177112445 3.128945589 0.016518544 0.014649832 0.059671227 0.997973919
2916.735336480 0.038115270 -0.195079431 3.317649126 0.030122697 0.012297782 0.075870723 0.996586680
2916.798321952 0.044150937 -0.207831755 3.519341469 0.014223722 0.011129294 0.079855338 0.996642828
2916.859043776 0.048335947 -0.215052724 3.715502977 0.025561238 0.013089309 0.077805154 0.996554911
2916.920507712 0.060084231 -0.230814084 3.912258625 0.021495724 0.011487772 0.094719134 0.995205641
2916.983348192 0.069699481 -0.247031346 4.122315407 0.025742982 0.004268932 0.097234324 0.994919360
2917.048913280 0.059857465 -0.254023373 4.357467175 -0.004525286 -0.002324832 0.101235591 0.994849443
2917.108826688 0.054346818 -0.238511294 4.569879532 -0.011746366 -0.006228937 0.109348275 0.993914604
2917.170363104 0.056568734 -0.240995929 4.776412964 -0.020225381 -0.017597232 0.103359863 0.994282663
2917.233740416 0.026951924 -0.259532243 5.018849850 0.006553295 -0.022349672 0.118334524 0.992700636
2917.299075424 -0.040844724 -0.265548825 5.288539886 0.065963477 -0.005470932 0.123590909 0.990123332
2917.362382912 -0.043328457 -0.302789807 5.497053146 0.087599829 0.001030633 0.123895459 0.988420486
2917.424010880 -0.034139089 -0.340730041 5.713746548 0.093562938 -0.007361005 0.134532332 0.986454666
2917.486873600 -0.004220452 -0.520096302 5.889320850 0.071808539 -0.020701038 0.153091297 0.985382199
2917.551345184 -0.011500335 -0.588548243 6.117920876 0.050693341 -0.031758826 0.151909351 0.986582518
2917.612307200 -0.033433102 -0.622752666 6.334725857 0.044512596 -0.044405408 0.143483847 0.987653315
2917.675186048 -0.033111274 -0.624901116 6.604403019 0.043620434 -0.055106018 0.154728845 0.985454023
2917.736486496 -0.052302666 -0.662405849 6.819363594 0.056950584 -0.050386969 0.156542256 0.984739721
2917.798813376 -0.078370675 -0.696543396 7.045158863 0.057328150 -0.042068783 0.147613317 0.986485660
2917.861517344 -0.086009845 -0.721866488 7.283212662 0.040445000 -0.048640154 0.168223009 0.983717084
2917.923790528 -0.111229390 -0.748136759 7.524927616 0.016677741 -0.056726594 0.153199911 0.986424744
2917.990419808 -0.144805491 -0.749888539 7.777519703 -0.009002474 -0.068148769 0.147607908 0.986654222
2918.049855488 -0.172290504 -0.763969839 8.018863678 -0.014803737 -0.068088323 0.153990954 0.985612333
2918.113118816 -0.208970189 -0.778476655 8.254097939 0.008122018 -0.062416933 0.139754549 0.988183618
2918.174666848 -0.242820844 -0.787974298 8.499734879 0.012690643 -0.063890733 0.151764080 0.986268044
2918.237757440 -0.273485363 -0.811298430 8.748926163 0.019642251 -0.066281252 0.148932129 0.986428022
2918.298682144 -0.309427500 -0.834471166 8.998836517 0.016729545 -0.070137858 0.141065642 0.987370908
2918.364034880 -0.342300266 -0.853009045 9.270911217 0.015538941 -0.071669571 0.149566606 0.986028314
2918.425706560 -0.380055666 -0.879594564 9.524866104 0.015406572 -0.071361840 0.139209285 0.987568200
2918.487469664 -0.418497831 -0.893040717 9.782670975 0.020548770 -0.071286365 0.145229593 0.986612558
2918.549874400 -0.459853888 -0.914355516 10.049223900 0.005953784 -0.077323332 0.141915411 0.986836195
2918.611990080 -0.510371447 -0.931183159 10.322207451 -0.006200739 -0.081189990 0.130014077 0.988162994
2918.674237920 -0.548689485 -0.951313376 10.579492569 0.014225993 -0.083679236 0.139825687 0.986531377
2918.737795104 -0.603322387 -0.970483422 10.854846954 0.014591049 -0.082900837 0.129682958 0.987976134
2918.802551264 -0.653959632 -0.995172799 11.153078079 0.007635968 -0.081803896 0.131613195 0.987890542
2918.861981728 -0.696942985 -1.015794396 11.415854454 0.014803250 -0.081484497 0.134731233 0.987415135
2918.929548512 -0.748789132 -1.043841600 11.716685295 0.019865364 -0.081455216 0.131415218 0.987775505
2918.986832160 -0.788871527 -1.069736600 11.980616570 0.019665478 -0.082308203 0.135646626 0.987136543
2919.049665472 -0.839347243 -1.097790956 12.267765045 0.020880306 -0.082817629 0.131934300 0.987572074
2919.113532832 -0.889616549 -1.124526381 12.564352036 0.021075139 -0.084143430 0.138600931 0.986542225
2919.175384832 -0.939982116 -1.154112339 12.847594261 0.022349007 -0.083326623 0.136662677 0.986853838
2919.237285920 -0.986481428 -1.181496263 13.138680458 0.020411104 -0.082700983 0.140407830 0.986422598
2919.299353632 -1.036552787 -1.213304400 13.431818962 0.022034219 -0.080274656 0.140934572 0.986513019
2919.361709408 -1.081241250 -1.241175056 13.728109360 0.025107300 -0.079400524 0.143655881 0.986117721
2919.426662432 -1.126808047 -1.271250367 14.027700424 0.023936531 -0.078756794 0.145281717 0.985960245
2919.487684608 -1.171449184 -1.305018067 14.330818176 0.025929239 -0.077146344 0.148731381 0.985522747
2919.550757664 -1.217274308 -1.342851758 14.638123512 0.032810658 -0.075706072 0.147784874 0.985571742
2919.613269632 -1.257532597 -1.379014850 14.938587189 0.031312525 -0.077184819 0.151463166 0.984947205
2919.674389792 -1.305941224 -1.410086155 15.241942406 0.028845178 -0.078323565 0.149529740 0.985228002
2919.739610304 -1.354781508 -1.446435928 15.550933838 0.026418809 -0.077216327 0.152326882 0.984954894
2919.799828096 -1.392659783 -1.495240331 15.832249641 0.028692210 -0.077821128 0.156006247 0.984267592
2919.862376352 -1.433281302 -1.528651476 16.151987076 0.030940862 -0.079429775 0.156526342 0.983988345
2919.925298304 -1.480767846 -1.565652847 16.452411652 0.030497883 -0.082161054 0.155710444 0.983907402
2919.987754688 -1.533265352 -1.611117482 16.749919891 0.027013294 -0.081263587 0.159585252 0.983462751
2920.051544832 -1.594598651 -1.666211605 17.061342239 0.022186305 -0.077505998 0.162366152 0.983431637
2920.111504256 -1.629156351 -1.696363807 17.356328964 0.024218477 -0.077944160 0.162011549 0.983407557
2920.174742688 -1.587198496 -1.709903479 17.519580841 0.019447584 -0.084207147 0.155874804 0.983988822
2920.236815424 -1.617887616 -1.825901508 17.879083633 0.012889012 -0.084555194 0.151314944 0.984778166
2920.299457344 -1.642167687 -1.837113976 18.374755859 0.016333817 -0.088513561 0.145536512 0.985250056
2920.362914112 -1.690582156 -1.769523621 18.838399887 0.026466250 -0.092797756 0.141922906 0.985162914
2920.424482816 -1.699462414 -1.856877923 19.072902679 0.023128249 -0.097498007 0.148567915 0.983812392
2920.486712384 -1.753545165 -2.019518852 19.470277786 0.022258734 -0.094954327 0.143983617 0.984762371
2920.548991392 -1.807494760 -2.114172697 20.025251389 0.023048360 -0.099670164 0.146958560 0.983838320
2920.612457152 -1.912165642 -2.196962357 20.546661377 0.023856016 -0.100890294 0.153085157 0.982759893
2920.674757248 -1.883957863 -1.994521141 20.247253418 0.022412324 -0.101705432 0.134090275 0.985481381
2920.736685920 -2.038470984 -2.347297668 21.185436249 0.016462719 -0.105059363 0.150198922 0.982920051
2920.799345504 -2.184309483 -2.683372259 22.128925323 0.016097287 -0.109439269 0.168615595 0.979455292
2920.862916896 -1.278350353 -2.695808649 23.024854660 0.019655876 -0.204658493 0.174265519 0.962995350
2920.924718976 -0.719739020 -2.321959257 22.342645645 0.013273504 -0.222138897 0.149512500 0.963392019
2920.986737856 -1.239837170 -2.783910275 23.385200500 0.017527826 -0.222461402 0.172468081 0.959405243
2921.049621536 -1.749742270 -3.281154156 24.425012589 0.021445086 -0.220011249 0.194748580 0.955619216
2921.111902688 -7.913862228 -0.025406837 22.997020721 0.223595098 0.379753530 -0.038924031 0.896815181
2921.173890208 -13.084815025 -0.002040476 22.569347382 0.035721608 0.563052475 -0.046186954 0.824355841
2921.237130272 -21.165729523 -0.315400749 23.599906921 -0.093419656 0.685149848 0.056136206 0.720202208
2921.299399200 -21.165729523 -0.315400749 23.599906921 -0.093419656 0.685149848 0.056136206 0.720202208
2921.362944928 -21.776006699 0.043946594 23.309846878 -0.059223022 0.650797427 0.052466743 0.755117595
2921.424289376 -22.714817047 0.523028135 23.100013733 -0.026624572 0.618552625 0.045150355 0.783993125
2921.490388864 -22.675981522 1.227643728 23.440277100 0.017509116 0.636647642 -0.019843956 0.770700693
2921.549189440 -21.641965866 1.430587649 24.623956680 -0.062426362 0.781233132 -0.076001585 0.616442800
2921.611783296 -21.452106476 1.661764026 25.060897827 -0.247620597 0.819791675 -0.095916770 0.507371426
2921.675895264 -21.384742737 2.134748459 25.781141281 -0.378452271 0.835294664 -0.082903557 0.390107274
2921.736811200 -21.310583115 2.717011929 26.411264420 -0.489710748 0.827192187 -0.065836065 0.267585605
2921.799769856 -21.310583115 2.717011929 26.411264420 -0.489710748 0.827192187 -0.065836065 0.267585605
2921.861597792 -21.295019150 2.738092422 26.425214767 -0.490008920 0.828515828 -0.066210389 0.262809664
2921.924549632 -21.274688721 2.747789145 26.425249100 -0.489176512 0.830141962 -0.064655475 0.259596378
2921.986619776 -21.185152054 2.767360449 26.238010406 -0.492753685 0.826813042 -0.063286871 0.263758808
2922.049068128 -21.034677505 2.919274569 26.108026505 -0.485098422 0.829577088 -0.070791870 0.267338574
2922.111962080 -20.833629608 3.059123278 25.893838882 -0.486374319 0.826784968 -0.077319264 0.271824062
2922.173460192 -20.683145523 3.088090420 25.679508209 -0.493318766 0.821616828 -0.079955466 0.274207294
2922.236688416 -20.527860641 3.116042376 25.446504593 -0.490997672 0.821516335 -0.077156089 0.279426426
2922.299470752 -20.372884750 3.148830175 25.202915192 -0.506193161 0.815981925 -0.065713674 0.271336883
2922.361593536 -20.223581314 3.216839790 24.939634323 -0.512515843 0.819350898 -0.032131113 0.254870951
2922.422164320 -20.226697922 3.386399746 24.571487427 -0.493837446 0.820052385 -0.071967974 0.280105859
2922.486976320 -20.065500259 3.440910101 24.328546524 -0.485451013 0.819571912 -0.088029876 0.291358799
2922.551746944 -19.980665207 3.410188198 24.230941772 -0.466507822 0.842583120 -0.041337326 0.265923798
2922.611504704 -19.818092346 3.467494011 23.983806610 -0.498603225 0.831457436 -0.044845846 0.240961075
2922.672083296 -19.670875549 3.503324032 23.765077591 -0.489832968 0.831793606 -0.069527082 0.251692384
2922.735832448 -19.523738861 3.555329323 23.523681641 -0.477619797 0.831347466 -0.088734984 0.269938469
2922.798997088 -19.356565475 3.594017267 23.284013748 -0.473616570 0.832662404 -0.087936789 0.273180932
2922.860832416 -19.195980072 3.621102810 23.049737930 -0.460508078 0.839757919 -0.079206832 0.276523441
2922.922961952 -19.039205551 3.653939724 22.813484192 -0.463195682 0.839405835 -0.069795512 0.275637835
2922.986923776 -18.883363724 3.690400839 22.569055557 -0.461078405 0.841980636 -0.059474591 0.273748159
2923.049257696 -18.756761551 3.698518276 22.364168167 -0.464877844 0.840656161 -0.060285691 0.271203667
2923.110047328 -18.623323441 3.725901127 22.146974564 -0.464473546 0.840968907 -0.059701148 0.271056145
2923.170906528 -18.467390060 3.781323195 21.907239914 -0.477848917 0.836353242 -0.052818485 0.263408154
2923.237096768 -18.333404541 3.823699474 21.665229797 -0.470676959 0.838972747 -0.053653724 0.267785758
2923.299032160 -18.174140930 3.865426779 21.423055649 -0.470477730 0.839490652 -0.050268285 0.267168850
2923.360732992 -18.034193039 3.901496410 21.189897537 -0.459201008 0.845579624 -0.049820643 0.267670393
2923.421446432 -17.890405655 3.927725077 20.959936142 -0.442604572 0.853098869 -0.057024892 0.270317763
2923.485288064 -17.750888824 3.960984230 20.722976685 -0.434226394 0.859229565 -0.058493033 0.264103353
2923.549561312 -17.610626221 3.983724594 20.489889145 -0.427026093 0.865684986 -0.054009452 0.255580157
2923.610347872 -17.452629089 4.009613037 20.254302979 -0.432285756 0.860896766 -0.054539617 0.262699872
2923.671496256 -17.303846359 4.036067486 20.048305511 -0.425460964 0.858688295 -0.060641162 0.279213250
2923.735467552 -17.146318436 4.092087746 19.827812195 -0.443758428 0.842673957 -0.072780803 0.296111435
2923.804139424 -16.960403442 4.137281895 19.596652985 -0.442092717 0.841676891 -0.050769180 0.305870086
2923.865018784 -16.818786621 4.194946289 19.386737823 -0.461519510 0.831326127 -0.035296712 0.307653546
2923.926206944 -16.682556152 4.231843472 19.134141922 -0.463320524 0.825567722 -0.032369182 0.320506245
2923.990379488 -16.483524323 4.289801121 18.914197922 -0.466964036 0.822357416 -0.020500377 0.324426621
2924.054639904 -16.332717896 4.358235836 18.713830948 -0.471251458 0.816463113 -0.022564590 0.332867742
2924.115007232 -16.181648254 4.424015045 18.521686554 -0.478666395 0.815816522 -0.004464011 0.324502707
2924.175961952 -16.042572021 4.489497185 18.325592041 -0.470124573 0.819769025 -0.002427665 0.327040881
2924.240845984 -15.894192696 4.565214157 18.133403778 -0.471172571 0.817530274 -0.017191229 0.330673724
2924.308400768 -15.739672661 4.643558502 17.916645050 -0.465884238 0.819781840 -0.016957963 0.332598954
2924.365915808 -15.599744797 4.711985588 17.736457825 -0.473193586 0.814666748 -0.018743452 0.334745646
2924.426269056 -15.438663483 4.799073696 17.518617630 -0.466277868 0.820326507 0.001876000 0.331128120
2924.490824256 -15.272059441 4.899859905 17.285276413 -0.472002119 0.815909266 -0.007691635 0.333836645
2924.554459552 -15.129358292 5.023913383 17.047220230 -0.463919550 0.814532816 -0.027866939 0.347186387
2924.615829856 -14.988487244 5.093458176 16.870855331 -0.463591427 0.816073060 -0.014632452 0.344809622
2924.680761600 -14.814681053 5.204683304 16.699789047 -0.475116909 0.811239779 -0.011661194 0.340614140
2924.748790208 -14.649854660 5.274625301 16.493913651 -0.462335378 0.817779064 -0.008526888 0.342652410
2924.808950432 -14.486148834 5.334267139 16.240865707 -0.478166938 0.805969596 -0.024839861 0.348069459
2924.869466272 -14.329423904 5.407886505 16.038263321 -0.466860205 0.812171400 -0.018479027 0.349396259
2924.930597600 -14.142521858 5.489979744 15.780323982 -0.478743106 0.805407465 -0.027800731 0.348354697
2924.995412864 -13.967955589 5.560432434 15.544232368 -0.475385159 0.808001816 -0.017021652 0.347638071
2925.058777984 -13.781373024 5.665988922 15.340591431 -0.482018888 0.803804398 -0.020572741 0.348041773
2925.120007680 -13.631014824 5.741312981 15.153998375 -0.482923329 0.803502679 -0.016784975 0.347687840
2925.180458048 -13.474839211 5.817259312 14.952750206 -0.478776813 0.804840863 -0.023580009 0.349925548
2925.245223008 -13.312252045 5.894218445 14.752742767 -0.483427167 0.804747939 -0.014469579 0.344193995
2925.308346560 -13.146271706 5.976778984 14.516939163 -0.476489604 0.807590902 -0.014348683 0.347201258
2925.370390816 -12.981308937 6.055699348 14.320745468 -0.476763725 0.807312131 -0.022821046 0.347019732
2925.433513728 -12.799744606 6.120000362 14.108598709 -0.475560188 0.810659945 -0.016680107 0.341166764
2925.495772768 -12.638175011 6.202136517 13.894090652 -0.481683761 0.807221591 -0.026609814 0.340096980
2925.558381280 -12.484272957 6.278662682 13.699378014 -0.486814708 0.807231545 -0.015627306 0.333383352
2925.620359552 -12.319396019 6.362533092 13.476672173 -0.491159081 0.804714262 -0.020808481 0.332813293
2925.679894432 -12.173026085 6.433529377 13.280334473 -0.486969203 0.809167802 -0.020262334 0.328173548
2925.745842752 -11.998241425 6.515093327 13.037624359 -0.495209962 0.807455242 -0.022615200 0.319799483
2925.807956224 -11.849664688 6.580856323 12.817541122 -0.475245118 0.819948912 -0.020249723 0.318458378
2925.872837952 -11.681147575 6.655011177 12.610496521 -0.488374084 0.814029753 -0.022559946 0.313587904
2925.932356928 -11.516785622 6.726172924 12.390607834 -0.484135330 0.815999210 -0.022921067 0.315012395
2925.995953600 -11.357833862 6.806879997 12.175082207 -0.487156570 0.813806891 -0.018452007 0.316316873
2926.059029312 -11.216339111 6.891111851 11.916276932 -0.487907261 0.811786175 -0.022782810 0.320047885
2926.127389536 -11.060296059 6.960341454 11.708504677 -0.481744379 0.814186275 -0.020822024 0.323402971
2926.179605856 -10.912154198 7.036699295 11.519875526 -0.482041657 0.811839879 -0.027938994 0.328285456
2926.246581504 -10.751460075 7.122679234 11.293448448 -0.484044790 0.812163115 -0.017168799 0.325264454
2926.309178464 -10.603837967 7.208860874 11.078441620 -0.485217392 0.811432719 -0.008505099 0.325681865
2926.372624736 -10.445034027 7.297544003 10.876076698 -0.496942788 0.804430902 -0.010752606 0.325304747
2926.430032192 -10.303750038 7.381638050 10.670382500 -0.490838706 0.811306536 0.003248392 0.317566484
2926.498558144 -10.119477272 7.479389668 10.408595085 -0.497513860 0.809868813 -0.002030539 0.310786575
2926.559473120 -9.978995323 7.579544067 10.161234856 -0.489507139 0.814836323 -0.008831983 0.310397327
2926.620811360 -9.879334450 7.610003948 9.997087479 -0.500929534 0.811564028 -0.000274938 0.300721288
2926.680126144 -9.742426872 7.685490608 9.768491745 -0.491463453 0.818078041 0.008167097 0.298572153
2926.747080832 -9.592396736 7.759480476 9.580377579 -0.497118950 0.814648449 0.007540186 0.298603088
2926.808813120 -9.466263771 7.833636284 9.404399872 -0.498021990 0.813163280 0.006413781 0.301161706
2926.870684576 -9.361112595 7.900956154 9.245125771 -0.497182339 0.812601626 0.003877833 0.304094166
2926.930233216 -9.270557404 7.953595161 9.111497879 -0.490826219 0.813657999 0.001388652 0.311525881
2926.995633120 -9.180336952 8.010131836 8.981162071 -0.499092937 0.809006512 0.009427635 0.310363978
2927.058856352 -9.103973389 8.059062004 8.866641998 -0.492404461 0.811707795 0.008876450 0.313989669
2927.124813632 -9.036062241 8.099137306 8.765891075 -0.492899597 0.811196506 0.007243296 0.314575523
2927.192675232 -8.961581230 8.135979652 8.660637856 -0.495861530 0.810587168 0.006372139 0.311495125
2927.247100128 -8.915669441 8.162439346 8.574007034 -0.495635778 0.810934126 0.002751371 0.311004013
2927.310143840 -8.864566803 8.186612129 8.504587173 -0.493743688 0.813046694 0.003542497 0.308479548
2927.370621728 -8.832720757 8.209136009 8.453271866 -0.494495600 0.812775850 0.003027420 0.307994127
2927.429295168 -8.802337646 8.223037720 8.412327766 -0.492353141 0.813295722 -0.000024973 0.310062170
2927.494872576 -8.764448166 8.240081787 8.377608299 -0.493430197 0.813093126 -0.001587433 0.308874816
2927.558296768 -8.734665871 8.259490013 8.346889496 -0.492831916 0.813566029 -0.001829599 0.308583260
2927.620028416 -8.717748642 8.268845558 8.319935799 -0.490667194 0.814461529 -0.001516459 0.309670538
2927.681611264 -8.703555107 8.273705482 8.299965858 -0.488152653 0.815137744 -0.002989664 0.311846972
2927.746282624 -8.684542656 8.281445503 8.287675858 -0.488806665 0.814528048 -0.003329705 0.312411636
2927.808638656 -8.663458824 8.280851364 8.281156540 -0.488189906 0.814602613 -0.001663662 0.313193977
2927.870928000 -8.655694962 8.286693573 8.270198822 -0.488051564 0.814557135 -0.001475185 0.313528687
2927.929485088 -8.650012970 8.289827347 8.259957314 -0.488083452 0.814572632 -0.001337390 0.313439399
2927.995669216 -8.644557953 8.299633026 8.252356529 -0.488421798 0.814011335 -0.001182100 0.314369738
2928.058215904 -8.634720802 8.300938606 8.247202873 -0.488075912 0.813947856 -0.000401597 0.315072447
2928.122625504 -8.631839752 8.303796768 8.243083000 -0.488101184 0.813589811 0.000374896 0.315956891
2928.179860896 -8.627145767 8.309395790 8.235049248 -0.487930089 0.813589633 0.000549396 0.316221088
