2505.260208992 0.000000000 0.000000000 0.000000000 0.000000000 0.000000000 0.000000000 1.000000000
2505.383034496 0.000000000 0.000000000 0.000000000 0.000000000 0.000000000 0.000000000 1.000000000
2505.510025888 0.001436475 -0.000073813 0.006894994 0.001700130 0.001426952 0.000382000 0.999997437
2505.636689920 0.010874916 0.005120086 0.074172042 0.004211463 0.010364101 -0.003823272 0.999930084
2505.759993728 0.016382433 -0.004323940 0.219313413 0.000728408 0.015343993 -0.003773154 0.999874890
2505.883260384 0.019575130 -0.016536521 0.414799213 0.014367669 0.002036310 0.004479404 0.999884665
2506.009609760 0.006865107 -0.031787980 0.670580745 0.024973884 -0.001725127 0.000553417 0.999686480
2506.136576480 0.003649168 -0.052625947 0.954818130 0.014078754 0.000062090 0.000016704 0.999900877
2506.261309216 0.007711837 -0.057459313 1.269579649 0.009613193 -0.005466992 -0.004765328 0.999927461
2506.383280544 -0.009888187 -0.079517253 1.594650984 0.008568831 -0.003224065 -0.000295026 0.999958038
2506.509654944 -0.014705911 -0.095580824 1.922033429 0.006425511 0.002875870 -0.001094667 0.999974608
2506.636694400 0.008718655 -0.113668069 2.263432264 -0.005727980 0.009349554 -0.001974292 0.999937892
2506.760559616 0.019215589 -0.128146574 2.599304914 -0.000704874 0.001685665 -0.010165199 0.999946654
2506.883360800 0.008314354 -0.131805956 2.965128183 -0.008197456 -0.005561701 -0.016061103 0.999821961
2507.011009216 0.005639360 -0.137265772 3.335322618 -0.005618309 0.007470120 -0.017319437 0.999806345
2507.136648032 0.025091112 -0.148434758 3.707075596 -0.004088747 0.014649156 -0.011567891 0.999817431
2507.260629216 0.054183323 -0.161843538 4.076692104 -0.013418732 0.021546168 -0.006314361 0.999657869
2507.383075520 0.067787379 -0.151112959 4.489657402 -0.013730184 0.024003588 -0.004489537 0.999607503
2507.511190752 0.069151416 -0.146429628 4.917477131 -0.014502552 0.018668463 -0.005368187 0.999706089
2507.636456160 0.083491027 -0.165968299 5.391835690 -0.007623162 0.020558711 -0.023444630 0.999484658
2507.761121856 0.112855144 -0.182966977 5.806100845 -0.003183000 0.021031875 -0.013318434 0.999685049
2507.883431424 0.131499261 -0.179388866 6.251238823 -0.013646533 0.028778790 -0.016313910 0.999359488
2508.011280544 0.167852789 -0.184726849 6.731363297 -0.004282860 0.040833790 -0.001725755 0.999155283
2508.137226688 0.213109687 -0.206676990 7.217428684 -0.002692437 0.049644981 -0.003776022 0.998756170
2508.260512928 0.257467091 -0.222391337 7.675004005 0.010132294 0.050647356 -0.002405124 0.998662293
2508.383155168 0.314365089 -0.226633027 8.121397018 0.004361868 0.056611307 0.000950828 0.998386323
2508.511087648 0.368707865 -0.232344478 8.591629028 0.003416285 0.057104543 0.004700684 0.998351276
2508.636520832 0.427264452 -0.243354544 9.005437851 0.004262408 0.044186402 0.001339375 0.999013305
2508.761158560 0.455130160 -0.246555716 9.463453293 -0.014997404 0.027435761 0.006967596 0.999486744
2508.883595552 0.479249358 -0.239801839 9.915595055 -0.037749477 0.025712164 -0.004592970 0.998945832
2509.011950240 0.480635762 -0.067957297 10.429317474 0.002727385 0.025396926 0.007866234 0.999642789
2509.137126176 0.494673073 -0.062016368 10.913977623 -0.015564542 0.019585073 -0.012193494 0.999612689
2509.261720384 0.475932509 -0.050469361 11.401246071 -0.011009978 0.018608540 -0.012536545 0.999687612
2509.383527744 0.409697533 -0.010208834 11.891571999 0.007737818 0.033768721 -0.013260475 0.999311745
2509.511982240 0.390429854 -0.035964660 12.420928955 0.003779126 0.036389977 -0.005695685 0.999314308
2509.636661888 0.391655624 -0.048055299 12.956373215 -0.002325686 0.043043122 -0.004170782 0.999061823
2509.762495008 0.440292031 -0.064011455 13.456827164 -0.014696776 0.045143131 -0.008109389 0.998839498
2509.883912416 0.515713334 -0.009368576 13.990098953 -0.013033796 0.042802576 -0.015405632 0.998879731
2510.011518304 0.553643107 0.020128908 14.505870819 -0.006895304 0.058150861 -0.010664265 0.998227060
2510.136963904 0.640023828 0.051615976 14.998697281 0.004027809 0.056405745 -0.008097598 0.998366952
2510.262078304 0.696843088 0.031587169 15.468452454 0.008771285 0.061864063 -0.011512882 0.997979641
2510.386232512 0.717848241 -0.097755939 15.930765152 -0.035992689 0.069071770 -0.005398734 0.996947587
2510.511995168 0.735775054 -0.189700186 16.437995911 -0.091921039 0.078636929 -0.012001729 0.992583871
2510.636660768 0.776889026 -0.216215372 16.999300003 -0.163905293 0.083124310 -0.036132675 0.982303321
2510.761813536 0.873461843 -0.085267618 17.425922394 -0.157615259 0.078189217 -0.036536880 0.983721972
2510.886503744 0.935020089 0.080283955 17.946386337 -0.150893807 0.079934202 -0.044578601 0.984303951
2511.011570048 1.000993490 0.174329638 18.372756958 -0.141945750 0.078774944 -0.042107433 0.985836148
2511.137001632 1.054889917 0.230505452 18.850130081 -0.144694969 0.080302611 -0.044574980 0.985204518
2511.261600096 1.156108856 0.347134292 19.353528976 -0.149129003 0.074968360 -0.046175588 0.984889925
2511.386662240 1.212692738 0.469950497 19.830186844 -0.158752024 0.075691536 -0.043253250 0.983462155
2511.511492256 1.236108065 0.636620402 20.256792068 -0.151197463 0.079763994 -0.050948996 0.983961999
2511.636397056 1.315518737 0.786107183 20.758644104 -0.144833609 0.081907734 -0.053584237 0.984602988
2511.761486304 1.499656916 1.031375527 21.001174927 -0.132775456 0.077293813 -0.065444916 0.985958040
2511.886782208 1.576526403 1.101855636 21.373607635 -0.128844053 0.075710870 -0.070710324 0.986238897
2512.011588288 1.790361404 1.209139943 22.245586395 -0.135166168 0.071489140 -0.074288122 0.985444427
2512.136584384 1.961308599 1.389009476 23.192420959 -0.138049334 0.067405544 -0.078804940 0.984981537
2512.262218624 2.231485844 1.390938044 23.843830109 -0.140340328 0.083968192 -0.217141286 0.962342739
2512.387042816 1.877913713 1.593022346 23.175659180 -0.132780284 0.097807355 -0.261265904 0.951074779
2512.511667392 1.944875240 1.592722654 23.747333527 -0.142144799 0.099582464 -0.268318057 0.947567225
2512.636999200 2.022125006 1.591679215 24.330762863 -0.152176693 0.101309240 -0.271564871 0.944897473
2512.761534720 1.930472136 1.733988881 24.780586243 -0.156548008 0.116824724 -0.267314345 0.943603575
2512.886650464 2.228572845 1.733709693 25.226707458 -0.150172383 0.103901401 -0.260497570 0.948047400
2513.011259904 2.332913399 1.738421082 25.869012833 -0.157634407 0.105513595 -0.257207870 0.947556019
2513.136955392 2.448061943 1.754402757 26.522697449 -0.165109232 0.106776074 -0.253972024 0.947014272
2513.261533504 2.667479753 2.045788050 26.958770752 -0.156496048 0.110197067 -0.296484232 0.935661614
2513.386346208 2.727460861 2.172508717 27.374687195 -0.159628764 0.114157796 -0.292736053 0.935837746
2513.512229792 2.793069839 2.293509007 27.866868973 -0.160757080 0.116607353 -0.287894398 0.936844051
2513.636743328 2.858722925 2.410306454 28.357719421 -0.160379037 0.119566135 -0.278885782 0.939257801
2513.762274976 2.928414583 2.513152599 28.854452133 -0.162251174 0.120769098 -0.268734515 0.941738367
2513.886790336 3.145203590 2.700255156 29.283031464 -0.155416667 0.122472368 -0.266590893 0.943279088
2514.011530624 3.332981586 2.697881937 29.790172577 -0.153073952 0.122146733 -0.271658212 0.942258120
2514.136888800 3.528507233 2.699201584 30.303819656 -0.148888841 0.120955765 -0.277489990 0.941382587
2514.261999008 3.697510958 2.892894983 30.658399582 -0.100675337 0.139526486 -0.280015349 0.944451332
2514.386182720 4.043272972 3.032164574 31.033821106 -0.086604156 0.125779405 -0.268549442 0.951083839
2514.511322944 4.206178665 2.903862953 31.549537659 -0.100113779 0.120243274 -0.268076241 0.950607121
2514.636685536 4.357370377 2.792080879 32.052268982 -0.111931473 0.112387255 -0.270202547 0.949647844
2514.761877888 4.478465080 2.721870422 32.555709839 -0.123326600 0.110629767 -0.268870503 0.948820412
2514.887012320 4.513232708 2.742607117 33.060142517 -0.131301597 0.113685943 -0.267807513 0.947689056
2515.011633184 4.651493073 2.825969219 33.572875977 -0.151307285 0.115680188 -0.270915538 0.943572462
2515.137191392 4.812351704 2.942290783 34.097408295 -0.167673647 0.120557398 -0.267881006 0.941058576
2515.261659264 4.980409622 3.081426144 34.606208801 -0.183284447 0.124555208 -0.266254127 0.938083947
2515.384853568 5.093385220 3.089128971 34.987716675 -0.187262386 0.122438692 -0.239931554 0.944655716
2515.511416928 5.223326206 3.192759037 35.385868073 -0.185546845 0.121120252 -0.243572444 0.944232345
2515.637350784 5.305368423 3.055939674 35.764358521 -0.228628039 0.121753544 -0.191314891 0.946733296
2515.762186208 5.405948639 2.957494020 36.134918213 -0.270014793 0.121667840 -0.140759632 0.944709361
2515.885222368 5.196368694 2.710331917 36.186534882 -0.284700394 0.151825055 -0.156093970 0.933557451
2516.010201696 5.403911591 2.890857697 36.561790466 -0.316422462 0.174342856 -0.170281723 0.916779995
2516.136790848 5.835499763 3.607539415 36.943153381 -0.276859075 0.200605750 -0.165310577 0.925083160
2516.260097632 6.029820442 3.746264458 37.202522278 -0.196723834 0.222836077 -0.186023578 0.936503649
2516.383344032 6.558107376 1.383211136 35.040630341 -0.249675542 0.232434452 -0.232860550 0.910720766
2516.509632352 6.815364838 1.434187412 35.301948547 -0.236820385 0.261930466 -0.229321226 0.907039285
2516.636640192 7.101504803 1.548393369 35.614269257 -0.250203371 0.302791327 -0.221630529 0.892522037
2516.759716320 7.370643616 1.691164255 35.906440735 -0.248661429 0.335865259 -0.227238849 0.879616141
2516.883348800 7.679156780 1.795789123 36.137977600 -0.221169472 0.357567787 -0.211950392 0.882216752
2517.009423264 7.939539433 1.845806956 36.335357666 -0.210543349 0.351739854 -0.223207951 0.884380460
2517.137293408 8.160902023 1.849937201 36.575237274 -0.225803807 0.349564046 -0.225792453 0.880815148
2517.259538816 8.408160210 1.941298366 36.897205353 -0.252766699 0.359812707 -0.221626416 0.870359421
2517.383123072 8.640128136 2.025645256 37.117843628 -0.237185225 0.361808240 -0.232389882 0.871110201
2517.508437760 8.903583527 2.071712017 37.349029541 -0.214638680 0.367369771 -0.218087658 0.878298044
2517.635115360 9.262845993 2.183777809 37.648975372 -0.216574609 0.378484190 -0.219870538 0.872640908
2517.758127712 9.593148232 2.272207499 37.921611786 -0.223763958 0.371406823 -0.217845663 0.874374032
2517.882705728 9.837080002 2.318461895 38.124618530 -0.223527670 0.375776529 -0.230567008 0.869290650
2518.008018336 10.094032288 2.387927771 38.372196198 -0.214208081 0.370313525 -0.238730520 0.871774375
2518.135103136 10.448558807 2.501563549 38.658950806 -0.235612482 0.372175127 -0.236227423 0.866123021
2518.257778848 10.804396629 2.614235878 38.950855255 -0.232026011 0.381297350 -0.218240857 0.867840528
2518.382482944 11.092720985 2.691391468 39.197116852 -0.222058192 0.378379852 -0.234036386 0.867609262
2518.508115648 11.393139839 2.767214298 39.444900513 -0.228513494 0.378234267 -0.226390123 0.868025303
2518.634246336 11.627389908 2.885992527 39.702720642 -0.211571202 0.369034410 -0.236691281 0.873515010
2518.759083200 11.920246124 2.971777201 39.966758728 -0.217465892 0.367174625 -0.234880581 0.873339832
2518.882644160 12.176426888 3.058558941 40.210456848 -0.235283509 0.377420902 -0.219982713 0.868218124
2519.008004000 12.305943489 3.142570257 40.382041931 -0.241572738 0.388267606 -0.240525872 0.856176496
2519.134286848 12.609972000 3.216941595 40.622356415 -0.228961453 0.384944826 -0.226250321 0.864988387
2519.258384928 12.920472145 3.296064138 40.864402771 -0.217812195 0.397461534 -0.221933722 0.863323569
2519.383065408 13.151688576 3.337200403 41.011028290 -0.209240198 0.390408337 -0.246676877 0.861945689
2519.508137984 13.399609566 3.367414236 41.185020447 -0.200662583 0.383788377 -0.250152081 0.865947425
2519.634265440 13.601113319 3.381126881 41.302227020 -0.223775253 0.401450932 -0.235434189 0.856348336
2519.758523840 13.838472366 3.485208035 41.543777466 -0.222097769 0.393738747 -0.230920672 0.861578822
2519.882736640 13.986391068 3.525373459 41.664939880 -0.223960638 0.385560900 -0.220196411 0.867581666
2520.008278944 14.091761589 3.560996056 41.764064789 -0.228509188 0.398727775 -0.230680138 0.857663333
2520.135015360 14.302697182 3.628116369 41.932304382 -0.227542952 0.408313930 -0.227600724 0.854225874
2520.258400960 14.363886833 3.661989927 41.988029480 -0.224477798 0.409476429 -0.257402837 0.845980227
2520.382708096 14.373945236 3.663673639 41.996822357 -0.228664309 0.401149958 -0.257916451 0.848687470
2520.508331328 14.386354446 3.665982008 42.005886078 -0.227512121 0.403628558 -0.256589383 0.848224103
2520.634560640 14.402394295 3.672352791 42.018188477 -0.230022952 0.403663337 -0.256473660 0.847565114
2520.758912704 14.420927048 3.675139427 42.027000427 -0.232919782 0.405762166 -0.251572669 0.847240567
2520.883116960 14.442595482 3.680019855 42.036464691 -0.235617056 0.409271419 -0.246106029 0.846412003
2521.008001472 14.474621773 3.683147430 42.048641205 -0.237237141 0.414336771 -0.232614353 0.847309947
2521.134273120 14.485340118 3.681927204 42.056808472 -0.236946255 0.416559607 -0.232640028 0.846293807
2521.258737888 14.480579376 3.680335522 42.048446655 -0.235763669 0.416514724 -0.231496677 0.846959412
