3401.451370016 0.000000000 0.000000000 0.000000000 0.000000000 0.000000000 0.000000000 1.000000000
3401.482734048 0.000468204 0.000049261 -0.000850722 0.000022545 -0.000032429 0.000077732 1.000000000
3401.518021856 0.000417911 0.000562003 0.000944007 0.000669877 -0.000024888 0.000082859 0.999999762
3401.553182560 0.000417911 0.000562003 0.000944007 0.000669877 -0.000024888 0.000082859 0.999999762
3401.584659776 0.000417911 0.000562003 0.000944007 0.000669877 -0.000024888 0.000082859 0.999999762
3401.616215680 0.006596863 0.002165500 0.016890971 -0.000781772 -0.003407323 0.002694131 0.999990284
3401.647877344 0.011721304 -0.029094774 0.094286114 -0.000854679 -0.009292493 0.001708337 0.999954998
3401.681505568 0.011721304 -0.029094774 0.094286114 -0.000854679 -0.009292493 0.001708337 0.999954998
3401.713136896 0.011721304 -0.029094774 0.094286114 -0.000854679 -0.009292493 0.001708337 0.999954998
3401.744977792 0.055107348 -0.071266949 0.298608869 -0.006734395 -0.024049606 0.005748692 0.999671578
3401.777132992 0.115625873 -0.136110365 0.486718833 -0.011770695 -0.041385673 -0.000608481 0.999073744
3401.808850176 0.115625873 -0.136110365 0.486718833 -0.011770695 -0.041385673 -0.000608481 0.999073744
3401.844826080 0.104807451 -0.134643719 0.543630898 -0.011855716 -0.041660529 -0.001493449 0.999060392
3401.876865216 0.094845437 -0.121148519 0.623166978 -0.010796407 -0.044262141 -0.010307492 0.998908460
3401.908639264 -0.081066750 -0.292551070 0.716221094 -0.024484789 -0.041912775 0.004250606 0.998812199
3401.941040960 -0.081066750 -0.292551070 0.716221094 -0.024484789 -0.041912775 0.004250606 0.998812199
3401.974860864 -0.081066750 -0.292551070 0.716221094 -0.024484789 -0.041912775 0.004250606 0.998812199
3402.006213952 -0.107037418 -0.290609121 0.771979809 -0.016024003 -0.042062670 -0.008285003 0.998952091
3402.037569312 -0.270313948 -0.305181503 0.755160093 -0.020871073 -0.032499988 -0.006546806 0.999232352
3402.101399616 -0.270313948 -0.305181503 0.755160093 -0.020871073 -0.032499988 -0.006546806 0.999232352
3402.142321632 -0.298732013 -0.290647954 0.854161203 -0.013663382 -0.026654437 -0.015193569 0.999435842
3402.173597536 -0.403010249 -0.390235573 0.911341727 -0.016300702 -0.021748833 0.013095394 0.999544799
3402.205056896 -0.403010249 -0.390235573 0.911341727 -0.016300702 -0.021748833 0.013095394 0.999544799
3402.236610432 -0.403010249 -0.390235573 0.911341727 -0.016300702 -0.021748833 0.013095394 0.999544799
3402.267990304 -0.470145673 -0.490591973 0.928816199 -0.024696164 -0.019134738 0.015230430 0.999395788
3402.301596448 -0.425383091 -0.540088117 1.075383782 -0.012571087 -0.016720366 0.060020465 0.997977912
3402.333309120 -0.425383091 -0.540088117 1.075383782 -0.012571087 -0.016720366 0.060020465 0.997977912
3402.364861728 -0.425383091 -0.540088117 1.075383782 -0.012571087 -0.016720366 0.060020465 0.997977912
3402.397235648 -0.699131846 -0.338508725 0.385775864 -0.035167549 -0.010981417 0.023000486 0.999056399
3402.429569440 -0.964807510 -0.117292389 -0.193860829 -0.043715850 -0.006727622 0.023034099 0.998755813
3402.498193280 -0.964807510 -0.117292389 -0.193860829 -0.043715850 -0.006727622 0.023034099 0.998755813
3402.531900640 -1.013585567 -0.259374797 -0.139736772 -0.066242300 -0.002741938 0.018466955 0.997628927
3402.563280288 -1.101419449 -0.411100626 -0.136592567 -0.054969162 0.003079410 0.054198500 0.997011244
3402.628545856 -1.101419449 -0.411100626 -0.136592567 -0.054969162 0.003079410 0.054198500 0.997011244
3402.662445664 -1.205196619 -0.396768481 -0.055362880 -0.049790971 0.009555544 0.048123505 0.997553825
3402.693961312 -1.031683803 -0.375168055 0.118256003 -0.058776241 0.007325314 0.048160508 0.997081876
3402.725345024 -1.031683803 -0.375168055 0.118256003 -0.058776241 0.007325314 0.048160508 0.997081876
3402.756872096 -0.585561752 -0.263120770 2.041756868 -0.077035002 -0.006964151 0.396790624 0.914644361
3402.788203904 -0.377333403 0.109677374 3.943311691 -0.086328909 -0.011793102 0.690759838 0.717815518
3402.819645856 -4.476977348 -0.323804170 -2.069549084 0.038545392 0.013976197 0.680217624 0.731862605
3402.851246144 -4.476977348 -0.323804170 -2.069549084 0.038545392 0.013976197 0.680217624 0.731862605
3402.882783488 -4.476977348 -0.323804170 -2.069549084 0.038545392 0.013976197 0.680217624 0.731862605
3402.914422272 -4.476777077 -0.312710404 -1.935711265 0.038113385 0.023471398 0.686708987 0.725552976
3402.949482656 -4.403935432 -0.225878507 -1.840410471 0.033843271 0.025575584 0.677757263 0.734061062
3402.980852096 -4.403935432 -0.225878507 -1.840410471 0.033843271 0.025575584 0.677757263 0.734061062
3403.016206016 -4.403935432 -0.225878507 -1.840410471 0.033843271 0.025575584 0.677757263 0.734061062
3403.048858400 -4.378429413 -0.160359412 -1.676365018 0.030726044 0.027508069 0.674445927 0.737171590
3403.080888064 -4.448628426 -0.405897081 -1.765938520 0.033816300 0.045313228 0.685167372 0.726187885
3403.112943328 -4.448628426 -0.405897081 -1.765938520 0.033816300 0.045313228 0.685167372 0.726187885
3403.145176512 -4.448628426 -0.405897081 -1.765938520 0.033816300 0.045313228 0.685167372 0.726187885
3403.177255520 -4.422799587 -0.278290749 -1.436533928 0.033408143 0.041448381 0.688919902 0.722879887
3403.209239424 -4.795260429 -0.362446010 -1.374420404 0.038688309 0.059692122 0.661624789 0.746453464
3403.241189120 -4.795260429 -0.362446010 -1.374420404 0.038688309 0.059692122 0.661624789 0.746453464
3403.274086528 -4.795260429 -0.362446010 -1.374420404 0.038688309 0.059692122 0.661624789 0.746453464
3403.306612160 -4.759554386 -0.368816257 -1.315462947 0.030467307 0.058946520 0.656740904 0.751191318
3403.338109568 -4.767977715 -0.487460852 -1.352151752 0.018776102 0.061923288 0.653376222 0.754262924
3403.370617120 -4.767977715 -0.487460852 -1.352151752 0.018776102 0.061923288 0.653376222 0.754262924
3403.403092960 -4.767977715 -0.487460852 -1.352151752 0.018776102 0.061923288 0.653376222 0.754262924
3403.434742496 -4.752427101 -0.527722836 -1.318403482 0.009431594 0.066759348 0.648747146 0.758011520
3403.467053632 -4.766701698 -0.494140416 -1.239180565 0.011903524 0.076233037 0.648486793 0.757305503
3403.530465440 -4.766701698 -0.494140416 -1.239180565 0.011903524 0.076233037 0.648486793 0.757305503
3403.565500256 -4.754517078 -0.485215396 -1.132952452 0.010411906 0.072019547 0.653504848 0.753416359
3403.597198080 -4.739229202 -0.483983427 -1.026505351 0.007406547 0.068202615 0.653635025 0.753694117
3403.628804896 -4.739229202 -0.483983427 -1.026505351 0.007406547 0.068202615 0.653635025 0.753694117
3403.661460352 -4.739229202 -0.483983427 -1.026505351 0.007406547 0.068202615 0.653635025 0.753694117
3403.693823296 -4.703940392 -0.433950484 -0.891322374 0.020607051 0.077028312 0.659473181 0.747487187
3403.726274080 -4.665579796 -0.398785651 -0.764736652 0.035998750 0.092790030 0.659818590 0.744804323
3403.769532192 -4.665579796 -0.398785651 -0.764736652 0.035998750 0.092790030 0.659818590 0.744804323
3403.815790336 -4.665579796 -0.398785651 -0.764736652 0.035998750 0.092790030 0.659818590 0.744804323
3403.850766272 -4.566339016 -0.448203713 -0.659275055 0.034514748 0.094063036 0.667616248 0.737732589
3403.885979520 -4.477966785 -0.470294923 -0.563834608 0.039156538 0.091977753 0.675515234 0.730538249
3403.919944864 -4.477966785 -0.470294923 -0.563834608 0.039156538 0.091977753 0.675515234 0.730538249
3403.953308416 -4.477966785 -0.470294923 -0.563834608 0.039156538 0.091977753 0.675515234 0.730538249
3403.984659136 -4.462121010 -0.454848289 -0.452286303 0.033214197 0.084904060 0.674174905 0.732923150
3404.016089536 -4.443665981 -0.452511132 -0.348010004 0.026944285 0.078770429 0.670766830 0.736981094
3404.047938656 -4.283111095 -0.692416966 -0.257831514 -0.006804940 0.081207410 0.663618863 0.743618846
3404.081590624 -4.190680981 -0.752052546 -0.163630128 -0.022799596 0.077376224 0.654348373 0.751878560
3404.113151296 -4.161455631 -0.798911810 -0.040358029 -0.028936574 0.077168584 0.648809254 0.756474853
3404.144898112 -4.150617123 -0.802892923 0.077393964 -0.030529220 0.074652322 0.645798266 0.759236157
3404.176547232 -4.056221485 -0.874145389 0.107044011 -0.049584515 0.067480624 0.645740330 0.758951366
3404.208296352 -4.102962494 -0.926454127 0.261308193 -0.047148954 0.071746707 0.657566369 0.748489082
3404.243224480 -4.095691681 -0.909862757 0.360054791 -0.042682324 0.074753292 0.661050320 0.745387554
3404.274686720 -4.085233688 -0.898642540 0.465263873 -0.040028293 0.079702899 0.659641743 0.746269345
3404.308369504 -3.900894165 -1.064589739 0.097444326 -0.030838763 0.086328611 0.672727168 0.734189570
3404.343012704 -3.737303495 -1.210955620 -0.328147560 -0.019522784 0.091029100 0.691799402 0.716062963
3404.374782912 -3.542492867 -1.543846011 -1.164751291 -0.022611404 0.079773940 0.736718297 0.671096921
3404.406293600 -3.290587425 -1.806395531 -2.003341675 -0.024767531 0.065549664 0.779136837 0.622925103
3404.437332928 -3.096139669 -1.958171964 -5.852721214 -0.037633371 0.019075885 0.794848263 0.605339706
3404.468804544 -3.521030664 -3.301221848 -9.051595688 -0.076305062 0.093037866 0.782614887 0.610766292
3404.509817024 10.331546783 -2.263433695 -18.010711670 -0.393723100 -0.125494957 0.871298075 0.264712632
3404.543949024 20.345899582 6.797399521 -18.576765060 -0.561594963 -0.281648278 0.772535384 -0.092056677
3404.577925280 20.387786865 23.436389923 -18.606525421 -0.400900453 -0.572075605 0.634466350 -0.330848634
3404.610223488 8.391120911 42.416900635 -14.459631920 0.170015484 0.763615608 -0.474563509 0.403454185
3404.641535040 -8.334730148 72.046981812 -15.784736633 -0.058497597 0.749974191 -0.596328080 0.280196041
3404.672821536 -20.534162521 94.331619263 -17.863019943 -0.167026654 0.712986529 -0.664894640 0.147198528
3404.704445408 -29.011119843 112.303680420 -18.614753723 -0.261989206 0.682417095 -0.682361960 -0.007119482
3404.737333984 -36.929088593 132.112655640 -19.471115112 0.321162075 -0.645922422 0.680085540 0.130854055
3404.769691136 -43.929992676 152.573181152 -20.849809647 0.363238305 -0.602857232 0.669925809 0.236263320
3404.801254816 -51.733242035 173.329437256 -22.059799194 0.416369349 -0.559092045 0.654699147 0.292269766
3404.832740128 -62.097232819 194.715240479 -23.428028107 0.449142933 -0.529119909 0.661337793 0.284490913
3404.864488640 -74.128234863 216.544769287 -25.811889648 0.455761492 -0.508602500 0.680663824 0.265144765
3404.895905056 -87.255538940 237.768005371 -28.387065887 0.435722739 -0.530541897 0.700172842 0.196033075
3404.927639424 -100.635055542 257.430969238 -31.352226257 0.416014671 -0.543993771 0.716060162 0.135131210
3404.958995936 -114.638031006 277.195190430 -35.357925415 0.392069280 -0.549148500 0.732113957 0.093416467
3404.991187072 -130.216247559 298.478271484 -41.309028625 0.388930559 -0.525879383 0.750495434 0.094553612
3405.024314592 -148.706115723 322.098510742 -48.014469147 0.396170825 -0.519352257 0.752911925 0.080283985
3405.055805120 -167.366500854 344.945678711 -54.206085205 0.405281991 -0.513456821 0.752690673 0.074600331
3405.087497760 -186.253967285 368.403320312 -58.414878845 0.434228659 -0.514303446 0.732471049 0.102096476
3405.120489984 -205.272079468 392.695800781 -60.602523804 0.462607026 -0.517826796 0.707975924 0.128919110
3405.151938304 -225.081695557 417.599212646 -61.533233643 0.479008704 -0.522082567 0.693251312 0.131844923
3405.183399232 -243.862472534 441.485168457 -61.937248230 0.483924747 -0.524937093 0.686822116 0.136136636
3405.217524192 -250.619781494 451.596160889 -62.188537598 0.495950282 -0.525590122 0.664293647 0.191055655
3405.250133856 -256.235595703 461.393493652 -62.152557373 0.499246210 -0.531243026 0.643554568 0.233176917
3405.281432832 -260.735778809 467.460357666 -61.753589630 0.567157507 -0.446137667 0.620868862 0.306292832
3405.312757216 -266.202728271 475.309173584 -61.242897034 0.599308014 -0.392681152 0.603663445 0.349602461
3405.344197376 -272.140899658 483.608551025 -60.359588623 0.636318147 -0.329849958 0.575218916 0.394235313
3405.375532608 -281.062957764 494.753326416 -58.516178131 0.674935162 -0.290089339 0.549465239 0.397993267
3405.407082912 -290.624755859 505.591644287 -55.389144897 0.721807837 -0.229199469 0.510063469 0.407794446
3405.438638752 -292.171905518 507.271484375 -54.270919800 0.729690611 -0.196481705 0.493497223 0.430589169
3405.473419136 -293.586547852 509.332489014 -53.102809906 0.728928745 -0.174203470 0.470348805 0.465927064
3405.506562848 -294.869842529 511.331329346 -52.164543152 0.721817374 -0.151063815 0.457047701 0.497259378
3405.538780832 -296.869964600 513.983276367 -51.101844788 0.727462113 -0.149776310 0.449848890 0.495985836
3405.573094496 -296.833984375 514.019470215 -51.390163422 0.726587653 -0.134108350 0.450970322 0.500710845
3405.613805728 -296.763519287 514.071838379 -51.704421997 0.726710081 -0.122152098 0.450195879 0.504276752
3405.645459712 -296.696716309 514.039672852 -51.689250946 0.729316175 -0.118442699 0.443065614 0.507702708
3405.679395648 -297.360534668 514.679870605 -51.574230194 0.731138885 -0.099546283 0.435488492 0.515631914
3405.714491136 -296.260070801 513.088439941 -52.049762726 0.727727175 -0.102393866 0.440305263 0.515810013
3405.752880224 -296.159027100 511.781890869 -52.524890900 0.727506340 -0.102273270 0.440640301 0.515859485
3405.784848576 -297.555084229 511.969635010 -52.623317719 0.726795256 -0.114383794 0.505690753 0.450512946
3405.816214080 -299.234710693 513.510253906 -52.108627319 0.731661201 -0.091261826 0.491176635 0.463776618
3405.849013536 -299.584838867 513.709838867 -52.372028351 0.729693830 -0.071315065 0.484728694 0.476968765
3405.880821472 -299.322662354 513.444030762 -52.459175110 0.724839211 -0.041079175 0.475156158 0.497139066
3405.912896704 -299.592926025 513.647521973 -52.549652100 0.718857229 -0.042248290 0.485190243 0.496034026
3405.944529344 -299.802856445 513.822448730 -52.489517212 0.717610598 -0.041687906 0.485030919 0.498038381
3405.975932640 -299.939300537 513.790771484 -52.544940948 0.719229698 -0.020436419 0.479089439 0.502756596
3406.007565408 -300.095672607 513.769775391 -52.588752747 0.720262349 -0.008323927 0.474680901 0.505797148
3406.040293888 -300.344940186 513.963317871 -52.590808868 0.714710236 0.018042952 0.460220218 0.526365936
3406.071679072 -300.846588135 514.448669434 -52.434085846 0.717160761 0.033213653 0.451319635 0.529988706
3406.103187072 -299.986755371 513.622436523 -52.721397400 0.712332845 0.030299854 0.457315683 0.531531930
3406.135841184 -298.961975098 512.829711914 -52.741798401 0.720485389 0.040314630 0.440715998 0.533895969
3406.169784064 -298.676818848 512.661254883 -52.825641632 0.711592376 0.043636497 0.433223397 0.551407039
3406.201987680 -299.153045654 513.054138184 -52.727260590 0.709557950 0.053013813 0.429003090 0.556483090
3406.233667584 -299.465393066 512.007324219 -53.139137268 0.700705171 0.104855575 0.409426332 0.574793577
3406.265042144 -299.617340088 510.877502441 -53.433834076 0.693366945 0.151968151 0.395957738 0.582550824
3406.296539456 -285.265197754 494.108734131 -54.205818176 0.632312775 0.083329692 0.489194959 0.594915986
3406.328170560 -285.865875244 494.349365234 -54.322757721 0.625962198 0.105448395 0.476266205 0.608459055
3406.360101248 -285.420593262 493.851348877 -54.395481110 0.621670246 0.112879239 0.474441409 0.612935424
3406.393675456 -285.005920410 493.317474365 -54.474765778 0.616484165 0.124332130 0.474482358 0.615918279
3406.426868832 -284.971801758 493.156250000 -54.325798035 0.616546154 0.124394871 0.474463731 0.615857899
3406.460776928 -285.256042480 493.379547119 -54.359546661 0.616909504 0.124497600 0.474080563 0.615768313
3406.492451168 -284.929992676 493.045013428 -54.354557037 0.612043262 0.130070224 0.472601682 0.620590508
3406.523993504 -284.580474854 492.690704346 -54.318168640 0.611256421 0.133369118 0.472775906 0.620532990
3406.555576896 -297.217590332 509.181030273 -52.339027405 0.612447321 0.135789201 0.472910166 0.618728936
3406.587556480 -300.459655762 511.795257568 -52.204048157 0.610914409 0.134396344 0.468272299 0.624053001
3406.620797376 -300.276947021 511.529541016 -52.380161285 0.605897844 0.138660923 0.472952276 0.624481440
3406.652288256 -299.655883789 511.242645264 -52.473751068 0.603798449 0.133378401 0.475613594 0.625643075
3406.684383200 -299.655883789 511.242645264 -52.473751068 0.603798449 0.133378401 0.475613594 0.625643075
3406.717625152 -299.784484863 511.304809570 -52.462005615 0.607915223 0.137453437 0.473595560 0.622296512
3406.753106048 -299.545715332 511.117401123 -52.412021637 0.606805205 0.136642843 0.473726660 0.623457432
3406.784664320 -299.340667725 510.953430176 -52.371475220 0.603931189 0.135531530 0.476030618 0.624734461
3406.816176736 -303.521911621 513.678039551 -52.470485687 0.603975594 0.135587096 0.476023972 0.624684572
3406.853282912 -304.049835205 514.098999023 -52.420654297 0.600253582 0.143410832 0.465425134 0.634435534
3406.884856032 -303.782592773 513.885437012 -52.417694092 0.600232303 0.141970515 0.466673344 0.633862436
3406.917833952 -303.196044922 513.232238770 -52.388095856 0.606421769 0.142366186 0.481574059 0.616498947
3406.952498720 -301.677947998 512.313293457 -52.271823883 0.606435001 0.142267883 0.481630325 0.616464674
3406.988404704 -301.812011719 512.362426758 -52.270740509 0.606611311 0.144069687 0.479078978 0.617859244
3407.022954560 -301.396514893 512.210144043 -52.190746307 0.609062672 0.140992150 0.472940922 0.620878935
3407.063576192 -301.091094971 512.419189453 -52.272552490 0.617578566 0.098657280 0.480944365 0.614455879
3407.094971040 -296.101776123 508.569885254 -52.725105286 0.604940593 0.082559966 0.495629489 0.617723405
3407.128519072 -296.247985840 508.592041016 -52.692131042 0.604860723 0.083769299 0.495104671 0.618059516
3407.166710336 -295.945312500 508.333343506 -52.649364471 0.606276095 0.075333141 0.503270149 0.611124694
3407.198811200 -295.622711182 507.789001465 -52.615337372 0.604167700 0.099420451 0.505851686 0.607627332
3407.230415104 -295.398132324 507.593078613 -52.555725098 0.604190826 0.099414818 0.505829513 0.607623875
3407.262069760 -295.736267090 507.718048096 -52.525207520 0.601758659 0.107865155 0.500251651 0.613188326
3407.297188096 -295.707183838 507.811065674 -52.483066559 0.607078075 0.107601844 0.500404179 0.607843459
3407.329422656 -295.501190186 507.753143311 -52.468803406 0.602531612 0.099956721 0.500407159 0.613642395
3407.361765056 -295.320495605 507.705200195 -52.520900726 0.593079031 0.115455441 0.485680848 0.631697297
3407.402458880 -295.322570801 507.897399902 -52.500118256 0.595108330 0.098884501 0.486474037 0.631989598
3407.434444608 -295.007781982 507.698211670 -52.275764465 0.602983892 0.075195938 0.503902555 0.613871396
3407.466669632 -294.655639648 507.404052734 -52.369235992 0.598018050 0.061187278 0.519869268 0.606931865
3407.499264768 -294.418151855 507.100952148 -52.402301788 0.592734396 0.050413739 0.541984022 0.593613982
3407.530658016 -294.708038330 507.149932861 -52.465225220 0.591945589 0.055748969 0.544979990 0.591176212
3407.562251104 -294.513244629 506.714569092 -52.230564117 0.596829593 0.047327369 0.559312463 0.573344648
3407.594412032 -293.986968994 505.897857666 -51.874740601 0.602628887 0.062465917 0.564109504 0.560996354
3407.626351840 -297.022399902 510.439544678 -50.251953125 0.603562593 0.063131697 0.563742161 0.560286760
3407.657915040 -307.550659180 520.922119141 -49.134235382 0.609095573 0.086567953 0.532714486 0.581140101
3407.691237856 -307.021789551 520.057312012 -49.055355072 0.618213534 0.072525710 0.551634073 0.555204332
3407.725583200 -306.516296387 519.178588867 -49.091758728 0.612672329 0.073680222 0.579637825 0.532187879
3407.757706144 -306.516296387 519.178588867 -49.091758728 0.612672329 0.073680222 0.579637825 0.532187879
3407.789683520 -306.945617676 519.373840332 -49.140861511 0.610940039 0.086451128 0.568109930 0.544545114
3407.821551168 -306.228729248 519.014221191 -48.984943390 0.610577106 0.072308905 0.579164386 0.535290122
3407.857780832 -305.410949707 518.598632812 -48.788478851 0.611022651 0.057604991 0.589320779 0.525389612
3407.891702464 -303.866119385 518.191528320 -48.234619141 0.611404181 0.058368962 0.589323044 0.524858534
3407.927020320 -304.022155762 518.245544434 -48.144203186 0.616013706 0.070678890 0.573399663 0.535485268
3407.961239168 -303.653686523 517.786682129 -48.166221619 0.608620346 0.074358933 0.581894159 0.534276009
3407.995270688 -303.228179932 517.302124023 -48.122882843 0.604362607 0.073430046 0.589763880 0.530596077
3408.026794240 -303.295776367 517.225646973 -47.861946106 0.604493499 0.073482461 0.589692533 0.530519128
3408.059907616 -303.853088379 517.776123047 -47.713001251 0.621355951 0.068839855 0.571029663 0.532074511
3408.091476800 -303.764617920 517.725830078 -47.975715637 0.619877994 0.037773743 0.599124908 0.505345047
3408.123004192 -303.623443604 517.653137207 -48.263916016 0.610462010 0.022204867 0.613768637 0.500131071
3408.155012576 -306.158477783 520.272399902 -48.173938751 0.651571810 0.074278489 0.538362682 0.529246926
3408.186789888 -308.730194092 522.817749023 -47.984264374 0.659821928 0.157472640 0.456392348 0.575798154
3408.218430592 -310.168182373 524.823852539 -47.784904480 0.659075975 0.235830441 0.368754953 0.611573875
3408.253749344 -310.168182373 524.823852539 -47.784904480 0.659075975 0.235830441 0.368754953 0.611573875
3408.285207616 -310.444305420 525.532592773 -46.639213562 0.742130697 0.195478708 0.298155695 0.567567945
3408.316978656 -310.390472412 526.293701172 -45.657165527 0.785965204 0.200608462 0.212824911 0.544720650
3408.349612416 -309.927612305 526.047668457 -45.527442932 0.808702230 0.194268703 0.190531626 0.521496058
3408.381262080 -309.589385986 525.849060059 -45.504791260 0.815420568 0.192294985 0.188626498 0.512378752
3408.420911168 -309.165893555 525.500671387 -45.613407135 0.815414727 0.192134559 0.188624814 0.512448609
3408.452414240 -309.031280518 525.334289551 -45.682609558 0.817123592 0.194832027 0.186971962 0.509304583
3408.485429568 -308.884155273 525.163146973 -45.778469086 0.817316353 0.195822567 0.186286405 0.508866310
3408.519860416 -308.738525391 525.011840820 -45.865962982 0.817359209 0.195776850 0.186707422 0.508660734
3408.554800288 -308.591979980 524.823913574 -45.985393524 0.817330480 0.195713639 0.186741307 0.508718669
3408.588774784 -308.504699707 524.706542969 -46.062950134 0.815906405 0.196752489 0.186371431 0.510735810
3408.621413984 -308.379821777 524.578247070 -46.160034180 0.817905903 0.193659291 0.186883584 0.508527815
3408.660910336 -308.235198975 524.429138184 -46.281955719 0.819810450 0.191198111 0.187265262 0.506246805
3408.692757792 -308.127380371 524.296386719 -46.401298523 0.820307493 0.193468809 0.186218262 0.504963577
3408.733989568 -308.043426514 524.163024902 -46.488147736 0.818023384 0.193964839 0.186672807 0.508299649
3408.765291040 -307.955963135 524.158630371 -46.624237061 0.814843595 0.181530461 0.196867988 0.514120042
3408.796864768 -307.902557373 524.212585449 -46.711410522 0.811052263 0.171046078 0.215047106 0.516422391
3408.828803744 -307.853668213 524.252014160 -46.793464661 0.806894481 0.167358860 0.233596250 0.516086400
3408.860254240 -308.196868896 524.702148438 -46.679790497 0.800075233 0.167627320 0.248121217 0.519823730
3408.891969952 -308.699340820 525.335632324 -46.538917542 0.791405201 0.170093089 0.259493351 0.526696682
3408.924255072 -308.969360352 525.327758789 -46.604003906 0.791367233 0.170198575 0.259554058 0.526689529
3408.956106272 -309.236114502 525.303100586 -46.670104980 0.791583061 0.172776088 0.258348972 0.526118338
3408.989429088 -309.539093018 525.290283203 -46.754531860 0.787969232 0.175922245 0.260421962 0.529468060
3409.021390912 -309.813720703 525.153320312 -46.829357147 0.788252056 0.173654035 0.266770959 0.526627243
3409.052934752 -309.813720703 525.153320312 -46.829357147 0.788252056 0.173654035 0.266770959 0.526627243
3409.085243680 -309.816619873 525.196533203 -46.830982208 0.786715329 0.176941663 0.265630901 0.528403997
3409.117843424 -309.809020996 525.098632812 -46.871540070 0.785657465 0.180123776 0.263623863 0.529906034
3409.152750336 -309.723144531 524.967407227 -46.936035156 0.787799358 0.182710722 0.259966016 0.527642488
3409.184451168 -309.723144531 524.967407227 -46.936035156 0.787799358 0.182710722 0.259966016 0.527642488
3409.216580512 -309.725006104 524.909667969 -46.939445496 0.787796497 0.182716087 0.259960711 0.527647555
3409.248476640 -309.678649902 524.785339355 -46.975055695 0.786410451 0.183051437 0.257208914 0.530937195
3409.281167968 -309.637512207 524.606140137 -47.001964569 0.787774265 0.185300052 0.254251927 0.529557645
3409.313478240 -309.637512207 524.606140137 -47.001964569 0.787774265 0.185300052 0.254251927 0.529557645
3409.347258272 -309.460601807 524.470397949 -46.713047028 0.787873864 0.185272947 0.254148155 0.529469013
3409.378926048 -309.288574219 524.400939941 -46.441509247 0.783718228 0.192482814 0.250985712 0.534548640
3409.410705408 -309.098846436 524.208923340 -46.256046295 0.779174864 0.188301459 0.250548095 0.542821050
3409.442584736 -309.098846436 524.208923340 -46.256046295 0.779174864 0.188301459 0.250548095 0.542821050
3409.474785632 -309.174957275 525.056884766 -45.594631195 0.776564658 0.188250527 0.257330686 0.543405890
3409.506428448 -309.281219482 525.934692383 -44.909969330 0.774770141 0.188773960 0.263733327 0.542715788
3409.538488032 -309.410644531 526.836242676 -44.207546234 0.772983491 0.189436406 0.269070983 0.542412460
3409.570382912 -309.410644531 526.836242676 -44.207546234 0.772983491 0.189436406 0.269070983 0.542412460
3409.605314080 -309.073730469 529.921325684 -42.086704254 0.773789763 0.189390600 0.268243432 0.541688383
3409.636678144 -308.774414062 532.634277344 -40.144927979 0.775307238 0.188727587 0.267244071 0.540241838
3409.668092576 -308.599731445 536.125122070 -37.804115295 0.775628030 0.188864693 0.265250623 0.540715694
3409.699490144 -308.599731445 536.125122070 -37.804115295 0.775628030 0.188864693 0.265250623 0.540715694
3409.730940608 -308.599731445 536.125122070 -37.804115295 0.775628030 0.188864693 0.265250623 0.540715694
3409.762331296 -308.579895020 536.149230957 -37.822788239 0.774285316 0.191261441 0.263110012 0.542839348
3409.793715008 -308.889617920 536.041442871 -38.014854431 0.771504521 0.196059614 0.266002089 0.543676555
3409.863500384 -308.889617920 536.041442871 -38.014854431 0.771504521 0.196059614 0.266002089 0.543676555
3409.896029792 -308.887634277 535.974914551 -38.040988922 0.771430731 0.199037001 0.265435427 0.542976141
3409.927667904 -308.901977539 535.913574219 -38.042175293 0.772853017 0.202725202 0.264190882 0.540188670
3409.959072800 -308.901977539 535.913574219 -38.042175293 0.772853017 0.202725202 0.264190882 0.540188670
3409.990814080 -308.901977539 535.913574219 -38.042175293 0.772853017 0.202725202 0.264190882 0.540188670
3410.024618240 -308.887329102 535.875061035 -38.063468933 0.771852672 0.203654379 0.266066313 0.540348947
3410.058660544 -308.856506348 535.868286133 -38.066989899 0.771569073 0.204801038 0.265544027 0.540577710
3410.123476448 -308.856506348 535.868286133 -38.066989899 0.771569073 0.204801038 0.265544027 0.540577710
3410.155193792 -308.808135986 535.812072754 -38.099212646 0.769819915 0.200580403 0.269489586 0.542697072
3410.186640000 -308.699218750 535.710388184 -38.138069153 0.767616510 0.200514078 0.267773330 0.546677649
3410.251450848 -308.699218750 535.710388184 -38.138069153 0.767616510 0.200514078 0.267773330 0.546677649
3410.283894208 -308.627227783 535.609313965 -38.151126862 0.767081082 0.192592248 0.271035522 0.548666239
3410.315446432 -309.111358643 535.626708984 -38.100708008 0.756066263 0.199513093 0.268668503 0.562472701
3410.395143200 -309.111358643 535.626708984 -38.100708008 0.756066263 0.199513093 0.268668503 0.562472701
3410.426880160 -309.289428711 535.545349121 -37.801757812 0.757867634 0.197981432 0.272211373 0.558874786
3410.472673344 -309.545135498 535.432861328 -37.375782013 0.760460615 0.193834454 0.277210444 0.554330289
3410.512778144 -309.545135498 535.432861328 -37.375782013 0.760460615 0.193834454 0.277210444 0.554330289
3410.544402720 -309.001861572 539.388000488 -34.691356659 0.759838879 0.196791440 0.273139745 0.556158960
3410.576008512 -308.551422119 543.387207031 -32.039810181 0.758614361 0.201643944 0.269619912 0.557807326
3410.607866176 -308.040161133 547.486083984 -29.395296097 0.758187115 0.205604032 0.264531344 0.559377015
3410.639322784 -308.040161133 547.486083984 -29.395296097 0.758187115 0.205604032 0.264531344 0.559377015
3410.670937056 -308.040161133 547.486083984 -29.395296097 0.758187115 0.205604032 0.264531344 0.559377015
3410.702031264 -307.972961426 547.401428223 -29.418586731 0.757010877 0.206760436 0.262889653 0.561314106
3410.733637440 -307.908355713 547.324707031 -29.441417694 0.755269885 0.204567373 0.264490426 0.563706040
3410.765066432 -307.908355713 547.324707031 -29.441417694 0.755269885 0.204567373 0.264490426 0.563706040
3410.796786432 -307.920715332 547.444824219 -29.383440018 0.754840136 0.203446686 0.266577393 0.563704014
3410.829330208 -307.894775391 547.442138672 -29.340396881 0.752687812 0.195932224 0.270223022 0.567495525
3410.860899968 -307.891021729 547.444885254 -29.297012329 0.752297819 0.192368194 0.272236496 0.568269074
3410.892245664 -307.891021729 547.444885254 -29.297012329 0.752297819 0.192368194 0.272236496 0.568269074
3410.923881024 -307.720764160 547.598815918 -29.199705124 0.753898561 0.187233970 0.271686345 0.568125725
3410.955141024 -307.654815674 547.557067871 -29.200595856 0.751215458 0.177200437 0.278011411 0.571825922
3410.987376896 -307.603790283 547.462524414 -29.255224228 0.746587694 0.165774465 0.286333680 0.577181637
3411.023041632 -307.603790283 547.462524414 -29.255224228 0.746587694 0.165774465 0.286333680 0.577181637
3411.055123360 -307.588897705 547.510925293 -29.278615952 0.745682180 0.169544071 0.283841342 0.578486860
3411.087187136 -307.536529541 547.492858887 -29.413177490 0.747141123 0.176586747 0.278334767 0.577171683
3411.120779232 -307.523437500 547.441284180 -29.597599030 0.748331308 0.185550138 0.273215562 0.575260699
3411.152475040 -307.523437500 547.441284180 -29.597599030 0.748331308 0.185550138 0.273215562 0.575260699
3411.184047008 -307.333038330 547.856445312 -29.428655624 0.749455214 0.181340978 0.268061757 0.577559590
3411.216293952 -307.258514404 547.787170410 -29.447525024 0.753382146 0.175586998 0.271964192 0.572380900
3411.247865152 -307.306121826 547.778808594 -29.510026932 0.755490899 0.166816249 0.281104356 0.567790747
3411.279888800 -307.306121826 547.778808594 -29.510026932 0.755490899 0.166816249 0.281104356 0.567790747
3411.311387104 -307.310485840 547.861938477 -29.399072647 0.756949008 0.167651847 0.281666011 0.565318823
3411.342669216 -307.284545898 547.763793945 -29.415388107 0.755847335 0.163789690 0.283084363 0.567213416
3411.374040128 -307.237426758 547.691284180 -29.441381454 0.753199220 0.158138707 0.283989847 0.571867764
3411.405571264 -307.237426758 547.691284180 -29.441381454 0.753199220 0.158138707 0.283989847 0.571867764
3411.438361600 -307.269256592 547.414611816 -29.536470413 0.753966808 0.155892670 0.285377204 0.570781231
3411.478702112 -307.209075928 547.151794434 -29.481967926 0.754559457 0.154201776 0.283180565 0.571551025
3411.510688544 -307.204467773 547.014953613 -29.498373032 0.752721846 0.149658948 0.282686174 0.575413585
3411.542641696 -307.204467773 547.014953613 -29.498373032 0.752721846 0.149658948 0.282686174 0.575413585
3411.574322880 -307.215789795 546.960388184 -29.516559601 0.752562046 0.151426032 0.282349497 0.575325310
3411.606251040 -307.216247559 546.917480469 -29.551691055 0.751422644 0.150771990 0.280889720 0.577695966
3411.638012896 -307.224609375 546.887634277 -29.577856064 0.753317237 0.153939188 0.275066733 0.577194989
3411.670448832 -307.224609375 546.887634277 -29.577856064 0.753317237 0.153939188 0.275066733 0.577194989
3411.702181312 -307.256805420 546.942749023 -29.519662857 0.753946364 0.154399067 0.275179118 0.576196611
3411.733448320 -307.220703125 546.970153809 -29.479772568 0.755949378 0.143951654 0.278148592 0.574849367
3411.764725696 -307.221343994 547.001098633 -29.443204880 0.757052183 0.137932688 0.279164433 0.574381232
3411.796445824 -307.221343994 547.001098633 -29.443204880 0.757052183 0.137932688 0.279164433 0.574381232
3411.831800960 -307.200744629 547.015441895 -29.414941788 0.757462263 0.133824900 0.279971927 0.574419260
3411.863140000 -307.150512695 546.944274902 -29.439172745 0.759096682 0.131280378 0.276237726 0.574656606
3411.894676096 -307.098327637 546.870483398 -29.464323044 0.759437919 0.129122958 0.272482783 0.576484442
3411.927117376 -307.098327637 546.870483398 -29.464323044 0.759437919 0.129122958 0.272482783 0.576484442
3411.958877408 -307.094543457 546.857666016 -29.465572357 0.760167897 0.131193072 0.270311058 0.576077521
3411.993072960 -307.047668457 546.764953613 -29.487327576 0.759617746 0.127773732 0.266214848 0.579469025
3412.025126176 -306.999755859 546.661743164 -29.504520416 0.759610891 0.124830492 0.261911422 0.582074821
3412.057240768 -306.999755859 546.661743164 -29.504520416 0.759610891 0.124830492 0.261911422 0.582074821
3412.088875584 -306.986480713 546.677368164 -29.489336014 0.759131610 0.122340269 0.264530033 0.582044363
3412.120462272 -306.953582764 546.612365723 -29.495183945 0.760290027 0.122412808 0.265010297 0.580296278
3412.152146880 -306.901306152 546.530822754 -29.492450714 0.758429110 0.122343823 0.263428330 0.583457530
3412.184094880 -306.901306152 546.530822754 -29.492450714 0.758429110 0.122343823 0.263428330 0.583457530
3412.218188992 -306.883728027 546.485107422 -29.613292694 0.757341683 0.122878723 0.260443628 0.586091876
3412.252886720 -306.834167480 546.406372070 -29.646707535 0.763102770 0.126295954 0.252342612 0.581417918
3412.284843040 -306.807373047 546.355102539 -29.690170288 0.766293883 0.126811668 0.248435348 0.578784764
3412.316821056 -306.807373047 546.355102539 -29.690170288 0.766293883 0.126811668 0.248435348 0.578784764
3412.348557184 -306.822265625 546.152221680 -29.794164658 0.766055763 0.129438579 0.248122022 0.578653216
3412.380223072 -306.765991211 545.929931641 -29.893226624 0.766030967 0.131932676 0.246736228 0.578715384
3412.412912256 -306.706176758 545.699768066 -29.993717194 0.766715050 0.134691358 0.247730926 0.576745927
3412.445048288 -306.706176758 545.699768066 -29.993717194 0.766715050 0.134691358 0.247730926 0.576745927
3412.477380608 -306.775146484 545.749511719 -30.080099106 0.764702082 0.145458862 0.246440664 0.577355444
3412.521322976 -306.856323242 545.803527832 -30.187400818 0.761666775 0.161662504 0.244414762 0.577918947
3412.553305024 -306.786346436 545.682922363 -30.221721649 0.765839875 0.180462137 0.238185257 0.569377482
3412.585121344 -306.786346436 545.682922363 -30.221721649 0.765839875 0.180462137 0.238185257 0.569377482
3412.617002624 -306.759613037 545.555541992 -30.265974045 0.766489983 0.180216029 0.237980500 0.568665743
3412.653294880 -306.699462891 545.508789062 -30.290718079 0.766592681 0.178979650 0.239307716 0.568360507
3412.685406368 -306.642669678 545.466125488 -30.308338165 0.766889036 0.178676754 0.239574477 0.567943513
3412.718530496 -306.642669678 545.466125488 -30.308338165 0.766889036 0.178676754 0.239574477 0.567943513
3412.752981568 -306.737640381 545.452514648 -30.343858719 0.763892412 0.178401515 0.245526671 0.569524467
3412.784427680 -306.827087402 545.432861328 -30.351896286 0.764881551 0.181800365 0.248614207 0.565770268
3412.815911872 -306.903808594 545.441284180 -30.369031906 0.764590740 0.180904686 0.251674652 0.565096855
3412.849255648 -306.903808594 545.441284180 -30.369031906 0.764590740 0.180904686 0.251674652 0.565096855
3412.880952448 -306.863647461 545.433105469 -30.376264572 0.764063179 0.180705950 0.251355231 0.566015363
3412.912260640 -306.814300537 545.368652344 -30.395357132 0.763175726 0.185094118 0.247978970 0.567282677
3412.943830016 -306.718139648 545.350463867 -30.440271378 0.762574255 0.184510157 0.244473934 0.569797277
3412.975206976 -306.718139648 545.350463867 -30.440271378 0.762574255 0.184510157 0.244473934 0.569797277
3413.006644352 -306.689788818 545.277893066 -30.470472336 0.763320565 0.189664260 0.241444409 0.568395853
3413.038365600 -306.642913818 545.222412109 -30.481019974 0.762363374 0.183816239 0.245511279 0.569857597
3413.069742336 -306.595855713 545.155822754 -30.482137680 0.764707983 0.181097940 0.246609315 0.567105949
3413.101235264 -306.595855713 545.155822754 -30.482137680 0.764707983 0.181097940 0.246609315 0.567105949
3413.143538912 -306.638977051 545.161315918 -30.489570618 0.763518155 0.181260303 0.248556226 0.567806780
3413.176291456 -306.609375000 545.098693848 -30.488239288 0.765854001 0.179734036 0.250293374 0.564372957
3413.212895520 -306.544067383 545.025268555 -30.501737595 0.766023755 0.178977728 0.249932691 0.564542413
3413.244901536 -306.544067383 545.025268555 -30.501737595 0.766023755 0.178977728 0.249932691 0.564542413
3413.278655008 -306.456756592 545.012512207 -30.490507126 0.766344786 0.181011766 0.246274486 0.565065682
3413.310785568 -306.413299561 544.898986816 -30.453855515 0.769349456 0.185778752 0.243866324 0.560461164
3413.342592640 -306.354461670 544.821411133 -30.479532242 0.769379199 0.184738711 0.245872349 0.559887350
3413.374234240 -306.354461670 544.821411133 -30.479532242 0.769379199 0.184738711 0.245872349 0.559887350
3413.407778304 -306.353759766 544.822875977 -30.465026855 0.769684613 0.184939474 0.245837495 0.559416771
3413.441516384 -306.336273193 544.737182617 -30.483791351 0.768966198 0.183097079 0.248135522 0.559995770
3413.473343616 -306.259094238 544.642578125 -30.504014969 0.768547416 0.182460964 0.247753888 0.560946345
3413.505113696 -306.259094238 544.642578125 -30.504014969 0.768547416 0.182460964 0.247753888 0.560946345
3413.536913408 -306.263610840 544.633911133 -30.518070221 0.767231584 0.183641687 0.247454450 0.562492490
3413.568652928 -306.207336426 544.538146973 -30.529701233 0.765965879 0.182252005 0.246229082 0.565200925
3413.600130368 -306.143920898 544.442626953 -30.541639328 0.765627265 0.179616302 0.245347440 0.566883981
3413.640726944 -306.143920898 544.442626953 -30.541639328 0.765627265 0.179616302 0.245347440 0.566883981
3413.672662240 -306.130615234 544.460510254 -30.557874680 0.765331626 0.177904442 0.244368359 0.568244159
3413.704825152 -306.076385498 544.395690918 -30.576934814 0.763319612 0.175613061 0.242124528 0.572606981
3413.736547648 -306.024475098 544.323059082 -30.609560013 0.762454689 0.173520997 0.242559299 0.574210942
3413.768190240 -306.024475098 544.323059082 -30.609560013 0.762454689 0.173520997 0.242559299 0.574210942
3413.800251744 -306.090515137 544.406921387 -30.502727509 0.763420165 0.180058688 0.243108064 0.570672333
3413.831767488 -306.076904297 544.404907227 -30.503309250 0.758996546 0.183837280 0.244443730 0.574782610
3413.865493792 -306.073608398 544.402099609 -30.491327286 0.755089819 0.190206960 0.244359821 0.577883005
3413.899333632 -306.073608398 544.402099609 -30.491327286 0.755089819 0.190206960 0.244359821 0.577883005
3413.931669568 -306.046508789 544.342590332 -30.560173035 0.754283130 0.190876782 0.243697748 0.578994036
3413.964854752 -305.983764648 544.253845215 -30.598239899 0.753887594 0.191891372 0.243382573 0.579306662
3413.996960064 -305.928253174 544.178894043 -30.621953964 0.752578378 0.195929870 0.238972321 0.581488967
3414.030266400 -305.928253174 544.178894043 -30.621953964 0.752578378 0.195929870 0.238972321 0.581488967
3414.062760000 -305.861083984 544.122070312 -30.629711151 0.753624439 0.195651367 0.239319876 0.580083489
3414.094332928 -305.821990967 544.051696777 -30.648296356 0.753603041 0.198717952 0.237363860 0.579872251
3414.125934400 -305.777679443 543.975830078 -30.682544708 0.753173947 0.196835309 0.236797556 0.581301749
3414.157577568 -305.777679443 543.975830078 -30.682544708 0.753173947 0.196835309 0.236797556 0.581301749
3414.200692704 -305.732391357 543.914184570 -30.707460403 0.753722012 0.195488557 0.234531507 0.581963897
3414.232553824 -305.675842285 543.838928223 -30.731370926 0.754869044 0.192603827 0.232837066 0.582119882
3414.264839008 -305.609832764 543.747802734 -30.748329163 0.756089747 0.189819187 0.231128603 0.582130969
3414.296128736 -305.755950928 542.069824219 -31.621429443 0.755780339 0.189758196 0.231498912 0.582405508
3414.327503744 -305.910491943 540.446044922 -32.447906494 0.755772054 0.188972712 0.232438073 0.582297504
3414.359810944 -306.141601562 538.588256836 -33.153869629 0.759618342 0.194984093 0.237044707 0.573385656
3414.391148640 -305.917846680 538.048156738 -33.184738159 0.762484968 0.196031943 0.233092576 0.570838034
3414.422554496 -305.917846680 538.048156738 -33.184738159 0.762484968 0.196031943 0.233092576 0.570838034
3414.454321696 -306.031921387 538.109130859 -33.120285034 0.762852967 0.201706231 0.238682285 0.566039681
3414.487787264 -306.071258545 538.064086914 -33.155460358 0.764371634 0.202224463 0.242248133 0.562278628
3414.519994720 -306.100219727 538.002258301 -33.222106934 0.760670662 0.203581139 0.246278986 0.565050364
3414.551376960 -306.100219727 538.002258301 -33.222106934 0.760670662 0.203581139 0.246278986 0.565050364
3414.583016640 -306.066040039 537.956176758 -33.246276855 0.759713769 0.198661685 0.250616550 0.566179991
3414.617107904 -306.023712158 537.902282715 -33.256393433 0.759436667 0.199722394 0.250705183 0.566139460
3414.654125792 -305.982757568 537.846313477 -33.264759064 0.759950042 0.199834228 0.251524717 0.565046489
3414.686452992 -305.982757568 537.846313477 -33.264759064 0.759950042 0.199834228 0.251524717 0.565046489
3414.718318048 -305.956695557 537.709350586 -33.148353577 0.762302995 0.202983022 0.250092626 0.561378419
3414.750712032 -305.939178467 537.678710938 -33.147819519 0.764043450 0.200751811 0.251260340 0.559289455
3414.782115200 -305.912597656 537.647766113 -33.154945374 0.763647676 0.200937927 0.251724213 0.559554338
3414.813488256 -305.912597656 537.647766113 -33.154945374 0.763647676 0.200937927 0.251724213 0.559554338
3414.844928416 -305.903320312 537.620483398 -33.166328430 0.764563620 0.199026436 0.252988607 0.558415234
3414.876778368 -305.882781982 537.593811035 -33.175086975 0.763096571 0.199705243 0.252932489 0.560202301
3414.908611584 -305.868041992 537.578186035 -33.186279297 0.761725843 0.201148480 0.252593458 0.561702311
3414.940137696 -305.868041992 537.578186035 -33.186279297 0.761725843 0.201148480 0.252593458 0.561702311
3414.971887008 -305.857696533 537.546813965 -33.191127777 0.760289252 0.199454084 0.254343271 0.563460410
3415.003745760 -305.843688965 537.516662598 -33.180343628 0.760277629 0.200946867 0.253143340 0.563486218
3415.035371712 -305.830749512 537.498168945 -33.186103821 0.760461271 0.198461205 0.254692048 0.563421547
3415.067233952 -305.830749512 537.498168945 -33.186103821 0.760461271 0.198461205 0.254692048 0.563421547
3415.100650048 -305.820190430 537.484191895 -33.184631348 0.760276556 0.198515505 0.254908472 0.563553751
3415.132268320 -305.810150146 537.474609375 -33.190258026 0.760448039 0.197321609 0.255098641 0.563655555
3415.163722496 -305.800476074 537.462280273 -33.195392609 0.761081994 0.196933910 0.254290253 0.563300669
3415.195200576 -305.800476074 537.462280273 -33.195392609 0.761081994 0.196933910 0.254290253 0.563300669
3415.228788512 -305.790679932 537.457031250 -33.194145203 0.761018872 0.196810156 0.254038453 0.563542783
3415.261599328 -305.777679443 537.450866699 -33.193519592 0.761402607 0.195279136 0.254019350 0.563565552
3415.296961824 -305.769653320 537.441101074 -33.197937012 0.761426687 0.195227936 0.253820270 0.563640416
3415.330102656 -305.769653320 537.441101074 -33.197937012 0.761426687 0.195227936 0.253820270 0.563640416
3415.361735872 -305.763000488 537.423950195 -33.203742981 0.761530936 0.197110340 0.253513217 0.562982500
3415.393465472 -305.756774902 537.413452148 -33.208351135 0.761307478 0.199303970 0.252199441 0.563102484
3415.425560480 -305.749664307 537.420654297 -33.205879211 0.761908889 0.198173940 0.252487153 0.562558234
3415.458336064 -305.749664307 537.420654297 -33.205879211 0.761908889 0.198173940 0.252487153 0.562558234
3415.491337184 -305.743438721 537.412475586 -33.210044861 0.762187541 0.198525101 0.252354860 0.562116385
3415.525053024 -305.733795166 537.400878906 -33.213699341 0.761991084 0.198209360 0.252891630 0.562253177
3415.556913952 -305.727142334 537.392944336 -33.217487335 0.761600137 0.197632313 0.253092170 0.562895417
3415.589399200 -305.727142334 537.392944336 -33.217487335 0.761600137 0.197632313 0.253092170 0.562895417
3415.622552416 -305.721191406 537.381530762 -33.217247009 0.760838330 0.198388442 0.252712399 0.563829184
3415.654316608 -305.713409424 537.372497559 -33.220691681 0.761033177 0.198466256 0.253194720 0.563322365
3415.687528096 -305.706237793 537.362731934 -33.223400116 0.760811687 0.198199123 0.253654897 0.563508689
3415.720187680 -305.706237793 537.362731934 -33.223400116 0.760811687 0.198199123 0.253654897 0.563508689
3415.751730176 -305.702056885 537.361267090 -33.229328156 0.760591090 0.197445840 0.253750950 0.564027190
3415.783138432 -305.699340820 537.356018066 -33.231109619 0.760310888 0.197657511 0.253115207 0.564616203
3415.814819968 -305.694091797 537.349182129 -33.234142303 0.760304391 0.197495118 0.252958030 0.564752340
3415.846879264 -305.694091797 537.349182129 -33.234142303 0.760304391 0.197495118 0.252958030 0.564752340
3415.878405344 -305.691467285 537.343688965 -33.234596252 0.759928823 0.197052285 0.253116220 0.565341055
3415.918592768 -305.684783936 537.337280273 -33.238685608 0.760023296 0.196323857 0.253067315 0.565489531
3415.953065088 -305.677764893 537.327087402 -33.241073608 0.760057867 0.196336105 0.252688229 0.565608621
3415.997254400 -305.677764893 537.327087402 -33.241073608 0.760057867 0.196336105 0.252688229 0.565608621
3416.029502688 -305.674987793 537.315307617 -33.245372772 0.760134041 0.195485353 0.252808690 0.565746605
3416.071653376 -305.661834717 537.302307129 -33.240501404 0.760605693 0.194980070 0.252252102 0.565536082
3416.102952896 -305.656524658 537.294616699 -33.241054535 0.760467589 0.194883391 0.252265066 0.565748930
3416.134601472 -305.656524658 537.294616699 -33.241054535 0.760467589 0.194883391 0.252265066 0.565748930
3416.166027616 -305.654479980 537.292175293 -33.241912842 0.760270238 0.195222795 0.252388030 0.565842330
3416.197730880 -305.651245117 537.288574219 -33.242214203 0.760267437 0.195218280 0.252396017 0.565844178
3416.229491040 -305.648315430 537.284545898 -33.242164612 0.760265648 0.195221171 0.252390742 0.565847874
3416.261250080 -305.648315430 537.284545898 -33.242164612 0.760265708 0.195221156 0.252390742 0.565847874
3416.293138272 -305.646118164 537.279663086 -33.241424561 0.760322750 0.194820821 0.252710730 0.565766096
3416.324767936 -305.646697998 537.269165039 -33.250061035 0.760088682 0.194723755 0.252974302 0.565996170
3416.358133952 -305.643707275 537.264343262 -33.252334595 0.760323226 0.194134265 0.252886683 0.565923214
3416.390455040 -305.619537354 537.569152832 -33.146389008 0.760363936 0.194137886 0.252841502 0.565887153
3416.423516896 -305.605743408 537.634460449 -33.119766235 0.760655224 0.192136243 0.253356338 0.565948904
3416.456755168 -305.588592529 537.636108398 -33.106605530 0.761309147 0.191755101 0.252950311 0.565380037
3416.489872448 -305.576049805 537.644104004 -33.100460052 0.761615455 0.191177443 0.252868652 0.565199554
3416.521983488 -305.576049805 537.644104004 -33.100460052 0.761615455 0.191177443 0.252868652 0.565199554
3416.554471040 -305.573516846 537.646789551 -33.103580475 0.761633158 0.191083670 0.252934903 0.565177679
3416.586448128 -305.571563721 537.648071289 -33.105491638 0.761639118 0.191066861 0.252953619 0.565167069
3416.618623008 -305.568756104 537.644897461 -33.106388092 0.761547565 0.191174060 0.253061652 0.565205872
3416.651889216 -305.564392090 537.646606445 -33.109825134 0.761546850 0.191171393 0.253061801 0.565207601
3416.683442592 -305.560821533 537.645812988 -33.107238770 0.761633813 0.191302627 0.252852678 0.565139592
3416.715371520 -305.557556152 537.641357422 -33.107589722 0.761776268 0.191650838 0.252536297 0.564971030
3416.748106496 -305.555786133 537.639282227 -33.108299255 0.761697292 0.191606596 0.252382100 0.565161407
3416.781596224 -305.555786133 537.639282227 -33.108299255 0.761697292 0.191606596 0.252382100 0.565161407
3416.812922336 -305.555725098 537.636535645 -33.111148834 0.761587977 0.191281095 0.252515346 0.565359294
3416.844818048 -305.553955078 537.634582520 -33.111740112 0.761872709 0.190996692 0.252557099 0.565052927
3416.876271616 -305.552551270 537.631408691 -33.112400055 0.761874318 0.190984413 0.252566993 0.565050960
3416.917338496 -305.552551270 537.631408691 -33.112400055 0.761874318 0.190984413 0.252566993 0.565050960
3416.951086848 -305.552795410 537.631347656 -33.111824036 0.761806428 0.190626472 0.252608329 0.565244913
3416.982359360 -305.549560547 537.628356934 -33.113613129 0.762107551 0.190362573 0.252747416 0.564865410
3417.013709696 -305.547058105 537.624145508 -33.114505768 0.761939764 0.190518945 0.252960175 0.564943969
3417.045458176 -305.535339355 537.623901367 -33.105712891 0.761943161 0.190515891 0.252955735 0.564942122
3417.078296320 -305.531799316 537.632934570 -33.101528168 0.761774957 0.190198556 0.252906650 0.565297663
3417.119960384 -305.532836914 537.621276855 -33.086898804 0.762271106 0.190263033 0.252948672 0.564588070
