1084.360141024 0.000000000 0.000000000 0.000000000 0.000000000 0.000000000 0.000000000 1.000000000
1084.611259584 0.000000000 0.000000000 0.000000000 0.000000000 0.000000000 0.000000000 1.000000000
1084.860282656 -0.007575704 -0.006726516 0.037856892 0.019631105 -0.009584634 -0.000277816 0.999761343
1085.110395648 -0.055403821 -0.018440312 0.345202565 -0.004179126 -0.048903462 -0.009459412 0.998749971
1085.360318720 -0.183444500 0.013679570 0.636579752 -0.013112459 -0.064648896 -0.022935068 0.997558296
1085.610716544 -0.310527802 0.049050987 0.866362691 -0.013446259 -0.068559982 -0.031617016 0.997055233
1085.859762880 -0.470723569 0.089554027 1.217714190 -0.010478532 -0.118388906 -0.071551114 0.990330637
1086.109729216 -0.691029251 0.151362687 1.590694189 -0.016045470 -0.141286165 -0.075321846 0.986968815
1086.359663232 -0.936236620 0.205605522 1.940958738 -0.021415446 -0.162577763 -0.080461875 0.983176351
1086.609901248 -1.195940971 0.264364541 2.274518728 -0.027891958 -0.181885481 -0.086236954 0.979133785
1086.860214208 -1.195940971 0.264364541 2.274518728 -0.027891958 -0.181885481 -0.086236954 0.979133785
1087.111044448 -1.293835998 0.204154938 2.379740477 -0.062307030 -0.186244816 -0.112310335 0.974072397
1087.361648960 -1.617236137 0.400297582 2.669758558 -0.072154276 -0.175427303 -0.087703690 0.977919757
1087.611963328 -1.881276131 0.429964721 2.959754467 -0.112552926 -0.178919390 -0.077787079 0.974304259
1087.862149344 -2.142692089 0.555228710 3.212598324 -0.112296999 -0.183033779 -0.066425249 0.974410415
1088.112425376 -2.460852623 0.563479841 3.476306438 -0.138632789 -0.180307627 -0.064834416 0.971630931
1088.362383616 -2.737727642 0.719048321 3.718764067 -0.121555187 -0.176961064 -0.042513553 0.975757003
1088.612110720 -3.031531811 0.785173953 3.957885981 -0.117022693 -0.170327947 -0.036616422 0.977728665
1088.862181248 -3.414074421 0.824696302 4.223432064 -0.119484961 -0.150058031 -0.030328613 0.980961859
1089.112183808 -3.778066397 0.862662733 4.665813446 -0.121241577 -0.129661858 -0.022433529 0.983862281
1089.362186080 -4.086152554 0.884503663 5.239712238 -0.141394719 -0.112804405 -0.027837532 0.983111262
1089.612361472 -4.320482254 1.006251216 5.764142513 -0.138785198 -0.113086089 -0.033738837 0.983265936
1089.862339072 -4.516783237 1.106296539 6.261373520 -0.147825465 -0.114530511 -0.034618463 0.981749415
1090.112386976 -4.748350620 1.210743785 6.726887703 -0.151474342 -0.110656500 -0.043483797 0.981284797
1090.362212128 -4.982594967 1.315611362 7.161374569 -0.156494707 -0.107875943 -0.052727029 0.980352998
1090.612358656 -5.213835716 1.441928625 7.584548950 -0.158056200 -0.105265468 -0.062954329 0.979782760
1090.862143104 -5.381275177 1.634148598 7.978799343 -0.151891455 -0.108869486 -0.061298601 0.980468690
1091.112225248 -5.313514233 1.767572284 8.336472511 -0.184831023 -0.132430047 -0.018977065 0.973621964
1091.362342624 -5.447175026 1.986281991 8.745903015 -0.222210556 -0.148046821 0.023747092 0.963400602
1091.612222752 -5.447175026 1.986281991 8.745903015 -0.222210556 -0.148046821 0.023747092 0.963400602
1091.862255040 -5.447175026 1.986281991 8.745903015 -0.222210556 -0.148046821 0.023747092 0.963400602
1092.112178240 -5.447175026 1.986281991 8.745903015 -0.222210556 -0.148046821 0.023747092 0.963400602
1092.366614880 -5.426179886 2.011783838 8.730292320 -0.219713360 -0.147915930 0.023750883 0.963993132
1092.612214464 -5.409110546 2.035162449 8.720423698 -0.217457473 -0.147400245 0.024089836 0.964575052
1092.862296608 -5.488385677 2.431952477 8.818060875 -0.189161152 -0.138882279 0.043773443 0.971088886
1093.112201120 -5.520211220 2.733429670 8.940509796 -0.184015438 -0.136192381 0.068490595 0.971029878
1093.362640160 -5.569455147 3.026571751 9.062178612 -0.181269482 -0.134296253 0.095062837 0.969571531
1093.612789216 -5.616979599 3.311013460 9.196731567 -0.180357203 -0.139395326 0.113944687 0.966983378
1093.862704096 -5.728381157 3.599798203 9.386862755 -0.180164561 -0.147644877 0.128329903 0.963988125
1094.112271488 -5.845509052 3.880705357 9.576175690 -0.181547731 -0.161479101 0.143698707 0.959330797
1094.362234304 -5.968908787 4.188297272 9.753264427 -0.165378064 -0.183075681 0.160901681 0.955638051
1094.612531584 -6.128223896 4.432050705 9.920454025 -0.163747832 -0.198222950 0.176701948 0.950089872
1094.862756576 -6.349784851 4.607034683 10.036713600 -0.169873729 -0.201431051 0.180507287 0.947620988
1095.112464288 -6.584097862 4.755622864 10.127117157 -0.180060744 -0.205621719 0.175072938 0.945857942
1095.362486592 -6.875952721 4.939597607 10.221824646 -0.171951145 -0.205178246 0.176027015 0.947285175
1095.613129088 -7.172479630 5.087685585 10.294185638 -0.169325218 -0.205111831 0.178258434 0.947355270
1095.862725728 -7.500486374 5.142841816 10.370377541 -0.193216041 -0.195253804 0.174582228 0.945549846
1096.112592768 -7.826481342 5.255866051 10.444714546 -0.200887427 -0.187755600 0.178604320 0.944718242
1096.362390464 -8.178668022 5.360687256 10.506122589 -0.206549495 -0.176509202 0.178273633 0.945727408
1096.612782336 -8.536588669 5.510533333 10.630883217 -0.206086904 -0.173936307 0.176817730 0.946577966
1096.863211872 -8.829634666 5.612732410 10.652327538 -0.199372485 -0.168835506 0.179935127 0.948350430
1097.113143072 -9.116502762 5.712396622 10.679708481 -0.191492647 -0.166560873 0.179627523 0.950432539
1097.362991104 -8.922004700 5.663513660 11.013973236 -0.194240108 -0.172072321 0.178371146 0.949128866
1097.612367968 -8.865100861 5.691647530 11.178224564 -0.195025131 -0.173998728 0.180629551 0.948189080
1097.862596480 -8.935549736 5.688682079 11.150867462 -0.193794027 -0.172155634 0.181406289 0.948629558
1098.112948448 -8.947090149 5.698564053 11.175813675 -0.194556624 -0.172802225 0.182646215 0.948117852
1098.362496608 -8.960290909 5.709517956 11.209029198 -0.194933623 -0.172876090 0.185029134 0.947564781
