519.407393984 0.000000000 0.000000000 0.000000000 0.000000000 0.000000000 0.000000000 1.000000000
519.658155072 -0.000159418 0.000511984 -0.000422575 -0.000083819 0.000046395 -0.000264004 0.999999940
519.907350752 -0.010817645 0.000597726 0.023406591 0.000456686 0.002422644 0.002277393 0.999994338
520.159489632 -0.040448971 0.078136303 0.248368859 0.015856193 0.002122096 0.006114445 0.999853313
520.407014112 -0.005472753 0.142472252 0.676111102 0.023596501 -0.004180889 0.004872732 0.999700963
520.655869280 0.011937410 0.100683771 1.177582264 0.007973952 -0.016015101 -0.002115204 0.999837697
520.907514976 0.047622140 0.072293669 1.819434166 0.007078524 -0.003927574 0.006484254 0.999946177
521.159597760 0.152532786 0.066208348 2.481546640 0.005519247 -0.012320683 -0.003950229 0.999901056
521.407580448 0.149530753 0.035676226 3.224216938 -0.003876080 0.000310917 -0.000618689 0.999992251
521.655414912 0.151492879 0.017732417 4.072173119 -0.005567892 0.001840203 -0.000051715 0.999982774
521.907198976 0.141667098 0.009390553 4.891547203 -0.008667978 -0.015850389 -0.003401549 0.999831021
522.159197472 0.078479379 -0.025104342 5.501339436 0.000773371 -0.002948269 -0.007390050 0.999968052
522.407363232 0.143395305 -0.050979279 6.400474548 0.003756902 0.001623019 -0.012065962 0.999918818
522.656227584 0.179617137 -0.048933420 7.109591484 0.007817102 0.001358557 -0.002348183 0.999965787
522.907509632 0.206215948 -0.066243410 8.027536392 0.009520190 -0.009702195 -0.006063849 0.999889195
523.159543392 0.181746200 -0.053598821 9.008764267 -0.014923379 -0.008275460 -0.022527399 0.999600589
523.407428480 0.147893667 -0.086597875 9.916503906 -0.002408966 -0.008044574 -0.039314300 0.999191642
523.655898592 0.188580409 -0.089176729 10.818744659 0.010515838 0.004541655 -0.025129197 0.999618590
523.907764032 0.239276260 -0.085909024 11.742214203 0.010959912 0.019379741 -0.015805408 0.999627173
524.159955264 0.263520747 -0.164685518 12.613951683 -0.029294517 0.024002770 -0.028471395 0.998876870
524.407523488 0.324831605 -0.121463031 13.498184204 -0.015095390 0.036520734 0.013199873 0.999131680
524.655740416 0.356014729 -0.051759392 13.567917824 0.011288820 0.032861844 0.035736769 0.998757005
524.908596320 0.331997395 -0.120914139 13.212574005 0.024380056 0.060634401 0.067272395 0.995592058
525.159161664 0.565355301 -0.430444956 12.641648293 -0.033181619 0.056389321 0.053080682 0.996444523
525.408311328 0.652454138 -0.363820553 13.468277931 -0.015568925 0.050732937 0.045853484 0.997537613
525.655820416 0.692353487 -0.383801401 14.304347992 -0.022202443 0.034763280 0.031862088 0.998640776
525.910164224 0.775094926 -0.394923687 15.414809227 -0.018030532 0.039535079 0.030629113 0.998585880
526.159569888 0.815689147 -0.505707026 16.411436081 -0.011323097 0.041381367 0.032679427 0.998544633
526.409410432 0.851537228 -0.555611610 17.181123734 -0.012999260 0.042202011 0.025808090 0.998691142
526.658649152 0.946505904 -0.582109869 18.215791702 -0.007771899 0.033950374 0.023112515 0.999126017
526.909722624 1.021696329 -0.573036849 19.659524918 -0.000895153 0.023452338 0.015375417 0.999606311
527.159144128 1.075803161 -0.567056060 21.281812668 0.002614451 0.019295326 0.023407765 0.999536335
527.409271456 1.093737602 -0.748878479 20.692445755 -0.042749394 -0.016968001 0.065717116 0.996777713
527.658489664 1.162845135 -0.793252528 21.205564499 -0.053553876 -0.023455691 0.082154453 0.994903266
527.909307680 0.980341792 -0.825844646 22.557605743 -0.062214505 -0.013432330 0.095759124 0.993367553
528.159732992 0.847703576 -0.822821915 23.865072250 -0.062112466 -0.015283630 0.105344921 0.992376387
528.410291744 1.418859839 -0.775360227 23.771865845 -0.062563799 -0.005818155 0.130978122 0.989392042
528.658868832 1.366353393 -0.111693919 24.292921066 0.006253799 -0.020508528 0.251770437 0.967549443
528.909640224 0.910912275 -0.033576518 25.509639740 0.040003210 0.017212123 0.266669542 0.962803662
529.159535296 0.678065419 -0.059986129 26.693393707 0.039721154 0.015410580 0.276924342 0.959946692
529.410451936 -0.097706139 -0.361142337 26.777238846 -0.028772146 0.054960422 0.499489248 0.864096105
529.658601856 -0.650346577 -0.977541685 26.935012817 -0.093682922 0.093249783 0.683140278 0.718225121
529.909365824 -0.827998102 -1.819887400 27.184341431 -0.154891104 0.128009841 0.825622320 0.527228355
530.159281376 -0.552002728 -2.611635685 27.522977829 -0.208739102 0.153805062 0.918093443 0.299793959
530.409561824 0.489204705 -3.341605902 27.907505035 -0.257403612 0.168296561 0.950387895 0.046717700
530.658295744 1.660476208 -3.590743780 28.012706757 -0.286800951 0.169780970 0.919964015 -0.206363633
530.909630624 2.496220112 -3.731045961 27.619924545 -0.298545450 0.133268684 0.891438365 -0.313763767
531.159290592 3.483164787 -3.836938620 27.575286865 -0.339116216 0.125470877 0.849187732 -0.384886354
531.408838368 4.242583275 -3.946176529 27.679018021 -0.349250585 0.128425404 0.839815676 -0.395272762
531.656875104 5.633347988 -3.901468754 27.214056015 -0.361622751 0.118675232 0.825877488 -0.416018635
531.908287200 6.885960579 -3.883748770 27.032857895 -0.382532865 0.134554714 0.806732893 -0.429820538
532.159520640 7.802383423 -3.833224535 26.911590576 -0.386454403 0.126214787 0.797414660 -0.445929021
532.407550560 8.368461609 -4.068178177 26.963815689 -0.379287094 0.133339673 0.798853517 -0.447431445
532.656176192 8.961414337 -4.173309803 27.015502930 -0.384183854 0.123109095 0.786961734 -0.466838509
532.907457888 7.693513870 -4.971732140 27.796628952 -0.393878102 0.145446375 0.780940831 -0.462424845
533.159185952 7.851039410 -5.250657558 27.775180817 -0.364125580 0.141907856 0.804490685 -0.447291195
533.407298688 8.274278641 -5.319941044 27.732847214 -0.375077277 0.137460440 0.801333070 -0.445294201
533.656066016 8.764534950 -5.312105656 27.676378250 -0.398630112 0.124866329 0.790210068 -0.448408782
533.907504576 8.027024269 -5.767940044 28.120588303 -0.421982050 0.128417552 0.769668639 -0.461573631
534.159502432 7.892385483 -5.809740543 28.171930313 -0.401964545 0.108645700 0.777733445 -0.470904797
534.407560992 7.824129581 -5.901427746 28.296445847 -0.404241621 0.124959931 0.781234384 -0.458962470
534.655979104 7.645255566 -5.936577320 28.440683365 -0.406788290 0.106994703 0.782579303 -0.458960772
534.906092000 7.614521027 -5.938724518 28.469825745 -0.414961129 0.109867863 0.782605112 -0.450849771
535.156297216 7.632949829 -5.936762810 28.456056595 -0.413737684 0.106516965 0.781695485 -0.454342902
