28 3144855467552 3144.8554675520004
31 3145605273568 3145.605273568
32 3145855273504 3145.8552735040003
33 3146104812736 3146.104812736
34 3146355002400 3146.3550024
35 3146605776256 3146.6057762560004
36 3146855263744 3146.8552637440002
37 3147105417280 3147.10541728
38 3147354777472 3147.354777472
39 3147605568832 3147.6055688320002
40 3147854911136 3147.8549111360003
41 3148105197312 3148.105197312
42 3148355467328 3148.355467328
43 3148605653856 3148.605653856
44 3148855061216 3148.855061216
45 3149105099808 3149.105099808
46 3149355084448 3149.355084448
47 3149605046304 3149.605046304
48 3149855432032 3149.8554320320004
49 3150105114720 3150.10511472
50 3150355387392 3150.355387392
